0 0.24895833333333334 0.19166666666666668 0.01875 0.01875
0 0.03125 0.2 0.01875 0.028125
0 0.6520833333333333 0.19166666666666668 0.01875 0.028125
0 0.925 0.18645833333333334 0.014583333333333334 0.01875
0 0.9604166666666667 0.18645833333333334 0.014583333333333334 0.028125
0 0.3645833333333333 0.20208333333333334 0.014583333333333334 0.01875
0 0.44583333333333336 0.2 0.014583333333333334 0.022916666666666665
0 0.08958333333333333 0.20625 0.014583333333333334 0.0375
0 0.8302083333333333 0.19375 0.009375 0.014583333333333334
0 0.9104166666666667 0.19166666666666668 0.014583333333333334 0.022916666666666665
0 0.14583333333333334 0.20520833333333333 0.01875 0.014583333333333334
0 0.3072916666666667 0.20208333333333334 0.022916666666666665 0.028125
0 0.5177083333333333 0.19895833333333332 0.01875 0.01875
0 0.8791666666666667 0.19166666666666668 0.014583333333333334 0.01875
0 0.06145833333333333 0.209375 0.022916666666666665 0.03333333333333333
0 0.35104166666666664 0.20416666666666666 0.01875 0.022916666666666665
0 0.6822916666666666 0.19791666666666666 0.01875 0.028125
0 0.7145833333333333 0.19791666666666666 0.028125 0.022916666666666665
0 0.853125 0.19791666666666666 0.014583333333333334 0.022916666666666665
0 0.21458333333333332 0.20833333333333334 0.01875 0.01875
0 0.6166666666666667 0.20208333333333334 0.014583333333333334 0.01875
0 0.6333333333333333 0.20208333333333334 0.014583333333333334 0.01875
0 0.7354166666666667 0.20208333333333334 0.014583333333333334 0.022916666666666665
0 0.9458333333333333 0.19791666666666666 0.014583333333333334 0.022916666666666665
0 0.11770833333333333 0.2125 0.014583333333333334 0.01875
0 0.59375 0.20729166666666668 0.01875 0.014583333333333334
0 0.571875 0.209375 0.01875 0.03333333333333333
0 0.3333333333333333 0.21458333333333332 0.014583333333333334 0.028125
0 0.5041666666666667 0.21041666666666667 0.014583333333333334 0.014583333333333334
0 0.016666666666666666 0.221875 0.014583333333333334 0.022916666666666665
0 0.8083333333333333 0.20833333333333334 0.014583333333333334 0.028125
0 0.9229166666666667 0.20520833333333333 0.01875 0.022916666666666665
0 0.27708333333333335 0.221875 0.01875 0.028125
0 0.7864583333333334 0.21458333333333332 0.01875 0.03333333333333333
0 0.5416666666666666 0.21875 0.014583333333333334 0.03333333333333333
0 0.7083333333333334 0.215625 0.009375 0.014583333333333334
0 0.38229166666666664 0.22395833333333334 0.022916666666666665 0.028125
0 0.14583333333333334 0.23020833333333332 0.022916666666666665 0.022916666666666665
0 0.19166666666666668 0.23229166666666667 0.01875 0.03333333333333333
0 0.36041666666666666 0.23125 0.01875 0.028125
0 0.12291666666666666 0.23541666666666666 0.01875 0.028125
0 0.49270833333333336 0.23125 0.01875 0.022916666666666665
0 0.6020833333333333 0.22916666666666666 0.01875 0.022916666666666665
0 0.23854166666666668 0.23541666666666666 0.01875 0.03333333333333333
0 0.44166666666666665 0.23229166666666667 0.01875 0.022916666666666665
0 0.09895833333333333 0.23854166666666668 0.01875 0.028125
0 0.6854166666666667 0.23020833333333332 0.01875 0.028125
0 0.9416666666666667 0.22604166666666667 0.014583333333333334 0.028125
0 0.30833333333333335 0.23645833333333333 0.022916666666666665 0.01875
0 0.26458333333333334 0.23958333333333334 0.01875 0.022916666666666665
0 0.6416666666666667 0.23333333333333334 0.01875 0.028125
0 0.9604166666666667 0.228125 0.01875 0.01875
0 0.007291666666666667 0.24583333333333332 0.014583333333333334 0.022916666666666665
0 0.21666666666666667 0.24270833333333333 0.01875 0.03333333333333333
0 0.6177083333333333 0.23541666666666666 0.01875 0.022916666666666665
0 0.04791666666666667 0.24791666666666667 0.01875 0.022916666666666665
0 0.6572916666666667 0.2375 0.014583333333333334 0.014583333333333334
0 0.4166666666666667 0.246875 0.01875 0.022916666666666665
0 0.70625 0.24166666666666667 0.022916666666666665 0.01875
0 0.73125 0.24375 0.01875 0.03333333333333333
0 0.89375 0.240625 0.022916666666666665 0.022916666666666665
0 0.8083333333333333 0.24166666666666667 0.014583333333333334 0.022916666666666665
0 0.9229166666666667 0.23958333333333334 0.022916666666666665 0.022916666666666665
0 0.5510416666666667 0.2520833333333333 0.01875 0.028125
0 0.32708333333333334 0.2552083333333333 0.01875 0.028125
0 0.5145833333333333 0.25416666666666665 0.014583333333333334 0.022916666666666665
0 0.09791666666666667 0.26145833333333335 0.022916666666666665 0.022916666666666665
0 0.7552083333333334 0.2520833333333333 0.014583333333333334 0.03333333333333333
0 0.027083333333333334 0.2677083333333333 0.01875 0.03333333333333333
0 0.5333333333333333 0.25833333333333336 0.01875 0.01875
0 0.9822916666666667 0.25104166666666666 0.014583333333333334 0.022916666666666665
0 0.9166666666666666 0.2520833333333333 0.01875 0.014583333333333334
0 0.2833333333333333 0.265625 0.022916666666666665 0.022916666666666665
0 0.13020833333333334 0.2677083333333333 0.028125 0.022916666666666665
0 0.20208333333333334 0.26666666666666666 0.022916666666666665 0.014583333333333334
0 0.475 0.2625 0.01875 0.03333333333333333
0 0.61875 0.026041666666666668 0.014583333333333334 0.022916666666666665
0 0.646875 0.026041666666666668 0.014583333333333334 0.01875
0 0.30833333333333335 0.26979166666666665 0.022916666666666665 0.022916666666666665
0 0.6208333333333333 0.26666666666666666 0.022916666666666665 0.022916666666666665
0 0.878125 0.26458333333333334 0.025 0.046875
0 0.5708333333333333 0.26979166666666665 0.020833333333333332 0.046875
0 0.007291666666666667 0.28125 0.014583333333333334 0.028125
0 0.09791666666666667 0.28020833333333334 0.022916666666666665 0.014583333333333334
0 0.378125 0.2760416666666667 0.022916666666666665 0.0375
0 0.5958333333333333 0.271875 0.014583333333333334 0.0375
0 0.16458333333333333 0.2791666666666667 0.01875 0.014583333333333334
0 0.7833333333333333 0.27291666666666664 0.020833333333333332 0.046875
0 0.7395833333333334 0.27395833333333336 0.014583333333333334 0.022916666666666665
0 0.9645833333333333 0.2708333333333333 0.01875 0.041666666666666664
0 0.6958333333333333 0.27708333333333335 0.022916666666666665 0.028125
0 0.921875 0.27291666666666664 0.022916666666666665 0.014583333333333334
0 0.8020833333333334 0.022916666666666665 0.014583333333333334 0.014583333333333334
0 0.9729166666666667 0.019791666666666666 0.01875 0.01875
0 0.15208333333333332 0.28854166666666664 0.014583333333333334 0.014583333333333334
0 0.11666666666666667 0.28958333333333336 0.022916666666666665 0.01875
0 0.20416666666666666 0.2875 0.028125 0.022916666666666665
0 0.05625 0.2947916666666667 0.022916666666666665 0.014583333333333334
0 0.7114583333333333 0.2833333333333333 0.01875 0.0375
0 0.278125 0.29270833333333335 0.01875 0.01875
0 0.32083333333333336 0.2916666666666667 0.022916666666666665 0.022916666666666665
0 0.23645833333333333 0.29583333333333334 0.022916666666666665 0.041666666666666664
0 0.3458333333333333 0.29375 0.022916666666666665 0.022916666666666665
0 0.17395833333333333 0.296875 0.028125 0.01875
0 0.10520833333333333 0.303125 0.01875 0.022916666666666665
0 0.41770833333333335 0.3 0.028125 0.0375
0 0.49375 0.29791666666666666 0.01875 0.03333333333333333
0 0.06145833333333333 0.30625 0.03333333333333333 0.01875
0 0.08541666666666667 0.30520833333333336 0.01875 0.022916666666666665
0 0.9125 0.29375 0.028125 0.03333333333333333
0 0.22083333333333333 0.30520833333333336 0.028125 0.022916666666666665
0 0.13854166666666667 0.309375 0.028125 0.022916666666666665
0 0.7375 0.2989583333333333 0.022916666666666665 0.028125
0 0.8625 0.2989583333333333 0.029166666666666667 0.046875
0 0.6291666666666667 0.303125 0.022916666666666665 0.03333333333333333
0 0.6604166666666667 0.30416666666666664 0.029166666666666667 0.052083333333333336
0 0.16770833333333332 0.31354166666666666 0.028125 0.022916666666666665
0 0.603125 0.30625 0.022916666666666665 0.022916666666666665
0 0.7604166666666666 0.30833333333333335 0.028125 0.022916666666666665
0 0.809375 0.3072916666666667 0.025 0.052083333333333336
0 0.4708333333333333 0.31354166666666666 0.029166666666666667 0.046875
0 0.2125 0.321875 0.0375 0.01875
0 0.30416666666666664 0.325 0.029166666666666667 0.046875
0 0.3375 0.32708333333333334 0.025 0.046875
0 0.69375 0.3229166666666667 0.020833333333333332 0.052083333333333336
0 0.005208333333333333 0.3375 0.010416666666666666 0.046875
0 0.5333333333333333 0.328125 0.0375 0.05625
0 0.7229166666666667 0.32708333333333334 0.020833333333333332 0.046875
0 0.16041666666666668 0.33958333333333335 0.03333333333333333 0.041666666666666664
0 0.603125 0.334375 0.01875 0.0375
0 0.9604166666666667 0.328125 0.022916666666666665 0.022916666666666665
0 0.29270833333333335 0.33958333333333335 0.015625 0.05625
0 0.020833333333333332 0.346875 0.020833333333333332 0.052083333333333336
0 0.3958333333333333 0.035416666666666666 0.014583333333333334 0.01875
0 0.21458333333333332 0.34270833333333334 0.03333333333333333 0.022916666666666665
0 0.9875 0.33229166666666665 0.014583333333333334 0.0375
0 0.56875 0.33958333333333335 0.028125 0.041666666666666664
0 0.04375 0.35104166666666664 0.015625 0.052083333333333336
0 0.134375 0.3489583333333333 0.022916666666666665 0.041666666666666664
0 0.27291666666666664 0.34791666666666665 0.029166666666666667 0.06041666666666667
0 0.06041666666666667 0.3572916666666667 0.029166666666666667 0.05625
0 0.9114583333333334 0.3416666666666667 0.028125 0.0375
0 0.9375 0.3458333333333333 0.014583333333333334 0.022916666666666665
0 0.41770833333333335 0.03854166666666667 0.014583333333333334 0.01875
0 0.6802083333333333 0.35520833333333335 0.03333333333333333 0.01875
0 0.7541666666666667 0.35625 0.025 0.046875
0 0.7895833333333333 0.35833333333333334 0.020833333333333332 0.052083333333333336
0 0.19895833333333332 0.36875 0.01875 0.041666666666666664
0 0.6208333333333333 0.36354166666666665 0.029166666666666667 0.06041666666666667
0 0.35833333333333334 0.36770833333333336 0.020833333333333332 0.06041666666666667
0 0.10416666666666667 0.3770833333333333 0.025 0.07083333333333333
0 0.221875 0.375 0.03333333333333333 0.041666666666666664
0 0.38229166666666664 0.3729166666666667 0.03333333333333333 0.052083333333333336
0 0.31979166666666664 0.3802083333333333 0.03333333333333333 0.052083333333333336
0 0.9885416666666667 0.36875 0.020833333333333332 0.046875
0 0.846875 0.37083333333333335 0.022916666666666665 0.041666666666666664
0 0.8822916666666667 0.37083333333333335 0.03333333333333333 0.046875
0 0.9635416666666666 0.3697916666666667 0.025 0.046875
0 0.6510416666666666 0.3770833333333333 0.041666666666666664 0.01875
0 0.42291666666666666 0.3854166666666667 0.041666666666666664 0.0375
0 0.5416666666666666 0.3854166666666667 0.01875 0.03333333333333333
0 0.91875 0.37916666666666665 0.03333333333333333 0.028125
0 0.15833333333333333 0.3958333333333333 0.025 0.046875
0 0.8239583333333333 0.38333333333333336 0.025 0.06041666666666667
0 0.128125 0.40208333333333335 0.029166666666666667 0.06041666666666667
0 0.31354166666666666 0.39895833333333336 0.029166666666666667 0.046875
0 0.7020833333333333 0.39479166666666665 0.041666666666666664 0.046875
0 0.04479166666666667 0.4083333333333333 0.0375 0.03333333333333333
0 0.9427083333333334 0.3927083333333333 0.028125 0.041666666666666664
0 0.27708333333333335 0.4041666666666667 0.0375 0.0375
0 0.6520833333333333 0.4041666666666667 0.0375 0.0375
0 0.18541666666666667 0.4125 0.025 0.046875
0 0.21145833333333333 0.4114583333333333 0.0375 0.022916666666666665
0 0.4510416666666667 0.041666666666666664 0.01875 0.01875
0 0.6333333333333333 0.4114583333333333 0.01875 0.0375
0 0.08645833333333333 0.42291666666666666 0.046875 0.0375
0 0.9239583333333333 0.409375 0.041666666666666664 0.022916666666666665
0 0.030208333333333334 0.4239583333333333 0.03333333333333333 0.041666666666666664
0 0.00625 0.4270833333333333 0.0125 0.046875
0 0.5302083333333333 0.42083333333333334 0.029166666666666667 0.046875
0 0.3416666666666667 0.4239583333333333 0.028125 0.022916666666666665
0 0.2604166666666667 0.425 0.041666666666666664 0.03333333333333333
0 0.421875 0.425 0.0375 0.0375
0 0.8520833333333333 0.4166666666666667 0.03333333333333333 0.041666666666666664
0 0.6041666666666666 0.4239583333333333 0.0375 0.041666666666666664
0 0.7145833333333333 0.4270833333333333 0.041666666666666664 0.022916666666666665
0 0.790625 0.43333333333333335 0.029166666666666667 0.05625
0 0.49166666666666664 0.4395833333333333 0.0375 0.075
0 0.9802083333333333 0.43125 0.03333333333333333 0.05625
0 0.12708333333333333 0.4479166666666667 0.01875 0.022916666666666665
0 0.6270833333333333 0.44166666666666665 0.06041666666666667 0.020833333333333332
0 0.69375 0.44583333333333336 0.06041666666666667 0.025
0 0.4895833333333333 0.04375 0.014583333333333334 0.014583333333333334
0 0.3697916666666667 0.45416666666666666 0.029166666666666667 0.052083333333333336
0 0.8625 0.44583333333333336 0.028125 0.014583333333333334
0 0.08958333333333333 0.4583333333333333 0.046875 0.025
0 0.020833333333333332 0.46041666666666664 0.040625 0.022916666666666665
0 0.6604166666666667 0.4510416666666667 0.025 0.046875
0 0.30416666666666664 0.459375 0.03333333333333333 0.041666666666666664
0 0.17916666666666667 0.46458333333333335 0.022916666666666665 0.041666666666666664
0 0.15208333333333332 0.471875 0.0375 0.028125
0 0.3302083333333333 0.46875 0.028125 0.022916666666666665
0 0.9177083333333333 0.4583333333333333 0.03333333333333333 0.052083333333333336
0 0.24479166666666666 0.47291666666666665 0.052083333333333336 0.052083333333333336
0 0.36041666666666666 0.4739583333333333 0.041666666666666664 0.041666666666666664
0 0.11041666666666666 0.48541666666666666 0.03333333333333333 0.0375
0 0.7916666666666666 0.47604166666666664 0.01875 0.01875
0 0.9708333333333333 0.47291666666666665 0.0375 0.0375
0 0.28958333333333336 0.4875 0.041666666666666664 0.075
0 0.01875 0.496875 0.0375 0.046875
0 0.42083333333333334 0.49166666666666664 0.041666666666666664 0.06041666666666667
0 0.15104166666666666 0.49895833333333334 0.0375 0.022916666666666665
0 0.340625 0.49583333333333335 0.041666666666666664 0.041666666666666664
0 0.178125 0.503125 0.03333333333333333 0.022916666666666665
0 0.7020833333333333 0.49583333333333335 0.052083333333333336 0.05625
0 0.8895833333333333 0.4979166666666667 0.041666666666666664 0.075
0 0.76875 0.5020833333333333 0.046875 0.05625
0 0.9854166666666667 0.4979166666666667 0.01875 0.03333333333333333
0 0.553125 0.5083333333333333 0.075 0.06041666666666667
0 0.23854166666666668 0.5208333333333334 0.07083333333333333 0.06041666666666667
0 0.9447916666666667 0.5083333333333333 0.041666666666666664 0.052083333333333336
0 0.09791666666666667 0.5333333333333333 0.025 0.06041666666666667
0 0.20520833333333333 0.058333333333333334 0.014583333333333334 0.01875
0 0.14166666666666666 0.5322916666666667 0.041666666666666664 0.01875
0 0.03125 0.5416666666666666 0.041666666666666664 0.014583333333333334
0 0.8479166666666667 0.5302083333333333 0.04791666666666667 0.1125
0 0.37083333333333335 0.5458333333333333 0.041666666666666664 0.07083333333333333
0 0.6260416666666667 0.5416666666666666 0.0625 0.09791666666666667
0 0.9822916666666667 0.5354166666666667 0.029166666666666667 0.052083333333333336
0 0.753125 0.5395833333333333 0.041666666666666664 0.05625
0 0.3177083333333333 0.5541666666666667 0.052083333333333336 0.075
0 0.7145833333333333 0.5677083333333334 0.052083333333333336 0.041666666666666664
0 0.14791666666666667 0.5833333333333334 0.041666666666666664 0.065625
0 0.890625 0.5697916666666667 0.028125 0.028125
0 0.042708333333333334 0.5916666666666667 0.05625 0.06041666666666667
0 0.9604166666666667 0.578125 0.07083333333333333 0.06041666666666667
0 0.28854166666666664 0.5947916666666667 0.053125 0.09375
0 0.41041666666666665 0.5916666666666667 0.05625 0.084375
0 0.35833333333333334 0.0625 0.014583333333333334 0.014583333333333334
0 0.35520833333333335 0.60625 0.052083333333333336 0.029166666666666667
0 0.8739583333333333 0.6 0.041666666666666664 0.028125
0 0.5302083333333333 0.6125 0.0625 0.1125
0 0.9697916666666667 0.6208333333333333 0.06041666666666667 0.029166666666666667
0 0.45625 0.6354166666666666 0.03333333333333333 0.052083333333333336
0 0.8791666666666667 0.6375 0.05625 0.041666666666666664
0 0.3458333333333333 0.653125 0.08958333333333333 0.065625
0 0.190625 0.6625 0.06041666666666667 0.07083333333333333
0 0.9833333333333333 0.6510416666666666 0.03333333333333333 0.041666666666666664
0 0.2916666666666667 0.665625 0.029166666666666667 0.08958333333333333
0 0.7458333333333333 0.6666666666666666 0.034375 0.12083333333333333
0 0.8416666666666667 0.671875 0.06666666666666667 0.13541666666666666
0 0.4895833333333333 0.06979166666666667 0.014583333333333334 0.01875
0 0.5979166666666667 0.06770833333333333 0.014583333333333334 0.028125
0 0.9729166666666667 0.6854166666666667 0.041666666666666664 0.065625
0 0.06875 0.7114583333333333 0.04791666666666667 0.11666666666666667
0 0.371875 0.721875 0.08125 0.11666666666666667
0 0.22916666666666666 0.07916666666666666 0.01875 0.022916666666666665
0 0.5802083333333333 0.734375 0.084375 0.075
0 0.9416666666666667 0.7395833333333334 0.053125 0.121875
0 0.13958333333333334 0.7729166666666667 0.058333333333333334 0.13125
0 0.9854166666666667 0.07083333333333333 0.014583333333333334 0.028125
0 0.6229166666666667 0.07708333333333334 0.014583333333333334 0.022916666666666665
0 0.5479166666666667 0.078125 0.009375 0.022916666666666665
0 0.2604166666666667 0.8041666666666667 0.1 0.16458333333333333
0 0.365625 0.08333333333333333 0.014583333333333334 0.03333333333333333
0 0.7458333333333333 0.07708333333333334 0.01875 0.014583333333333334
0 0.51875 0.08333333333333333 0.009375 0.014583333333333334
0 0.928125 0.07604166666666666 0.014583333333333334 0.014583333333333334
0 0.8958333333333334 0.07916666666666666 0.014583333333333334 0.022916666666666665
0 0.134375 0.09479166666666666 0.014583333333333334 0.01875
0 0.2916666666666667 0.09166666666666666 0.014583333333333334 0.028125
0 0.4375 0.08958333333333333 0.01875 0.028125
0 0.30520833333333336 0.09166666666666666 0.009375 0.03333333333333333
0 0.31666666666666665 0.09166666666666666 0.014583333333333334 0.028125
0 0.5666666666666667 0.08645833333333333 0.014583333333333334 0.028125
0 0.6479166666666667 0.8895833333333333 0.06666666666666667 0.13541666666666666
0 0.18333333333333332 0.09583333333333334 0.014583333333333334 0.028125
0 0.46041666666666664 0.09166666666666666 0.014583333333333334 0.022916666666666665
0 0.7916666666666666 0.08541666666666667 0.014583333333333334 0.022916666666666665
0 0.09166666666666666 0.09791666666666667 0.01875 0.022916666666666665
0 0.15729166666666666 0.096875 0.014583333333333334 0.01875
0 0.22708333333333333 0.09583333333333334 0.01875 0.014583333333333334
0 0.2520833333333333 0.09479166666666666 0.01875 0.01875
0 0.8145833333333333 0.08541666666666667 0.014583333333333334 0.028125
0 0.2791666666666667 0.09791666666666667 0.014583333333333334 0.022916666666666665
0 0.5364583333333334 0.09375 0.014583333333333334 0.014583333333333334
0 0.0625 0.10208333333333333 0.009375 0.022916666666666665
0 0.4427083333333333 0.9489583333333333 0.058333333333333334 0.10208333333333333
0 0.05625 0.9583333333333334 0.075 0.08333333333333333
0 0.8395833333333333 0.090625 0.014583333333333334 0.01875
0 0.5145833333333333 0.096875 0.014583333333333334 0.022916666666666665
0 0.7729166666666667 0.09166666666666666 0.014583333333333334 0.022916666666666665
0 0.041666666666666664 0.10729166666666666 0.022916666666666665 0.022916666666666665
0 0.8791666666666667 0.09166666666666666 0.009375 0.01875
0 0.48125 0.09895833333333333 0.014583333333333334 0.014583333333333334
0 0.7333333333333333 0.09583333333333334 0.014583333333333334 0.014583333333333334
0 0.08125 0.10625 0.014583333333333334 0.03333333333333333
0 0.6572916666666667 0.09791666666666667 0.014583333333333334 0.028125
0 0.9645833333333333 0.09375 0.014583333333333334 0.014583333333333334
0 0.8895833333333333 0.096875 0.014583333333333334 0.022916666666666665
0 0.19479166666666667 0.109375 0.014583333333333334 0.022916666666666665
0 0.014583333333333334 0.1125 0.014583333333333334 0.0375
0 0.37916666666666665 0.10625 0.014583333333333334 0.01875
0 0.6916666666666667 0.10104166666666667 0.014583333333333334 0.028125
0 0.14375 0.1125 0.014583333333333334 0.028125
0 0.9302083333333333 0.09791666666666667 0.01875 0.01875
0 0.9520833333333333 0.09791666666666667 0.014583333333333334 0.022916666666666665
0 0.6364583333333333 0.10625 0.014583333333333334 0.014583333333333334
0 0.7479166666666667 0.10416666666666667 0.014583333333333334 0.01875
0 0.17604166666666668 0.11458333333333333 0.014583333333333334 0.014583333333333334
0 0.13229166666666667 0.11666666666666667 0.014583333333333334 0.028125
0 0.8677083333333333 0.10416666666666667 0.014583333333333334 0.028125
0 0.36354166666666665 0.11354166666666667 0.01875 0.022916666666666665
0 0.5989583333333334 0.109375 0.014583333333333334 0.014583333333333334
0 0.6135416666666667 0.10833333333333334 0.014583333333333334 0.014583333333333334
0 0.2520833333333333 0.11666666666666667 0.014583333333333334 0.022916666666666665
0 0.26666666666666666 0.11666666666666667 0.014583333333333334 0.028125
0 0.115625 0.12083333333333333 0.009375 0.028125
0 0.5645833333333333 0.11458333333333333 0.014583333333333334 0.028125
0 0.7125 0.11145833333333334 0.014583333333333334 0.022916666666666665
0 0.8010416666666667 0.1125 0.009375 0.01875
0 0.22916666666666666 0.12291666666666666 0.022916666666666665 0.03333333333333333
0 0.39166666666666666 0.11979166666666667 0.014583333333333334 0.028125
0 0.8239583333333333 0.1125 0.01875 0.022916666666666665
0 0.9166666666666666 0.11041666666666666 0.014583333333333334 0.014583333333333334
0 0.9770833333333333 0.109375 0.014583333333333334 0.028125
0 0.40520833333333334 0.121875 0.014583333333333334 0.022916666666666665
0 0.041666666666666664 0.128125 0.014583333333333334 0.022916666666666665
0 0.6229166666666667 0.11770833333333333 0.014583333333333334 0.022916666666666665
0 0.7291666666666666 0.11666666666666667 0.014583333333333334 0.022916666666666665
0 0.15833333333333333 0.12708333333333333 0.014583333333333334 0.03333333333333333
0 0.5395833333333333 0.121875 0.01875 0.022916666666666665
0 0.8427083333333333 0.11666666666666667 0.01875 0.022916666666666665
0 0.21145833333333333 0.12708333333333333 0.014583333333333334 0.022916666666666665
0 0.17916666666666667 0.128125 0.014583333333333334 0.01875
0 0.5822916666666667 0.12083333333333333 0.014583333333333334 0.022916666666666665
0 0.05416666666666667 0.13333333333333333 0.014583333333333334 0.028125
0 0.896875 0.11770833333333333 0.014583333333333334 0.01875
0 0.6447916666666667 0.12291666666666666 0.01875 0.022916666666666665
0 0.503125 0.12708333333333333 0.014583333333333334 0.028125
0 0.9239583333333333 0.11979166666666667 0.014583333333333334 0.014583333333333334
0 0.315625 0.13333333333333333 0.01875 0.022916666666666665
0 0.7875 0.125 0.014583333333333334 0.014583333333333334
0 0.7583333333333333 0.125 0.014583333333333334 0.028125
0 0.37083333333333335 0.13229166666666667 0.01875 0.028125
0 0.6625 0.12708333333333333 0.014583333333333334 0.01875
0 0.39166666666666666 0.015625 0.014583333333333334 0.01875
0 0.6833333333333333 0.13125 0.01875 0.028125
0 0.8614583333333333 0.128125 0.014583333333333334 0.014583333333333334
0 0.959375 0.12708333333333333 0.022916666666666665 0.022916666666666665
0 0.00625 0.14479166666666668 0.0125 0.03333333333333333
0 0.35 0.14166666666666666 0.014583333333333334 0.028125
0 0.45208333333333334 0.13958333333333334 0.014583333333333334 0.028125
0 0.20208333333333334 0.14479166666666668 0.009375 0.01875
0 0.8208333333333333 0.13541666666666666 0.014583333333333334 0.014583333333333334
0 0.7 0.1375 0.014583333333333334 0.01875
0 0.5979166666666667 0.14166666666666666 0.014583333333333334 0.022916666666666665
0 0.26979166666666665 0.15416666666666667 0.01875 0.022916666666666665
0 0.7395833333333334 0.146875 0.01875 0.022916666666666665
0 0.5166666666666667 0.15104166666666666 0.01875 0.01875
0 0.7854166666666667 0.14583333333333334 0.01875 0.01875
0 0.12291666666666666 0.159375 0.009375 0.022916666666666665
0 0.1375 0.159375 0.009375 0.022916666666666665
0 0.190625 0.15833333333333333 0.014583333333333334 0.022916666666666665
0 0.575 0.15208333333333332 0.009375 0.014583333333333334
0 0.16979166666666667 0.15833333333333333 0.014583333333333334 0.01875
0 0.921875 0.14583333333333334 0.014583333333333334 0.01875
0 0.06770833333333333 0.16041666666666668 0.014583333333333334 0.03333333333333333
0 0.090625 0.16041666666666668 0.01875 0.03333333333333333
0 0.3104166666666667 0.15833333333333333 0.028125 0.028125
0 0.465625 0.15625 0.014583333333333334 0.028125
0 0.0375 0.16458333333333333 0.01875 0.03333333333333333
0 0.340625 0.159375 0.01875 0.01875
0 0.5197916666666667 0.15625 0.01875 0.01875
0 0.6666666666666666 0.15416666666666667 0.014583333333333334 0.01875
0 0.7666666666666667 0.15416666666666667 0.014583333333333334 0.03333333333333333
0 0.20729166666666668 0.16458333333333333 0.01875 0.01875
0 0.609375 0.15729166666666666 0.014583333333333334 0.014583333333333334
0 0.6375 0.15729166666666666 0.014583333333333334 0.028125
0 0.8270833333333333 0.15416666666666667 0.014583333333333334 0.01875
0 0.5635416666666667 0.16041666666666668 0.014583333333333334 0.022916666666666665
0 0.057291666666666664 0.16979166666666667 0.014583333333333334 0.01875
0 0.8572916666666667 0.15520833333333334 0.022916666666666665 0.028125
0 0.975 0.153125 0.014583333333333334 0.01875
0 0.23020833333333332 0.16875 0.014583333333333334 0.028125
0 0.25833333333333336 0.16770833333333332 0.01875 0.01875
0 0.11041666666666666 0.17083333333333334 0.01875 0.028125
0 0.7145833333333333 0.1625 0.01875 0.028125
0 0.14791666666666667 0.175 0.01875 0.0375
0 0.6541666666666667 0.16666666666666666 0.014583333333333334 0.028125
0 0.55 0.16770833333333332 0.01875 0.022916666666666665
0 0.69375 0.165625 0.014583333333333334 0.028125
0 0.9604166666666667 0.16041666666666668 0.01875 0.014583333333333334
0 0.5916666666666667 0.171875 0.014583333333333334 0.014583333333333334
0 0.3 0.17708333333333334 0.022916666666666665 0.022916666666666665
0 0.515625 0.178125 0.01875 0.01875
0 0.37916666666666665 0.18020833333333333 0.014583333333333334 0.022916666666666665
0 0.48333333333333334 0.178125 0.01875 0.041666666666666664
0 0.7770833333333333 0.17291666666666666 0.014583333333333334 0.01875
0 0.07291666666666667 0.18958333333333333 0.01875 0.022916666666666665
0 0.6145833333333334 0.18020833333333333 0.014583333333333334 0.014583333333333334
0 0.8114583333333333 0.17708333333333334 0.01875 0.022916666666666665
0 0.18958333333333333 0.18854166666666666 0.01875 0.0375
0 0.265625 0.18958333333333333 0.014583333333333334 0.01875
0 0.4552083333333333 0.18541666666666667 0.014583333333333334 0.01875
0 0.5916666666666667 0.18541666666666667 0.01875 0.01875
0 0.75625 0.18333333333333332 0.014583333333333334 0.03333333333333333