0 0.1691673570593295 0.11537281276943581 0.05973046245862671 0.08639851406887891
0 0.4271841278071825 0.08656688690185892 0.04871957049414585 0.07163335714254332
0 0.9577063419258416 0.698528513521769 0.08458731614831691 0.14929852597348395
0 0.702797710213901 0.7450791374412797 0.0907646943469956 0.13274095346261844
0 0.41705739137978765 0.8087926239151171 0.07533246773107033 0.11165306709908217
0 0.9012733399238878 0.04695955843539582 0.056713346514442264 0.06344548268361179
0 0.5468607280083982 0.8266722364683451 0.08051780633684728 0.13672579653628295
0 0.18178396385109974 0.8848371969686984 0.08851158235714382 0.12853792207735162
0 0.3109081858536368 0.8860501428552597 0.09093447300351395 0.13690762012928512
0 0.6182565691760349 0.07532910767976728 0.0553940171354417 0.08215911796501132
0 0.8688170725456742 0.8853792207735147 0.10611203163466149 0.15174550649282187
0 0.5484419077818117 0.09909270724735185 0.05131223979703421 0.08416972186114376
0 0.7359649025093682 0.07738371428069289 0.05131223979703421 0.08416972186114376
0 0.7922573471734978 0.0794072283495718 0.0553940171354417 0.08215911796501132
0 0.3045610289984398 0.14271833711916504 0.05522423847892336 0.07799245129834466
0 0.8567133465144423 0.07740953462618586 0.05956068380210837 0.08223184740221225
0 0.5161272463875887 0.12351087174974461 0.06449135442310781 0.10105457683941316
0 0.3992678063368473 0.14228959848215234 0.05781690778181172 0.0905288160169451
0 0.02103137749004846 0.20959318831160273 0.028989798428181866 0.09835304328987213
0 0.08731604217954878 0.20138185930681723 0.051142461140515835 0.08000305519447709
0 0.9224851304434042 0.10770350756946658 0.05398979842818174 0.09878941991307753
0 0.5931327799746293 0.02076242910849563 0.03626555994925861 0.021451533549541043
0 0.6226708142455126 0.1836624410131006 0.04888934915066396 0.07580002380920998
0 0.8681752246387588 0.02660423863042213 0.04051711594418445 0.023607596320075284
0 0.06669138737588019 0.2572318474022122 0.059730462458626746 0.08639851406887894
0 0.7280489262353644 0.1896655259690902 0.06674446641295949 0.10525760822468028
0 0.1636512767041394 0.26100614015046664 0.05131223979703421 0.08416972186114376
0 0.24547605206538053 0.25098421320185127 0.05956068380210837 0.0822318474022122
0 0.8742872562734205 0.17660423863042213 0.07533246773107033 0.11165306709908206
0 0.35138649475234374 0.244505480517141 0.055563795791960045 0.08632578463167799
0 0.9493721456016796 0.1799967018333718 0.03107313176151507 0.09838940800847253
0 0.497921937439307 0.23873585984513965 0.06640490909992268 0.09692427489134695
0 0.5811703814443813 0.23810711525582443 0.05522423847892336 0.07799245129834466
0 0.426193721368269 0.2666297613607905 0.05956068380210837 0.08223184740221227
0 0.13968939857982285 0.31159324783462766 0.05781690778181178 0.09052881601694515
0 0.6763440500882142 0.24913670995214507 0.06049446641295949 0.10514851406887894
0 0.789546159441844 0.24278525378253643 0.07091113307962615 0.10533033766188117
0 0.686010891964481 0.02654732575288247 0.03868845059562863 0.02982123160147482
0 0.2991245671988685 0.06039030573389793 0.04612690119125726 0.059096992423942854
0 0.04319285576600598 0.3702825903677728 0.060749134397737 0.11139851406887888
0 0.3143887411399325 0.3583615194784653 0.05114246114051587 0.08000305519447709
0 0.5775714005569892 0.3286048387407228 0.07116580106440366 0.11158033766188116
0 0.7302719539156932 0.3208609788911895 0.06865802108977448 0.101127306276614
0 0.18664219832611562 0.4165053912326036 0.06623513044340434 0.09275760822468028
0 0.7653048926235364 0.031054185059699698 0.05144311858040614 0.03628941991307755
0 0.4556698610384496 0.4024646222913623 0.06865802108977435 0.1011273062766141
0 0.8647512931805257 0.35131332088161854 0.08451469434699561 0.13263185930681728
0 0.2984825336366153 0.4278259036777278 0.05973046245862671 0.086398514068879
0 0.38558290053220184 0.06189944155581674 0.046381569176034886 0.06534699242394285
0 0.6921051996442266 0.43157383549321354 0.08851158235714393 0.1285379220773514
0 0.400392543522447 0.47644641017054956 0.06865802108977435 0.1011273062766141
0 0.8086445323185044 0.4304852597348389 0.07180601581733086 0.076200035713815
0 0.5283902095300583 0.4755578403644775 0.06206846377673756 0.09268487878747939
0 0.06794700334485197 0.5435083571425433 0.06206846377673765 0.09268487878747939
0 0.12074135442310772 0.10203642424162539 0.05973046245862671 0.08639851406887891
0 0.22752368512021928 0.09140920724954874 0.05114246114051587 0.08000305519447709
0 0.9898662668183076 0.49629444912748016 0.020267466363384775 0.11315456493480815
0 0.18175924314188618 0.6287690205617006 0.0818371357158479 0.11801216125488358
0 0.6544672312788881 0.580810176402604 0.07767046904918118 0.11793943181768256
0 0.5056132372103871 0.6063169166633713 0.09692980501873644 0.13076671428508652
0 0.8359524493270925 0.564200422613477 0.08817202504410701 0.1202045887440183
0 0.3009761344473117 0.6423001428552598 0.07932935574121866 0.10755912986961629