0 0.27029647201933854 0.8094901286737034 0.017636994761411392 0.021221254305925898
0 0.25878962228126795 0.8107984910090276 0.019914393713693693 0.025436411094166545
0 0.359420335542852 0.7949292985068053 0.013276262475795875 0.01695760739611103
0 0.10881244444845262 0.836140534701574 0.03735732285615618 0.04249099873342601
0 0.24401222332898567 0.8153045885267128 0.019914393713693693 0.025436411094166545
0 0.07935467935336253 0.843069396403611 0.02228882547545048 0.03173490121574076
0 0.5637097292565457 0.7652015116533327 0.013276262475795875 0.01695760739611103
0 0.29202592280512685 0.8121059823971757 0.017636994761411392 0.021221254305925898
0 0.3842747863286403 0.7974724170479164 0.010901830714039088 0.010659117274537049
0 0.7007987758514632 0.7484837420235643 0.013276262475795875 0.01695760739611103
0 0.4585727344951343 0.7884593510653699 0.013276262475795875 0.01695760739611103
0 0.3736640540430248 0.8018815343224533 0.013276262475795875 0.01695760739611103
0 0.3484699884240758 0.8066300824480089 0.010901830714039088 0.010659117274537049
0 0.3296229556146013 0.8091498268755088 0.006929229666321391 0.014728803698055515
0 0.5990778795184752 0.7654188462532403 0.013276262475795875 0.01695760739611103
0 0.4470658847570637 0.7897677134006941 0.013276262475795875 0.01695760739611103
0 0.5140721662568911 0.7809243628436568 0.013276262475795875 0.01695760739611103
0 0.615744546185142 0.7650309252806476 0.01744292914246254 0.01705458763925923
0 0.679577311280232 0.7573019765726383 0.013276262475795875 0.01695760739611103
0 0.43844145299530707 0.7962116738869903 0.013276262475795875 0.01695760739611103
0 0.3923170212335503 0.80352845656162 0.013470328094744844 0.021124274062777695
0 0.5558843821377695 0.7768295604121753 0.013276262475795875 0.01695760739611103
0 0.3440607397337229 0.8119353960244904 0.013276262475795875 0.01695760739611103
0 0.33255388999565233 0.8132437583598144 0.013470328094744724 0.021124274062777695
0 0.31370685718617786 0.8157635027873146 0.017636994761411392 0.021221254305926134
0 0.3010127915672289 0.8202211101834256 0.013470328094744844 0.021124274062777695
0 0.7256532266372514 0.7510268605646753 0.006929229666321154 0.014728803698055515
0 0.6302308467090008 0.7667748277629624 0.010901830714039088 0.010659117274537049
0 0.4131503545668836 0.8030435553458791 0.006735164047372422 0.010562137031388847
0 0.5357531006379421 0.7845818832337959 0.013470328094744844 0.021124274062777695
0 0.7192576774230398 0.7542973309293974 0.01763699476141151 0.021221254305926134
0 0.6363838138995263 0.7687126907315734 0.013276262475795875 0.01695760739611103
0 0.4865036688761854 0.7919714010907867 0.010901830714039088 0.010659117274537049
0 0.4508444201858326 0.7980040664908792 0.006929229666321391 0.014728803698055515
0 0.4193518381621464 0.8039397516478236 0.006735164047372422 0.010562137031388847
0 0.4591777535191659 0.797810106004583 0.013276262475795875 0.01695760739611103
0 0.7421743440897065 0.7537639395920828 0.030525125999309448 0.02984552836870383
0 0.5492462508998716 0.785308364110231 0.013276262475795875 0.01695760739611103
0 0.40140092280512685 0.8095602510145367 0.013276262475795875 0.01695760739611103
0 0.43289350482881306 0.8036245658575922 0.006735164047372422 0.010562137031388847
0 0.4308101714954797 0.8036730559791662 0.013276262475795875 0.01695760739611103
0 0.3825538899956523 0.8120799954420368 0.013470328094744724 0.021124274062777695
0 0.40864407306705625 0.810432202255694 0.006929229666321391 0.014728803698055515
0 0.49568460325723646 0.7959198622103699 0.006735164047372422 0.010562137031388847
0 0.5124483027333776 0.793448607904444 0.010901830714039088 0.010659117274537049
0 0.4798170212335503 0.8014918714555089 0.013276262475795875 0.01695760739611103
0 0.649731414947244 0.7725641716080086 0.013276262475795875 0.01695760739611103
0 0.3645059418291583 0.819783828142083 0.01763699476141151 0.021221254305925898
0 0.6244403165188205 0.7793960530668975 0.021803661428078176 0.021318234549074097
0 0.6149682837093461 0.7816975919473143 0.01763699476141151 0.021221254305925898
0 0.9188467240179572 0.7361248576524067 0.050342486903528536 0.05319860612953704
0 0.4972342561384602 0.8073297054221292 0.013470328094744724 0.021124274062777695
0 0.2141406327584451 0.8534592051679628 0.026455492142117145 0.03183188145888896
0 0.6699825514237304 0.7845792703922679 0.026455492142117027 0.03183188145888896
0 0.5787753545668836 0.7991885906807402 0.05063358533195199 0.05944860612953704
0 0.4213609608531899 0.8278253497987959 0.013276262475795875 0.01695760739611103
0 0.6948370022095188 0.7871223889333792 0.030719191618258417 0.03401219503537049
0 0.7755790159949617 0.7737971859194438 0.035953219189144174 0.057025841945185125
0 0.8007245652091733 0.7700903044605548 0.03992582023686187 0.05295615552166666
0 0.8520088138995263 0.7636939631486567 0.04636988585581084 0.057268292553055745
0 0.7593718191381148 0.7866608618312493 0.04636988585581084 0.057268292553055745
0 0.6262068571861779 0.8084899845512031 0.03299659057054048 0.038227351823611144
0 0.8241977344951344 0.7799493347291196 0.03735732285615635 0.04249099873342601
0 0.908912349328295 0.7706938181387029 0.04259135042704211 0.06550464564324064
0 0.2746286379970337 0.8728620799148608 0.05499431761756763 0.06371225303935191
0 0.7105076465438881 0.8304602228999994 0.05727171656984993 0.06792740982759256
0 0.4240464411401868 0.8818707911615274 0.06410391342669683 0.08057288019231473
0 0.3486326156647363 0.914842190477407 0.05727171656984993 0.06792740982759256