0 0.30541101516338603 0.13854166666666667 0.08183794099758271 0.10208333333333333
0 0.8635474108074026 0.08958333333333333 0.09157537799792786 0.0875
0 0.7188784711877628 0.11458333333333333 0.06609021395055568 0.07708333333333334
0 0.5853282500682959 0.13229166666666667 0.07025688061722235 0.07708333333333334
0 0.667151830714039 0.010416666666666666 0.05930366142807818 0.020833333333333332
0 0.5146661601867268 0.15833333333333333 0.07718611028354375 0.09166666666666666
0 0.25689220154305575 0.19270833333333334 0.09065643837828835 0.1125
0 0.34118437468966223 0.034375 0.04530252495159163 0.03333333333333333
0 0.4592181169000753 0.19791666666666666 0.09462903942600605 0.10833333333333334
0 0.7466439062577855 0.17395833333333333 0.08164387537863387 0.09791666666666667
0 0.3941638254754505 0.03125 0.05431508795124624 0.04791666666666667
0 0.156872251446239 0.259375 0.08610164047372386 0.10416666666666667
0 0.6926256608756984 0.221875 0.08619867328319823 0.10625
0 0.8495777127092045 0.21458333333333332 0.08590757485477478 0.1
0 0.7574287540655332 0.24895833333333334 0.10146123628285295 0.12083333333333333
0 0.17170103887362645 0.309375 0.08561647642635144 0.09375
0 0.3751399594692345 0.29375 0.07936647642635145 0.09375
0 0.901518368898694 0.25625 0.0654109842842343 0.0625
0 0.6184047954218621 0.2833333333333333 0.10562790294951961 0.12083333333333333
0 0.05109033746716254 0.38125 0.06439501185512021 0.08541666666666667
0 0.5432677080229955 0.034375 0.07403541604599108 0.06875
0 0.6240041320634613 0.33645833333333336 0.09065643837828835 0.1125
0 0.18640997132435472 0.37916666666666665 0.09046237275933944 0.10833333333333334
0 0.4585018591104884 0.3614583333333333 0.10514273890214719 0.11041666666666666
0 0.0964413788234914 0.415625 0.08648977171162174 0.1125
0 0.28340769837138174 0.4041666666666667 0.11207196856846859 0.125
0 0.021421274330916017 0.10208333333333333 0.035856186379669724 0.05416666666666667
0 0.4455738276789569 0.4864583333333333 0.10790530190180192 0.125
0 0.06195226798756808 0.525 0.08062790294951964 0.12083333333333333
0 0.6029140107503609 0.4875 0.10165530190180191 0.125
0 0.6902199451314118 0.48333333333333334 0.10078200661653179 0.10625
0 0.32457499503459514 0.55 0.09966900137794307 0.12708333333333333
0 0.12857329031986542 0.56875 0.10790530190180192 0.125
0 0.8397861695591448 0.51875 0.09046237275933938 0.10833333333333334
0 0.9585175011017533 0.5135416666666667 0.08296499779649338 0.11666666666666667
0 0.15958645243691508 0.653125 0.11066786490145665 0.13958333333333334
0 0.49916978577024834 0.653125 0.11018270085408423 0.12916666666666668
0 0.9143353159604286 0.665625 0.1257363622821624 0.15
0 0.7090556440551734 0.6864583333333333 0.09065643837828835 0.1125
0 0.9943751235166068 0.6760416666666667 0.011249752966786274 0.13541666666666666
0 0.10434109098031615 0.83125 0.06609595809129143 0.16666666666666666
0 0.3228998974317351 0.871875 0.10562790294951961 0.12083333333333333
0 0.6033736349559393 0.8552083333333333 0.11555940556881386 0.11041666666666666