0 0.8684590592705556 0.002632260259675571 0.04224854812555563 0.005264520519351142
0 0.7892439024823148 0.005685396024490421 0.05067886170203716 0.011370792048980841
0 0.8903063304210648 0.17188182611726777 0.06661991843944434 0.08900319376879638
0 0.5188175094993053 0.2534054893633329 0.07485627152962972 0.085030487588426
0 0.7164198613229166 0.21757317287458275 0.0689457023806483 0.0994683505570371
0 0.0127874569407406 0.37461207902740745 0.0255749138814812 0.08410917527851845
0 0.812350174899398 0.21117596061550856 0.06850929128648152 0.08071835055703709
0 0.0050377469606481045 0.13110452963527777 0.010075493921296209 0.05445760739611112
0 0.37882113918541643 0.3191300824480089 0.06661991843944458 0.08900319376879627
0 0.26772561081671264 0.3508667255581016 0.07485627152962972 0.085030487588426
0 0.636040941616898 0.271499130827731 0.07529268262379626 0.10378048758842601
0 0.17038995466175896 0.3729131828779628 0.06652293819629639 0.08483652710212972
0 0.09088298619689779 0.4341065624369906 0.06661991843944452 0.08900319376879627
0 0.49369454230101817 0.3487305473673144 0.06826684067861113 0.07030168389037049
0 0.43439837411361104 0.033777512222013716 0.05363501722370382 0.06755502444402743
0 0.7598044435167589 0.32171472353328645 0.07078658510611101 0.08910017401194446
0 0.2655193102850922 0.4456583922247683 0.06652293819629639 0.08483652710212972
0 0.8827211101834256 0.31885380636041594 0.07950783941203715 0.10596080116490754
0 0.40297082016351815 0.44454137753421263 0.08163966286694459 0.10809262461981485
0 0.1787934103359255 0.5038964872093054 0.0812517418943519 0.09142595795314819
0 0.6098996818655552 0.4105741888317124 0.08367450607870382 0.10605778140805562
0 0.03049404837972201 0.5564430895391204 0.06098809675944402 0.09128048758842601
0 0.7168034275596293 0.42474361423731416 0.060224448074722166 0.08260772340407409
0 0.9668527886283793 0.3720740447092121 0.03934262461981485 0.080039488855
0 0.08714924683569396 0.5945232291036573 0.07950783941203715 0.10596080116490754
0 0.5389676263947218 0.5059243628436569 0.06652293819629639 0.08483652710212972
0 0.7432650987842593 0.012468787361805254 0.050969802431481526 0.02493757472361051
0 0.20883028634939763 0.6000198903249072 0.0812517418943519 0.09142595795314819
0 0.45289547213962916 0.5808048794340738 0.07068960486296305 0.0849335073452778
0 0.7133857449358328 0.5268511926314347 0.07078658510611101 0.08910017401194446
0 0.327168120316018 0.6149642867285183 0.0876472122590742 0.0978214283178706
0 0.34602555192527773 0.07315214969712933 0.062404761651203816 0.08682288019231485
0 0.8887736659084255 0.5061113557525456 0.060030487588426 0.07427439007074076
0 0.027881678444953657 0.14932113829796295 0.055763356889907315 0.08052439007074076
0 0.6412414364256475 0.6742846999767125 0.08764721225907408 0.09782142831787037
0 0.8230248277629624 0.6471493927331011 0.0812517418943519 0.09142595795314842
0 0.15210496555259248 0.12972081927606469 0.0537319974668519 0.07204558637268524
0 0.4079790963803234 0.7661254368047682 0.07718205547083343 0.09549564437666665
0 0.5448738408078235 0.7441993338416661 0.07495325177277769 0.08919715425509267
0 0.648012775962639 0.02972989349134233 0.053635017223703584 0.05945978698268466
0 0.2842380976468975 0.8044030206443054 0.07727903571398151 0.09966231104333331
0 0.9588285444550457 0.6720982897699993 0.052376015957129596 0.10324709625111125
0 0.15490084460754558 0.8594684964544442 0.08149419250222234 0.10184262461981484
0 0.4961467772292129 0.06445252761046255 0.05605778140805562 0.08251074316092598
0 0.7815495087410641 0.7740881266488882 0.07272444807472217 0.08289866413351869
0 0.007580865501759195 0.19353179445291666 0.01516173100351839 0.07960307776083334
0 0.6248302845744907 0.00028484409921271104 0.046172764184351914 0.0005696881984254221
0 0.7455172765959259 0.04094962474902716 0.05557288019231474 0.06167740982759264
0 0.8281968642351851 0.031363386779351514 0.06850929128648152 0.06272677355870303
0 0.3959277007349536 0.12092247505189781 0.07529268262379638 0.10378048758842601
0 0.2608980840937036 0.1521750878934257 0.06473054559240753 0.09728803698055562
0 0.05987979154064798 0.200580139564537 0.07068960486296304 0.0849335073452778
0 0.6029292976193518 0.08383028634939764 0.05145470364722229 0.06366376291777781
0 0.1721373409327776 0.2083783396662036 0.07529268262379638 0.10378048758842601
0 0.6879822883742129 0.09746719136486053 0.06419715425509268 0.07437137031388895
0 0.16080284574490733 0.06913443718388876 0.04050464564324076 0.04050464564324076
0 0.7764754649193055 0.09748969453129565 0.07078658510611126 0.08910017401194453
0 0.49907607484856464 0.16224796897319402 0.060224448074722284 0.08260772340407414
0 0.3305676545092591 0.20052642375990715 0.060030487588426 0.07427439007074076
0 0.8746345821938425 0.08479399215064741 0.06642595795314818 0.08066986043546302
0 0.6233738390329165 0.14477947340620317 0.06850929128648152 0.08071835055703709
0 0.017899680978101747 0.2953484321175926 0.03579936195620349 0.08846980243148153
0 0.0819227650718053 0.28231416983310176 0.07078658510611119 0.08910017401194446
0 0.246119048379722 0.2503826952895368 0.06652293819629639 0.08483652710212972
0 0.4124714002033331 0.2152777306243978 0.0537319974668519 0.07204558637268524
0 0.2704930315351388 0.053047039134583106 0.055427409827592554 0.055427409827592644
0 0.5694279907548611 0.00934552925615718 0.06114401849027781 0.01869105851231436