0 0.6603252142828898 0.3858871955907444 0.027628804112340078 0.032353561267369456
0 0.4633411201270884 0.3876592371112377 0.027556074675139305 0.02818689460070279
0 0.1397880708849138 0.36435874965807863 0.027628804112340137 0.032353561267369456
0 0.11895473755158047 0.3652076429406705 0.034133357142543314 0.0471915625854803
0 0.09600170616631334 0.36405809221818825 0.03837275324641087 0.05152800790866543
0 0.589855528135561 0.4096067660848901 0.02353486688287442 0.03635044927751778
0 0.16498807683721628 0.37479841105230166 0.040710639609947384 0.06619623057025793
0 0.575217647724327 0.40707599138270445 0.03420608657974403 0.05135822925214697
0 0.6431805340878635 0.41890042154761414 0.04071063960994745 0.06619623057025793
0 0.4845381006464263 0.40764367716197913 0.0448045768394131 0.06219934256010961
0 0.2486668749972539 0.3911945045886008 0.051200035713815005 0.07078734387822057
0 0.6067222007545302 0.4203859847921499 0.027556074675139066 0.02818689460070279
0 0.7853017597370359 0.439169613892656 0.04670608657974403 0.05186756522170223
0 0.17880247889338635 0.389871630418617 0.05138185930681723 0.08120401054488724
0 0.9784464696935745 0.45631735102868104 0.010671219696869846 0.015007779974629187
0 0.7206275146072013 0.4365928497353575 0.029930325757276204 0.04493845059562863
0 0.9847691991307755 0.4602293497105701 0.010671219696869608 0.015007779974629305
0 0.44508204382819455 0.41654824106557037 0.03427881601694504 0.055524895918813634
0 0.7374032754296693 0.4421637351092839 0.03413335714254326 0.0471915625854803
0 0.3731343143909936 0.4153102562238457 0.03844548268361182 0.055694674575332094
0 0.9472691991307756 0.4617573576192355 0.010743949134070856 0.019174446641295972
0 0.9723237462086761 0.4638636856801252 0.010671219696869846 0.015007779974629187
0 0.9900684442606099 0.46522545972325546 0.008733345237938294 0.023256223979703467
0 0.9035191991307755 0.4635400335126784 0.017103043289872253 0.025679114626073602
0 0.9938198230502862 0.47530256907688534 0.01236035389942766 0.06126555994925861
0 0.5246123576808658 0.4341557799250546 0.034133357142543376 0.0471915625854803
0 0.3554987104948612 0.42019848218071554 0.03420608657974426 0.05135822925214697
0 0.8524411677455084 0.4635364887216953 0.017103043289872014 0.025679114626073484
0 0.9641540541090448 0.47357824299316204 0.017103043289872253 0.025679114626073602
0 0.8879487462086763 0.4673017034746224 0.017103043289872253 0.025679114626073484
0 0.931862387442378 0.4748940275811794 0.017103043289872253 0.025679114626073602
0 0.8295608657974421 0.4665536046658797 0.03413335714254326 0.0471915625854803
0 0.4141229615769981 0.43448824765612487 0.044695482683611704 0.05594934256010961
0 0.9388760465329877 0.5183893595964019 0.038300023809209924 0.047361341241998645
0 0.03486538311383034 0.44472977206596387 0.05536670238048162 0.07095712253473892