0 0.65 0.36875 0.021875 0.021875
0 0.6333333333333333 0.3729166666666667 0.021875 0.027083333333333334
0 0.5614583333333333 0.3854166666666667 0.020833333333333332 0.016666666666666666
0 0.55 0.38645833333333335 0.021875 0.027083333333333334
0 0.19583333333333333 0.44583333333333336 0.03333333333333333 0.035416666666666666
0 0.4041666666666667 0.41458333333333336 0.022916666666666665 0.03125
0 0.28541666666666665 0.43333333333333335 0.021875 0.021875
0 0.23854166666666668 0.44375 0.021875 0.027083333333333334
0 0.22708333333333333 0.44583333333333336 0.016666666666666666 0.025
0 0.3 0.43333333333333335 0.021875 0.027083333333333334
0 0.32083333333333336 0.434375 0.027083333333333334 0.027083333333333334
0 0.6645833333333333 0.37916666666666665 0.021875 0.027083333333333334
0 0.5385416666666667 0.4 0.022916666666666665 0.03125
0 0.5979166666666667 0.390625 0.021875 0.027083333333333334
0 0.6458333333333334 0.3854166666666667 0.01875 0.029166666666666667
0 0.36041666666666666 0.43333333333333335 0.022916666666666665 0.03125
0 0.2791666666666667 0.4510416666666667 0.021875 0.027083333333333334
0 0.2604166666666667 0.4552083333333333 0.021875 0.027083333333333334
0 0.6864583333333333 0.390625 0.022916666666666665 0.034375
0 0.47291666666666665 0.4239583333333333 0.028125 0.03125
0 0.5708333333333333 0.409375 0.021875 0.027083333333333334
0 0.5208333333333334 0.421875 0.027083333333333334 0.027083333333333334
0 0.6208333333333333 0.4083333333333333 0.022916666666666665 0.03125
0 0.7020833333333333 0.39791666666666664 0.022916666666666665 0.03125
0 0.23125 0.47708333333333336 0.028125 0.035416666666666666
0 0.7135416666666666 0.4010416666666667 0.016666666666666666 0.025
0 0.33958333333333335 0.4625 0.028125 0.03125
0 0.6708333333333333 0.409375 0.028125 0.040625
0 0.5979166666666667 0.42083333333333334 0.028125 0.035416666666666666
0 0.41458333333333336 0.46041666666666664 0.027083333333333334 0.027083333333333334
0 0.20625 0.49270833333333336 0.03333333333333333 0.035416666666666666
0 0.50625 0.4479166666666667 0.022916666666666665 0.03125
0 0.646875 0.43333333333333335 0.022916666666666665 0.03125
0 0.75 0.42083333333333334 0.028125 0.040625
0 0.528125 0.45625 0.028125 0.040625
0 0.590625 0.4510416666666667 0.027083333333333334 0.027083333333333334
0 0.3375 0.4947916666666667 0.028125 0.03125
0 0.2604166666666667 0.509375 0.027083333333333334 0.021875
0 0.615625 0.46041666666666664 0.028125 0.035416666666666666
0 0.7208333333333333 0.44583333333333336 0.028125 0.03125
0 0.6416666666666667 0.4635416666666667 0.03333333333333333 0.03333333333333333
0 0.23958333333333334 0.5270833333333333 0.028125 0.035416666666666666
0 0.27395833333333336 0.5239583333333333 0.028125 0.035416666666666666
0 0.5760416666666667 0.47604166666666664 0.022916666666666665 0.034375
0 0.7083333333333334 0.4666666666666667 0.028125 0.040625
0 0.2625 0.5375 0.022916666666666665 0.034375
0 0.41354166666666664 0.5302083333333333 0.028125 0.040625
0 0.7395833333333334 0.490625 0.025 0.04375
0 0.6583333333333333 0.5052083333333334 0.029166666666666667 0.04583333333333333
0 0.2916666666666667 0.565625 0.028125 0.03125
0 0.5739583333333333 0.5375 0.034375 0.04583333333333333
0 0.40208333333333335 0.5791666666666667 0.03333333333333333 0.035416666666666666
0 0.5291666666666667 0.565625 0.034375 0.05
0 0.7020833333333333 0.5479166666666667 0.03333333333333333 0.040625
0 0.278125 0.6354166666666666 0.0375 0.04583333333333333
0 0.7364583333333333 0.5635416666666667 0.029166666666666667 0.04583333333333333
0 0.7645833333333333 0.5604166666666667 0.040625 0.059375
0 0.64375 0.5791666666666667 0.034375 0.04583333333333333
0 0.48125 0.6177083333333333 0.03958333333333333 0.05
0 0.8322916666666667 0.5697916666666667 0.052083333333333336 0.07083333333333333
0 0.7041666666666667 0.5916666666666667 0.04375 0.052083333333333336
0 0.09791666666666667 0.6958333333333333 0.06041666666666667 0.07708333333333334
0 0.5541666666666667 0.6229166666666667 0.035416666666666666 0.05416666666666667
0 0.6333333333333333 0.6197916666666666 0.0375 0.04583333333333333
0 0.24583333333333332 0.7083333333333334 0.0375 0.04583333333333333
0 0.6666666666666666 0.6604166666666667 0.040625 0.0375
0 0.10833333333333334 0.7520833333333333 0.05 0.06041666666666667
0 0.33958333333333335 0.7166666666666667 0.04375 0.05625
0 0.5729166666666666 0.6802083333333333 0.04791666666666667 0.05625
0 0.30416666666666664 0.7333333333333333 0.034375 0.04583333333333333
0 0.7541666666666667 0.6604166666666667 0.04583333333333333 0.065625
0 0.8729166666666667 0.6677083333333333 0.04583333333333333 0.06041666666666667
0 0.22083333333333333 0.7833333333333333 0.06875 0.09583333333333334
0 0.69375 0.7208333333333333 0.03958333333333333 0.05416666666666667
0 0.15208333333333332 0.8052083333333333 0.075 0.10416666666666667
0 0.9395833333333333 0.6833333333333333 0.052083333333333336 0.07083333333333333
0 0.8572916666666667 0.7135416666666666 0.052083333333333336 0.07083333333333333
0 0.6072916666666667 0.7604166666666666 0.0375 0.06458333333333334
0 0.11458333333333333 0.8427083333333333 0.058333333333333334 0.058333333333333334
0 0.3541666666666667 0.8083333333333333 0.058333333333333334 0.08125
0 0.7885416666666667 0.7520833333333333 0.04375 0.052083333333333336
0 0.6520833333333333 0.778125 0.052083333333333336 0.07083333333333333
0 0.3104166666666667 0.8416666666666667 0.078125 0.10208333333333333
0 0.5270833333333333 0.83125 0.06041666666666667 0.071875
0 0.9729166666666667 0.7666666666666667 0.05416666666666667 0.071875
0 0.9333333333333333 0.7791666666666667 0.0625 0.08125
0 0.7864583333333334 0.8322916666666667 0.0625 0.08541666666666667
0 0.46770833333333334 0.8947916666666667 0.053125 0.058333333333333334
0 0.8479166666666667 0.909375 0.07708333333333334 0.0875
0 0.9645833333333333 0.9 0.06875 0.06458333333333334
0 0.5145833333333333 0.209375 0.004166666666666667 0.004166666666666667
0 0.534375 0.21041666666666667 0.010416666666666666 0.010416666666666666
0 0.5177083333333333 0.215625 0.010416666666666666 0.010416666666666666
0 0.525 0.21458333333333332 0.00625 0.009375
0 0.4010416666666667 0.24375 0.015625 0.015625
0 0.5291666666666667 0.22604166666666667 0.004166666666666667 0.004166666666666667
0 0.5229166666666667 0.22916666666666666 0.00625 0.009375
0 0.5395833333333333 0.22708333333333333 0.00625 0.009375
0 0.515625 0.23020833333333332 0.010416666666666666 0.010416666666666666
0 0.41041666666666665 0.25625 0.009375 0.00625
0 0.4041666666666667 0.26458333333333334 0.010416666666666666 0.010416666666666666
0 0.5302083333333333 0.24895833333333334 0.008333333333333333 0.01875
0 0.4166666666666667 0.26979166666666665 0.009375 0.00625
0 0.521875 0.2552083333333333 0.010416666666666666 0.015625
0 0.40520833333333334 0.27291666666666664 0.010416666666666666 0.010416666666666666
0 0.5177083333333333 0.25833333333333336 0.00625 0.009375
0 0.528125 0.26145833333333335 0.009375 0.00625
0 0.390625 0.28541666666666665 0.010416666666666666 0.010416666666666666
0 0.39791666666666664 0.2864583333333333 0.010416666666666666 0.015625
0 0.5395833333333333 0.26458333333333334 0.010416666666666666 0.015625
0 0.53125 0.265625 0.009375 0.00625
0 0.5791666666666667 0.2625 0.015625 0.015625
0 0.5291666666666667 0.27395833333333336 0.015625 0.010416666666666666
0 0.36666666666666664 0.3125 0.0125 0.020833333333333332
0 0.5395833333333333 0.2875 0.016666666666666666 0.020833333333333332
0 0.4875 0.3020833333333333 0.015625 0.015625
0 0.5197916666666667 0.3 0.015625 0.015625
0 0.3458333333333333 0.32708333333333334 0.015625 0.010416666666666666
0 0.5104166666666666 0.30416666666666664 0.016666666666666666 0.020833333333333332
0 0.55 0.29791666666666666 0.016666666666666666 0.025
0 0.365625 0.33125 0.016666666666666666 0.020833333333333332
0 0.6135416666666667 0.2947916666666667 0.0125 0.020833333333333332
0 0.5947916666666667 0.29791666666666666 0.016666666666666666 0.025
0 0.6208333333333333 0.29583333333333334 0.016666666666666666 0.020833333333333332
0 0.5833333333333334 0.3020833333333333 0.016666666666666666 0.020833333333333332
0 0.571875 0.30625 0.010416666666666666 0.015625
0 0.31145833333333334 0.346875 0.015625 0.015625
0 0.521875 0.3145833333333333 0.0125 0.020833333333333332
0 0.3458333333333333 0.34375 0.015625 0.015625
0 0.534375 0.31666666666666665 0.016666666666666666 0.020833333333333332
0 0.4864583333333333 0.32395833333333335 0.016666666666666666 0.025
0 0.5114583333333333 0.3229166666666667 0.016666666666666666 0.020833333333333332
0 0.36354166666666665 0.3458333333333333 0.010416666666666666 0.015625
0 0.5604166666666667 0.31666666666666665 0.016666666666666666 0.020833333333333332
0 0.32395833333333335 0.3541666666666667 0.016666666666666666 0.020833333333333332
0 0.5020833333333333 0.32916666666666666 0.016666666666666666 0.020833333333333332
0 0.6208333333333333 0.3125 0.016666666666666666 0.025
0 0.309375 0.3614583333333333 0.021875 0.021875
0 0.33958333333333335 0.3572916666666667 0.016666666666666666 0.020833333333333332
0 0.58125 0.32083333333333336 0.021875 0.021875
0 0.3541666666666667 0.359375 0.021875 0.021875
0 0.4895833333333333 0.346875 0.016666666666666666 0.020833333333333332
0 0.39166666666666666 0.3645833333333333 0.016666666666666666 0.020833333333333332
0 0.6208333333333333 0.3302083333333333 0.021875 0.021875
0 0.5666666666666667 0.33958333333333335 0.016666666666666666 0.025
0 0.446875 0.36770833333333336 0.016666666666666666 0.025
0 0.6479166666666667 0.3385416666666667 0.022916666666666665 0.03125
0 0.4979166666666667 0.3645833333333333 0.015625 0.015625
0 0.5916666666666667 0.35208333333333336 0.021875 0.027083333333333334
0 0.2760416666666667 0.40208333333333335 0.021875 0.027083333333333334
0 0.553125 0.36041666666666666 0.021875 0.027083333333333334
0 0.6083333333333333 0.3541666666666667 0.021875 0.027083333333333334
0 0.6291666666666667 0.353125 0.025 0.016666666666666666
0 0.66875 0.3541666666666667 0.021875 0.027083333333333334
0 0.5770833333333333 0.37083333333333335 0.021875 0.027083333333333334
0 0.30625 0.41354166666666664 0.021875 0.021875
0 0.5916666666666667 0.37083333333333335 0.021875 0.021875
0 0.503125 0.3854166666666667 0.021875 0.027083333333333334
0 0.24895833333333334 0.425 0.021875 0.021875
0 0.5145833333333333 0.38333333333333336 0.021875 0.027083333333333334
0 0.46458333333333335 0.39791666666666664 0.027083333333333334 0.027083333333333334