0 0.27395833333333336 0.03958333333333333 0.021875 0.021875
0 0.7895833333333333 0.9177083333333333 0.07708333333333334 0.09375
0 0.5354166666666667 0.08541666666666667 0.01875 0.029166666666666667
0 0.7635416666666667 0.9354166666666667 0.06666666666666667 0.05416666666666667
0 0.24479166666666666 0.16041666666666668 0.022916666666666665 0.034375
0 0.41458333333333336 0.13854166666666667 0.022916666666666665 0.034375
0 0.29791666666666666 0.159375 0.028125 0.035416666666666666
0 0.3854166666666667 0.026041666666666668 0.016666666666666666 0.025
0 0.39895833333333336 0.15833333333333333 0.025 0.03958333333333333
0 0.4583333333333333 0.14791666666666667 0.01875 0.034375
0 0.3333333333333333 0.17291666666666666 0.016666666666666666 0.025
0 0.5208333333333334 0.14270833333333333 0.022916666666666665 0.034375
0 0.4895833333333333 0.15104166666666666 0.01875 0.034375
0 0.44166666666666665 0.16041666666666668 0.021875 0.027083333333333334
0 0.24583333333333332 0.051041666666666666 0.01875 0.029166666666666667
0 0.33541666666666664 0.036458333333333336 0.01875 0.034375
0 0.471875 0.159375 0.025 0.04375
0 0.21770833333333334 0.2 0.014583333333333334 0.03333333333333333
0 0.34479166666666666 0.18229166666666666 0.016666666666666666 0.025
0 0.24791666666666667 0.20208333333333334 0.016666666666666666 0.025
0 0.26666666666666666 0.19895833333333332 0.022916666666666665 0.034375
0 0.296875 0.19479166666666667 0.025 0.04375
0 0.375 0.184375 0.025 0.04375
0 0.2833333333333333 0.19895833333333332 0.01875 0.034375
0 0.23541666666666666 0.20833333333333334 0.01875 0.029166666666666667
0 0.3614583333333333 0.18958333333333333 0.01875 0.034375
0 0.3260416666666667 0.196875 0.022916666666666665 0.034375
0 0.31145833333333334 0.20208333333333334 0.01875 0.034375
0 0.49375 0.014583333333333334 0.01875 0.028125
0 0.4479166666666667 0.19166666666666668 0.01875 0.029166666666666667
0 0.5197916666666667 0.18020833333333333 0.025 0.03958333333333333
0 0.428125 0.19583333333333333 0.01875 0.034375
0 0.22916666666666666 0.22916666666666666 0.025 0.04375
0 0.346875 0.2125 0.01875 0.034375
0 0.2708333333333333 0.22395833333333334 0.021875 0.027083333333333334
0 0.4041666666666667 0.20416666666666666 0.016666666666666666 0.020833333333333332
0 0.32395833333333335 0.040625 0.020833333333333332 0.03958333333333333
0 0.246875 0.23333333333333334 0.021875 0.027083333333333334
0 0.20208333333333334 0.24270833333333333 0.01875 0.034375
0 0.35833333333333334 0.0375 0.014583333333333334 0.03333333333333333
0 0.5083333333333333 0.19895833333333332 0.025 0.04791666666666667
0 0.6604166666666667 0.17708333333333334 0.022916666666666665 0.034375
0 0.2916666666666667 0.23541666666666666 0.025 0.03958333333333333
0 0.36041666666666666 0.22708333333333333 0.022916666666666665 0.03125
0 0.440625 0.21458333333333332 0.025 0.04375
0 0.2989583333333333 0.046875 0.016666666666666666 0.025
0 0.5552083333333333 0.20104166666666667 0.022916666666666665 0.03125
0 0.225 0.2552083333333333 0.01875 0.034375
0 0.18958333333333333 0.2604166666666667 0.025 0.04375
0 0.4166666666666667 0.22708333333333333 0.020833333333333332 0.03958333333333333
0 0.39791666666666664 0.23020833333333332 0.021875 0.021875
0 0.46145833333333336 0.22916666666666666 0.025 0.03958333333333333
0 0.221875 0.26666666666666666 0.025 0.04375
0 0.32708333333333334 0.25104166666666666 0.022916666666666665 0.03125
0 0.5875 0.209375 0.029166666666666667 0.04791666666666667
0 0.275 0.2635416666666667 0.027083333333333334 0.053125
0 0.5520833333333334 0.22395833333333334 0.021875 0.021875
0 0.36354166666666665 0.25416666666666665 0.028125 0.035416666666666666
0 0.6520833333333333 0.21354166666666666 0.03333333333333333 0.040625
0 0.25833333333333336 0.278125 0.025 0.04375
0 0.34791666666666665 0.26666666666666666 0.020833333333333332 0.03958333333333333
0 0.503125 0.24166666666666667 0.01875 0.034375
0 0.7145833333333333 0.21458333333333332 0.034375 0.05
0 0.2125 0.296875 0.025 0.04375
0 0.4166666666666667 0.26458333333333334 0.025 0.04791666666666667
0 0.578125 0.23958333333333334 0.01875 0.034375
0 0.3072916666666667 0.284375 0.03125 0.053125
0 0.3927083333333333 0.2708333333333333 0.025 0.04375
0 0.5604166666666667 0.24895833333333334 0.025 0.03958333333333333
0 0.5166666666666667 0.265625 0.025 0.03958333333333333
0 0.32916666666666666 0.3 0.029166666666666667 0.04791666666666667
0 0.6697916666666667 0.2520833333333333 0.0375 0.06458333333333334
0 0.25104166666666666 0.328125 0.028125 0.035416666666666666
0 0.5291666666666667 0.28958333333333336 0.025 0.04375
0 0.6083333333333333 0.27708333333333335 0.03333333333333333 0.035416666666666666
0 0.38333333333333336 0.31145833333333334 0.029166666666666667 0.04791666666666667
0 0.5875 0.28229166666666666 0.029166666666666667 0.04583333333333333
0 0.271875 0.33229166666666665 0.025 0.04375
0 0.44583333333333336 0.30416666666666664 0.027083333333333334 0.027083333333333334
0 0.35833333333333334 0.3177083333333333 0.029166666666666667 0.04791666666666667
0 0.4979166666666667 0.303125 0.03125 0.053125
0 0.21666666666666667 0.35 0.03125 0.053125
0 0.19166666666666668 0.35625 0.0375 0.04583333333333333
0 0.346875 0.334375 0.025 0.04375
0 0.25833333333333336 0.353125 0.022916666666666665 0.03125
0 0.58125 0.3020833333333333 0.027083333333333334 0.058333333333333334
0 0.8125 0.2791666666666667 0.04583333333333333 0.065625
0 0.553125 0.3302083333333333 0.040625 0.059375
0 0.3177083333333333 0.3697916666666667 0.029166666666666667 0.04791666666666667
0 0.6208333333333333 0.3229166666666667 0.029166666666666667 0.04583333333333333
0 0.75625 0.3020833333333333 0.040625 0.06458333333333334
0 0.39791666666666664 0.36354166666666665 0.029166666666666667 0.04791666666666667
0 0.2760416666666667 0.38958333333333334 0.022916666666666665 0.06041666666666667
0 0.45208333333333334 0.3614583333333333 0.035416666666666666 0.059375
0 0.19791666666666666 0.409375 0.034375 0.05
0 0.37395833333333334 0.3854166666666667 0.034375 0.05
0 0.2947916666666667 0.40208333333333335 0.035416666666666666 0.05416666666666667
0 0.715625 0.33958333333333335 0.03333333333333333 0.035416666666666666
0 0.26458333333333334 0.415625 0.03333333333333333 0.0625
0 0.36770833333333336 0.052083333333333336 0.01875 0.029166666666666667
0 0.35208333333333336 0.425 0.034375 0.05
0 0.546875 0.39479166666666665 0.040625 0.06458333333333334
0 0.43020833333333336 0.415625 0.04375 0.05625
0 0.8552083333333333 0.3489583333333333 0.04375 0.078125
0 0.4041666666666667 0.42604166666666665 0.035416666666666666 0.059375
0 0.9458333333333333 0.3541666666666667 0.05416666666666667 0.08958333333333333
0 0.7166666666666667 0.3927083333333333 0.03958333333333333 0.07291666666666667
0 0.17083333333333334 0.4791666666666667 0.041666666666666664 0.06875
0 0.5979166666666667 0.41458333333333336 0.040625 0.059375
0 0.8229166666666666 0.378125 0.053125 0.084375
0 0.8854166666666666 0.37083333333333335 0.04583333333333333 0.065625
0 0.3854166666666667 0.45208333333333334 0.034375 0.04583333333333333
0 0.31145833333333334 0.46458333333333335 0.035416666666666666 0.059375
0 0.19583333333333333 0.4895833333333333 0.041666666666666664 0.07291666666666667
0 0.125 0.5010416666666667 0.06666666666666667 0.1125
0 0.69375 0.42083333333333334 0.041666666666666664 0.06875
0 0.53125 0.46458333333333335 0.0375 0.04583333333333333
0 0.19375 0.09166666666666666 0.021875 0.027083333333333334
0 0.296875 0.50625 0.040625 0.06458333333333334
0 0.9354166666666667 0.4114583333333333 0.04375 0.078125
0 0.453125 0.5 0.041666666666666664 0.06875
0 0.9145833333333333 0.4270833333333333 0.053125 0.084375
0 0.10416666666666667 0.5645833333333333 0.06041666666666667 0.103125
0 0.7489583333333333 0.4625 0.040625 0.06458333333333334
0 0.8666666666666667 0.44895833333333335 0.05 0.09166666666666666
0 0.28541666666666665 0.07916666666666666 0.022916666666666665 0.034375
0 0.784375 0.47708333333333336 0.041666666666666664 0.06875
0 0.6489583333333333 0.5072916666666667 0.05 0.08958333333333333
0 0.21770833333333334 0.5822916666666667 0.05416666666666667 0.08958333333333333
0 0.5479166666666667 0.534375 0.04791666666666667 0.07916666666666666
0 0.41458333333333336 0.5666666666666667 0.05416666666666667 0.09375
0 0.484375 0.565625 0.041666666666666664 0.096875
0 0.7041666666666667 0.5427083333333333 0.041666666666666664 0.1
0 0.7354166666666667 0.5375 0.053125 0.084375
0 0.6104166666666667 0.5604166666666667 0.053125 0.084375
0 0.5145833333333333 0.575 0.05416666666666667 0.09375
0 0.95625 0.5083333333333333 0.065625 0.103125
0 0.2833333333333333 0.6791666666666667 0.053125 0.084375
0 0.4114583333333333 0.6802083333333333 0.059375 0.08958333333333333
0 0.2635416666666667 0.09895833333333333 0.022916666666666665 0.03125
0 0.30833333333333335 0.09166666666666666 0.020833333333333332 0.03958333333333333
0 0.546875 0.7083333333333334 0.06041666666666667 0.103125
0 0.5104166666666666 0.7166666666666667 0.04583333333333333 0.09166666666666666
0 0.13958333333333334 0.7895833333333333 0.07708333333333334 0.11458333333333333
0 0.3645833333333333 0.7697916666666667 0.07291666666666667 0.128125
0 0.8958333333333334 0.690625 0.06041666666666667 0.10833333333333334
0 0.3375 0.790625 0.058333333333333334 0.13958333333333334
0 0.7895833333333333 0.73125 0.071875 0.11875
0 0.984375 0.7010416666666667 0.03125 0.06458333333333334
0 0.6833333333333333 0.7645833333333333 0.0625 0.1125
0 0.19895833333333332 0.12291666666666666 0.025 0.03958333333333333
0 0.23854166666666668 0.8927083333333333 0.084375 0.14166666666666666
0 0.40520833333333334 0.09583333333333334 0.020833333333333332 0.03958333333333333
0 0.9875 0.7989583333333333 0.025 0.16458333333333333
0 0.3927083333333333 0.10208333333333333 0.022916666666666665 0.034375
0 0.6385416666666667 0.8833333333333333 0.07708333333333334 0.11875