0 0.9645833333333333 0.18333333333333332 0.07083333333333333 0.103125
0 0.5958333333333333 0.11458333333333333 0.084375 0.121875
0 0.896875 0.18020833333333333 0.071875 0.10208333333333333
0 0.153125 0.07916666666666666 0.084375 0.11666666666666667
0 0.6979166666666666 0.04791666666666667 0.05625 0.04583333333333333
0 0.5708333333333333 0.026041666666666668 0.058333333333333334 0.05
0 0.2989583333333333 0.15 0.08125 0.103125
0 0.46979166666666666 0.19166666666666668 0.078125 0.11041666666666666
0 0.9291666666666667 0.09791666666666667 0.0625 0.05625
0 0.5322916666666667 0.2375 0.08125 0.12916666666666668
0 0.7770833333333333 0.2875 0.09583333333333334 0.109375
0 0.9760416666666667 0.3302083333333333 0.04791666666666667 0.12916666666666668
0 0.21666666666666667 0.23541666666666666 0.0875 0.1125
0 0.08958333333333333 0.21979166666666666 0.084375 0.11666666666666667
0 0.434375 0.2916666666666667 0.084375 0.09583333333333334
0 0.5791666666666667 0.321875 0.08541666666666667 0.13125
0 0.8135416666666667 0.084375 0.06041666666666667 0.071875
0 0.68125 0.37083333333333335 0.08541666666666667 0.078125
0 0.9864583333333333 0.4552083333333333 0.027083333333333334 0.12291666666666666
0 0.8354166666666667 0.4354166666666667 0.078125 0.11041666666666666
0 0.27395833333333336 0.3645833333333333 0.07916666666666666 0.115625
0 0.13333333333333333 0.3458333333333333 0.08333333333333333 0.1125
0 0.40208333333333335 0.41041666666666665 0.0875 0.10833333333333334
0 0.6697916666666667 0.47708333333333336 0.09375 0.11875
0 0.5645833333333333 0.47291666666666665 0.07916666666666666 0.12083333333333333
0 0.8270833333333333 0.5270833333333333 0.075 0.09375
0 0.9552083333333333 0.5979166666666667 0.08125 0.125
0 0.04479166666666667 0.4479166666666667 0.08958333333333333 0.12291666666666666
0 0.18541666666666667 0.48854166666666665 0.08958333333333333 0.11666666666666667
0 0.32708333333333334 0.5395833333333333 0.090625 0.12708333333333333
0 0.8072916666666666 0.6583333333333333 0.10625 0.14375
0 0.49895833333333334 0.625 0.103125 0.146875
0 0.019791666666666666 0.5364583333333334 0.03958333333333333 0.10833333333333334
0 0.6385416666666667 0.6708333333333333 0.10416666666666667 0.1125
0 0.0625 0.6177083333333333 0.1125 0.12708333333333333
0 0.24375 0.6552083333333333 0.11458333333333333 0.15833333333333333
0 0.296875 0.03958333333333333 0.078125 0.07916666666666666
0 0.75625 0.11666666666666667 0.090625 0.12708333333333333
0 0.403125 0.7541666666666667 0.09583333333333334 0.13333333333333333
0 0.459375 0.06041666666666667 0.08958333333333333 0.12083333333333333
0 0.5979166666666667 0.8 0.11666666666666667 0.15
0 0.69375 0.8604166666666667 0.090625 0.109375
0 0.8916666666666667 0.925 0.08541666666666667 0.15