0 0.6346553769040033 0.26914113752893215 0.031131958389780817 0.037669686702819526
0 0.6122388919048282 0.29947067564999375 0.017758495401730082 0.02093029716351585
0 0.4711269983424061 0.3294494143944396 0.010962581034198374 0.010477269060530859
0 0.5951354937441361 0.3079009728135096 0.0175401296547174 0.016763630496849185
0 0.5013899231124926 0.3282320007855669 0.013373462988050732 0.016739389539303554
0 0.6550018166749146 0.29818053916848414 0.0175401296547174 0.016763630496849303
0 0.5297878802962585 0.32286004098880045 0.006795914367531708 0.010453028102985111
0 0.4824215573654799 0.332507751761189 0.006795914367531708 0.01045302810298523
0 0.556102504146691 0.31750020167080684 0.007014280114544154 0.014619694769651777
0 0.564326654606518 0.3195350530890489 0.010962581034198138 0.010477269060530859
0 0.43286271822786176 0.34425091634568367 0.006795914367531708 0.010453028102985111
0 0.6464501175945686 0.3023956877502421 0.013373462988050732 0.016739389539303554
0 0.5496341383996783 0.32170322977379195 0.013373462988050732 0.016739389539303554
0 0.5411916221928387 0.32383504502221666 0.006795914367531708 0.01045302810298523
0 0.537024955526172 0.32385928597976227 0.013373462988050732 0.016739389539303554
0 0.4897132240321466 0.3324653300854841 0.0175401296547174 0.016763630496849303
0 0.41701935248084904 0.34850848660314654 0.013373462988050732 0.016739389539303554
0 0.512848256445826 0.32816533815231635 0.013373462988050732 0.016739389539303554
0 0.3802334705269967 0.35497059498167094 0.013373462988050732 0.016739389539303554
0 0.4001343200671697 0.35277211709999584 0.013591828735063417 0.020906056205970223
0 0.6831268166749146 0.298016912705051 0.007014280114544391 0.014619694769651777
0 0.5284186650090728 0.32911610122818685 0.013373462988050732 0.016739389539303554
0 0.5188798906988132 0.3322956433826646 0.007014280114544391 0.014619694769651777
0 0.46208397633128157 0.3430395629761975 0.017758495401730082 0.02093029716351597
0 0.5715637298364313 0.32053429808001066 0.013373462988050732 0.016739389539303554
0 0.732412698628767 0.2914820814538897 0.013373462988050732 0.016739389539303554
0 0.3357191904124524 0.36980845836923365 0.013373462988050732 0.016739389539303554
0 0.6754530099509758 0.3053510010474226 0.0175401296547174 0.016763630496849185
0 0.4482147610440959 0.3493683460882208 0.020060194482076098 0.025109084308955452
0 0.5888899231124927 0.32772294067710833 0.03529862505644748 0.037693927660365154
0 0.8351511292031383 0.27838817799402127 0.024226861148742767 0.02513332526650108
0 0.5384531916184673 0.3363471655009895 0.017758495401730082 0.02093029716351585
0 0.3543054161021929 0.3728243740602782 0.020060194482076098 0.025109084308955452
0 0.4877980943774292 0.34913805699153716 0.020060194482076098 0.025109084308955452
0 0.10267210236795433 0.4253144379402972 0.013373462988050673 0.016739389539303554
0 0.7687072576518408 0.2943949730753653 0.020060194482076098 0.025109084308955452
0 0.4056746313893786 0.366277422330344 0.0175401296547174 0.016763630496849303
0 0.2815569531141422 0.38990919724460726 0.013373462988050732 0.016739389539303554
0 0.8569715377663852 0.27930257963357336 0.03529862505644748 0.03769392766036527
0 0.3782091579987731 0.37372665522105736 0.024226861148742767 0.02513332526650108
0 0.116213769034621 0.4252356548282739 0.02006019448207604 0.025109084308955452
0 0.29614028644747553 0.3898243538931975 0.020060194482076098 0.025109084308955452
0 0.8738019787433112 0.2760806158033907 0.024226861148742767 0.02513332526650108
0 0.1581533928850535 0.4197849119194841 0.02422686114874265 0.02513332526650108
0 0.07082159656366947 0.43695457845522295 0.02006019448207604 0.025109084308955452
0 0.30441902834405565 0.3908175386447728 0.020060194482076098 0.025109084308955452
0 0.7590593004680749 0.2996578485631763 0.020060194482076098 0.025109084308955452
0 0.44021340569963807 0.36295243443059244 0.02455440976926167 0.03138332526650108
0 0.7147087946637901 0.31137071195073884 0.017758495401730082 0.02093029716351585
0 0.4137350075389461 0.371437273748586 0.020060194482076098 0.025109084308955452
0 0.2022309415055725 0.41328038186525473 0.049108819538523404 0.06276665053300216
0 0.7925564081116678 0.2963389209028111 0.020387743102595123 0.03135908430895545
0 0.7210133861005433 0.31029268384775377 0.017758495401730082 0.02093029716351585
0 0.5042463952970831 0.3532077598280213 0.017758495401730082 0.02093029716351585
0 0.6524861812159124 0.3263115994078705 0.02872107643592822 0.03140756622404671
0 0.7312662784569504 0.3133570814538897 0.024226861148742767 0.02513332526650108
0 0.5586860191475157 0.3476842940465945 0.020060194482076098 0.025109084308955452
0 0.9386036778236573 0.27153821429476654 0.03595372229748553 0.05019392766036515
0 0.7470004613304567 0.3111828445297602 0.021925162068396748 0.02095453812106148
0 0.703800805066345 0.320806314344603 0.031568689883806185 0.04600302003615286
0 0.220817167195313 0.41629629755629943 0.02192516206839669 0.02095453812106148
0 0.8120205261578154 0.3024737763544693 0.02872107643592822 0.03140756622404671
0 0.5679518362740095 0.34971308522545014 0.020060194482076098 0.025109084308955452
0 0.7782504613304567 0.3110010373481678 0.031131958389780817 0.037669686702819526
0 0.08261190788587829 0.45042352224925264 0.02685610884960769 0.03556211241194056
0 0.5350596638030578 0.36135928597976225 0.020387743102594887 0.03135908430895545
0 0.48138874943552623 0.3720850248551359 0.03156868988380594 0.046003020036152975
0 0.035905111564494274 0.4673568394489215 0.02422686114874269 0.02513332526650108
0 0.8545104937441361 0.306391973206293 0.03245101160856952 0.023098473848259006
0 0.39038603874661054 0.3996895387757007 0.03551699080346005 0.04186059432703182
0 0.922710150008248 0.29662305764617625 0.035953722297485294 0.05019392766036527
0 0.3187338338619797 0.41572663505397667 0.03135032413679338 0.04183635336948619
0 0.8869659347210624 0.3030791057853143 0.037818689883806184 0.0460393814724713
0 0.46812446932098184 0.38674108106110616 0.0311319583897807 0.037669686702819526
0 0.3343588338619797 0.4156357314631805 0.028721076435928458 0.03140756622404671
0 0.6067708894927984 0.3640661294620999 0.0488904537915109 0.05859998386633549
0 0.23732448892007665 0.43910994015339705 0.04022957183765842 0.05230150195124412
0 0.26769659656366945 0.4358091932111911 0.04483296999835033 0.060659076242123196
0 0.14982891828843312 0.45940460668913585 0.04066630333168373 0.06063483528457757
0 0.7221730943774293 0.3477745031295945 0.020060194482076098 0.025109084308955452
0 0.5569936846081674 0.3799759607132612 0.0313503241367935 0.04183635336948619
0 0.6852234381133174 0.3573616115081189 0.0514105186188696 0.06694543767844152
0 0.7512851696073428 0.3486464830934416 0.044614604251337654 0.05649240957545653
0 0.3671462528277813 0.425858470469482 0.0311319583897807 0.037669686702819526
0 0.0012335123630055405 0.5019863695031508 0.002467024726011081 0.02513332526650108
0 0.024837777025146068 0.4997030482700658 0.02422686114874269 0.02513332526650108
0 0.7790826209868238 0.3547328566300086 0.04439623850432497 0.052325742908789864
0 0.09303743328925791 0.48993413270994907 0.04022957183765839 0.052301501951244236
0 0.20980885346107445 0.46738644613805735 0.046042840343633054 0.044004530054229225
0 0.8483785353543554 0.34391621416383866 0.042968002412029686 0.06481362243001693
0 0.8702535353543553 0.34378894913672403 0.042968002412029686 0.06481362243001693
0 0.420826025932026 0.4547039444486688 0.031131958389780817 0.037669686702819644
0 0.6689521996089923 0.40952372795347564 0.05820643298640107 0.07739846578142676
0 0.9538642552398111 0.357881403079758 0.03430712045817756 0.05851514051492567
0 0.20587384064648986 0.522600839710777 0.0540397663197344 0.07737422482388112
0 0.009928334087769181 0.5686106144941125 0.019856668175538363 0.06694543767844152
0 0.7660042620243213 0.46519194497238014 0.04439623850432497 0.052325742908789864
0 0.3797274204746734 0.5434577194938599 0.05425813206674709 0.08154089149054779
0 0.563825033922551 0.527807784028518 0.0540397663197344 0.07737422482388112
0 0.435549547717361 0.5910350127548875 0.08473499321548986 0.1067105781933672
0 0.3049723624318249 0.6584410286266963 0.08089587516934209 0.1129363372358218
0 0.6493583031829615 0.8032676677140892 0.10008260666336734 0.12137875487811035