0 0.19687736579963896 0.17014261538554037 0.04918943181768256 0.07514842128457963
0 0.8025924393937397 0.011312629723362983 0.07185154545414604 0.022625259446725967
0 0.17520237175194148 0.1826197932183557 0.04253941991307754 0.05194065618948957
0 0.14739701623315282 0.08279103667011997 0.029675772727073023 0.03052512599930933
0 0.2780000892845374 0.1590666691493691 0.07243338095175329 0.09496578218879884
0 0.5776780790036872 0.06692042818030725 0.06179852597348372 0.08198061814142647
0 0.4958046066009256 0.09471155748788239 0.0509454826836117 0.05649545409405411
0 0.5374167261896916 0.08964590129839287 0.059642463202949615 0.07771691866528532
0 0.7198773062766141 0.03986430231758975 0.07663641233702047 0.0797286046351795
0 0.39123265584310024 0.1360700476996768 0.0510545768394131 0.06274545409405412
0 0.4546288636353651 0.12477721367737192 0.05083638852781043 0.050245454094054114
0 0.10853043289872107 0.24514835952627617 0.0828864123370204 0.0975342795695046
0 0.014429695885463008 0.2891466856906982 0.02005912986961632 0.07587329528527036
0 0.1329591417742213 0.09180359966977464 0.03190456493480814 0.038955492142117146
0 0.6839644437222875 0.06405508823044227 0.05328336904714822 0.07117582023686192
0 0.5079356872283672 0.13271954370243944 0.04685154545414605 0.06046805514177181
0 0.23564776515101588 0.06200047560078806 0.029748502164273917 0.03469179266597601
0 0.827423525973484 0.04069315771003672 0.065856098484349 0.07592468376037545
0 0.06433878408896188 0.2816095649299774 0.05964246320294966 0.07771691866528532
0 0.2148167976173215 0.24228301957641118 0.07663641233702041 0.0972431811410812
0 0.6183341715357338 0.12653513813362552 0.059642463202949615 0.07771691866528532
0 0.5011713089814073 0.16326749186893344 0.08931823593002264 0.10824204466459471
0 0.28753109253204673 0.04811632203059281 0.03406062770534248 0.04321919161825828
0 0.5896038814922726 0.15289359746626818 0.061907620129285114 0.08823061814142648
0 0.35290153950184355 0.030476455198813465 0.036107596320075194 0.04123289109439943
0 0.7804887067090295 0.09917491232794967 0.06380912986961627 0.07791098428423429
0 0.04030244913187389 0.33798229197700447 0.07078642424162539 0.11986874937932442
0 0.4086940741324231 0.2405506349619516 0.08931823593002264 0.10824204466459465
0 0.34882287824476327 0.2746145864367114 0.08325005952302504 0.11836761290283787
0 0.4649106158007374 0.005096940172019297 0.025436376623205467 0.010193880344038593
0 0.837265995128736 0.12676335980547215 0.08738036147109109 0.11647834518845353
0 0.014258416665568237 0.15988298621455707 0.02393487878747936 0.059400694237552544
0 0.17674550649282175 0.09184924400414397 0.04041972186114376 0.04976029004668172
0 0.15663656114458271 0.37322197105117105 0.11540917748803624 0.17190643837828834
0 0.7840266287863809 0.18241121285180856 0.09830613419816411 0.14613017590249258
0 0.016087196968698397 0.14520262007174925 0.02795608657974421 0.05126142652316818
0 0.29901761201051197 0.34782522360216933 0.07897429870055686 0.11192354728388902
0 0.44474185118804394 0.33478292693895606 0.08073034956648613 0.0932705800933635
0 0.6402660844132734 0.3079535095150219 0.08708944372228752 0.09981167852178684
0 0.9327978663401583 0.22448021671245402 0.07750916558343117 0.14724318114108115
0 0.31896291612504896 0.05707749655514232 0.025581835497607248 0.034497727047027055
0 0.25371974567035377 0.08200903005358834 0.034060627705342364 0.043219191618258296
0 0.014385693180669823 0.16717465288122374 0.024116702380481626 0.06981736090421921
0 0.06509953679265663 0.564095297215593 0.10872280086483083 0.1466153399498649
0 0.6095381006464263 0.3990408513952096 0.1018909653672234 0.11299090818810822
0 0.7546986866856512 0.3537068880653296 0.08716217315948853 0.10397834518845363
0 0.33909950703114417 0.4939952996982954 0.12966522835396552 0.15383566804460974
0 0.41041139448011293 0.04030805293826536 0.04049245129834465 0.05392695671334837
0 0.8303714339797597 0.3887553735909151 0.11439096536722342 0.11357310504495502
0 0.12220992045359681 0.13296228012188427 0.05964246320294967 0.07771691866528532
0 0.03408644805083536 0.16104450785788285 0.04049245129834467 0.05392695671334842
0 0.61950784631678 0.49240272015731174 0.11508189502063218 0.15315643837828846
0 0.0642109669865845 0.6923658464298048 0.04696063960994738 0.066718055141772
0 0.15137658712026347 0.1316038207892416 0.04663335714254332 0.04796805514177181
0 0.28564959036337906 0.6570318522207731 0.12798190692523714 0.17665530190180193
0 0.30066747510755465 0.08399245850707929 0.04246669047587659 0.04777398952282284
0 0.9208949778101511 0.4981731458549165 0.12370614610276931 0.17021123628285295
0 0.48120836309484577 0.03492560408279983 0.053065180735545545 0.058675820236861916
0 0.5143962375537773 0.02763688668438039 0.04685154545414605 0.05527377336876078
0 0.5922485021642739 0.020330936863753476 0.06783033766188117 0.04066187372750695
0 0.10764132250537317 0.7914668569069818 0.09625916558343128 0.14811647642635156
0 0.7670685037836349 0.5845687568274317 0.12798190692523714 0.17665530190180193
0 0.3723788338738526 0.07126982658020985 0.0510545768394131 0.06274545409405412
0 0.7232257667747706 0.0015038541510957533 0.05478486688287442 0.0030077083021915066
0 0.9491319783528671 0.6633358039747288 0.10173604329426572 0.18648977171162168
0 0.22542583225009796 0.133367489386231 0.04685154545414605 0.06046805514177181
0 0.3322447575749587 0.10128696636496214 0.066001557358751 0.08425801709370878
0 0.8055034420941392 0.7558358657330323 0.17312431060516195 0.139206690376907
0 0.8462333452379383 0.004092301628618219 0.07580002380920993 0.008184603257236437
0 0.06383495021510927 0.19301938185857354 0.04027426298674195 0.041426956713348416
0 0.4682303495664861 0.06784798401105059 0.0487894199130776 0.05223175461791296
0 0.029678138526711993 0.2071204232149024 0.05382883982615509 0.10242582023686188
0 0.019570571968149184 0.2253139205956081 0.032740953462618586 0.08687215880878381