0 0.48541666666666666 0.17916666666666667 0.029166666666666667 0.058333333333333334
0 0.5916666666666667 0.20625 0.025 0.04791666666666667
0 0.5666666666666667 0.203125 0.025 0.058333333333333334
0 0.7135416666666666 0.22291666666666668 0.03958333333333333 0.059375
0 0.3104166666666667 0.1875 0.04375 0.06875
0 0.5458333333333333 0.21979166666666666 0.035416666666666666 0.06666666666666667
0 0.8770833333333333 0.26145833333333335 0.04583333333333333 0.078125
0 0.515625 0.21979166666666666 0.04583333333333333 0.07291666666666667
0 0.45729166666666665 0.21979166666666666 0.05 0.07291666666666667
0 0.36041666666666666 0.21041666666666667 0.05416666666666667 0.075
0 0.6052083333333333 0.2520833333333333 0.027083333333333334 0.0625
0 0.271875 0.21354166666666666 0.0375 0.05416666666666667
0 0.22291666666666668 0.209375 0.0375 0.04583333333333333
0 0.903125 0.29583333333333334 0.03125 0.0625
0 0.6458333333333334 0.2635416666666667 0.040625 0.07291666666666667
0 0.10833333333333334 0.19791666666666666 0.03958333333333333 0.06875
0 0.7614583333333333 0.28541666666666665 0.03125 0.0625
0 0.621875 0.27291666666666664 0.03333333333333333 0.07708333333333334
0 0.7083333333333334 0.2833333333333333 0.03958333333333333 0.059375
0 0.9802083333333333 0.321875 0.03958333333333333 0.078125
0 0.08333333333333333 0.21354166666666666 0.04375 0.06875
0 0.934375 0.32083333333333336 0.029166666666666667 0.053125
0 0.8291666666666667 0.3072916666666667 0.040625 0.07291666666666667
0 0.5552083333333333 0.27708333333333335 0.016666666666666666 0.025
0 0.3645833333333333 0.25833333333333336 0.04791666666666667 0.06875
0 0.19375 0.23958333333333334 0.03125 0.071875
0 0.309375 0.253125 0.04583333333333333 0.078125
0 0.12708333333333333 0.23333333333333334 0.04375 0.06458333333333334
0 0.8729166666666667 0.325 0.04375 0.06458333333333334
0 0.7666666666666667 0.315625 0.035416666666666666 0.0625
0 0.175 0.24583333333333332 0.041666666666666664 0.0875
0 0.425 0.2760416666666667 0.040625 0.078125
0 0.5354166666666667 0.28958333333333336 0.034375 0.053125
0 0.21354166666666666 0.2520833333333333 0.04375 0.059375
0 0.5802083333333333 0.3020833333333333 0.035416666666666666 0.0625
0 0.475 0.28958333333333336 0.03958333333333333 0.06458333333333334
0 0.6583333333333333 0.31666666666666665 0.035416666666666666 0.0625
0 0.7958333333333333 0.33541666666666664 0.03333333333333333 0.040625
0 0.24375 0.2708333333333333 0.0375 0.05
0 0.5083333333333333 0.3020833333333333 0.03958333333333333 0.06458333333333334
0 0.14791666666666667 0.27291666666666664 0.0375 0.04583333333333333
0 0.9791666666666666 0.3854166666666667 0.041666666666666664 0.078125
0 0.8583333333333333 0.3770833333333333 0.04375 0.06458333333333334
0 0.7385416666666667 0.3614583333333333 0.041666666666666664 0.05
0 0.940625 0.38958333333333334 0.041666666666666664 0.0875
0 0.2989583333333333 0.3145833333333333 0.034375 0.058333333333333334
0 0.36354166666666665 0.3229166666666667 0.028125 0.04375
0 0.44375 0.3333333333333333 0.016666666666666666 0.03333333333333333
0 0.6708333333333333 0.36041666666666666 0.0375 0.07708333333333334
0 0.259375 0.3104166666666667 0.0375 0.05416666666666667
0 0.546875 0.34791666666666665 0.0375 0.05416666666666667
0 0.6229166666666667 0.3572916666666667 0.040625 0.078125
0 0.8239583333333333 0.38333333333333336 0.035416666666666666 0.071875
0 0.3333333333333333 0.325 0.0375 0.04583333333333333
0 0.425 0.33645833333333336 0.028125 0.04791666666666667
0 0.23333333333333334 0.315625 0.035416666666666666 0.0625
0 0.5791666666666667 0.3625 0.04375 0.059375
0 0.15416666666666667 0.3125 0.022916666666666665 0.03958333333333333
0 0.209375 0.321875 0.05 0.07291666666666667
0 0.8791666666666667 0.40625 0.03958333333333333 0.06458333333333334
0 0.484375 0.3625 0.05 0.07291666666666667
0 0.3854166666666667 0.353125 0.029166666666666667 0.053125
0 0.7802083333333333 0.4041666666666667 0.03958333333333333 0.06458333333333334
0 0.046875 0.31666666666666665 0.053125 0.065625
0 0.6895833333333333 0.3958333333333333 0.041666666666666664 0.05416666666666667
0 0.36041666666666666 0.359375 0.027083333333333334 0.027083333333333334
0 0.128125 0.3333333333333333 0.05 0.07291666666666667
0 0.8354166666666667 0.42291666666666666 0.05416666666666667 0.084375
0 0.346875 0.3645833333333333 0.041666666666666664 0.05416666666666667
0 0.446875 0.38229166666666664 0.03125 0.0625
0 0.5364583333333334 0.3958333333333333 0.04375 0.06458333333333334
0 0.41458333333333336 0.38645833333333335 0.040625 0.078125
0 0.7260416666666667 0.428125 0.029166666666666667 0.058333333333333334
0 0.029166666666666667 0.34479166666666666 0.035416666666666666 0.06666666666666667
0 0.6354166666666666 0.42083333333333334 0.040625 0.07291666666666667
0 0.6114583333333333 0.425 0.0375 0.07708333333333334
0 0.30104166666666665 0.39166666666666666 0.040625 0.07291666666666667
0 0.875 0.46458333333333335 0.05416666666666667 0.07916666666666666
0 0.10104166666666667 0.37395833333333334 0.05 0.08333333333333333
0 0.215625 0.3885416666666667 0.041666666666666664 0.08333333333333333
0 0.6541666666666667 0.44583333333333336 0.03333333333333333 0.07708333333333334
0 0.26458333333333334 0.4010416666666667 0.05416666666666667 0.084375
0 0.4739583333333333 0.4270833333333333 0.046875 0.09166666666666666
0 0.5822916666666667 0.4395833333333333 0.052083333333333336 0.09166666666666666
0 0.7041666666666667 0.45729166666666665 0.03958333333333333 0.090625
0 0.7635416666666667 0.4666666666666667 0.035416666666666666 0.071875
0 0.7895833333333333 0.47291666666666665 0.04791666666666667 0.059375
0 0.37083333333333335 0.42604166666666665 0.04791666666666667 0.1
0 0.13958333333333334 0.40208333333333335 0.05 0.078125
0 0.3958333333333333 0.4354166666666667 0.035416666666666666 0.06666666666666667
0 0.9489583333333333 0.50625 0.065625 0.08958333333333333
0 0.521875 0.45625 0.046875 0.09166666666666666
0 0.042708333333333334 0.40208333333333335 0.058333333333333334 0.09791666666666667
0 0.665625 0.496875 0.052083333333333336 0.13333333333333333
0 0.43125 0.4708333333333333 0.052083333333333336 0.0875
0 0.328125 0.4583333333333333 0.06458333333333334 0.115625
0 0.83125 0.521875 0.04791666666666667 0.096875
0 0.6229166666666667 0.4979166666666667 0.046875 0.0875
0 0.7239583333333334 0.5104166666666666 0.046875 0.09166666666666666
0 0.18645833333333334 0.4708333333333333 0.05 0.078125
0 0.8770833333333333 0.5604166666666667 0.06458333333333334 0.115625
0 0.9208333333333333 0.5708333333333333 0.04791666666666667 0.096875
0 0.2677083333333333 0.490625 0.058333333333333334 0.10625
0 0.13645833333333332 0.4947916666666667 0.05 0.08333333333333333
0 0.49166666666666664 0.5458333333333333 0.058333333333333334 0.10625
0 0.546875 0.5520833333333334 0.05416666666666667 0.11041666666666666
0 0.7833333333333333 0.5833333333333334 0.06458333333333334 0.11041666666666666
0 0.38958333333333334 0.5635416666666667 0.06666666666666667 0.10833333333333334
0 0.20625 0.5416666666666666 0.06041666666666667 0.09375
0 0.446875 0.575 0.06666666666666667 0.13958333333333334
0 0.09166666666666666 0.5520833333333334 0.075 0.13541666666666666
0 0.9166666666666666 0.65625 0.06458333333333334 0.115625
0 0.020833333333333332 0.5520833333333334 0.040625 0.11041666666666666
0 0.7041666666666667 0.6510416666666666 0.059375 0.11041666666666666
0 0.2864583333333333 0.6229166666666667 0.058333333333333334 0.10625
0 0.8291666666666667 0.696875 0.059375 0.12083333333333333
0 0.5833333333333334 0.6729166666666667 0.05625 0.125
0 0.36354166666666665 0.6833333333333333 0.07708333333333334 0.14583333333333334
0 0.16770833333333332 0.6791666666666667 0.06875 0.121875
0 0.9395833333333333 0.8083333333333333 0.058333333333333334 0.14375
0 0.4635416666666667 0.115625 0.03958333333333333 0.06875
0 0.6541666666666667 0.16041666666666668 0.040625 0.078125
0 0.7520833333333333 0.19166666666666668 0.035416666666666666 0.071875
0 0.7854166666666667 0.20416666666666666 0.04791666666666667 0.059375