0 0.12778999384678472 0.509751477349878 0.029675744005939107 0.044089384892848214
0 0.8024021253978153 0.48427248010817686 0.025412110227029907 0.035707568003393794
0 0.5797884809569059 0.5077202765223601 0.019040901336727246 0.025218176002545317
0 0.8234051511775727 0.4990982312221161 0.023280293337575603 0.031516659558666525
0 0.02811725785060271 0.5367128720029696 0.01916211022703008 0.035634842669211984
0 0.31544756540417856 0.525474904041998 0.025460593783151353 0.03987423467006058
0 0.7214430267345423 0.5083270507638137 0.025460593783151353 0.03987423467006046
0 0.6194687814024817 0.5165142036388447 0.019089384892848216 0.029384842669211982
0 0.4966127191809665 0.520292272066603 0.019089384892848216 0.029384842669211982
0 0.9671915138446636 0.503895913908297 0.02967574400593899 0.044089384892848214
0 0.5507793858476331 0.5209225582961784 0.023280293337575603 0.031516659558666525
0 0.4498225654041786 0.5270384987269063 0.023231809781454397 0.027349992891999856
0 0.6892604480691483 0.5173263032038745 0.012718176002545316 0.018895450668363623
0 0.13234452896242085 0.5431332942393325 0.008551509335878648 0.018846967112242416
0 0.04904755829617842 0.5452886231169088 0.016909084447272602 0.021027267557818162
0 0.28744377429448154 0.5355643067048468 0.019040901336727128 0.025218176002545317
0 0.36865741162739063 0.5333847360492098 0.0296272604498179 0.03992271822618155
0 0.8423127227349666 0.5128580738913281 0.012718176002545316 0.018895450668363623
0 0.8933301476235727 0.5113686641204793 0.019089384892848216 0.029384842669211982
0 0.26456347029490573 0.5384226471461803 0.006419692446424167 0.014656058667515025
0 0.6664165067366634 0.5233096436452079 0.010586359113090775 0.014704542223636234
0 0.0771846791852087 0.5466575537873936 0.010537875556969627 0.010537875556969566
0 0.0959225582961784 0.5458340631232722 0.010586359113090834 0.014704542223636234
0 0.3457649867387846 0.5352014098238767 0.012718176002545316 0.018895450668363623
0 0.5924945360704209 0.525574060524057 0.019040901336727246 0.025218176002545317
0 0.9100089351792697 0.5126042650116307 0.016909084447272467 0.021027267557818162
0 0.7455589316252695 0.5221474978781772 0.014971201782302757 0.03350302577975744
0 0.8382066605134514 0.5180179236685402 0.012718176002545316 0.018895450668363623
0 0.22610664985145115 0.5452658409187259 0.016909084447272585 0.021027267557818162
0 0.16989301251854208 0.5477363129110898 0.010586359113090775 0.01470454222363647
0 0.08557861696369352 0.5519628542329691 0.008551509335878648 0.018846967112242416
0 0.8611354480691483 0.5193262498938734 0.012766659558666522 0.02306211733503029
0 0.9423369645130272 0.5161050125715699 0.025412110227029907 0.035707568003393676
0 0.23863089162951176 0.5474946249204228 0.012718176002545316 0.018895450668363387
0 0.3854089245172693 0.5408703369403614 0.019089384892848216 0.029384842669211982
0 0.4010339245172693 0.5410521502758158 0.006419692446424108 0.014656058667515025
0 0.6998104445151483 0.5289058454275108 0.016909084447272467 0.021027267557818162
0 0.036656646297451086 0.5545181724485453 0.012766659558666522 0.02306211733503029
0 0.4405930160725421 0.5394294107256336 0.012718176002545316 0.018895450668363387
0 0.8694930231805422 0.5215065503394491 0.012718176002545316 0.018895450668363623
0 0.2719399831847845 0.545799160036059 0.008551509335878648 0.018846967112242416
0 0.41353392451726934 0.5411976009441793 0.008551509335878648 0.018846967112242416
0 0.4218672578506027 0.5412945680564216 0.006419692446424108 0.014656058667515025
0 0.7133521111818149 0.5290634169849047 0.012718176002545316 0.018895450668363623
0 0.35523695385102694 0.5436438311584827 0.012718176002545316 0.018895450668363387
0 0.6509005947379362 0.5325028303097536 0.019089384892848216 0.029384842669211982
0 0.6758763529598755 0.5307103983131473 0.012718176002545316 0.018895450668363623
0 0.15642407118605714 0.5538287413536961 0.019040901336727128 0.025218176002545552
0 0.4364627120729664 0.5425059271695124 0.006419692446424108 0.014656058667515025
0 0.46665892451726937 0.5418157662847244 0.004287875556969567 0.010465150222787874
0 0.06584755474217835 0.556940890674727 0.014971201782302816 0.03350302577975744
0 0.9924196213664227 0.5208898445787817 0.01516075726715466 0.04399241778060604
0 0.1887036169636935 0.5531628222469684 0.019040901336727128 0.025218176002545552
0 0.07730588807551167 0.5570742204540602 0.010586359113090834 0.014704542223636234
0 0.7591975654041785 0.5306384027689044 0.019089384892848216 0.029384842669211982
0 0.3355058916295118 0.5486218676002405 0.004287875556969567 0.010465150222787874
0 0.9268210525142998 0.5252981992361154 0.012718176002545316 0.018895450668363623
0 0.23349528363036018 0.5536840204752713 0.012718176002545316 0.018895450668363623
0 0.4188028622957542 0.546466538722664 0.006419692446424108 0.014656058667515025
0 0.43234452896242087 0.546624110280058 0.006419692446424108 0.014656058667515025
0 0.2012278587417541 0.5553916062486655 0.02962726044981796 0.03992271822618155
0 0.5229089245172693 0.5424702942923605 0.004287875556969567 0.010465150222787637
0 0.6072596827392087 0.5413687529704811 0.010586359113090775 0.01470454222363647
0 0.7748589280712694 0.5339452161043589 0.010586359113090775 0.014704542223636234
0 0.4739990747400572 0.5460672791746031 0.004287875556969567 0.010465150222787874
0 0.6124680160725421 0.5414293574156326 0.004287875556969804 0.010465150222787874
0 0.07425361340969344 0.5632878577869692 0.012718176002545316 0.018895450668363387
0 0.5177248329619967 0.5444930231805423 0.004287875556969567 0.010465150222787874
0 0.5063028622957542 0.547484693401209 0.004287875556969686 0.010465150222787874
0 0.5500286205176936 0.5459104374071481 0.004215150222787637 0.004215150222787874
0 0.16899679652023894 0.5602241920220596 0.016909084447272585 0.021027267557818162
0 0.5386066498514511 0.5489021076278148 0.004287875556969567 0.010465150222787874
0 0.5427733165181178 0.548950591183936 0.004215150222787874 0.004215150222787874