0 0.453125 0.10833333333333334 0.041666666666666664 0.0625
0 0.45208333333333334 0.009375 0.034375 0.01875
0 0.9489583333333333 0.17083333333333334 0.04583333333333333 0.05416666666666667
0 0.22291666666666668 0.11354166666666667 0.034375 0.034375
0 0.2947916666666667 0.007291666666666667 0.03958333333333333 0.014583333333333334
0 0.8677083333333333 0.20729166666666668 0.04791666666666667 0.078125
0 0.790625 0.21145833333333333 0.059375 0.10208333333333333
0 0.984375 0.058333333333333334 0.03125 0.03958333333333333
0 0.55625 0.021875 0.03958333333333333 0.03958333333333333
0 0.7291666666666666 0.23854166666666668 0.08125 0.084375
0 0.9947916666666666 0.275 0.010416666666666666 0.0625
0 0.946875 0.06041666666666667 0.03333333333333333 0.04791666666666667
0 0.7291666666666666 0.27291666666666664 0.065625 0.07916666666666666
0 0.059375 0.221875 0.041666666666666664 0.0625
0 0.08229166666666667 0.007291666666666667 0.035416666666666666 0.014583333333333334
0 0.24583333333333332 0.014583333333333334 0.04583333333333333 0.028125
0 0.6760416666666667 0.29270833333333335 0.041666666666666664 0.0625
0 0.30520833333333336 0.27291666666666664 0.058333333333333334 0.08333333333333333
0 0.3729166666666667 0.2791666666666667 0.040625 0.04375
0 0.057291666666666664 0.008333333333333333 0.03333333333333333 0.015625
0 0.71875 0.31666666666666665 0.05625 0.06875
0 0.10833333333333334 0.2791666666666667 0.09166666666666666 0.11666666666666667
0 0.559375 0.32395833333333335 0.041666666666666664 0.06666666666666667
0 0.5958333333333333 0.33229166666666665 0.040625 0.053125
0 0.14791666666666667 0.0125 0.040625 0.025
0 0.5729166666666666 0.03958333333333333 0.03333333333333333 0.053125
0 0.6104166666666667 0.041666666666666664 0.03958333333333333 0.034375
0 0.49375 0.353125 0.0875 0.11666666666666667
0 0.7041666666666667 0.06666666666666667 0.040625 0.04791666666666667
0 0.7854166666666667 0.07395833333333333 0.03333333333333333 0.058333333333333334
0 0.36666666666666664 0.5166666666666667 0.06458333333333334 0.11041666666666666
0 0.196875 0.029166666666666667 0.035416666666666666 0.04791666666666667
0 0.7364583333333333 0.07916666666666666 0.035416666666666666 0.04791666666666667
0 0.5020833333333333 0.058333333333333334 0.034375 0.03958333333333333
0 0.9802083333333333 0.10520833333333333 0.03333333333333333 0.04791666666666667
0 0.81875 0.09166666666666666 0.035416666666666666 0.053125
0 0.6041666666666666 0.075 0.04583333333333333 0.05
0 0.31145833333333334 0.052083333333333336 0.03333333333333333 0.058333333333333334
0 0.65 0.08541666666666667 0.03333333333333333 0.0625
0 0.08645833333333333 0.041666666666666664 0.035416666666666666 0.053125
0 0.7041666666666667 0.10208333333333333 0.05625 0.07291666666666667
0 0.4083333333333333 0.007291666666666667 0.03958333333333333 0.014583333333333334
0 0.12291666666666666 0.06041666666666667 0.04583333333333333 0.059375
0 0.04583333333333333 0.058333333333333334 0.025 0.065625
0 0.38958333333333334 0.090625 0.03333333333333333 0.053125
0 0.5458333333333333 0.10416666666666667 0.035416666666666666 0.053125