0 0.25416666666666665 0.6354166666666666 0.053125 0.08541666666666667
0 0.6197916666666666 0.65 0.04375 0.07083333333333333
0 0.8166666666666667 0.659375 0.053125 0.08125
0 0.6677083333333333 0.659375 0.04375 0.06041666666666667
0 0.5489583333333333 0.6708333333333333 0.05416666666666667 0.09791666666666667
0 0.503125 0.6708333333333333 0.04375 0.075
0 0.8760416666666667 0.6895833333333333 0.053125 0.053125
0 0.03958333333333333 0.6625 0.053125 0.07708333333333334
0 0.3458333333333333 0.6729166666666667 0.041666666666666664 0.041666666666666664
0 0.2 0.6677083333333333 0.053125 0.090625
0 0.14895833333333333 0.6708333333333333 0.053125 0.08125
0 0.08854166666666667 0.6729166666666667 0.05 0.09375
0 0.01875 0.6895833333333333 0.0375 0.075
0 0.43020833333333336 0.70625 0.04375 0.075
0 0.8739583333333333 0.73125 0.053125 0.0625
0 0.46875 0.71875 0.03958333333333333 0.065625
0 0.7114583333333333 0.7270833333333333 0.03958333333333333 0.05625
0 0.24895833333333334 0.7135416666666666 0.03958333333333333 0.046875
0 0.6770833333333334 0.7302083333333333 0.058333333333333334 0.090625
0 0.8041666666666667 0.7354166666666667 0.04791666666666667 0.071875
0 0.3697916666666667 0.7239583333333334 0.053125 0.08125
0 0.5927083333333333 0.7583333333333333 0.03958333333333333 0.07083333333333333
0 0.075 0.06145833333333333 0.034375 0.06041666666666667
0 0.8541666666666666 0.771875 0.04791666666666667 0.0625
0 0.9416666666666667 0.775 0.04375 0.065625
0 0.26145833333333335 0.7541666666666667 0.04791666666666667 0.06666666666666667
0 0.5583333333333333 0.7645833333333333 0.053125 0.07708333333333334
0 0.8958333333333334 0.778125 0.04375 0.065625
0 0.5145833333333333 0.7739583333333333 0.053125 0.071875
0 0.7739583333333333 0.7854166666666667 0.053125 0.07708333333333334
0 0.7260416666666667 0.7885416666666667 0.053125 0.08541666666666667
0 0.38229166666666664 0.7770833333333333 0.034375 0.05625
0 0.19895833333333332 0.771875 0.052083333333333336 0.03958333333333333
0 0.08125 0.7666666666666667 0.04791666666666667 0.07916666666666666
0 0.328125 0.7833333333333333 0.04375 0.05625
0 0.7302083333333333 0.08645833333333333 0.034375 0.05625
0 0.4322916666666667 0.79375 0.053125 0.08541666666666667
0 0.6333333333333333 0.8010416666666667 0.04583333333333333 0.09375
0 0.121875 0.7833333333333333 0.04791666666666667 0.07916666666666666
0 0.1625 0.8010416666666667 0.03125 0.07916666666666666
0 0.8708333333333333 0.8302083333333333 0.034375 0.07083333333333333
0 0.8354166666666667 0.8333333333333334 0.03958333333333333 0.05625
0 0.6708333333333333 0.8302083333333333 0.04791666666666667 0.07708333333333334
0 0.27291666666666664 0.8208333333333333 0.04791666666666667 0.0625
0 0.8979166666666667 0.8458333333333333 0.03958333333333333 0.065625
0 0.5947916666666667 0.834375 0.04375 0.08958333333333333
0 0.525 0.834375 0.053125 0.08125
0 0.33958333333333335 0.8333333333333334 0.03958333333333333 0.075
0 0.20416666666666666 0.8333333333333334 0.058333333333333334 0.07708333333333334
0 0.765625 0.8541666666666666 0.0625 0.08125
0 0.9614583333333333 0.8729166666666667 0.04375 0.075
0 0.08020833333333334 0.85625 0.04791666666666667 0.084375
0 0.47708333333333336 0.8697916666666666 0.06458333333333334 0.10833333333333334
0 0.290625 0.08020833333333334 0.04375 0.07916666666666666
0 0.2916666666666667 0.8729166666666667 0.053125 0.06666666666666667
0 0.775 0.9020833333333333 0.053125 0.071875
0 0.5229166666666667 0.8947916666666667 0.04375 0.065625
0 0.634375 0.9010416666666666 0.058333333333333334 0.090625
0 0.7239583333333334 0.9083333333333333 0.04375 0.075
0 0.571875 0.9041666666666667 0.04791666666666667 0.07708333333333334
0 0.8375 0.9145833333333333 0.059375 0.09583333333333334
0 0.9104166666666667 0.9239583333333333 0.053125 0.07708333333333334
0 0.38229166666666664 0.9052083333333333 0.053125 0.090625
0 0.6729166666666667 0.9229166666666667 0.05416666666666667 0.09791666666666667
0 0.12916666666666668 0.07916666666666666 0.03958333333333333 0.084375
0 0.21875 0.928125 0.06458333333333334 0.09791666666666667
0 0.6104166666666667 0.09791666666666667 0.03958333333333333 0.06041666666666667
0 0.010416666666666666 0.9354166666666667 0.020833333333333332 0.065625
0 0.7916666666666666 0.9614583333333333 0.04791666666666667 0.07708333333333334
0 0.6041666666666666 0.959375 0.059375 0.08125
0 0.5364583333333334 0.9625 0.053125 0.071875
0 0.35833333333333334 0.09166666666666666 0.04791666666666667 0.07708333333333334
0 0.4864583333333333 0.9614583333333333 0.05416666666666667 0.07708333333333334
0 0.6645833333333333 0.11145833333333334 0.04375 0.07083333333333333
0 0.5208333333333334 0.109375 0.04375 0.06041666666666667
0 0.596875 0.12083333333333333 0.03958333333333333 0.07083333333333333
0 0.4041666666666667 0.11458333333333333 0.034375 0.065625
0 0.25416666666666665 0.11145833333333334 0.04375 0.07916666666666666
0 0.08541666666666667 0.10833333333333334 0.020833333333333332 0.041666666666666664
0 0.21666666666666667 0.1125 0.03958333333333333 0.06041666666666667
0 0.9645833333333333 0.140625 0.03958333333333333 0.065625
0 0.4322916666666667 0.12291666666666666 0.053125 0.08125
0 0.4791666666666667 0.12708333333333333 0.03958333333333333 0.06041666666666667
0 0.8875 0.15208333333333332 0.04791666666666667 0.084375
0 0.315625 0.134375 0.03958333333333333 0.075
0 0.19270833333333334 0.13333333333333333 0.04375 0.065625
0 0.9302083333333333 0.16770833333333332 0.04375 0.065625
0 0.76875 0.16875 0.034375 0.07083333333333333
0 0.38229166666666664 0.15416666666666667 0.03958333333333333 0.052083333333333336
0 0.8458333333333333 0.178125 0.058333333333333334 0.08541666666666667
0 0.625 0.17083333333333334 0.03125 0.07083333333333333
0 0.07916666666666666 0.15416666666666667 0.034375 0.07083333333333333
0 0.5520833333333334 0.18229166666666666 0.029166666666666667 0.065625
0 0.6677083333333333 0.18541666666666667 0.04791666666666667 0.071875
0 0.5833333333333334 0.18541666666666667 0.03125 0.07083333333333333
0 0.1 0.011458333333333333 0.0375 0.022916666666666665
0 0.17083333333333334 0.17604166666666668 0.04375 0.065625
0 0.49166666666666664 0.18958333333333333 0.03958333333333333 0.07083333333333333
0 0.27708333333333335 0.18229166666666666 0.04791666666666667 0.07708333333333334
0 0.4114583333333333 0.18958333333333333 0.053125 0.07708333333333334
0 0.8020833333333334 0.21145833333333333 0.04375 0.07083333333333333
0 0.353125 0.19583333333333333 0.03958333333333333 0.065625
0 0.9458333333333333 0.221875 0.034375 0.052083333333333336
0 0.6072916666666667 0.023958333333333335 0.0375 0.041666666666666664
0 0.753125 0.21458333333333332 0.04791666666666667 0.0625
0 0.89375 0.22916666666666666 0.029166666666666667 0.052083333333333336
0 0.5697916666666667 0.026041666666666668 0.029166666666666667 0.046875
0 0.6697916666666667 0.029166666666666667 0.025 0.046875
0 0.225 0.23333333333333334 0.04375 0.052083333333333336
0 0.041666666666666664 0.22708333333333333 0.03958333333333333 0.07916666666666666
0 0.728125 0.253125 0.04375 0.06041666666666667
0 0.9666666666666667 0.26458333333333334 0.03958333333333333 0.05625
0 0.46458333333333335 0.253125 0.053125 0.071875
0 0.7541666666666667 0.036458333333333336 0.03958333333333333 0.05625
0 0.26666666666666666 0.023958333333333335 0.04791666666666667 0.04791666666666667
0 0.7666666666666667 0.2833333333333333 0.034375 0.052083333333333336
0 0.334375 0.271875 0.04791666666666667 0.07916666666666666
0 0.840625 0.29583333333333334 0.053125 0.06666666666666667
0 0.9010416666666666 0.29791666666666666 0.053125 0.06666666666666667
0 0.22291666666666668 0.27395833333333336 0.04791666666666667 0.06666666666666667
0 0.08645833333333333 0.271875 0.03958333333333333 0.052083333333333336
0 0.7541666666666667 0.29583333333333334 0.04375 0.06041666666666667
0 0.6802083333333333 0.3020833333333333 0.053125 0.08541666666666667
0 0.026041666666666668 0.2791666666666667 0.03958333333333333 0.065625
0 0.9635416666666666 0.3145833333333333 0.04375 0.06041666666666667
0 0.278125 0.29583333333333334 0.04791666666666667 0.071875
0 0.5791666666666667 0.30520833333333336 0.04375 0.065625
0 0.11770833333333333 0.2947916666666667 0.04375 0.06041666666666667
0 0.5208333333333334 0.30833333333333335 0.04791666666666667 0.07708333333333334
0 0.18958333333333333 0.3104166666666667 0.053125 0.0625
0 0.8520833333333333 0.33958333333333335 0.04375 0.052083333333333336
0 0.8020833333333334 0.041666666666666664 0.03958333333333333 0.065625
0 0.734375 0.33958333333333335 0.04375 0.07083333333333333
0 0.83125 0.04583333333333333 0.025 0.046875
0 0.9041666666666667 0.04791666666666667 0.04375 0.06041666666666667
0 0.959375 0.35833333333333334 0.04375 0.07083333333333333
0 0.33958333333333335 0.33958333333333335 0.029166666666666667 0.052083333333333336
0 0.7739583333333333 0.35833333333333334 0.03958333333333333 0.065625
0 0.6072916666666667 0.353125 0.04375 0.065625
0 0.22708333333333333 0.3489583333333333 0.04791666666666667 0.06666666666666667
0 0.66875 0.36666666666666664 0.053125 0.07708333333333334
0 0.0625 0.35 0.053125 0.071875
0 0.134375 0.353125 0.04375 0.06041666666666667
0 0.9833333333333333 0.053125 0.03333333333333333 0.05625
0 0.8520833333333333 0.3802083333333333 0.03958333333333333 0.07083333333333333
0 0.278125 0.3625 0.03958333333333333 0.06041666666666667
0 0.5291666666666667 0.378125 0.04375 0.084375
0 0.43645833333333334 0.3770833333333333 0.029166666666666667 0.046875
0 0.17604166666666668 0.37083333333333335 0.04375 0.07083333333333333
0 0.3416666666666667 0.38125 0.04375 0.05625
0 0.04583333333333333 0.37083333333333335 0.04375 0.075
0 0.7333333333333333 0.39895833333333336 0.04375 0.075
0 0.825 0.4041666666666667 0.0375 0.0375
0 0.10833333333333334 0.38229166666666664 0.034375 0.052083333333333336
0 0.9822916666666667 0.4197916666666667 0.034375 0.075
0 0.4197916666666667 0.4041666666666667 0.04791666666666667 0.06666666666666667
0 0.5677083333333334 0.4166666666666667 0.03958333333333333 0.065625
0 0.6604166666666667 0.4197916666666667 0.053125 0.06666666666666667
0 0.31354166666666666 0.4125 0.053125 0.07708333333333334
0 0.4708333333333333 0.42291666666666666 0.053125 0.06666666666666667
0 0.8197916666666667 0.43645833333333334 0.053125 0.071875
0 0.37916666666666665 0.43125 0.04791666666666667 0.07916666666666666
0 0.028125 0.42604166666666665 0.0375 0.041666666666666664
0 0.22916666666666666 0.4354166666666667 0.04791666666666667 0.08958333333333333
0 0.27291666666666664 0.4510416666666667 0.04375 0.065625
0 0.165625 0.45416666666666666 0.04791666666666667 0.071875
0 0.04791666666666667 0.45416666666666666 0.04375 0.052083333333333336
0 0.8854166666666666 0.4875 0.03958333333333333 0.06041666666666667
0 0.14166666666666666 0.46145833333333336 0.058333333333333334 0.08541666666666667
0 0.6416666666666667 0.4979166666666667 0.04583333333333333 0.09375
0 0.428125 0.49270833333333336 0.03958333333333333 0.046875
0 0.5927083333333333 0.4979166666666667 0.04375 0.075
0 0.7666666666666667 0.5114583333333333 0.04375 0.07083333333333333
0 0.928125 0.5166666666666667 0.04375 0.075
0 0.4010416666666667 0.5020833333333333 0.03958333333333333 0.075
0 0.5302083333333333 0.5052083333333334 0.05416666666666667 0.09583333333333334
0 0.4666666666666667 0.525 0.053125 0.090625
0 0.3770833333333333 0.521875 0.04375 0.075
0 0.23333333333333334 0.5166666666666667 0.058333333333333334 0.090625
0 0.026041666666666668 0.5166666666666667 0.052083333333333336 0.090625
0 0.07291666666666667 0.5239583333333333 0.058333333333333334 0.071875
0 0.15416666666666667 0.5291666666666667 0.04375 0.052083333333333336
0 0.8760416666666667 0.5541666666666667 0.04375 0.075
0 0.2989583333333333 0.54375 0.058333333333333334 0.07708333333333334
0 0.2 0.5479166666666667 0.058333333333333334 0.090625
0 0.79375 0.5791666666666667 0.03958333333333333 0.065625
0 0.6729166666666667 0.578125 0.034375 0.07083333333333333
0 0.8197916666666667 0.5833333333333334 0.029166666666666667 0.052083333333333336
0 0.7583333333333333 0.5958333333333333 0.03958333333333333 0.06041666666666667
0 0.5833333333333334 0.5895833333333333 0.04375 0.075
0 0.975 0.6135416666666667 0.04375 0.075
0 0.13854166666666667 0.5864583333333333 0.053125 0.08125
0 0.34270833333333334 0.6010416666666667 0.04375 0.084375
0 0.27708333333333335 0.5979166666666667 0.04375 0.065625
0 0.021875 0.5947916666666667 0.04375 0.07708333333333334
0 0.49583333333333335 0.6104166666666667 0.058333333333333334 0.053125
0 0.4354166666666667 0.6104166666666667 0.034375 0.07916666666666666
0 0.7072916666666667 0.625 0.029166666666666667 0.065625
0 0.09791666666666667 0.60625 0.04375 0.052083333333333336
0 0.875 0.6333333333333333 0.04791666666666667 0.058333333333333334
0 0.39166666666666666 0.6229166666666667 0.053125 0.08541666666666667
0 0.946875 0.6427083333333333 0.03958333333333333 0.065625
0 0.7427083333333333 0.6385416666666667 0.053125 0.08541666666666667