0 0.32589306392837863 0.30130086794469 0.13663692755347523 0.18408480301724844
0 0.4298245125468409 0.320492570912102 0.10568758499336563 0.1401651163144289
0 0.6045928392896197 0.28821839045579833 0.05088779315573835 0.07319543767844164
0 0.1287527615706514 0.44935761462504037 0.01985356126736946 0.027192417642288785
0 0.64311151122873 0.31300022183788756 0.04370401054488724 0.05024240957545653
0 0.07456310017642835 0.47467880731252016 0.02210667325722116 0.031371204787728264
0 0.17762620557572556 0.4469894500405457 0.039452454549961345 0.048134835284577564
0 0.1498832075528919 0.45652807650397875 0.028441562585480303 0.03349089955738004
0 0.11076676552498413 0.4682166989339958 0.035116009226776275 0.04394392766036527
0 0.1274334321916508 0.46811973510381316 0.02618845059562863 0.02931211241194056
0 0.049115658807576 0.4894136466305138 0.03685978524707288 0.03562271480580463
0 0.8806575006838427 0.26160636677901283 0.06389712912529338 0.08576816055107853
0 0.20279598423224393 0.4510106709619385 0.01985356126736946 0.027192417642288785
0 0.0999026574894651 0.4828666949005796 0.02210667325722116 0.031371204787728264
0 0.9129067226863798 0.2603768326913674 0.07040179711007113 0.09205452198739703
0 0.7645196199233044 0.300832840496344 0.08175224638758867 0.11503179104792784
0 0.7924323966026565 0.29546088069957754 0.06665957708470008 0.102446947696518
0 0.8247665079334527 0.29631467994526545 0.03460667325722113 0.031443927660365155
0 0.8478529532566378 0.30034802134543104 0.02618845059562863 0.02931211241194056
0 0.0607207760698713 0.5185197109033164 0.06088001318110899 0.06283937340563904
0 0.9490025039791201 0.2768374512188961 0.07350380238251451 0.1170666424661699
0 0.5876219703920795 0.3831312619101933 0.10594225297814314 0.1464151163144289
0 0.8354148478573405 0.32751013779078775 0.0394524545499614 0.048134835284577446
0 0.8428886535351324 0.4597896839786816 0.09659024770569952 0.12136663439933754