0 0.5791666666666667 0.2604166666666667 0.004166666666666667 0.004166666666666667
0 0.5729166666666666 0.2625 0.004166666666666667 0.009375
0 0.51875 0.27708333333333335 0.004166666666666667 0.009375
0 0.5229166666666667 0.2833333333333333 0.004166666666666667 0.004166666666666667
0 0.5604166666666667 0.3020833333333333 0.004166666666666667 0.009375
0 0.5052083333333334 0.3125 0.004166666666666667 0.009375
0 0.509375 0.3145833333333333 0.004166666666666667 0.004166666666666667
0 0.54375 0.32916666666666666 0.004166666666666667 0.004166666666666667
0 0.534375 0.3333333333333333 0.004166666666666667 0.004166666666666667
0 0.5270833333333333 0.3458333333333333 0.004166666666666667 0.004166666666666667
0 0.5416666666666666 0.3729166666666667 0.020833333333333332 0.0375
0 0.22604166666666667 0.41041666666666665 0.03125 0.046875
0 0.3 0.4166666666666667 0.015625 0.022916666666666665
0 0.5177083333333333 0.42916666666666664 0.020833333333333332 0.025
0 0.44583333333333336 0.425 0.004166666666666667 0.009375
0 0.48541666666666666 0.42916666666666664 0.004166666666666667 0.009375
0 0.496875 0.43020833333333336 0.015625 0.022916666666666665
0 0.43645833333333334 0.4270833333333333 0.004166666666666667 0.004166666666666667
0 0.38125 0.4270833333333333 0.009375 0.014583333333333334
0 0.6375 0.4395833333333333 0.03958333333333333 0.053125
0 0.4041666666666667 0.4270833333333333 0.009375 0.009375
0 0.34791666666666665 0.425 0.020833333333333332 0.020833333333333332
0 0.4 0.4270833333333333 0.004166666666666667 0.009375
0 0.3927083333333333 0.4270833333333333 0.009375 0.014583333333333334
0 0.4583333333333333 0.43020833333333336 0.004166666666666667 0.009375
0 0.175 0.415625 0.025 0.041666666666666664
0 0.4395833333333333 0.42916666666666664 0.004166666666666667 0.009375
0 0.20833333333333334 0.4197916666666667 0.03125 0.052083333333333336
0 0.6145833333333334 0.44166666666666665 0.015625 0.01875
0 0.3885416666666667 0.42916666666666664 0.004166666666666667 0.009375
0 0.4479166666666667 0.4322916666666667 0.004166666666666667 0.009375
0 0.42916666666666664 0.43125 0.004166666666666667 0.009375
0 0.31145833333333334 0.425 0.010416666666666666 0.01875
0 0.47291666666666665 0.4354166666666667 0.004166666666666667 0.009375
0 0.47708333333333336 0.4354166666666667 0.004166666666666667 0.014583333333333334
0 0.46875 0.43854166666666666 0.009375 0.014583333333333334
0 0.13854166666666667 0.42083333333333334 0.034375 0.053125
0 0.4166666666666667 0.4375 0.009375 0.014583333333333334
0 0.40625 0.4375 0.009375 0.009375
0 0.3541666666666667 0.43645833333333334 0.009375 0.014583333333333334
0 0.3614583333333333 0.4375 0.004166666666666667 0.004166666666666667
0 0.6760416666666667 0.45416666666666666 0.015625 0.01875
0 0.8583333333333333 0.465625 0.020833333333333332 0.025
0 0.4239583333333333 0.44583333333333336 0.009375 0.014583333333333334
0 0.8864583333333333 0.46979166666666666 0.015625 0.028125
0 0.840625 0.46979166666666666 0.020833333333333332 0.03333333333333333
0 0.45416666666666666 0.45208333333333334 0.015625 0.022916666666666665
0 0.9 0.475 0.020833333333333332 0.025
0 0.340625 0.44583333333333336 0.020833333333333332 0.041666666666666664
0 0.5625 0.45729166666666665 0.010416666666666666 0.022916666666666665
0 0.008333333333333333 0.428125 0.0125 0.052083333333333336
0 0.6875 0.465625 0.015625 0.01875
0 0.9895833333333334 0.4822916666666667 0.020833333333333332 0.020833333333333332
0 0.43333333333333335 0.45416666666666666 0.004166666666666667 0.014583333333333334
0 0.5739583333333333 0.4625 0.015625 0.028125
0 0.40520833333333334 0.45625 0.015625 0.01875
0 0.36770833333333336 0.45416666666666666 0.010416666666666666 0.022916666666666665
0 0.959375 0.4895833333333333 0.03125 0.046875
0 0.46458333333333335 0.46458333333333335 0.020833333333333332 0.029166666666666667
0 0.7489583333333333 0.48333333333333334 0.020833333333333332 0.025
0 0.7208333333333333 0.48125 0.03125 0.046875
0 0.9385416666666667 0.4947916666666667 0.015625 0.01875
0 0.5135416666666667 0.47291666666666665 0.03958333333333333 0.058333333333333334
0 0.8270833333333333 0.49375 0.034375 0.0625
0 0.7854166666666667 0.49375 0.03958333333333333 0.0625
0 0.9791666666666666 0.5083333333333333 0.015625 0.01875
0 0.7364583333333333 0.53125 0.03125 0.052083333333333336
0 0.6947916666666667 0.10208333333333333 0.009375 0.014583333333333334
0 0.7104166666666667 0.10416666666666667 0.009375 0.014583333333333334
0 0.5895833333333333 0.13541666666666666 0.009375 0.014583333333333334
0 0.6489583333333333 0.18020833333333333 0.009375 0.014583333333333334
0 0.6395833333333333 0.18541666666666667 0.009375 0.009375
0 0.5614583333333333 0.2 0.009375 0.009375
0 0.5520833333333334 0.19895833333333332 0.009375 0.014583333333333334
0 0.6083333333333333 0.225 0.009375 0.009375
0 0.5979166666666667 0.23125 0.004166666666666667 0.004166666666666667
0 0.5395833333333333 0.23020833333333332 0.004166666666666667 0.009375
0 0.5302083333333333 0.23333333333333334 0.009375 0.009375