0 0.5645833333333333 0.10416666666666667 0.0375 0.06875
0 0.8760416666666667 0.06666666666666667 0.03333333333333333 0.03333333333333333
0 0.9916666666666667 0.21875 0.016666666666666666 0.06875
0 0.36770833333333336 0.12083333333333333 0.040625 0.06458333333333334
0 0.42916666666666664 0.13541666666666666 0.041666666666666664 0.06875
0 0.5791666666666667 0.16458333333333333 0.04791666666666667 0.07916666666666666
0 0.50625 0.15208333333333332 0.041666666666666664 0.06875
0 0.15520833333333334 0.096875 0.040625 0.06458333333333334
0 0.09375 0.08854166666666667 0.035416666666666666 0.059375
0 0.41458333333333336 0.007291666666666667 0.03333333333333333 0.014583333333333334
0 0.9 0.22083333333333333 0.04375 0.078125
0 0.28958333333333336 0.12708333333333333 0.041666666666666664 0.06875
0 0.7208333333333333 0.19895833333333332 0.046875 0.075
0 0.8239583333333333 0.215625 0.040625 0.06458333333333334
0 0.6979166666666666 0.04479166666666667 0.03333333333333333 0.040625
0 0.634375 0.18854166666666666 0.0375 0.06458333333333334
0 0.9416666666666667 0.24166666666666667 0.041666666666666664 0.07291666666666667
0 0.64375 0.035416666666666666 0.03333333333333333 0.040625
0 0.940625 0.08541666666666667 0.041666666666666664 0.046875
0 0.34791666666666665 0.007291666666666667 0.0375 0.014583333333333334
0 0.7739583333333333 0.22916666666666666 0.041666666666666664 0.07291666666666667
0 0.659375 0.2625 0.040625 0.06458333333333334
0 0.13333333333333333 0.18645833333333334 0.040625 0.059375
0 0.85 0.30416666666666664 0.029166666666666667 0.04791666666666667
0 0.7833333333333333 0.29791666666666666 0.03125 0.058333333333333334
0 0.32708333333333334 0.22708333333333333 0.04791666666666667 0.07916666666666666
0 0.9270833333333334 0.32395833333333335 0.053125 0.07916666666666666
0 0.5260416666666666 0.2604166666666667 0.041666666666666664 0.06875
0 0.20104166666666667 0.21145833333333333 0.03958333333333333 0.05416666666666667
0 0.7270833333333333 0.296875 0.03958333333333333 0.05416666666666667
0 0.26145833333333335 0.22604166666666667 0.04375 0.08333333333333333
0 0.39895833333333336 0.24791666666666667 0.040625 0.059375
0 0.9885416666666667 0.3489583333333333 0.022916666666666665 0.06458333333333334
0 0.5802083333333333 0.28541666666666665 0.035416666666666666 0.059375
0 0.4666666666666667 0.2677083333333333 0.0375 0.06875
0 0.05416666666666667 0.20833333333333334 0.035416666666666666 0.059375
0 0.728125 0.36354166666666665 0.041666666666666664 0.07291666666666667
0 0.14583333333333334 0.29583333333333334 0.0375 0.06875
0 0.846875 0.4114583333333333 0.041666666666666664 0.06875
0 0.3854166666666667 0.3385416666666667 0.05 0.08958333333333333
0 0.90625 0.42291666666666666 0.041666666666666664 0.06875
0 0.9739583333333334 0.43645833333333334 0.04791666666666667 0.07916666666666666
0 0.47291666666666665 0.3572916666666667 0.040625 0.06458333333333334
0 0.7739583333333333 0.41041666666666665 0.04375 0.078125
0 0.29791666666666666 0.33958333333333335 0.04791666666666667 0.084375
0 0.04895833333333333 0.3020833333333333 0.040625 0.08333333333333333
0 0.5333333333333333 0.37916666666666665 0.04375 0.08333333333333333
0 0.5947916666666667 0.390625 0.041666666666666664 0.07291666666666667
0 0.6583333333333333 0.403125 0.04375 0.078125
0 0.22291666666666668 0.353125 0.041666666666666664 0.07291666666666667
0 0.47291666666666665 0.03333333333333333 0.0375 0.06458333333333334
0 0.378125 0.44166666666666665 0.04583333333333333 0.065625
0 0.578125 0.48125 0.04583333333333333 0.09166666666666666
0 0.17395833333333333 0.42291666666666666 0.041666666666666664 0.06875
0 0.04791666666666667 0.42083333333333334 0.041666666666666664 0.06875
0 0.75 0.5354166666666667 0.041666666666666664 0.09166666666666666
0 0.246875 0.4552083333333333 0.046875 0.07083333333333333
0 0.8322916666666667 0.55 0.0375 0.06458333333333334
0 0.9229166666666667 0.5697916666666667 0.052083333333333336 0.096875
0 0.44166666666666665 0.4979166666666667 0.040625 0.06458333333333334
0 0.9541666666666667 0.11666666666666667 0.040625 0.06458333333333334
0 0.6614583333333334 0.5447916666666667 0.05 0.09166666666666666
0 0.11041666666666666 0.45729166666666665 0.04583333333333333 0.065625
0 0.49895833333333334 0.5208333333333334 0.04375 0.078125
0 0.31354166666666666 0.4947916666666667 0.046875 0.07083333333333333
0 0.9697916666666667 0.5979166666666667 0.04375 0.078125
0 0.16458333333333333 0.014583333333333334 0.035416666666666666 0.028125
0 0.16666666666666666 0.55 0.03958333333333333 0.078125
0 0.026041666666666668 0.5635416666666667 0.05 0.09166666666666666
0 0.3145833333333333 0.609375 0.03958333333333333 0.078125
0 0.8395833333333333 0.6947916666666667 0.05 0.09166666666666666
0 0.09375 0.5770833333333333 0.04375 0.078125
0 0.5364583333333334 0.6520833333333333 0.046875 0.07083333333333333
0 0.7583333333333333 0.6864583333333333 0.04583333333333333 0.0875
0 0.959375 0.7208333333333333 0.035416666666666666 0.08541666666666667
0 0.7083333333333334 0.6802083333333333 0.053125 0.084375
0 0.396875 0.63125 0.04791666666666667 0.084375
0 0.24583333333333332 0.6104166666666667 0.03958333333333333 0.07291666666666667
0 0.8625 0.11666666666666667 0.03958333333333333 0.05416666666666667
0 0.6145833333333334 0.6770833333333334 0.046875 0.07083333333333333
0 0.4708333333333333 0.6541666666666667 0.046875 0.07083333333333333
0 0.08854166666666667 0.010416666666666666 0.03958333333333333 0.020833333333333332
0 0.284375 0.029166666666666667 0.03958333333333333 0.058333333333333334
0 0.8979166666666667 0.7385416666666667 0.04375 0.078125
0 0.4083333333333333 0.04895833333333333 0.0375 0.06458333333333334
0 0.6958333333333333 0.09791666666666667 0.035416666666666666 0.059375
0 0.22604166666666667 0.025 0.035416666666666666 0.05
0 0.6375 0.090625 0.0375 0.06458333333333334
0 0.746875 0.10833333333333334 0.0375 0.06875
0 0.8020833333333334 0.11875 0.0375 0.06458333333333334
0 0.04375 0.7020833333333333 0.04375 0.08333333333333333
0 0.21666666666666667 0.7364583333333333 0.05625 0.10208333333333333
0 0.5916666666666667 0.7958333333333333 0.04375 0.078125
0 0.7427083333333333 0.83125 0.05416666666666667 0.08958333333333333
0 0.13541666666666666 0.7416666666666667 0.05416666666666667 0.08958333333333333
0 0.8166666666666667 0.053125 0.027083333333333334 0.021875
0 0.5104166666666666 0.80625 0.0375 0.06875
0 0.30625 0.7770833333333333 0.04375 0.08333333333333333
0 0.4479166666666667 0.8010416666666667 0.05416666666666667 0.08958333333333333
0 0.8197916666666667 0.8625 0.05 0.09166666666666666
0 0.3770833333333333 0.7916666666666666 0.052083333333333336 0.10208333333333333
0 0.35 0.05416666666666667 0.053125 0.084375
0 0.6541666666666667 0.8479166666666667 0.05416666666666667 0.08958333333333333
0 0.8927083333333333 0.8885416666666667 0.04583333333333333 0.09166666666666666
0 0.9114583333333334 0.14791666666666667 0.03958333333333333 0.07291666666666667
0 0.041666666666666664 0.8895833333333333 0.059375 0.08958333333333333
0 0.7416666666666667 0.9791666666666666 0.04791666666666667 0.040625
0 0.571875 0.9729166666666667 0.046875 0.05416666666666667
0 0.23229166666666667 0.928125 0.053125 0.07708333333333334
0 0.6583333333333333 0.9822916666666667 0.059375 0.035416666666666666
0 0.13958333333333334 0.9166666666666666 0.05416666666666667 0.0625
0 0.39479166666666665 0.9604166666666667 0.04583333333333333 0.06041666666666667
0 0.3145833333333333 0.9510416666666667 0.04375 0.05625
0 0.4822916666666667 0.9822916666666667 0.035416666666666666 0.035416666666666666