0 0.7213639380487877 0.315087820708245 0.03745401054488724 0.051030519750114085
0 0.6832272680868438 0.3296216821493007 0.03745401054488724 0.0510305197501142
0 0.5824208194683815 0.34650364599211575 0.033117565221702235 0.04674261546578696
0 0.5511283748042519 0.3466360305263288 0.04204512385284976 0.06156842403444121
0 0.6139484821807155 0.3661932375289845 0.03745401054488724 0.0510305197501142
0 0.9459890256535879 0.43321422301290485 0.04871957049414562 0.07216694712759875
0 0.6775980329031978 0.39098908726938864 0.03770867852966475 0.057280519750114084
0 0.6246003668955865 0.3863183076442175 0.022106673257221134 0.031856188088302415
0 0.645306366236531 0.39004949573251996 0.04204512385284976 0.06156842403444121
0 0.45027948152166003 0.36455966103581056 0.03770867852966475 0.057280519750114084
0 0.17238615477888122 0.32518674065255815 0.03728423188836878 0.04686385308344754
0 0.2625867081375853 0.3382403255033404 0.03745401054488724 0.0510305197501142
0 0.3714099275039005 0.35496447963359473 0.03120401054488724 0.05084866332362334
0 0.508230812877827 0.3756319876830573 0.04187534519633142 0.057401757367774545
0 0.36507503817564135 0.3568659565404373 0.03745401054488724 0.0510305197501142
0 0.7424165842847354 0.4126902464142079 0.03770867852966475 0.057280519750114084
0 0.7900785829666245 0.4203344790173034 0.04187534519633142 0.057401757367774545
0 0.8936934689996064 0.4369070861254822 0.04612690119125726 0.059606328318768456
0 0.28208126215534474 0.34610787085389433 0.03311756522170211 0.04674261546578696
0 0.4716875902162345 0.3766544918618614 0.03745401054488724 0.051030519750114085
0 0.3846120368575304 0.3636918352243246 0.03745401054488724 0.051030519750114085
0 0.33165681551404885 0.3579793889324867 0.041705566539813076 0.05323509070110788
0 0.4073164802035491 0.36956697545479056 0.028696230570257934 0.0403713778481265
0 0.24232815016549306 0.34912278015278636 0.03770867852966475 0.057280519750114084
0 0.7128679156409025 0.42121658309058446 0.03745401054488724 0.0510305197501142
0 0.4206034788854383 0.37621099771218713 0.033117565221702235 0.04674261546578696
0 0.19866303949375225 0.34576645183401794 0.04612690119125726 0.059606328318768456
0 0.31477792552673417 0.3627027717951782 0.03770867852966475 0.057280519750114084
0 0.8589364670224401 0.44528187577978323 0.042045123852849996 0.06156842403444121
0 0.16120548415788186 0.34363364660840695 0.041705566539813076 0.05323509070110788
0 0.8223083550325884 0.4483877132919207 0.03120401054488724 0.05084866332362334
0 0.2650980329031977 0.3789865631210008 0.03452178392896196 0.030136567607950582
0 0.8380412390884041 0.47178933042922927 0.03770867852966475 0.0572805197501142
0 0.10827325754195663 0.3629515097209843 0.032947786565183775 0.04257594879912029
0 0.08544148020354915 0.3602013694905183 0.03770867852966475 0.0572805197501142
0 0.08718880101482893 0.41969760710817877 0.040131569176034824 0.06567447189227771
0 0.03621257373984827 0.4422010890295863 0.046126901191257286 0.059606328318768456
0 0.483835672548591 0.5136280850702518 0.04187534519633142 0.057401757367774545
0 0.5386195592406283 0.5256511501709198 0.04187534519633142 0.057401757367774545
0 0.4100895625359056 0.5062677840234449 0.04013156917603477 0.06567447189227758
0 0.5820724465917212 0.5342158118230216 0.052801347832553344 0.07020485141192576
0 0.34550622920257223 0.5043886009497074 0.037878457186183094 0.06144718641678075
0 0.7193832179986297 0.568455295943566 0.04170556653981284 0.05323509070110788
0 0.6261425539681847 0.5532274495462051 0.04187534519633142 0.057401757367774545
0 0.6758878859834072 0.5609323009581308 0.04612690119125726 0.059606328318768456
0 0.22492756385401652 0.4946227100375534 0.04187534519633142 0.057401757367774545
0 0.2870031172127206 0.5068579409691273 0.04646645850429406 0.06793966165210168
0 0.780417104690667 0.5806602174707247 0.04387378920140558 0.055379042843271505
0 0.11667911984894239 0.4893871986450475 0.03770867852966475 0.057280519750114084
0 0.185047117871776 0.5007626193364454 0.04612690119125726 0.059606328318768456
0 0.1423812292025723 0.4984782670887588 0.03787845718618315 0.06144718641678075
0 0.8521877654258347 0.6109068757797832 0.04429823584270167 0.06579570950993817
0 0.5684299854512054 0.6130793844455371 0.044298235842701435 0.06579570950993817
0 0.42423963366431944 0.6964876148494956 0.048719570494145735 0.07216694712759875
0 0.31490707832844905 0.6922634607192414 0.04612690119125726 0.059606328318768456
0 0.7797821607103803 0.3147018140221584 0.0462966798477756 0.06377299498543512