0 0.36725958712465717 0.49656116829261815 0.010598490259668953 0.010598490259668953
0 0.23231566179979643 0.4718415416683143 0.012790917748803624 0.01688485497826946
0 0.8882125589868993 0.5999336239239045 0.010598490259668835 0.010598490259668835
0 0.30393610876959326 0.48517029220993196 0.010598490259668953 0.010598490259668835
0 0.37656185768745626 0.5005641937255828 0.006431823593002288 0.010525760822468063
0 0.14305961093386715 0.4546552245681338 0.012790917748803624 0.01688485497826946
0 0.9307390687272306 0.6096048138592617 0.012790917748803565 0.01688485497826946
0 0.8788375589868994 0.6000972651576064 0.010598490259668835 0.010598490259668835
0 0.827977715913235 0.5905715340966509 0.006431823593002169 0.010525760822468063
0 0.39315579491692204 0.5044399426434458 0.010598490259668953 0.010598490259668953
0 0.5830716829042132 0.5417375708915043 0.010598490259668835 0.010598490259668835
0 0.5965588024929791 0.5446262002206015 0.010598490259668835 0.010598490259668835
0 0.4045777635316549 0.5063232700244767 0.006431823593002169 0.010525760822468063
0 0.34437928517659094 0.4948778468638898 0.004239396103867676 0.004239396103867676
0 0.2042633912369973 0.46816579870275377 0.006431823593002288 0.010525760822468063
0 0.4096951850684871 0.5114406915613089 0.010598490259668953 0.010598490259668953
0 0.1679141520594654 0.46255218127826164 0.010598490259668953 0.010598490259668835
0 0.24574823431066176 0.47785517099741137 0.010598490259668953 0.010598490259668953
0 0.25300353625872796 0.4798112278156431 0.006431823593002288 0.010525760822468063
0 0.4180103360425202 0.5123368993535737 0.010598490259668953 0.010598490259668835
0 0.19697172457033066 0.46829307521785535 0.010598490259668953 0.010598490259668953
0 0.3526217067134232 0.49994072132282136 0.006431823593002169 0.010525760822468063
0 0.6971822748957407 0.5668208447018127 0.006431823593002169 0.010525760822468063
0 0.6483694004368092 0.5593420822555901 0.006431823593002169 0.010525760822468063
0 0.36090049296885585 0.5029202624484196 0.006431823593002288 0.010525760822468063
0 0.335991404765357 0.49814830573829166 0.006431823593002288 0.010525760822468063
0 0.3256111028172908 0.4962467959979605 0.006431823593002288 0.010525760822468063
0 0.26230580682152704 0.4838142532486078 0.012790917748803683 0.01688485497826946
0 0.5705353181856128 0.5440390925364404 0.010598490259668835 0.010598490259668835
0 0.637989098488743 0.557440572515259 0.006431823593002169 0.010525760822468063
0 0.43354442424601913 0.5172724972974037 0.006431823593002169 0.010525760822468063
0 0.31108231656185814 0.4933763490281637 0.006431823593002169 0.010525760822468063
0 0.5528815319301802 0.5412231926445443 0.006431823593002169 0.010525760822468063
0 0.5767489534670124 0.5460133317139724 0.006431823593002169 0.010525760822468063
0 0.19167247944049617 0.47359232034768983 0.010598490259668953 0.010598490259668835
0 0.7168103003287053 0.5758503798751085 0.006431823593002169 0.010525760822468063
0 0.17093005790366397 0.46874763420036103 0.006431823593002288 0.010525760822468063
0 0.494730022189849 0.5318247380986902 0.006431823593002288 0.010525760822468063
0 0.47603456926774973 0.5290270205660944 0.004239396103867558 0.004239396103867558
0 0.2083027813885624 0.47538473593221947 0.010598490259668953 0.010598490259668835
0 0.2196520205660944 0.481434729979917 0.004239396103867558 0.004239396103867558
0 0.14598460498156468 0.46605901082356643 0.010598490259668953 0.010598490259668835
0 0.4458989653716173 0.5253876423191343 0.010525760822468063 0.006431823593002288
0 0.29231413420255786 0.4947452981622345 0.010598490259668953 0.010598490259668953
0 0.2694701969730921 0.4909786434001728 0.004239396103867558 0.004239396103867558
0 0.5175012299821139 0.5397580595274187 0.004239396103867676 0.004239396103867439
0 0.452130783012317 0.5263202148299996 0.004239396103867676 0.004239396103867558
0 0.5382800162375465 0.5425194123414142 0.006431823593002169 0.010525760822468063
0 0.6503072748957407 0.567639050870323 0.004239396103867676 0.004239396103867676
0 0.22482398918082727 0.48342715151674925 0.004239396103867558 0.004239396103867676
0 0.46558153788248263 0.53129217749243 0.010598490259668835 0.010598490259668953
0 0.45830805357511617 0.5303777873408648 0.004239396103867558 0.004239396103867676
0 0.5403088024929791 0.5456080476228137 0.004239396103867439 0.004239396103867676
0 0.42303684578285133 0.5226626542237393 0.004239396103867558 0.004239396103867558
0 0.47590729275264815 0.536318687232761 0.006431823593002288 0.010525760822468063
0 0.65962772781784 0.570600409636621 0.012790917748803565 0.01688485497826946
0 0.5112148652635135 0.5419504870165534 0.006431823593002169 0.010525760822468063
0 0.503941380956147 0.5410360968649883 0.006431823593002288 0.010525760822468063
0 0.5141034945926105 0.5554376066053194 0.010598490259668953 0.010598490259668835
0 0.47280574729850217 0.5946883852846948 0.012790917748803565 0.01688485497826946
0 0.4520087786837692 0.592968699137366 0.006431823593002288 0.010525760822468063
0 0.4571625649392018 0.5960027873408649 0.006431823593002169 0.010525760822468063
0 0.4291466590950032 0.590243711041971 0.006431823593002288 0.010525760822468063
0 0.5089731628830318 0.6107186693758535 0.006431823593002288 0.010525760822468063
0 0.4954860432942658 0.6078300400467566 0.006431823593002288 0.010525760822468063
0 0.5988345037924224 0.6528868041167338 0.010598490259668835 0.010598490259668835
0 0.30822241396516875 0.5975611980541307 0.010598490259668953 0.010598490259668835
0 0.342215584419864 0.6188361801972232 0.010598490259668953 0.010598490259668835
0 0.27978831385706493 0.61576045508857 0.004239396103867676 0.004239396103867439
0 0.2735201314977647 0.6169112159110381 0.004239396103867558 0.004239396103867439
0 0.26730649621636515 0.6149369767335062 0.006431823593002288 0.010525760822468063
0 0.2796974020605638 0.6209687884219034 0.006431823593002288 0.010525760822468063
0 0.2537102824717978 0.618298347404409 0.004239396103867558 0.004239396103867439
0 0.6003178192688482 0.6872254393981334 0.012790917748803565 0.01688485497826946
0 0.27649967262336284 0.6251900021664708 0.006431823593002169 0.010525760822468063
0 0.2599057353938971 0.6213142532486077 0.006431823593002288 0.010525760822468063
0 0.6044481212169143 0.6892360432942658 0.008587886363536513 0.014728792207735117
0 0.2671428549826631 0.6243119767335062 0.004239396103867558 0.004239396103867439
0 0.3054845156970272 0.6350975627727311 0.012790917748803565 0.01688485497826946
0 0.23799437067529666 0.6237794161272459 0.006431823593002288 0.010525760822468063
0 0.6893920465417751 0.7148284231649806 0.006431823593002169 0.010525760822468063
0 0.6852435622344086 0.7138594859355148 0.006431823593002169 0.010525760822468063
0 0.2513905784675615 0.6318763787896761 0.010598490259668953 0.010598490259668835
0 0.6426443230568767 0.7083549626668242 0.006431823593002169 0.010525760822468063
0 0.287703452926493 0.6395733295475016 0.010598490259668835 0.010598490259668835
0 0.2378852765194953 0.6300294161272458 0.004239396103867558 0.004239396103867439
0 0.19530421970126355 0.6234832261918885 0.010598490259668953 0.010598490259668835
0 0.18380952164932976 0.6257665654775243 0.006431823593002288 0.010525760822468063
0 0.16504133929002954 0.6271355146115951 0.004239396103867558 0.004239396103867439
0 0.7337655189445367 0.738004915048404 0.010598490259668835 0.010598490259668835
0 0.1857655784675615 0.6330218674255905 0.006431823593002288 0.010525760822468063
0 0.7243723365852364 0.7392102229487728 0.006431823593002169 0.010525760822468063
0 0.15358300595669622 0.6273355205638976 0.010598490259668953 0.010598490259668835
0 0.23863602543735835 0.6466779004346123 0.010598490259668953 0.010598490259668835
0 0.23242239015595878 0.6447036612570803 0.010598490259668953 0.010598490259668835
0 0.13892694318616197 0.6317567402607674 0.012790917748803624 0.01688485497826946
0 0.6681950660224374 0.7360254036843185 0.006431823593002169 0.010525760822468063
0 0.1991072391819257 0.6442438300880209 0.006431823593002288 0.010525760822468063
0 0.18247693723385947 0.6424514145034912 0.010598490259668953 0.010598490259668835
0 0.6141556758708722 0.7296792197012636 0.006431823593002169 0.010525760822468063
0 0.24678753517768942 0.6569491082268771 0.012790917748803624 0.01688485497826946
0 0.6577602169964704 0.7372488939439873 0.006431823593002169 0.010525760822468063
0 0.42423978788358097 0.6923815914532051 0.006431823593002169 0.010525760822468063
0 0.15126330195245993 0.6409135519491647 0.010598490259668953 0.010598490259668835
0 0.6774064247887353 0.7452367624506164 0.006431823593002169 0.010525760822468063
0 0.4812587191607443 0.7070065616916925 0.010598490259668953 0.010598490259668835
0 0.2560352586625878 0.6640771336598417 0.010598490259668953 0.010598490259668835
0 0.10555724513422818 0.6344219090917079 0.012790917748803624 0.01688485497826946
0 0.6659299090961016 0.7464784350695856 0.006431823593002169 0.010525760822468063
0 0.2124125351776894 0.6575491260837846 0.012790917748803624 0.01688485497826946
0 0.3628541839874486 0.6892876839852516 0.008587886363536513 0.014728792207735352
0 0.75823823052483 0.767776871758532 0.012790917748803565 0.01688485497826946
0 0.08572921374896107 0.6368507072517455 0.012790917748803624 0.01688485497826946
0 0.6336746071480355 0.7449587548745593 0.010598490259668835 0.010598490259668835
0 0.35658600162814835 0.6904384448077198 0.006431823593002288 0.010525760822468063
0 0.2704549507622191 0.6731975806296385 0.010598490259668953 0.010598490259668835
0 0.47489962500494287 0.7133656558474939 0.012790917748803565 0.01688485497826946
0 0.24761101353275336 0.6694309258675768 0.010598490259668953 0.010598490259668835
0 0.4116125113684794 0.6998914464314744 0.006431823593002169 0.010525760822468063
0 0.37838827219094745 0.6942232819290817 0.012790917748803565 0.01688485497826946
0 0.3129632781432499 0.6839104372316627 0.010598490259668953 0.010598490259668835
0 0.2766322213250182 0.6772551531405038 0.010598490259668953 0.010598490259668835
0 0.2610617684029189 0.6744028885300073 0.008587886363536513 0.014728792207735117
0 0.876497306823724 0.7938290827983062 0.012790917748803565 0.01688485497826946
0 0.160401931281557 0.6542915773821292 0.012790917748803683 0.01688485497826946
0 0.6356852110441679 0.7490890568226256 0.010598490259668835 0.010598490259668835
0 0.29419509578394976 0.6852793863657334 0.012790917748803565 0.01688485497826946
0 0.1001125411299919 0.6480544875548756 0.012790917748803624 0.01688485497826946
0 0.3834329642905787 0.7035073701325805 0.012790917748803565 0.01688485497826946
0 0.13127162933349076 0.6527173501092023 0.012790917748803624 0.01688485497826946
0 0.7539624697023619 0.774099601195733 0.006431823593002169 0.010525760822468063
0 0.3034791839874486 0.6903240784653647 0.010598490259668953 0.010598490259668835
0 0.27754661147658327 0.6845286374478704 0.010525760822468063 0.006431823593002169
0 0.7652753441612935 0.7822329285767639 0.012790917748803565 0.01688485497826946
0 0.6293261168883665 0.7554481509784269 0.008587886363536513 0.014728792207735117
0 0.6386465698104657 0.7584095097447249 0.010598490259668835 0.010598490259668835
0 0.7206109540097285 0.7757231033600068 0.006431823593002169 0.010525760822468063
0 0.27639585065411526 0.6907968198071704 0.010598490259668953 0.010598490259668835
0 0.20267388799168487 0.67854610065082 0.012790917748803624 0.01688485497826946
0 0.2254814605025502 0.684396088746215 0.012790917748803624 0.01688485497826946
0 0.797312457797757 0.79625260877179 0.012863647186004338 0.021051521644936125
0 0.08850874892225676 0.6565878268405115 0.012790917748803624 0.01688485497826946
0 0.37910265639021007 0.7129550995697814 0.008587886363536513 0.014728792207735117
0 0.191251919376952 0.6766627732697892 0.010598490259668953 0.010598490259668835
0 0.9114957792264853 0.8171692159154318 0.012863647186004575 0.021051521644936125
0 0.7692601872349579 0.7925768658062295 0.012863647186004338 0.021051521644936125
0 0.35309735444214385 0.7113263252189538 0.012790917748803683 0.01688485497826946
0 0.331313266238645 0.7064998214309253 0.012863647186004575 0.021051521644936125
0 0.14137919589205358 0.6702438598495334 0.012790917748803624 0.01688485497826946
0 0.16007464881415293 0.6730415773821292 0.010598490259668953 0.010598490259668835
0 0.3665844740309099 0.714214954548051 0.012790917748803565 0.01688485497826946
0 0.10402465476645541 0.6625650914510082 0.012863647186004516 0.021051521644936125
0 0.16935873701765178 0.6780862694817605 0.01695758441547029 0.016957584415470232
0 0.10917844102188805 0.6655991796545071 0.012863647186004516 0.021051521644936125
0 0.1351291958920536 0.6703529540053348 0.012790917748803624 0.01688485497826946
0 0.025076176411391447 0.6514469507578255 0.019150011904604983 0.023243949134070855
0 0.7847033636419557 0.8027207970833927 0.012863647186004575 0.021051521644936125
0 0.04055571753698963 0.6595075487016554 0.012790917748803624 0.01688485497826946
0 0.060274654766455396 0.6633287505416178 0.012790917748803624 0.01688485497826946
0 0.21382312121691435 0.6960544280318508 0.012790917748803624 0.01688485497826946
0 0.31035265639021004 0.7141551352835963 0.012863647186004575 0.021051521644936125
0 0.6516973127760264 0.7862981390738217 0.010598490259668835 0.010598490259668835
0 0.16289054870604905 0.6906953636375619 0.012790917748803624 0.01688485497826946
0 0.2500814485979452 0.7068763787896762 0.012790917748803624 0.01688485497826946
0 0.24176629762391208 0.7059801709974114 0.012790917748803624 0.01688485497826946
0 0.19397690747234703 0.6995248928585551 0.019150011904604962 0.023243949134070855
0 0.0744943409137842 0.6839075308447479 0.012863647186004546 0.021051521644936125
0 0.0869216114765833 0.6878560091998118 0.01695758441547029 0.016957584415470232
0 0.22184735444214385 0.7136173024907824 0.012863647186004516 0.021051521644936125
0 0.14194812121691436 0.6973090108235664 0.012790917748803624 0.01688485497826946
0 0.7926185027113838 0.8265336715423243 0.012863647186004575 0.021051521644936125
0 0.7998556223001497 0.8295313950272228 0.019150011904604962 0.023243949134070855
0 0.25907461905264045 0.7285877375559743 0.010598490259668953 0.010598490259668835
0 0.6367866969752889 0.8053026921040249 0.012790917748803565 0.01688485497826946
0 0.7623192575815493 0.8322692932953644 0.008587886363536513 0.014728792207735352
0 0.31815870130383683 0.7442180097425279 0.019150011904604962 0.023243949134070855
0 0.8992737868025424 0.8611192218677343 0.019150011904604962 0.023243949134070855
0 0.22363977002667354 0.7302476044388485 0.015056074675139246 0.027337886363536512
0 0.748723043836982 0.8356306639662672 0.012863647186004575 0.021051521644936125
0 0.7175821379927833 0.8299261347452739 0.012863647186004338 0.021051521644936125
0 0.2484943111522717 0.7381445611489764 0.019150011904604962 0.023243949134070855
0 0.9084851455688405 0.8703305806340322 0.012863647186004575 0.021051521644936125
0 0.273276122840669 0.7502081845257711 0.012863647186004575 0.021051521644936125
0 0.5285442754384567 0.8019853241379152 0.019150011904604962 0.023243949134070855
0 0.7350177359366133 0.8452420346371701 0.016957584415470232 0.016957584415470232
0 0.6063238106117523 0.820413313857065 0.012790917748803565 0.01688485497826946
0 0.3136283874511656 0.7651240725130622 0.012790917748803565 0.01688485497826946
0 0.3198056580139647 0.7691816450239275 0.012790917748803565 0.01688485497826946
0 0.21179960714803545 0.752322610391151 0.023316678571271628 0.023316678571271628
0 0.6320200124517148 0.8397504215412259 0.025472741341805733 0.027519709956538917
0 0.7274715162397435 0.859952644485605 0.019150011904604962 0.023243949134070855
0 0.35282989123919417 0.7863081428596534 0.019150011904604962 0.023243949134070855
0 0.3682912500054922 0.7954104074701502 0.012863647186004575 0.021051521644936125
0 0.35792913041672614 0.7924672310631524 0.019150011904604962 0.023243949134070855
0 0.5809965281443484 0.8395996904802703 0.012863647186004338 0.021051521644936125
0 0.395174577386523 0.8063959994616776 0.019150011904604962 0.023243949134070855
0 0.07758824838173749 0.7452931347408802 0.02331667857127166 0.023316678571271628
0 0.2799132245725275 0.7875809080106694 0.023316678571271628 0.023316678571271628
0 0.6441018181878096 0.8634905665629565 0.012863647186004575 0.021051521644936125
0 0.5195200124517149 0.8417141163456504 0.019150011904604962 0.023243949134070855
0 0.8568070963266659 0.9076798495730768 0.025545470779006745 0.03168637662320559
0 0.46968365368541687 0.8332118695920613 0.019150011904604962 0.023243949134070855
0 0.8349866434045665 0.9049366791183815 0.025545470779006745 0.03168637662320559
0 0.018195066022437263 0.7473711958876599 0.025545470779006804 0.03168637662320559
0 0.007177840911587339 0.7445552959957638 0.014355681823174678 0.031722741341805735
0 0.11467005411783228 0.7685969031394054 0.019295470779006802 0.03157728246740419
0 0.1779571677542958 0.7820711125554249 0.01695758441547029 0.016957584415470232
0 0.3906988106117525 0.8241770622322119 0.019150011904604962 0.023243949134070855
0 0.13932458929112798 0.7879521931828667 0.01922274134180591 0.02741061580073752
0 0.16829125000549214 0.7989014204557937 0.02547274134180585 0.027519709956538917
0 0.19188593615282096 0.8193165595252218 0.025545470779006804 0.03168637662320535
0 0.6764351217596304 0.920200397732016 0.025472741341805733 0.027519709956538917
0 0.2394571379927833 0.8382718376640781 0.025545470779006745 0.03168637662320559
0 0.2726086477331144 0.8481066688331375 0.02547274134180585 0.02751970995653868
0 0.7354282922143258 0.941039003251903 0.025472741341805733 0.027519709956538917
0 0.3481230259800745 0.8769876899375542 0.025545470779006745 0.03168637662320559
0 0.7004532743574182 0.9760140211088104 0.019150011904604962 0.023243949134070855
0 0.5497934372360563 0.9567754632073433 0.025654564934808142 0.037936376623205585
0 0.5185434372360563 0.9573209339863502 0.021451533549541088 0.03578031385267124