0 0.5995089374161331 0.469353464831098 0.013082196856846907 0.012718188311602674
0 0.7319975417721167 0.41812233658523634 0.015359595809129208 0.016921219696869844
0 0.0962982384923717 0.6810969031394054 0.013082196856846846 0.012718188311602792
0 0.6619375988442113 0.44744737229905135 0.013082196856846907 0.012718188311602792
0 0.5918776559163059 0.4767724080128663 0.008818497380705519 0.010562125541068449
0 0.8168834000570416 0.38333441450788486 0.015359595809129208 0.016921219696869844
0 0.054799943207101416 0.7005560151521143 0.01535959580912915 0.016921219696869844
0 0.1047286046351795 0.6788681109316703 0.013082196856846846 0.012718188311602792
0 0.15252541632518704 0.6582582380964934 0.008818497380705755 0.010562125541068449
0 0.5748713744164784 0.4843549924283366 0.013082196856846907 0.012718188311602674
0 0.3912668927515385 0.5604172072539425 0.013082196856846907 0.012718188311602792
0 0.37852431072785225 0.5658437288988786 0.013082196856846907 0.012718188311602792
0 0.563170459059459 0.4897633317139724 0.008818497380705755 0.010562125541068449
0 0.6236613363684155 0.46476860390052616 0.006541098428423453 0.006359094155801396
0 0.7584758560814184 0.4082927776027307 0.008818497380705519 0.010562125541068449
0 0.5609415765119139 0.4929246964325729 0.013082196856846907 0.012718188311602792
0 0.7944262032001947 0.39621624405318967 0.013082196856846907 0.012718188311602674
0 0.7180192274628149 0.4277337072561393 0.013082196856846907 0.012718188311602792
0 0.7116721946533404 0.42992613474527397 0.008818497380705755 0.010562125541068449
0 0.5513725108929649 0.4972550043329415 0.013082196856846907 0.012718188311602792
0 0.7657675227480851 0.4081655010876291 0.013082196856846907 0.012718188311602792
0 0.6150854210113958 0.4701223961082613 0.008818497380705755 0.010562125541068449
0 0.27970865453836274 0.6092013549804662 0.008818497380705755 0.010562125541068687
0 0.32845010008556247 0.5906566331193226 0.008818497380705755 0.010562125541068687
0 0.6064609892496392 0.4765178549826631 0.008818497380705519 0.010562125541068449
0 0.6309044866303448 0.46568299405209124 0.008818497380705755 0.010562125541068449
0 0.6415152189159605 0.46133450379242225 0.008818497380705755 0.010562125541068449
0 0.7029992464868464 0.4373632602863425 0.015359595809129208 0.016921219696869844
0 0.4027252260848718 0.56021720130164 0.013082196856846907 0.012718188311602792
0 0.3390123159664409 0.5873498095263202 0.008818497380705755 0.010562125541068449
0 0.5364495627264709 0.5048012240298114 0.008818497380705755 0.010562125541068449
0 0.6542578009396467 0.45590798214748623 0.008818497380705755 0.010562125541068449
0 0.4207246578466286 0.5536581011935361 0.008818497380705755 0.010562125541068449
0 0.3973713435373268 0.563433113098141 0.008818497380705755 0.010562125541068449
0 0.7719204899386106 0.4101397402651611 0.013082196856846907 0.012718188311602674
0 0.26245979101484923 0.6219922727292698 0.008818497380705696 0.010562125541068449
0 0.792051771438438 0.4025026087717901 0.008818497380705755 0.010562125541068449
0 0.47898665260804 0.5318247380986902 0.008818497380705755 0.010562125541068449
0 0.4959929341078674 0.52424215368322 0.006541098428423453 0.006359094155801396
0 0.7560043915101872 0.4166624756546645 0.013082196856846907 0.012718188311602792
0 0.7442064433436932 0.4241541482736337 0.006541098428423453 0.006359094155801396
0 0.8163497196049321 0.39479274784121826 0.013082196856846907 0.012718188311602792
0 0.5255477320124319 0.5153997142894803 0.010804797904564603 0.00851515692633562
0 0.6741465004157878 0.4534791839874485 0.013082196856846907 0.012718188311602792
0 0.6964096316536857 0.4447640211088105 0.006541098428423217 0.006359094155801396
0 0.4555363054892637 0.5436830833366286 0.006541098428423453 0.006359094155801396
0 0.5192006992029575 0.517592141778615 0.006541098428423453 0.006359094155801396
0 0.4354050239894364 0.5513202148299996 0.008818497380705755 0.010562125541068449
0 0.3280134524429273 0.6000316331193225 0.006541098428423453 0.006359094155801396
0 0.7397971946533404 0.4294352110441679 0.006541098428423453 0.006359094155801396
0 0.5063610843697968 0.5251019967568844 0.013082196856846907 0.012718188311602674
0 0.513749783845938 0.5228913869084495 0.006541098428423453 0.006359094155801396
0 0.4341692917038208 0.5555050638559664 0.006541098428423453 0.006359094155801396
0 0.5477623468455926 0.507726218077509 0.006541098428423453 0.006359094155801396
0 0.49669498594137335 0.5315156379905865 0.008818497380705755 0.010562125541068449
0 0.3183958704192411 0.6054036076863578 0.015359595809129208 0.016921219696869844
0 0.4626824229417187 0.546680806821527 0.008818497380705755 0.010562125541068687
0 0.47011963882259705 0.5434285303064255 0.008818497380705755 0.010562125541068687
0 0.46105855941820517 0.5591989891808272 0.013082196856846907 0.012718188311602792
0 0.5065265836808253 0.5885891163456504 0.015359595809129208 0.016921219696869844
0 0.5276024990378448 0.5830171358263124 0.008818497380705755 0.010562125541068687
0 0.5222001000855625 0.5872747142894803 0.008818497380705755 0.010562125541068449
0 0.5487269307996016 0.576403488640308 0.008818497380705519 0.010562125541068449
0 0.4720773730385355 0.6131292851765909 0.008818497380705755 0.010562125541068449
0 0.48591013813362555 0.606642914505688 0.008818497380705755 0.010562125541068687
0 0.3881104543732501 0.6728808425353421 0.013082196856846907 0.012718188311602792
0 0.6702880102039934 0.5586693349614816 0.013082196856846907 0.012718188311602792
0 0.638818250347492 0.5862799567145217 0.013082196856846907 0.012718188311602792
0 0.7010043297518839 0.5695821975158083 0.006541098428423217 0.006359094155801396
0 0.7051709964185505 0.5695094680786073 0.006541098428423217 0.006359094155801396
0 0.7125596958946917 0.5672988582301725 0.008818497380705519 0.010562125541068687
0 0.6997200810615308 0.5748087132084418 0.008818497380705519 0.010562125541068449
0 0.7250596958946915 0.5670806699185696 0.006541098428423453 0.006359094155801396
0 0.3917177463502546 0.7071649307388409 0.015359595809129208 0.016921219696869844
0 0.7026995318473193 0.5778791661305411 0.008818497380705755 0.010562125541068449
0 0.7196087805376721 0.5723799150484041 0.008818497380705519 0.010562125541068687
0 0.38636386380270954 0.7103808425353421 0.01119292914246254 0.016848490259668836
0 0.7131647149187231 0.5766556758708722 0.006541098428423453 0.006359094155801396
0 0.6780134524429273 0.5939223603944463 0.015359595809129208 0.016921219696869844
0 0.7436641466804799 0.5698783874511656 0.008818497380705519 0.010562125541068449
0 0.30530505735129054 0.7523877018421593 0.008818497380705755 0.010562125541068449
0 0.3094717240179572 0.7523149724049584 0.008818497380705755 0.010562125541068687
0 0.7296858323711781 0.5794897581220686 0.013082196856846907 0.012718188311602792
0 0.35186613675568246 0.7359626780329492 0.008818497380705755 0.010562125541068449
0 0.6946316027048567 0.5946731093123093 0.013082196856846907 0.012718188311602792
0 0.7445117477281975 0.5740268717585321 0.006541098428423217 0.006359094155801396
0 0.7857674609897817 0.5597760930791565 0.013082196856846907 0.012718188311602792
0 0.7951424609897817 0.5596124518454545 0.008818497380705755 0.010562125541068449
0 0.8139894937992562 0.5572018360447171 0.006541098428423453 0.006359094155801396
0 0.26421771547110284 0.7853702981622346 0.013082196856846907 0.012718188311602792
0 0.7958445128232877 0.5668859361528209 0.008818497380705519 0.010562125541068449
0 0.2725995652091734 0.784183172621166 0.008818497380705755 0.010562125541068449
0 0.8266350430134679 0.5538586477331144 0.013082196856846907 0.012718188311602792
0 0.7447286355143312 0.5917170227325651 0.013082196856846907 0.012718188311602792
0 0.7500825180618763 0.588501110936064 0.013082196856846907 0.012718188311602792
0 0.8410728271325895 0.5567290947029112 0.015359595809129208 0.016921219696869844
0 0.3284871282088281 0.7686361742449207 0.008818497380705755 0.010562125541068449
0 0.7827137995617036 0.5806457911310903 0.008818497380705755 0.010562125541068687
0 0.7985328651806526 0.5762063890749203 0.013082196856846907 0.012718188311602792
0 0.3813467240179572 0.7510603896132426 0.008818497380705755 0.010562125541068449
0 0.7379449550622217 0.6032844502216999 0.015359595809129208 0.016921219696869844
0 0.3399454615421614 0.7684361682926182 0.008818497380705755 0.010562125541068449
0 0.565992872349564 0.6749799924283366 0.008818497380705755 0.010562125541068449
0 0.8312126630852172 0.56730940260328 0.013082196856846907 0.012718188311602792
0 0.31966863082812236 0.7791982997859892 0.008818497380705755 0.010562125541068687
0 0.5096201453025369 0.7009436574712485 0.013082196856846907 0.012718188311602792
0 0.7291749740862532 0.6128049090961016 0.013082196856846907 0.012718188311602792
0 0.8746002260848719 0.5519805925386373 0.015359595809129208 0.016921219696869844
0 0.33216863082812237 0.7789801114743864 0.008818497380705755 0.010562125541068449
0 0.7715208704192411 0.5974942813907592 0.015359595809129208 0.016921219696869844
0 0.6260471020158852 0.6593602646148902 0.01119292914246254 0.016848490259668836
0 0.24292204025758177 0.8180074296556055 0.01535959580912915 0.016921219696869844
0 0.8943918927515385 0.5516351277119329 0.015359595809129208 0.016921219696869844
0 0.3638067620660203 0.7701013073620463 0.013082196856846907 0.012718188311602792
0 0.6333872850872891 0.6581913214331221 0.008818497380705755 0.010562125541068449
0 0.7161412936341435 0.6244814307410377 0.013082196856846907 0.012718188311602792
0 0.5166207135407801 0.707066380956147 0.015359595809129208 0.016921219696869844
0 0.737411274610112 0.6147427835550332 0.013082196856846907 0.012718188311602792
0 0.5802851072544738 0.6809754393981334 0.008818497380705755 0.010562125541068449
0 0.6110271210399166 0.6689898176450935 0.015359595809129208 0.016921219696869844
0 0.6746429983488732 0.6439405427537466 0.013082196856846907 0.012718188311602792
0 0.7086070449437908 0.6298170405894726 0.013082196856846907 0.012718188311602792
0 0.7255162936341435 0.6243177895073356 0.01119292914246254 0.016848490259668836
0 0.1280447364254571 0.8710127911266966 0.01535959580912915 0.016921219696869844
0 0.8231932503474919 0.5830616791183815 0.015359595809129208 0.016921219696869844
0 0.3635641800423341 0.7753096406953797 0.013082196856846907 0.012718188311602792
0 0.6945316978250143 0.641511744593709 0.015359595809129208 0.01692121969686961
0 0.8823998789660955 0.5632934669975689 0.015359595809129208 0.016921219696869844
0 0.6064723231353522 0.6773958804156277 0.015359595809129208 0.016921219696869844
0 0.8516578651806526 0.5752790887506087 0.015359595809129208 0.016921219696869844
0 0.24779075875775444 0.8252081845257709 0.008818497380705696 0.010562125541068449
0 0.683775416325187 0.6489852348533778 0.013082196856846907 0.012718188311602792
0 0.7103507634439633 0.6370723425375389 0.010804797904564603 0.008515156926335503
0 0.2379791111151193 0.834746825759473 0.01535959580912915 0.016921219696869844
0 0.3706132646853145 0.7803906975136113 0.01119292914246254 0.016848490259668836
0 0.36005104880443617 0.7836975211066137 0.013082196856846907 0.012718188311602792
0 0.28136667411477395 0.8194180156948304 0.008818497380705755 0.010562125541068449
0 0.7121429983488733 0.6432859778189385 0.013082196856846907 0.012718188311602792
0 0.7830990587292336 0.6170677597458233 0.015359595809129208 0.016921219696869844
0 0.7608359274913357 0.6257829226244613 0.015359595809129208 0.016921219696869844
0 0.20793914916318232 0.8540059318198794 0.017734027570885876 0.02320758441547023
0 0.8945602641329349 0.5703669453526328 0.015359595809129208 0.016921219696869844
0 0.6122371590879798 0.687703452926493 0.01119292914246254 0.016848490259668836
0 0.7937583074195865 0.6116776028194876 0.013082196856846907 0.012718188311602792
0 0.0964779437594811 0.9007067462130699 0.017734027570885904 0.02320758441547023
0 0.23432043066300967 0.846259706170707 0.017734027570885876 0.02320758441547023
0 0.6376738067306149 0.6778920763032876 0.015359595809129208 0.01692121969686961
0 0.6588467548971089 0.6702367624506164 0.017734027570885758 0.02320758441547023
0 0.8434443868239785 0.595198031932377 0.015359595809129208 0.016921219696869844
0 0.8253964386574844 0.6027987987071474 0.013082196856846907 0.012718188311602792
0 0.6248341918974543 0.685401931281557 0.015359595809129208 0.016921219696869844
0 0.8784986164902996 0.5800146807421361 0.017734027570885758 0.02320758441547023
0 0.8147857063718686 0.6071472889668165 0.019623295285270122 0.01907728246740419
0 0.8741864006094213 0.5832124101793371 0.017734027570885994 0.02320758441547023
0 0.8508330863001196 0.5929874220839421 0.015359595809129208 0.016921219696869844
0 0.956794859942064 0.5526275194872527 0.021997727047027144 0.025363647186004337
0 0.22019656713949617 0.8589960768416101 0.017734027570885876 0.02320758441547023
0 0.9417263625613583 0.5632987391841225 0.015359595809129208 0.016921219696869844
0 0.9226367477281976 0.5709176883181933 0.015359595809129208 0.016921219696869844
0 0.7739409465153673 0.6349215519535584 0.015359595809129208 0.016921219696869844
0 0.6805276892781599 0.6740215995719783 0.017734027570885758 0.02320758441547023
0 0.35026222332898566 0.8150929799810155 0.013082196856846907 0.012718188311602792
0 0.8256618428483552 0.6194472830145139 0.015359595809129208 0.016921219696869844
0 0.738692651230097 0.6542715698104657 0.015359595809129208 0.016921219696869844
0 0.747171533777642 0.651001110936064 0.015359595809129208 0.016921219696869844
0 0.793781129586771 0.6335344204601874 0.021997727047027144 0.025363647186004576
0 0.9112012365620489 0.5929745119111957 0.017734027570885758 0.02320758441547023
0 0.9004449550622217 0.6004480021708645 0.019623295285270122 0.01907728246740419
0 0.7689009845634303 0.6537442813907592 0.017734027570885994 0.02320758441547023
0 0.8463011105627396 0.6232503024951761 0.015359595809129208 0.016921219696869844
0 0.21382384009246908 0.8840869886381112 0.017734027570885876 0.02320758441547023
0 0.20842144114018682 0.888344567101279 0.021997727047027026 0.025363647186004576
0 0.7324169569925444 0.6772791482736336 0.013082196856846907 0.012718188311602792
0 0.3671942941865233 0.8314505465395783 0.015359595809129208 0.016921219696869844
0 0.24611550675913574 0.8835233354998041 0.011192929142462423 0.016848490259668836
0 0.6759471971360429 0.705326146649879 0.021997727047027144 0.025363647186004576
0 0.1133358039747288 0.9410044637456657 0.021997727047027058 0.025363647186004337
0 0.7680276892781599 0.6724942813907594 0.02001142652316806 0.02741061580073752
0 0.2585669903543985 0.884346813854868 0.017734027570885935 0.02320758441547023
0 0.28935752054457875 0.8713195254351616 0.017734027570885994 0.02320758441547023
0 0.7446258585641209 0.683310959962031 0.021997727047027144 0.025363647186004337
0 0.10456582299876031 0.9505249226200675 0.017734027570885904 0.02320758441547023
0 0.7209329294216585 0.7003776385333026 0.017734027570885758 0.02320758441547023
0 0.4756503545668836 0.804577763531655 0.021997727047027144 0.025363647186004576
0 0.2728107088545712 0.8913839274913314 0.01962329528527024 0.01907728246740419
0 0.399097829615292 0.8392202267346046 0.015359595809129208 0.016921219696869844
0 0.6834072351841058 0.7239306877754771 0.015359595809129208 0.01692121969686961
0 0.6769631695651569 0.7282064485979451 0.015359595809129208 0.016921219696869844
0 0.7828279103976269 0.6899298793345892 0.026164393713693813 0.02543637662320535
0 0.3771486189730021 0.8635422072539425 0.02853882547545048 0.031722741341805735
0 0.28472851199772437 0.9036657391797289 0.021997727047027144 0.025363647186004337
0 0.6466321091847966 0.7537155546583515 0.021997727047027144 0.025363647186004576
0 0.6335984287326869 0.7653920763032876 0.017734027570885758 0.02320758441547023
0 0.6411326774230398 0.7600564664548526 0.021997727047027144 0.025363647186004337
0 0.4265921163537078 0.8522709697001651 0.017734027570885994 0.02320758441547023
0 0.6068775323996989 0.7804299686191266 0.021997727047027144 0.025363647186004337
0 0.9145402522778147 0.6553654177553943 0.026164393713693813 0.025436376623205584
0 0.7202280055177844 0.7378594561740023 0.026164393713693813 0.025436376623205584
0 0.36656070885457115 0.8897475151543113 0.017734027570885994 0.02320758441547023
0 0.4873969142582724 0.8428830595274186 0.021997727047027026 0.025363647186004576
0 0.16158921340418822 0.9776317104992548 0.02873289109439945 0.0358894080084724
0 0.537228542876876 0.8232784886403081 0.021997727047027144 0.025363647186004576
0 0.18167197849927832 0.9710362456725505 0.02873289109439945 0.0358894080084724
0 0.9639837496585204 0.6440941802016169 0.012066224427732664 0.03559849025966884
0 0.8818832765404347 0.6861192218677343 0.02655252495159175 0.03376970995653892
0 0.8192605494934077 0.7121919810664478 0.01962329528527036 0.01907728246740419
0 0.6132959037810953 0.799052692104025 0.021997727047027144 0.025363647186004337
0 0.856809065898145 0.710495749464973 0.024275125999309446 0.02956667857127163
0 0.8299911367556824 0.7276169751141452 0.02853882547545036 0.031722741341805735
0 0.8090835927800593 0.7519207732741828 0.02873289109439933 0.03588940800847264
0 0.3407815743084075 0.9516058603922495 0.02853882547545048 0.031722741341805735
0 0.7650653165188205 0.7807912500054921 0.02873289109439933 0.0358894080084724
0 0.7331360868524991 0.7959200541178323 0.02853882547545036 0.03172274134180597
0 0.2842147816424314 0.9817361921018282 0.028247727047027146 0.025472741341805733
0 0.6602165481154646 0.8419481212169143 0.02873289109439933 0.0358894080084724
0 0.47040771078489396 0.9618330654797211 0.033093623380014967 0.04012880411234008
0 0.5008586261419135 0.9560974437266813 0.028829923903873934 0.03797274134180597