0 0.5395833333333333 0.11041666666666666 0.065625 0.1
0 0.7458333333333333 0.14166666666666666 0.05416666666666667 0.08125
0 0.42291666666666666 0.16145833333333334 0.05416666666666667 0.07708333333333334
0 0.06041666666666667 0.15729166666666666 0.053125 0.04791666666666667
0 0.9291666666666667 0.21458333333333332 0.06666666666666667 0.059375
0 0.26666666666666666 0.17916666666666667 0.027083333333333334 0.05625
0 0.6520833333333333 0.2 0.075 0.096875
0 0.6541666666666667 0.029166666666666667 0.053125 0.04375
0 0.3020833333333333 0.19583333333333333 0.053125 0.0625
0 0.7666666666666667 0.221875 0.078125 0.09166666666666666
0 0.12916666666666668 0.18958333333333333 0.040625 0.08125
0 0.03854166666666667 0.2 0.052083333333333336 0.103125
0 0.9697916666666667 0.2552083333333333 0.06041666666666667 0.09166666666666666
0 0.5614583333333333 0.24166666666666667 0.05625 0.09583333333333334
0 0.3697916666666667 0.23854166666666668 0.07916666666666666 0.11458333333333333
0 0.8989583333333333 0.265625 0.07083333333333333 0.096875
0 0.07083333333333333 0.23229166666666667 0.04583333333333333 0.06666666666666667
0 0.18958333333333333 0.240625 0.084375 0.125
0 0.45208333333333334 0.25416666666666665 0.07083333333333333 0.11458333333333333
0 0.2708333333333333 0.246875 0.078125 0.09166666666666666
0 0.38958333333333334 0.025 0.04791666666666667 0.05
0 0.6958333333333333 0.0375 0.034375 0.04791666666666667
0 0.46875 0.028125 0.053125 0.05625
0 0.515625 0.296875 0.065625 0.11458333333333333
0 0.6041666666666666 0.32708333333333334 0.07083333333333333 0.1
0 0.88125 0.05625 0.0625 0.07708333333333334
0 0.8291666666666667 0.37604166666666666 0.065625 0.1
0 0.05625 0.3375 0.06041666666666667 0.1
0 0.109375 0.34270833333333334 0.07916666666666666 0.10416666666666667
0 0.6177083333333333 0.041666666666666664 0.04375 0.075
0 0.6958333333333333 0.40625 0.08541666666666667 0.12916666666666668
0 0.24375 0.3854166666666667 0.07083333333333333 0.11458333333333333
0 0.484375 0.39791666666666664 0.04791666666666667 0.053125
0 0.928125 0.42291666666666666 0.09375 0.12083333333333333
0 0.4395833333333333 0.41041666666666665 0.065625 0.11458333333333333
0 0.378125 0.43125 0.065625 0.10416666666666667
0 0.8635416666666667 0.465625 0.08541666666666667 0.13958333333333334
0 0.5145833333333333 0.04583333333333333 0.04791666666666667 0.0625
0 0.5020833333333333 0.46979166666666666 0.07916666666666666 0.10416666666666667
0 0.052083333333333336 0.46041666666666664 0.08541666666666667 0.14375
0 0.809375 0.51875 0.084375 0.115625
0 0.7416666666666667 0.06458333333333334 0.06458333333333334 0.08541666666666667
0 0.41875 0.5489583333333333 0.07291666666666667 0.0875
0 0.6583333333333333 0.5645833333333333 0.08541666666666667 0.134375
0 0.21666666666666667 0.5541666666666667 0.10208333333333333 0.11041666666666666
0 0.3458333333333333 0.578125 0.103125 0.13958333333333334
0 0.5625 0.5916666666666667 0.09583333333333334 0.134375
0 0.11458333333333333 0.041666666666666664 0.05 0.08125
0 0.04479166666666667 0.040625 0.04583333333333333 0.08125
0 0.7104166666666667 0.6666666666666666 0.09166666666666666 0.16041666666666668
0 0.896875 0.6770833333333334 0.08125 0.1375
0 0.12395833333333334 0.6354166666666666 0.075 0.1
0 0.821875 0.6885416666666667 0.1 0.153125
0 0.42604166666666665 0.671875 0.11458333333333333 0.15833333333333333
0 0.1875 0.6708333333333333 0.125 0.09375
0 0.21041666666666667 0.05416666666666667 0.06458333333333334 0.090625
0 0.9760416666666667 0.7447916666666666 0.021875 0.14375
0 0.05416666666666667 0.7 0.10833333333333334 0.134375
0 0.6208333333333333 0.778125 0.11875 0.1625
0 0.78125 0.7885416666666667 0.115625 0.084375
0 0.16458333333333333 0.7645833333333333 0.11458333333333333 0.14791666666666667
0 0.6541666666666667 0.08958333333333333 0.06041666666666667 0.09583333333333334
0 0.871875 0.84375 0.09375 0.12083333333333333
0 0.9666666666666667 0.8791666666666667 0.025 0.11666666666666667
0 0.7479166666666667 0.8666666666666667 0.075 0.1
0 0.45729166666666665 0.08333333333333333 0.05416666666666667 0.090625
0 0.8208333333333333 0.8895833333333333 0.11458333333333333 0.07083333333333333
0 0.840625 0.10833333333333334 0.075 0.096875