0 0.5001881769541076 0.8783751599300033 0.05123640043241551 0.07141513600678759
0 0.3905393603900526 0.06002587905794184 0.04264851406887888 0.056734835561211866
0 0.6203787743508277 0.018817616804609937 0.03384243939373969 0.02955453511563615
0 0.5008962077922648 0.00552128707830454 0.035707584415470235 0.01104257415660908
0 0.8285226461049661 0.14657753055382336 0.03848184740221209 0.05668635200509069
0 0.7579256834425355 0.13386008434121688 0.042648514068878755 0.05673483556121184
0 0.16922801352835964 0.0303833564343338 0.04272124350607983 0.0607667128686676
0 0.47128025432964626 0.08824711638024538 0.038336388527810426 0.048353018671757356
0 0.5272938836587433 0.10113425503927603 0.04049245129834465 0.0525439271164846
0 0.24178103300902176 0.05030083285594091 0.051163670995214496 0.06724846934012091
0 0.09431892532486079 0.026077664438788138 0.023825784631677987 0.052155328877576276
0 0.6704802305204363 0.1317532390197618 0.04465911796501132 0.052592410672605776
0 0.6123105384208051 0.12305700880545839 0.046924274891346825 0.06303331911733305
0 0.96111050270699 0.18773439009127876 0.03840911796501132 0.052519685338423966
0 0.900821112555425 0.18114573498836928 0.046815180735545664 0.056783319117333045
0 0.8206749642861851 0.05918661855509604 0.03811820021620775 0.035853018671757345
0 0.7428408820349887 0.04342901856570161 0.033915168830940465 0.03372120178230282
0 0.3101310211044168 0.072417520846608 0.04049245129834465 0.0525439271164846
0 0.12462344264124899 0.07978337242733412 0.04264851406887888 0.056734835561211866
0 0.36539917370220454 0.128012992838972 0.04041972186114376 0.04837726044981793
0 0.6373521753259592 0.18004565324636762 0.044622753246410934 0.05050907733927244
0 0.7276317104992548 0.19878280256739847 0.042648514068878755 0.05673483556121184
0 0.9860975925342435 0.247848034532188 0.019586388527810545 0.04813484266921198
0 0.7971324594171179 0.2146373696690353 0.0446227532464107 0.05050907733927244
0 0.21579918560680955 0.10684173419266803 0.04465911796501132 0.052592410672605776
0 0.5033044577933633 0.1628592479312759 0.038481847402212326 0.05668635200509069
0 0.8634900259756807 0.23156996610442965 0.03855457683941334 0.0608530186717573
0 0.5728233890705265 0.17767214836624604 0.046815180735545664 0.056783319117333045
0 0.285172658009571 0.1299879679609715 0.04049245129834465 0.05254392711648457
0 0.934910466993175 0.25677529142800587 0.038336388527810544 0.048353018671757356
0 0.9513794935071781 0.08890938653727869 0.04041972186114388 0.04837726044981793
0 0.4178877911266966 0.16385316083176021 0.042648514068879 0.05673483556121184
0 0.9876741856068096 0.09786015542121831 0.021669721861143878 0.048159084447272585
0 0.18872112446002998 0.16651975641842542 0.046815180735545546 0.056783319117333045
0 0.5416513906942811 0.23323198748145796 0.036143961038675815 0.042078776893696754
0 0.31736050270699 0.195225099512002 0.04272124350607977 0.060901502227878504
0 0.968230890153762 0.31679196875667276 0.042648514068879 0.05673483556121184
0 0.48342715151674925 0.22766075726715454 0.042648514068879 0.05673483556121184
0 0.8819907451320314 0.3052980025461874 0.0446227532464107 0.05050907733927244
0 0.2569802007589238 0.19384477774242587 0.04692427489134694 0.06303331911733305
0 0.10535142640809617 0.1695727608741825 0.046815180735545574 0.056783319117333045
0 0.7946543863657334 0.29694115722473224 0.046924274891346825 0.06303331911733305
0 0.6502990963222721 0.2736259607999435 0.04681518073554543 0.056783319117333045
0 0.7167112099587356 0.28743355723533787 0.051018212120812714 0.058915136006787584
0 0.4010809377721819 0.23174330750054797 0.04264851406887888 0.05673483556121184
0 0.5462597061707071 0.26754638303630646 0.051018212120812714 0.058915136006787584
0 0.6812916369051543 0.04935248435182244 0.038336388527810544 0.04835301867175734
0 0.47707332954750165 0.29334636171230605 0.04692427489134694 0.06303331911733305
0 0.5756134686169296 0.3161532105877612 0.05536670238048155 0.06938028622957546
0 0.24962107684161 0.2574591697432743 0.0361439610386757 0.04207877689369681
0 0.17692259848654604 0.2458076319753951 0.03840911796501132 0.052519685338423966
0 0.39801575703663633 0.28801754927860856 0.042648514068879 0.05673483556121184
0 0.3305437943742059 0.27526374039891116 0.04272124350607977 0.060901502227878504
0 0.07405215151674922 0.2324242666560611 0.046815180735545574 0.056783319117333045
0 0.7239172370154549 0.3519199234564288 0.04465911796501132 0.052592410672605776
0 0.8743952505438145 0.38245406121370246 0.042648514068878755 0.05673483556121184
0 0.6532293625565233 0.3444108105771556 0.038336388527810544 0.0483530186717573
0 0.9511331190504435 0.40134878209212727 0.038336388527810544 0.0483530186717573
0 0.8026111623403157 0.3780820692234596 0.042648514068879 0.05673483556121184
0 0.5493817997837922 0.029016837258670103 0.036143961038675815 0.042078776893696754
0 0.6679816093101125 0.3942289972417012 0.046815180735545664 0.056783319117333045
0 0.15189150595449935 0.3075447457564252 0.04049245129834465 0.05254392711648469
0 0.23895512933129393 0.3315265910778803 0.04692427489134694 0.06303331911733305
0 0.6033255465395783 0.3991471590282462 0.051018212120812714 0.058915136006787584
0 0.062380902058366924 0.3044204755463641 0.05116367099521451 0.06724846934012092
0 0.9396073284664631 0.4650116576490968 0.04272124350607977 0.060901502227878504
0 0.8387838501113992 0.45368738388503554 0.04041972186114388 0.04837726044981802
0 0.7473717364749357 0.44017068878636834 0.032050023809209925 0.04619696000424227
0 0.33003996050035334 0.36379328617654755 0.04049245129834465 0.05254392711648457
0 0.42867101136628255 0.3813918017186694 0.042648514068879 0.05673483556121184
0 0.4909164583360794 0.39524788171018493 0.05123640043241551 0.07141513600678759
0 0.49004316450239277 0.02762439460006367 0.0361439610386757 0.04207877689369675
0 0.08532102327088757 0.3624750284320006 0.0403106277053424 0.0421272604498179
0 0.8212989772762224 0.5007563181095203 0.05123640043241551 0.07141513600678759
0 0.17965813095504857 0.3874136941969103 0.05543943181768256 0.07354695289624212
0 0.5232679442672005 0.4511100132612154 0.04692427489134706 0.06303331911733305
0 0.2553543327950109 0.4063205359643653 0.04264851406887888 0.05673483556121184
0 0.784821920996313 0.08459872878212613 0.04049245129834465 0.0525439271164846
0 0.31959220130164 0.4253607075111535 0.042648514068879 0.05673483556121184
0 0.741017914505688 0.5058562932315199 0.042648514068878755 0.05673483556121184
0 0.46482551677806583 0.45803878304691203 0.0449136709952145 0.0671757440059391
0 0.4013383971892998 0.4556531572777601 0.0509454826836117 0.05474846934012092
0 0.9068663750038445 0.5507919509866724 0.03840911796501132 0.052519685338423966
0 0.662892914505688 0.5067653599087921 0.04681518073554543 0.056783319117333045
0 0.07318994264344585 0.4011500248780005 0.04462275324641087 0.05050907733927244
0 0.5995512537913238 0.49604640080630685 0.05109094155801349 0.06308180267345426
0 0.2841749940476975 0.00993110131551597 0.04415001190460496 0.01986220263103194
0 0.41517044101749434 0.021205431943578355 0.0361439610386757 0.04207877689369675
0 0.19676590584419865 0.005219724432424796 0.03980152164493607 0.010439448864849592
0 0.9196567521653723 0.11635634654152091 0.04049245129834465 0.052543927116484625
0 0.20910807738432613 0.4901750675260014 0.05543943181768256 0.07354695289624212
0 0.4799830476228137 0.5443031821557606 0.0449136709952145 0.06717574400593923
0 0.09688081277382952 0.47585912354127335 0.05536670238048161 0.06938028622957546
0 0.6299772348489842 0.06557140791430698 0.04049245129834465 0.0525439271164846
0 0.7372799864760341 0.6006722016762471 0.04465911796501132 0.05259241067260566
0 0.580515608229074 0.5722941225864885 0.04074700432854783 0.06712726044981802
0 0.30121639286075197 0.5234713084023049 0.05123640043241551 0.07141513600678759
0 0.3443552900434612 0.023133383089334335 0.0487894199130776 0.04626676617866867
0 0.7088893484854476 0.07923355368133776 0.038336388527810544 0.048353018671757356
0 0.8358564902640626 0.621395717218369 0.04272124350607977 0.060901502227878504
0 0.38630577706001457 0.5412273955018206 0.04692427489134694 0.06303331911733305
0 0.6541466590950032 0.5901835394653375 0.0449136709952145 0.067175744005939
0 0.9291337489222568 0.6473881705389756 0.051163670995214496 0.06724846934012092
0 0.024206701570801157 0.4819280399957578 0.048413403141602314 0.06724846934012092
0 0.8499559972952068 0.11196011277321745 0.04465911796501132 0.052592410672605776
0 0.338339835502001 0.604272835508184 0.051163670995214496 0.06724846934012092
0 0.6736163154808196 0.6680661216847316 0.051163670995214496 0.06724846934012092
0 0.5106564843117601 0.6366357679291548 0.046924274891346825 0.06303331911733305
0 0.15231787879187308 0.5814424746446071 0.05543943181768256 0.07354695289624212
0 0.5903738939439873 0.6638274594738219 0.05123640043241551 0.07141513600678759
0 0.23844892965780234 0.5991864408550924 0.05123640043241539 0.07141513600678759
0 0.7502450898316473 0.6932108425631562 0.05123640043241551 0.07141513600678759
0 0.1279977234848984 0.0066613804370912475 0.03983788636353651 0.013322760874182495
0 0.056684551410842235 0.571099263102061 0.05109094155801361 0.06308180267345426
0 0.4293701195931597 0.6396645306068511 0.05536670238048155 0.06938028622957546
0 0.9265465817150708 0.7359419580946726 0.05123640043241551 0.07141513600678759
0 0.8496632543340399 0.7253805705495812 0.04498640043241551 0.07134241067260566
0 0.6749412619100971 0.7711547590176406 0.05123640043241551 0.07141513600678759
0 0.4028973484898414 0.7243304319435784 0.04692427489134694 0.06303331911733305
0 0.8711071498973884 0.8094889109909147 0.04272124350607977 0.06090150222787874
0 0.47656476407437104 0.740136515489094 0.051163670995214496 0.06724846934012092
0 0.20245569968008217 0.6922947635264255 0.051163670995214496 0.06724846934012092
0 0.11729358604361867 0.6787053430935767 0.05536670238048161 0.06938028622957546
0 0.7775571558496908 0.799121457670308 0.04272124350607977 0.060901502227878504
0 0.5729852050918655 0.765050939475943 0.04681518073554543 0.056783319117333045
0 0.01632938041343087 0.6632871279970305 0.03265876082686174 0.056759077339272324
0 0.28197310336000686 0.730944788404426 0.051163670995214496 0.06724846934012092
0 0.560198478355064 0.008785312407183532 0.023316678571271628 0.017570624814367063
0 0.1860904951353266 0.7945477893061831 0.05543943181768256 0.07354695289624212
0 0.09888141288413023 0.7788992773180613 0.04692427489134694 0.06303331911733305
0 0.3594488106117525 0.8268986008381236 0.05543943181768256 0.07354695289624212
0 0.8535911845301648 0.9180040576597024 0.05536670238048155 0.06938028622957546
0 0.7445071022789683 0.9026100843412169 0.04272124350607977 0.060901502227878504
0 0.022739202654036547 0.7694037982176972 0.045478405308073094 0.06724846934012069
0 0.26694048323072167 0.8165190266284866 0.046815180735545546 0.056783319117333045
0 0.5440836358285093 0.8695327492573974 0.05543943181768256 0.07354695289624212
0 0.6468268062832045 0.890207781243398 0.05123640043241551 0.07141513600678759