0 0.10245136007865586 0.3024928865251851 0.08498863523513525 0.12684262461981485
0 0.6968349454106078 0.23038835866481422 0.06090757485477478 0.10130923328250005
0 0.5324913220305928 0.2737539214809255 0.0744749357589941 0.12451684067861114
0 0.8587299263865764 0.21725537424282332 0.07878427956950465 0.08299564437666677
0 0.3450369663649621 0.3218195423010182 0.08498863523513525 0.12684262461981485
0 0.19278238957986452 0.35137674278180536 0.05397834518845356 0.08658042958444448
0 0.03799793396826935 0.38413167844495366 0.0759958679365387 0.09961382092175934
0 0.5677852616502325 0.2979053443533791 0.07190643837828835 0.11405168389037038
0 0.3977966572942489 0.35076713247342556 0.05833907747406914 0.09084407649425934
0 0.23052209953318278 0.3900387638052313 0.07578200661653169 0.10789866413351858
0 0.7486471304123345 0.3020200371097678 0.05586761290283799 0.08246225303935191
0 0.8981876606025148 0.28605299341722146 0.07428087014004513 0.12035017401194446
0 0.3417121566052774 0.4155452972402312 0.08498863523513525 0.12684262461981485
0 0.7303052117470492 0.36071704635490676 0.07597607223548053 0.11206533080018524
0 0.8130820424610882 0.34838501988606413 0.08232310504495502 0.11429413449824087
0 0.5357047386289635 0.4058273826005088 0.08648977171162169 0.11439111474138895
0 0.06515675958331782 0.500022503166435 0.09734595809129146 0.1687517418943519
0 0.18410082520226678 0.4930918995700461 0.09758566804460973 0.12921689868259253
0 0.8711214052956302 0.3980204730270826 0.09172379928250768 0.1374047616512037
0 0.9423913862715987 0.3869968088935641 0.08504002371024035 0.1726274678315742
0 0.4213097267738434 0.49381402571060146 0.10955485966286803 0.1627926826237965
0 0.044327811553415676 0.589291521656713 0.08865562310683135 0.20460481965518534
0 0.7138496887257804 0.4682754086902309 0.10558225861515022 0.16686236904731486
0 0.523632770060495 0.530972852965231 0.09734595809129148 0.1687517418943519
0 0.136709222776606 0.6169783686681943 0.12321925337656173 0.18808362335324086
0 0.3110556873478372 0.6045961101834256 0.10034823104426446 0.1438487221375001
0 0.7904935023461107 0.5205994507370826 0.10509709456777803 0.1564457023806483
0 0.9188839065369815 0.5342597298661567 0.06376717066390399 0.11802439007074075
0 0.3556306206241289 0.20607331699708306 0.0852797336635587 0.13309262461981486