0 0.365625 0.371875 0.04375 0.06875
0 0.8208333333333333 0.32083333333333336 0.021875 0.029166666666666667
0 0.9458333333333333 0.3125 0.05625 0.08958333333333333
0 0.47291666666666665 0.3729166666666667 0.04791666666666667 0.1
0 0.796875 0.3375 0.03958333333333333 0.059375
0 0.35104166666666664 0.4270833333333333 0.035416666666666666 0.06666666666666667
0 0.5666666666666667 0.403125 0.041666666666666664 0.05416666666666667
0 0.7375 0.38229166666666664 0.05 0.08333333333333333
0 0.9125 0.3645833333333333 0.04583333333333333 0.08333333333333333
0 0.834375 0.3770833333333333 0.04583333333333333 0.078125
0 0.28125 0.45208333333333334 0.03958333333333333 0.06875
0 0.09791666666666667 0.4791666666666667 0.04583333333333333 0.07291666666666667
0 0.21458333333333332 0.4791666666666667 0.034375 0.058333333333333334
0 0.16458333333333333 0.4875 0.027083333333333334 0.06666666666666667
0 0.46458333333333335 0.46041666666666664 0.03958333333333333 0.06875
0 0.1875 0.5020833333333333 0.04583333333333333 0.08333333333333333
0 0.25416666666666665 0.49270833333333336 0.04583333333333333 0.078125
0 0.5697916666666667 0.45729166666666665 0.040625 0.078125
0 0.9666666666666667 0.4083333333333333 0.052083333333333336 0.0875
0 0.3416666666666667 0.4875 0.05 0.07291666666666667
0 0.6135416666666667 0.4552083333333333 0.053125 0.096875
0 0.2833333333333333 0.5083333333333333 0.04583333333333333 0.07291666666666667
0 0.75625 0.45729166666666665 0.040625 0.078125
0 0.39375 0.5041666666666667 0.053125 0.07083333333333333
0 0.8020833333333334 0.4583333333333333 0.04375 0.06875
0 0.10833333333333334 0.5604166666666667 0.05625 0.09375
0 0.4427083333333333 0.05416666666666667 0.03958333333333333 0.059375
0 0.46875 0.052083333333333336 0.022916666666666665 0.04375
0 0.8104166666666667 0.021875 0.04375 0.04375
0 0.4510416666666667 0.534375 0.04583333333333333 0.07291666666666667
0 0.8510416666666667 0.4895833333333333 0.05416666666666667 0.07916666666666666
0 0.6791666666666667 0.5145833333333333 0.04583333333333333 0.07291666666666667
0 0.7385416666666667 0.5083333333333333 0.052083333333333336 0.09166666666666666
0 0.421875 0.5489583333333333 0.05416666666666667 0.07916666666666666
0 0.26458333333333334 0.5729166666666666 0.05 0.08333333333333333
0 0.5864583333333333 0.5385416666666667 0.05416666666666667 0.07916666666666666
0 0.178125 0.5958333333333333 0.052083333333333336 0.09166666666666666
0 0.20833333333333334 0.5958333333333333 0.058333333333333334 0.09791666666666667
0 0.5447916666666667 0.052083333333333336 0.046875 0.05416666666666667
0 0.6666666666666666 0.584375 0.052083333333333336 0.09166666666666666
0 0.484375 0.6333333333333333 0.046875 0.09166666666666666
0 0.428125 0.6395833333333333 0.058333333333333334 0.10625
0 0.8854166666666666 0.6208333333333333 0.05625 0.08958333333333333
0 0.2552083333333333 0.7354166666666667 0.065625 0.08958333333333333
0 0.5458333333333333 0.7145833333333333 0.06666666666666667 0.10833333333333334
0 0.07604166666666666 0.7875 0.065625 0.09375
0 0.9541666666666667 0.7083333333333334 0.05416666666666667 0.084375
0 0.7177083333333333 0.04895833333333333 0.03333333333333333 0.040625
0 0.052083333333333336 0.8229166666666666 0.04375 0.10416666666666667
0 0.22916666666666666 0.8041666666666667 0.06458333333333334 0.11041666666666666
0 0.6239583333333333 0.7666666666666667 0.07708333333333334 0.109375
0 0.2875 0.8197916666666667 0.05625 0.09375
0 0.18125 0.846875 0.084375 0.13333333333333333
0 0.7145833333333333 0.8020833333333334 0.07916666666666666 0.096875
0 0.6145833333333334 0.06666666666666667 0.034375 0.053125
0 0.6770833333333334 0.06041666666666667 0.03333333333333333 0.04791666666666667
0 0.8854166666666666 0.8 0.06458333333333334 0.11041666666666666
0 0.6135416666666667 0.8520833333333333 0.065625 0.09791666666666667
0 0.3416666666666667 0.10416666666666667 0.0375 0.05
0 0.10208333333333333 0.93125 0.05625 0.09375
0 0.459375 0.8916666666666667 0.035416666666666666 0.071875
0 0.27708333333333335 0.921875 0.06875 0.1125
0 0.07916666666666666 0.9385416666666667 0.06666666666666667 0.12291666666666666
0 0.7083333333333334 0.8708333333333333 0.08333333333333333 0.11875
0 0.5010416666666667 0.9020833333333333 0.07083333333333333 0.090625
0 0.9489583333333333 0.853125 0.07083333333333333 0.13541666666666666
0 0.24166666666666667 0.9666666666666667 0.058333333333333334 0.06666666666666667
0 0.815625 0.052083333333333336 0.0375 0.04583333333333333
0 0.15 0.134375 0.0375 0.05416666666666667
0 0.846875 0.9166666666666666 0.07291666666666667 0.08541666666666667
0 0.48333333333333334 0.9625 0.06875 0.075
0 0.38958333333333334 0.9729166666666667 0.053125 0.053125
0 0.55 0.9635416666666666 0.058333333333333334 0.07083333333333333
0 0.5645833333333333 0.09270833333333334 0.04375 0.059375
0 0.5260416666666666 0.1 0.035416666666666666 0.06666666666666667
0 0.6354166666666666 0.08645833333333333 0.022916666666666665 0.04375
0 0.503125 0.11041666666666666 0.034375 0.053125
0 0.209375 0.14791666666666667 0.04375 0.059375
0 0.10625 0.16041666666666668 0.03333333333333333 0.04375
0 0.88125 0.07083333333333333 0.04375 0.06875
0 0.16458333333333333 0.16354166666666667 0.03958333333333333 0.059375
0 0.5979166666666667 0.11458333333333333 0.034375 0.053125
0 0.4479166666666667 0.13854166666666667 0.04375 0.06875
0 0.65 0.12291666666666666 0.0375 0.05416666666666667
0 0.26458333333333334 0.17916666666666667 0.034375 0.058333333333333334
0 0.125 0.20104166666666667 0.03958333333333333 0.06458333333333334
0 0.20833333333333334 0.19270833333333334 0.04791666666666667 0.059375
0 0.3770833333333333 0.18125 0.04375 0.06875
0 0.7020833333333333 0.15520833333333334 0.046875 0.05416666666666667
0 0.5041666666666667 0.18229166666666666 0.04583333333333333 0.08333333333333333
0 0.6 0.17083333333333334 0.035416666666666666 0.06666666666666667
0 0.16041666666666668 0.22395833333333334 0.05 0.08333333333333333
0 0.428125 0.19375 0.0375 0.05416666666666667
0 0.41354166666666664 0.2125 0.03958333333333333 0.06875
0 0.6645833333333333 0.190625 0.04375 0.06458333333333334
0 0.121875 0.26458333333333334 0.03958333333333333 0.06458333333333334
0 0.31145833333333334 0.24270833333333333 0.035416666666666666 0.06666666666666667
0 0.37083333333333335 0.24791666666666667 0.03125 0.0625
0 0.246875 0.27708333333333335 0.04375 0.06875
0 0.5604166666666667 0.24270833333333333 0.04583333333333333 0.078125
0 0.33958333333333335 0.27708333333333335 0.04375 0.06875
0 0.46458333333333335 0.2708333333333333 0.034375 0.058333333333333334
0 0.20520833333333333 0.30833333333333335 0.04375 0.06875
0 0.3 0.29583333333333334 0.0375 0.05416666666666667
0 0.5041666666666667 0.27291666666666664 0.04583333333333333 0.078125
0 0.07604166666666666 0.3333333333333333 0.05416666666666667 0.084375
0 0.4270833333333333 0.28958333333333336 0.04583333333333333 0.08333333333333333
0 0.8510416666666667 0.2604166666666667 0.040625 0.07291666666666667
0 0.46041666666666664 0.315625 0.04375 0.059375
0 0.27708333333333335 0.340625 0.04791666666666667 0.096875
0 0.328125 0.33645833333333336 0.04583333333333333 0.078125
0 0.596875 0.30416666666666664 0.05416666666666667 0.084375
0 0.696875 0.31354166666666666 0.04583333333333333 0.078125