0 0.5563069128775396 0.1629761160415437 0.04067427489134682 0.06388228045904837
0 0.4482281325744095 0.18134253273648301 0.03215911796501132 0.053174607379950466
0 0.47322813257440954 0.18046951349918935 0.03650760822468027 0.06373677725283275
0 0.3253478306263433 0.187718210653177 0.05112730627661411 0.06632937180792074
0 0.7308107169898796 0.18815135718204173 0.059678827921550236 0.07912037822035198
0 0.4923054150418136 0.1985647490712191 0.04918943181768256 0.07458995353814626
0 0.1590084464270807 0.21228833890180165 0.06190762012928523 0.08752646315679312
0 0.5226046601716481 0.20271818415948922 0.05975155735875101 0.08328704488701864
0 0.5810289053014824 0.2058894726058039 0.06391822402541768 0.08343254809323426
0 0.6779584523793832 0.20563152306129087 0.06815762012928511 0.08774471796611655
0 0.4292001249983523 0.2257836729660072 0.0386636709952145 0.06797619552260722
0 0.7656948230502861 0.2161176223974296 0.048971243506079766 0.06208995353814627
0 0.8147077034615202 0.21753295972439612 0.04465911796501132 0.053611116998597316
0 0.1282857348467873 0.24358794628175212 0.042830337661881164 0.06812169872882284
0 0.3887024015134539 0.23449399589327616 0.05346519264015062 0.08098545674436189
0 0.9303690681801206 0.21557857908524614 0.05339246320294962 0.07681879007769522
0 0.2711213446952222 0.24589612813553394 0.042830337661881164 0.06812169872882284
0 0.41181907413242314 0.2451520615924236 0.04725155735875101 0.08285053526837179
0 0.32431907413242306 0.24820762892295148 0.05112730627661411 0.06632937180792074
0 0.05355847023629068 0.26183200399363316 0.0493712554106848 0.08500662020481294
0 0.9536130173141913 0.23352831145106023 0.059678827921550236 0.07912037822035198
0 0.09531604869945846 0.2655853052648104 0.04060154545414605 0.059715613792381696
0 0.20156604869945846 0.2618749735063121 0.053465192640150566 0.08098545674436189
0 0.47660241341805887 0.25435509522941485 0.021306074675139303 0.02781084936441142
0 0.6694016585478935 0.252833905275276 0.06384549458821691 0.0792658814265676
0 0.8402713565998271 0.24895160715376907 0.04717882792155024 0.07868386860170512
0 0.7246463565998271 0.2529893211262524 0.061907620129285114 0.08752646315679312
0 0.9090759036777278 0.24967580425121141 0.05752276515101589 0.07488095995057745
0 0.15593272131842764 0.27493384210801725 0.05752276515101589 0.0748809599505775
0 0.2632971174222952 0.2753538012146318 0.04911670238048167 0.0704232868714796
0 0.8591668154742289 0.25663017605913213 0.059969745670353805 0.09578704488701864
0 0.606041815474229 0.2654694958367308 0.0577045887440183 0.08529762661724417
0 0.4956251488075623 0.26932533080144455 0.044768212120812716 0.0598611169985972
0 0.8206615135261628 0.2600594140499599 0.05533033766188116 0.06855820834746969
0 0.4499009096300303 0.27717586606981637 0.049116702380481554 0.0704232868714796
0 0.5561690919893306 0.27450720097798487 0.05123640043241551 0.07257937180792075
0 0.37082515475986483 0.2851487603212464 0.049116702380481554 0.07042328687147949
0 0.23127818614513193 0.29210645106280286 0.04038335714254331 0.0472156137923817
0 0.7875827332230327 0.2758067730330182 0.04889851406887876 0.0579232868714796
0 0.5219577332230326 0.2850826024292637 0.05123640043241551 0.07257937180792075
0 0.8826107705606022 0.2860382417582796 0.04465911796501132 0.053611116998597316
0 0.04739410984623806 0.3266699679378438 0.053574286795951914 0.08723545674436188
0 0.16521153733537275 0.3288095023622527 0.05752276515101589 0.0748809599505775
0 0.2860448706687061 0.32458990938199983 0.05310154545414605 0.06015212341102855
0 0.08293805302800632 0.3327248573516777 0.05996974567035374 0.09578704488701864
0 0.7278388138504742 0.3164582361898113 0.04487730627661411 0.06611111699859731
0 0.6632372981578408 0.31767186921948665 0.03628941991307736 0.051236777252832745
0 0.5830289648245074 0.32047280593913724 0.023571231601474806 0.0383002676341859
0 0.3528206314911741 0.32851185808255 0.0535379220773514 0.08515212341102843
0 0.7674039648245075 0.31403428906409625 0.048971243506079766 0.06208995353814615
0 0.47785699620977456 0.3262300952294149 0.048971243506079766 0.06208995353814615
0 0.4018153295431079 0.3288855287428499 0.057704588744018064 0.08529762661724417
0 0.19872669426170836 0.33806214337919444 0.05138185930681723 0.08091270514125408
0 0.6925130589803088 0.3229033467759773 0.04465911796501132 0.053611116998597316
0 0.6008282099543419 0.3250627506460542 0.03632578463167799 0.05332011058616608
0 0.7925494236989093 0.3214946031601359 0.049116702380481554 0.0704232868714796
0 0.44368200216207704 0.33888883001402703 0.05533033766188116 0.06855820834746969
0 0.8718433668806774 0.32602170890870585 0.0320136590906093 0.04484127404661713
0 0.8166713982659446 0.3300329597243961 0.06391822402541768 0.08343254809323426
0 0.14066609631787844 0.35572418826621305 0.05123640043241539 0.07257937180792075
0 0.5386736747810462 0.34703696540595513 0.06391822402541768 0.08343254809323426
0 0.6376683728329801 0.34566459759166757 0.04060154545414605 0.05971561379238158
0 0.23978807088491377 0.36164348711859223 0.05123640043241539 0.07257937180792075
0 0.9727190265140031 0.3390507954199821 0.05456194697199379 0.07710979649012645
0 0.3304676179628145 0.3616037923834026 0.05317427489134694 0.0643187900776951
0 0.6617903474000154 0.3542029541559278 0.03179547077900675 0.03234127404661713
0 0.8962198944779161 0.3491433988062994 0.06391822402541768 0.08343254809323426
0 0.18167292586318318 0.37618053200561086 0.07243338095175329 0.09414022117233216
0 0.6744176239151171 0.3610581112039476 0.05317427489134682 0.06431879007769521
0 0.5744903533523178 0.36871685481978905 0.042830337661881164 0.06812169872882284
0 0.48390171807091836 0.37396488288831203 0.05752276515101589 0.07488095995057738
0 0.6059221769453201 0.37804224743983866 0.057704588744018064 0.08529762661724405
0 0.2913752083305872 0.3911110728424509 0.04067427489134694 0.06388228045904837
0 0.9834084285701733 0.36889537073777645 0.03318314285965348 0.07429894712571503
0 0.3820911201270884 0.3931547114405946 0.05346519264015062 0.08098545674436189
0 0.40511688094955645 0.39860444380640875 0.0535379220773514 0.08515212341102855
0 0.718731277053424 0.3918219942053503 0.05346519264015062 0.08098545674436189
0 0.1396009751053578 0.4141302732026542 0.0723970162331528 0.09205688783899883
0 0.9188585535685256 0.39212950697366744 0.06826671428508652 0.09399471796611654
0 0.8032335535685255 0.39616722094615076 0.05781368289981946 0.09154762661724417
0 0.36163961633905983 0.41575722747167265 0.04725155735875101 0.08285053526837179
0 0.7523009810576603 0.404199635222292 0.07243338095175318 0.09414022117233216
0 0.5418843143909936 0.41154754713618064 0.06629247510755458 0.10017196636300874
0 0.4335509810576603 0.4153306304977866 0.07053187121142225 0.10448413623589102
0 0.3117305281355609 0.4227115992795934 0.05795914177422124 0.0998809599505775
0 0.2503085595208281 0.42694110490460707 0.05138185930681717 0.08091270514125408
0 0.22327977326539544 0.43101187574500854 0.059497004328547834 0.0687037115536853
0 0.6441858360359297 0.4204827185838981 0.06855763203389031 0.11066138463278322
0 0.8786335654731305 0.4164648299009363 0.06611065151455241 0.08975529969634195
0 0.6193131125510313 0.42864740448785843 0.04918943181768256 0.07458995353814615
0 0.06099796157699814 0.4491865007874176 0.08091217315948841 0.10276456091809673
0 0.49230250865489883 0.4372519189441013 0.06629247510755458 0.10017196636300861
0 0.9670690443709107 0.42364405022930557 0.06586191125817867 0.1087963061087733
0 0.34476767153353693 0.46429228276475576 0.07955613419816411 0.14435847598165547
0 0.5802388852781043 0.4591963516135734 0.0683758084408879 0.10024471796611654
0 0.6844055519447709 0.4555587714581831 0.08551521644936054 0.12791006412431236
0 0.17715024999670473 0.47535712014826753 0.06848490259668931 0.10649471796611655
0 0.3865797970746054 0.4711705840359329 0.06417277705562086 0.0980158814265676
0 0.28447828138197184 0.4736937459215488 0.06629247510755458 0.10017196636300874
0 0.8234745070311441 0.48092912318484715 0.06611065151455241 0.08975529969634206
0 0.12667223646834508 0.5094312010910755 0.08551521644936051 0.12791006412431236
0 0.08301314826484621 0.5161673180896729 0.06848490259668934 0.10649471796611655
0 0.7403048149315128 0.4932141873091595 0.07911975757495876 0.11935847598165547
0 0.869835128784184 0.5095369212498088 0.06826671428508652 0.09399471796611654
0 0.5116290719659523 0.5293418636510183 0.07911975757495876 0.11935847598165547
0 0.4553608896066521 0.5302644902682625 0.07707278896022582 0.12136905771188099
0 0.2179154366845528 0.5416831730225525 0.08544248701215966 0.12374339745764568
0 0.6121381780263586 0.5550164533685102 0.08957278896022582 0.12180556733052797
0 0.7975548446930253 0.5485415606919154 0.0809849025966893 0.1069312275847634
0 0.5538957564895265 0.5622618315888622 0.09636825973923256 0.15327382213985127
0 0.9084260703421977 0.5707273923938682 0.10258189502063217 0.15140874361584147
0 0.07825410172746479 0.6018022395656629 0.08551521644936051 0.12791006412431236
0 0.9740982497275434 0.5766235470230899 0.05180350054491309 0.11662037822035197
0 0.2900760822468026 0.6152512851835538 0.08127582034549287 0.12359789425143006
0 0.708184427484741 0.623581255427105 0.07911975757495876 0.11935847598165547
0 0.1603950373331759 0.6500065937111251 0.08562431060516189 0.13416006412431233
0 0.40737913148897725 0.6476355287428499 0.08149400865709566 0.13609789425142982
0 0.6247003630904521 0.6775693620196378 0.10693038528030124 0.16197091348872378
0 0.8208609788911896 0.6894807113275039 0.09399400865709566 0.13653440387007693
0 0.046442814388796744 0.7498776410169418 0.06932129112449976 0.1544113846327832
0 0.5854788517307601 0.10254621779648049 0.05339246320294962 0.07681879007769518
0 0.39105083225009796 0.13018182602039385 0.057704588744018064 0.08529762661724413
0 0.2893311461027691 0.15457998790600977 0.05138185930681729 0.08091270514125408
0 0.2550834226178707 0.16307205602395528 0.059497004328547834 0.0687037115536853