0 0.7265482001016667 0.07428599427278247 0.07761846656500021 0.11643058344622809
0 0.274270035334861 0.15104908638690417 0.0774729962002778 0.11018058344622807
0 0.010681620440972156 0.20559490275896197 0.02136324088194431 0.10131019448207604
0 0.047379791540647975 0.19935376149567494 0.07296689868259267 0.0953788843658821
0 0.323085511145 0.020522063169764782 0.05290766540009268 0.03814623850432507
0 0.11835859523870355 0.18939154379645953 0.062550232015926 0.09483296999835046
0 0.014751306864490672 0.206418203678616 0.029502613728981344 0.08716359264276802
0 0.6557867310035184 0.11961028720191137 0.07078658510611126 0.09110303482570907
0 0.23170630141907392 0.19177441052369754 0.0688487221375001 0.09724385195220275
0 0.528706010511713 0.006416764662140528 0.038421312309907425 0.012833529324281057
0 0.4014252329033795 0.18600100633293118 0.08847154432583343 0.13572649781375976
0 0.9389988390329165 0.10996974973838304 0.03178513323166688 0.11402856022908872
0 0.7781700063328701 0.13608516433170423 0.0926382109925001 0.13594486356077246
0 0.18388574404837943 0.2348560251775901 0.06245325177277786 0.09066630333168367
0 0.8939162316368054 0.12481718151876926 0.08411091717287036 0.12717479873341375
0 0.5941820563582868 0.17381825720026178 0.07747299620027803 0.11018058344622807
0 0.36334335144449054 0.21296629805604522 0.06293815298851868 0.11149963666501712
0 0.4656691353856942 0.1971996705875681 0.07994425050620381 0.12695643298640108
0 0.09362354901300902 0.26871755540502923 0.08595179989833343 0.11686731494025343
0 0.3201016267738423 0.23812121362959177 0.1036852492396297 0.16357411126163748
0 0.17996065704240716 0.26939479948784956 0.055378919706018576 0.054922088044497976
0 0.5441569403503238 0.22221738806099403 0.07306387892574075 0.09954555103254871
0 0.6871319693523146 0.20328002789247665 0.09690185790231472 0.1403298959744518
0 0.029309524189861002 0.30664099879398515 0.058619048379722004 0.10755133574536302
0 0.14183028546194418 0.298443424544297 0.07035017401194447 0.07235303482570904
0 0.6213416086626852 0.007358107192013811 0.057316782674629724 0.014716214384027622
0 0.6309538335874997 0.24784004070706125 0.07495325177277769 0.09132140057272171
0 0.268574187944259 0.3063666025937438 0.06206533080018524 0.07399963666501712
0 0.5095143737344905 0.28021431403709535 0.07306387892574075 0.09954555103254871
0 0.091834640197824 0.07737843735888156 0.042636469098148194 0.04385032413679338
0 0.2209233459990738 0.34215655058096967 0.06695934929046304 0.10546800241202968
0 0.0869838861460645 0.37518592115204186 0.07345179989833343 0.11621221769921537
0 0.38250290463634234 0.3284865445508954 0.06666840856101856 0.09296800241202968
0 0.027831446429027653 0.388987256897405 0.055662892858055306 0.19702548620519
0 0.580419571303009 0.3181141715677934 0.0926382109925001 0.13594486356077246
0 0.4083324623861574 0.02890849276391077 0.04530168389037049 0.05781698552782154
0 0.033210366135046215 0.09293555781705895 0.057365272796203744 0.050864604251337715
0 0.793168118541111 0.004964942711587376 0.059497096251111256 0.009929885423174752
0 0.9044748848794906 0.29696956807089153 0.11022618996907406 0.17640165988215653
0 0.4846581022048608 0.3647486589789984 0.0776184665650001 0.11643058344622806
0 0.16484131953023112 0.4272869719588011 0.10790040602787047 0.1658758103419835
0 0.6722308373872219 0.3517972003634282 0.08832607396111124 0.12947649781375978
0 0.26072314298513855 0.4201812264441764 0.08779268262379639 0.1065598311470931
0 0.14067174822722214 0.08002097316481599 0.05998199746685191 0.07389045379151073
0 0.36850667844495366 0.040059929142566966 0.0624047616512037 0.08011985828513393
0 0.33468147631847184 0.4163052344347014 0.09462456408268534 0.13188737976761214
0 0.6887832463273611 0.01712410598599894 0.06410017401194447 0.03424821197199788
0 0.08795107573601811 0.46773048017511576 0.13008972087092605 0.13582682195055315
0 0.9493869059029163 0.33415087818708555 0.08755197391027801 0.18561731494025344
0 0.5761377759626389 0.026322043570670008 0.06439111474138884 0.052644087141340015
0 0.8160527016224071 0.3858756573214045 0.09922764184351868 0.1508557455146248
0 0.43581925228111074 0.451580273632891 0.09699883814546303 0.14449656264111846
0 0.55347909549287 0.4474947746131163 0.09680487765916676 0.13616322930778513
0 0.24386077393782363 0.5188621732253874 0.11817160232981495 0.1601717247095152
0 0.3720585091201848 0.5090224265047477 0.07064111474138896 0.08485303482570904
0 0.7496267436692589 0.4684269930667676 0.0799442505062037 0.12695643298640108
0 0.4684339432625926 0.04697831448867441 0.07563211347481484 0.09395662897734881
0 0.6625622838162496 0.4989997489839472 0.1562534837887038 0.18713701643262912
0 0.009519599417546263 0.10570408563246832 0.019039198835092527 0.05942516206839669
0 0.08075377647097172 0.5981571792554619 0.06235627152962972 0.086499636665017
0 0.0439872249248146 0.6025879443691813 0.0879744498496292 0.1823241112616375
0 0.01155444262930552 0.11601156942562865 0.02310888525861104 0.07214352781540938
0 0.498715011778287 0.029004443691812733 0.03440011600796306 0.04758025930943471
0 0.9683516276612958 0.5027415332451824 0.04167015045537047 0.18113195838978058
0 0.11848156243699065 0.09470906000329918 0.0516001740119445 0.07137038896415208
0 0.41377105306689754 0.6389666613910282 0.1376974442750002 0.1944877039044054
0 0.33771646365273145 0.0624115249518006 0.042830429584444475 0.05218365747012672
0 0.18941187601347215 0.0868301756374171 0.05160017401194447 0.07137038896415206
0 0.8155400715571753 0.5866989582410584 0.1290246800906483 0.1794676390770467
0 0.5372929753060642 0.6512202804174012 0.10964430851018533 0.1514016598821565
0 0.27287848645106416 0.7025319139159527 0.103830719604352 0.1698241112616375
0 0.7614332173253703 0.026780921906477732 0.07296689868259279 0.053561843812955465
0 0.07612384080782345 0.7523784373588815 0.11439285663574088 0.1766200256291692
0 0.23417929761935177 0.08552441052369755 0.066280487588426 0.07630133574536307
0 0.7165791253823142 0.72609637042235 0.13353077760833354 0.1942693381573927
0 0.9351351648960178 0.722965502037518 0.09811411094166686 0.19241322930778512
0 0.6213407377155092 0.03901975765184081 0.05193960486296305 0.07803951530368163
0 0.043820122340833226 0.12879338534610746 0.057559233282500046 0.059197937584671075
0 0.4993773254839808 0.8498422063935026 0.1423005220358334 0.21345606965141808
0 0.183896924901527 0.9048704869596259 0.1268443665141668 0.17519178953687392
0 0.40493989577032397 0.07969641489617801 0.04738501722370382 0.06906868988380606
0 0.892513501899861 0.030687919494447987 0.07747299620027803 0.061375838988895974
0 0.6586710222899999 0.04450547753729646 0.0688487221375001 0.08901095507459292
0 0.3005065334349999 0.09661389190482814 0.034303135764814856 0.04341359264276804
0 0.43914518034481476 0.08518656414999012 0.06705632953361113 0.10963466907869641
0 0.8421255809272684 0.0445254096949006 0.0799442505062037 0.0890508193898012
0 0.9244414926547222 0.03179082165040254 0.02698809498453727 0.06358164330080508
0 0.5213883568899074 0.0829571739798232 0.05838356534925922 0.09461460425133775
0 0.1977460802939814 0.04165636891347826 0.03585307776083333 0.02060610884960772
0 0.5505307784957869 0.08247028041740118 0.06695934929046293 0.10546800241202975
0 0.3466541816113888 0.1254072772509356 0.06017595795314819 0.08222378712484406