0 0.983393207988546 0.084375 0.03175907733927232 0.04375
0 0.9364440230744866 0.26979166666666665 0.033842410672605655 0.04375
0 0.0898121706450313 0.159375 0.04028634489709055 0.06041666666666667
0 0.9716788764056988 0.28541666666666665 0.033842410672605655 0.04375
0 0.8228902355187896 0.2708333333333333 0.042199985783999715 0.04583333333333333
0 0.17490157330787995 0.1875 0.04016513600678759 0.05
0 0.8539463012943048 0.2875 0.027592410672605656 0.04375
0 0.5382386444409093 0.026041666666666668 0.040189377784848074 0.052083333333333336
0 0.5209523528538198 0.25833333333333336 0.03599846934012092 0.05
0 0.5105478070761834 0.25729166666666664 0.036071194674302615 0.05625
0 0.6280137226289109 0.278125 0.040237861340969516 0.05625
0 0.6914341804052745 0.28854166666666664 0.027543927116484686 0.03958333333333333
0 0.25457658752388024 0.23333333333333334 0.0402378613409694 0.05625
0 0.08083643019309225 0.21458333333333332 0.0466333120093329 0.06875
0 0.17427128707830455 0.24166666666666667 0.037984835561211835 0.041666666666666664
0 0.5714628897729699 0.035416666666666666 0.027592410672605656 0.04375
0 0.3998644808508502 0.28020833333333334 0.03599846934012092 0.05
0 0.9749122346170327 0.365625 0.040237861340969516 0.05625
0 0.8948008683959416 0.3572916666666667 0.03384241067260589 0.04375
0 0.7540789012836994 0.365625 0.04857119467430285 0.05625
0 0.14765993862721397 0.290625 0.03607119467430267 0.05625
0 0.3764266159558808 0.325 0.044404528007635946 0.05625
0 0.2557508541799413 0.31145833333333334 0.03607119467430273 0.05625
0 0.4969569270634568 0.35104166666666664 0.03381816889454517 0.041666666666666664
0 0.9347107359431542 0.41875 0.027592410672605656 0.04375
0 0.6610796666136387 0.390625 0.04445301156375715 0.06041666666666667
0 0.10467282484618377 0.3145833333333333 0.040237861340969336 0.05625
0 0.9791751386060028 0.446875 0.03190452800763595 0.05625
0 0.7024917946106692 0.4125 0.036071194674302615 0.05625
0 0.33632208439424477 0.3697916666666667 0.04857119467430261 0.05625
0 0.1354864728410931 0.35208333333333336 0.04861967823042388 0.06041666666666667
0 0.5712175528326087 0.41458333333333336 0.04023786134096928 0.05625
0 0.27273193417145686 0.37395833333333334 0.04016513600678759 0.05
0 0.829102413271821 0.453125 0.04016513600678759 0.05
0 0.032494802620426366 0.340625 0.04028634489709053 0.06041666666666667
0 0.9773698559304275 0.5125 0.03391513600678759 0.05
0 0.7745236363781243 0.48854166666666665 0.04016513600678759 0.05
0 0.42297362216212403 0.4427083333333333 0.04023786134096928 0.05625
0 0.5810039332697 0.46875 0.027592410672605656 0.04375
0 0.21907361505412384 0.4197916666666667 0.04016513600678759 0.05
0 0.5050471128262453 0.46145833333333336 0.03607119467430273 0.05625
0 0.46336832527054833 0.4625 0.04023786134096928 0.05625
0 0.6608850025992152 0.496875 0.04016513600678759 0.05
0 0.8021068453214552 0.0875 0.02749544356036348 0.035416666666666666
0 0.3840356151071517 0.029166666666666667 0.04026210311903 0.058333333333333334
0 0.8187698630384276 0.5354166666666667 0.03611967823042382 0.06041666666666667
0 0.7489781963717609 0.5354166666666667 0.040237861340969516 0.05625
0 0.7833810870995157 0.08541666666666667 0.04016513600678759 0.05
0 0.5763039474857002 0.5145833333333333 0.027543927116484686 0.03958333333333333
0 0.33400772437939696 0.4791666666666667 0.03614392000848454 0.0625
0 0.03230013860600279 0.446875 0.040165136006787575 0.05
0 0.6616757795459399 0.07083333333333333 0.027592410672605656 0.04375
0 0.9369501812540036 0.584375 0.03183180267345425 0.05
0 0.10183726660303322 0.46875 0.04861967823042388 0.06041666666666667
0 0.5539683537025489 0.5541666666666667 0.031880286229575464 0.05416666666666667
0 0.22729713059624565 0.51875 0.040237861340969336 0.05625
0 0.8539962444303038 0.10416666666666667 0.03803331911733305 0.04583333333333333
0 0.6711918514746704 0.5958333333333333 0.04028634489709049 0.06041666666666667
0 0.742763829248913 0.621875 0.04028634489709049 0.06041666666666667
0 0.0200197741884258 0.528125 0.0400395483768516 0.06041666666666667
0 0.5762668550286705 0.6072916666666667 0.04023786134096928 0.05625
0 0.1758797163696398 0.5510416666666667 0.040237861340969336 0.05625
0 0.8568259643539435 0.6666666666666666 0.044404528007635946 0.05625
0 0.35347139725230675 0.596875 0.03384241067260577 0.04375
0 0.9524532425737618 0.684375 0.036071194674302615 0.05625
0 0.44496837147254925 0.6114583333333333 0.04435604445151486 0.052083333333333336
0 0.9253699092404285 0.684375 0.03611967823042382 0.06041666666666667
0 0.6890206639083678 0.675 0.03803331911733305 0.04583333333333333
0 0.3287424355506063 0.036458333333333336 0.04016513600678759 0.05
0 0.15842519191600388 0.61875 0.040334828453211694 0.06458333333333334
0 0.6460577919053982 0.696875 0.040237861340969516 0.05625
0 0.5576373341290346 0.6864583333333333 0.040334828453211694 0.06458333333333334
0 0.3568744479100648 0.6625 0.0466333120093329 0.06875
0 0.4795486967961255 0.6833333333333333 0.04435604445151474 0.052083333333333336
0 0.8320434105665501 0.7375 0.04028634489709049 0.06041666666666667
0 0.772704773233641 0.734375 0.05087270401018126 0.075
0 0.09867444435606468 0.6510416666666666 0.03829997867599957 0.06875
0 0.2661039972417012 0.675 0.040334828453211694 0.06458333333333334
0 0.2735462231063032 0.035416666666666666 0.04857119467430273 0.05625
0 0.16017424888606074 0.020833333333333332 0.03381816889454517 0.041666666666666664
0 0.006841004402729192 0.6427083333333333 0.013682008805458385 0.05625
0 0.7379419047846715 0.7677083333333333 0.04450149511987836 0.06458333333333334
0 0.6377722123382473 0.7822916666666667 0.04028634489709049 0.06041666666666667
0 0.15298583190115606 0.728125 0.04435604445151486 0.052083333333333336
0 0.04583961590285295 0.715625 0.04028634489709053 0.06041666666666667
0 0.5356403954487928 0.7864583333333334 0.04028634489709049 0.06041666666666667
0 0.33481690478467147 0.7677083333333333 0.04246664534266623 0.06875
0 0.09861311012097435 0.7458333333333333 0.044453011563757215 0.06041666666666667
0 0.663159350997278 0.8385416666666666 0.04023786134096928 0.05625
0 0.005229655951638589 0.7427083333333333 0.010459311903277178 0.06041666666666667
0 0.2638259998939443 0.78125 0.04445301156375715 0.06041666666666667
0 0.15047826745176235 0.7645833333333333 0.040334828453211694 0.06458333333333334
0 0.8836048158816417 0.871875 0.04440452800763618 0.05625
0 0.8075631492149751 0.871875 0.04028634489709049 0.06041666666666667
0 0.5964199589964295 0.8447916666666667 0.04023786134096928 0.05625
0 0.7222313287715205 0.8645833333333334 0.040237861340969516 0.05625
0 0.47052374299812644 0.8322916666666667 0.04023786134096928 0.05625
0 0.7224924355506064 0.036458333333333336 0.025242417780605802 0.020833333333333332
0 0.8389651679927882 0.053125 0.021075751113939133 0.020833333333333332
0 0.9368932257585463 0.14166666666666666 0.03803331911733305 0.04583333333333333
0 0.39541465499685374 0.8416666666666667 0.040334828453211694 0.06458333333333334
0 0.5905636657649097 0.09479166666666666 0.04016513600678759 0.05
0 0.2609184461065508 0.8520833333333333 0.048668161786545025 0.06458333333333334
0 0.5874563394335207 0.8989583333333333 0.04440452800763618 0.05625
0 0.11089420432849018 0.8541666666666666 0.04016513600678759 0.05
0 0.20446239099303573 0.8697916666666666 0.04246664534266623 0.06875
0 0.7794616612030969 0.959375 0.04435604445151474 0.052083333333333336
0 0.6649631740929756 0.9520833333333333 0.04440452800763618 0.05625
0 0.004550886165941983 0.859375 0.009101772331883966 0.06041666666666667
0 0.7501859065351576 0.96875 0.04028634489709049 0.06041666666666667
0 0.8291950016444304 0.9822916666666667 0.039995443560363476 0.035416666666666666
0 0.4754283243157635 0.9479166666666666 0.050824220454060175 0.07083333333333333
0 0.39010862476133923 0.9395833333333333 0.05092118756630247 0.07916666666666666
0 0.8822351554212183 0.9895833333333334 0.054409084447272466 0.020833333333333332
0 0.2692631705389756 0.940625 0.03381816889454517 0.041666666666666664
0 0.126748771430127 0.9239583333333333 0.048522711118181495 0.052083333333333336
0 0.5063389394229152 0.9770833333333333 0.04844998578399971 0.04583333333333333
0 0.07152831720776336 0.925 0.042199985783999715 0.04583333333333333
0 0.014579684383639161 0.9166666666666666 0.029159368767278322 0.041666666666666664
0 0.5499313678655214 0.990625 0.03980150933587865 0.01875
0 0.9876318701994556 0.16770833333333332 0.021342410672605658 0.04375
0 0.6475159475387281 0.12395833333333334 0.04028634489709049 0.06041666666666667
0 0.7690636835349101 0.15208333333333332 0.04016513600678759 0.05
0 0.48009924533206066 0.009375 0.03146817600254532 0.01875
0 0.3789720026522431 0.10625 0.036071194674302615 0.05625
0 0.10857502132400043 0.06875 0.040237861340969336 0.05625
0 0.2280394239868491 0.096875 0.042199985783999715 0.04583333333333333
0 0.44121746398260686 0.128125 0.04445301156375715 0.06041666666666667
0 0.34240458131763707 0.115625 0.03611967823042382 0.06041666666666667
0 0.357944735094425 0.12291666666666666 0.04016513600678759 0.05
0 0.1624023030978188 0.09791666666666667 0.044453011563757215 0.06041666666666667
0 0.5399212586463039 0.15 0.040237861340969516 0.05625
0 0.28299321865054616 0.11875 0.04852271111818152 0.052083333333333336
0 0.8672947635264255 0.21458333333333332 0.03803331911733305 0.04583333333333333
0 0.9909864373010924 0.2375 0.013081802673454252 0.05
0 0.48449474931042524 0.16875 0.04445301156375715 0.06041666666666667
0 0.7392303679715772 0.209375 0.04445301156375715 0.06041666666666667
0 0.07570155198387953 0.11875 0.040237861340969336 0.05625
0 0.225434892425213 0.14166666666666666 0.04861967823042382 0.06041666666666667
0 0.1196946995544243 0.008333333333333333 0.03144393422448474 0.016666666666666666
0 0.9117349244112136 0.24479166666666666 0.037984835561211835 0.041666666666666664
0 0.38135762842139503 0.16979166666666667 0.04023786134096928 0.05625
0 0.590320518194365 0.20520833333333333 0.03611967823042382 0.06041666666666667
0 0.6495137048589105 0.22083333333333333 0.040237861340969516 0.05625
0 0.2948629324209708 0.17291666666666666 0.04435604445151486 0.052083333333333336