0 0.04473630650031104 0.8579828068961908 0.03865175736777459 0.04089286218927389
0 0.37384235435814744 0.8673942268538911 0.045204851411925755 0.051527783665263865
0 0.9569332124561598 0.8794313423907439 0.03234113855894426 0.03859127404661725
0 0.9175923543581475 0.8863823952650289 0.03865175736777455 0.04089286218927389
0 0.30745648790252683 0.9462434239513335 0.04532608902958633 0.05569445033193053
0 0.383487007652641 0.9840178798517324 0.036325948799120295 0.03196424029653523
0 0.07899946291837825 0.5334689238947881 0.004287904284327156 0.004312169872882284
0 0.08105248684729646 0.5325000088312293 0.008636427377484542 0.010707673079097901
0 0.024984343273787187 0.5367857155473185 0.008636427377484542 0.010707673079097901
0 0.021950271487032547 0.5398015881426568 0.008636427377484542 0.010707673079097901
0 0.05739724755811434 0.5420800320621562 0.010659141901987631 0.008697091348872258
0 0.04912453303361124 0.5438723589830583 0.012863712852981438 0.012936509618646851
0 0.12721922362919613 0.5455588774329344 0.012984950470641958 0.017103176285313517
0 0.06269650910469303 0.5453869110699257 0.004287904284327156 0.004312169872882284
0 0.0699881757713597 0.545641541680803 0.012863712852981438 0.012936509618646851
0 0.03981015184244149 0.5456283101024064 0.012863712852981454 0.012936509618646851
0 0.10546546124685661 0.5489616522669691 0.012863712852981438 0.012936509618646851
0 0.7833479860115357 0.5643089657452272 0.004287904284327245 0.004312169872882284
0 0.05160188862434114 0.5574867772528328 0.012984950470641929 0.017103176285313517
0 0.07041250743317139 0.5602248750141363 0.012863712852981438 0.012936509618646851
0 0.1101170783841652 0.5657738221398514 0.012984950470641929 0.017103176285313517
0 0.1330943638596621 0.5686574231073707 0.012984950470641958 0.017103176285313517
0 0.226814054455247 0.5708895785805552 0.008636427377484542 0.010707673079097901
0 0.1477080065974106 0.5702083509957919 0.012984950470641958 0.017103176285313517
0 0.06550726814398926 0.5704596626730335 0.012984950470641929 0.017103176285313517
0 0.03425726814398926 0.5693683886264164 0.012984950470641929 0.017103176285313517
0 0.20815498266849236 0.573359814152585 0.008636427377484542 0.010707673079097901
0 0.31446560147732255 0.5791534792444165 0.004287904284327245 0.004312169872882284
0 0.1405981963572346 0.5762037203849146 0.010659141901987586 0.008697091348872258
0 0.16875350576164974 0.5782275336935366 0.012984950470641958 0.017103176285313517
0 0.15729517242831642 0.5778273998764437 0.012863712852981438 0.012936509618646851
0 0.08554141004597689 0.579484136235891 0.017151617137308596 0.017248679491529136
0 0.13140505278372533 0.5821263381709295 0.017151617137308596 0.017248679491529136
0 0.16479900492588892 0.5853736971539877 0.012984950470641958 0.017103176285313517
0 0.32098838611705865 0.5887467340537399 0.012863712852981497 0.012936509618646851
0 0.0992952425435494 0.5872486883227584 0.019416806897132648 0.023571431094636826
0 0.22420431433030402 0.5884887845092269 0.008636427377484542 0.010707673079097901
0 0.15759826647246764 0.5882440665431103 0.012863712852981438 0.012936509618646851
0 0.9238709108817377 0.6014749898201169 0.004287904284327245 0.004312169872882284
0 0.17420431433030406 0.5867427460346395 0.012863712852981497 0.012936509618646851
0 0.11286721861463118 0.5887632404096259 0.012984950470641929 0.017103176285313517
0 0.2941172186146312 0.5950926298800051 0.0042879042843271264 0.004312169872882284
0 0.199446789565625 0.5959490986052666 0.012984950470641958 0.017103176285313517
0 0.17870438444553702 0.5983465825741885 0.012863712852981497 0.012936509618646851
0 0.14328771777887037 0.5971098053213557 0.019416806897132707 0.023571431094636826
0 0.12355666992103395 0.5985019984251649 0.012863712852981438 0.012936509618646851
0 0.18602636051661883 0.5996428798517324 0.012863712852981438 0.012936509618646851
0 0.27355666992103395 0.603740113848927 0.012863712852981497 0.012936509618646851
0 0.9461399331391344 0.6157805483194156 0.004287904284327245 0.004312169872882284
0 0.9368255519479646 0.6175364994387638 0.008636427377484542 0.010707673079097901
0 0.9878672186146312 0.619318913714905 0.004287904284327245 0.004312169872882047
0 0.9326588852812978 0.6173909962325481 0.004287904284327245 0.004312169872882284
0 0.3798369793254491 0.608492112274092 0.008636427377484542 0.010707673079097901
0 0.36945062206319756 0.6091700209252195 0.004287904284327245 0.004312169872882284
0 0.9649808613523796 0.6195603127473859 0.004287904284327245 0.004312169872882284
0 0.9514391946857129 0.6190874273271851 0.004287904284327245 0.004312169872882284
0 0.21856050241860647 0.6091038630332368 0.012984950470641958 0.017103176285313517
0 0.241446859680858 0.608862464000756 0.012984950470641958 0.017103176285313517
0 0.20921581182302157 0.6098181474859182 0.012863712852981497 0.012936509618646851
0 0.2925188357519398 0.611686544943564 0.012984950470641838 0.017103176285313517
0 0.25514007336960026 0.61454368275429 0.012863712852981438 0.012936509618646851
0 0.1833256921784305 0.614117085780404 0.012984950470641958 0.017103176285313517
0 0.07293933491617897 0.6113029174823569 0.019416806897132648 0.023571431094636826
0 0.26463631098726076 0.6190377316349419 0.012863712852981438 0.012936509618646851
0 0.2928522392005061 0.6231448782768972 0.017151617137308624 0.017248679491529136
0 0.21264390586717277 0.6203439415572467 0.017151617137308624 0.017248679491529136
0 0.31779162039167586 0.6219345641808577 0.012863712852981497 0.012936509618646851
0 0.13038254860492124 0.618511919901155 0.017151617137308596 0.017248679491529136
0 0.15231816741375148 0.6213591450671203 0.012984950470641958 0.017103176285313517
0 0.2534810716980786 0.6290542644845156 0.012984950470641958 0.017103176285313517
0 0.20982199991132397 0.6306514808192517 0.019416806897132707 0.023571431094636826
0 0.30461366657799066 0.6339616787606569 0.017151617137308624 0.017248679491529136
0 0.3254773093157391 0.6357308614584016 0.01525014023046604 0.023425927888421447
0 0.1797955230044814 0.6358465825741885 0.017151617137308624 0.017248679491529136
0 0.03720842728880854 0.6350297644279702 0.019538044514793136 0.027738097761303492
0 0.27982583240889647 0.6403803261900298 0.019416806897132707 0.023571431094636826
0 0.09970842728880852 0.6372123125212045 0.019416806897132648 0.023571431094636826
0 0.31836749907556317 0.6417262308475243 0.017151617137308506 0.017248679491529136
0 0.34030311788439344 0.6445734560134896 0.017151617137308506 0.017248679491529136
0 0.29863645121772675 0.6431184239513335 0.012984950470641838 0.017103176285313517
0 0.3800379982398024 0.6511640698058713 0.025727425705962995 0.025873019237293703
0 0.3988486170486326 0.6539021675671749 0.008636427377484542 0.010707673079097901
0 0.24063652133295974 0.6525397123976482 0.012984950470641958 0.017103176285313517
0 0.3406062119285446 0.6549901226801562 0.017151617137308506 0.017248679491529136
0 0.21263275895062023 0.6557242324223594 0.019416806897132648 0.023571431094636826
0 0.40525016407070813 0.6593287557098316 0.012863712852981497 0.012936509618646851
0 0.41468578287953844 0.6617394712571502 0.012863712852981497 0.012936509618646851
0 0.4251630683550354 0.6641865626060226 0.012863712852981497 0.012936509618646615
0 0.2575456632349474 0.6614550585558441 0.019416806897132707 0.023571431094636826
0 0.40353054359035634 0.6717560041067239 0.017151617137308624 0.017248679491529136
0 0.2254964718036017 0.6686607420410062 0.019416806897132707 0.023571431094636826
0 0.3629964718036017 0.6734623478461217 0.017151617137308624 0.017248679491529136
0 0.4808866615634257 0.6838228134217128 0.012984950470641838 0.017103176285313517
0 0.39972758977667117 0.6841105009005084 0.019416806897132707 0.023571431094636826
0 0.416454875252168 0.6867758470587041 0.017151617137308506 0.017248679491529136
0 0.49038289918108624 0.6883168623023646 0.012984950470641958 0.017103176285313517
0 0.2947314222742436 0.6877282116102307 0.019416806897132707 0.023571431094636826
0 0.2603564222742436 0.6865278101589517 0.019416806897132707 0.023571431094636826
0 0.49981851798991644 0.6907275778496831 0.012984950470641958 0.017103176285313517
0 0.3093753744164072 0.6903208061653187 0.019416806897132707 0.023571431094636826
0 0.280329945367401 0.693468950388476 0.025727425705962877 0.025873019237293703
0 0.4095572308428979 0.7000628831144934 0.017151617137308624 0.017248679491529136
0 0.5325042069139797 0.7053968943645207 0.017030379519648163 0.013082012824862469
0 0.7574435881051494 0.7111707341668306 0.012984950470641838 0.017103176285313517
0 0.6096178496517282 0.7091303703461763 0.012863712852981497 0.012936509618646851
0 0.7689019214384828 0.7115708679839235 0.012984950470641838 0.017103176285313517
0 0.6006671813135398 0.7233863214655244 0.012984950470641838 0.017103176285313517
0 0.7422429197669611 0.7252084304768555 0.012984950470641838 0.017103176285313517
0 0.49980737107336387 0.7261078687147957 0.025727425705962877 0.025873019237293703
0 0.48430360869102435 0.7297288983581539 0.025727425705962995 0.025873019237293703
0 0.07106503606850892 0.7257043718079207 0.025909282132453627 0.0321230192372937
0 0.03472794035283607 0.7285978854202007 0.0197805197501141 0.03607143109463683
0 0.6218642274998546 0.7366138374966025 0.01525014023046604 0.023425927888421447
0 0.17002336940184223 0.7291600729555415 0.019416806897132648 0.023571431094636826
0 0.6281748463086849 0.7389154256392594 0.019538044514793285 0.027738097761303492
0 0.739572560833188 0.7407243030721936 0.012984950470641838 0.017103176285313517
0 0.8282960839263452 0.7500662462042755 0.017151617137308506 0.017248679491529136
0 0.5993112736861694 0.7483135698624167 0.019538044514793285 0.027738097761303492
0 0.7338984395170752 0.7602977149295369 0.012984950470641838 0.017103176285313517
0 0.7162204155881571 0.7607209929697872 0.012984950470641838 0.017103176285313517
0 0.7923530104680692 0.7665014264832223 0.019416806897132707 0.023571431094636826
0 0.7809552959435659 0.7681846259994626 0.01953804451479305 0.027738097761303492
0 0.7623265335612265 0.771696528238159 0.025848663323623337 0.030039685903960372
0 0.7725198874804348 0.8001489104521441 0.025909282132453627 0.0321230192372937
0 0.8185350772402589 0.807999445720516 0.019416806897132707 0.023571431094636826
0 0.7519290293824223 0.8077547277543995 0.032219900941283915 0.03442460737995058
0 0.9435653866446738 0.813406208573651 0.019416806897132707 0.023571431094636826
0 0.061444429487945394 0.8242261955226072 0.03865175736777458 0.04089286218927389
0 0.8871526927060458 0.8416138728215198 0.028174471892277588 0.03844577084040139
0 0.8706678824658698 0.8472818599966573 0.028174471892277588 0.03844577084040139
0 0.9770694294879455 0.8562005250884888 0.026091138558944255 0.03837301923729371