0 0.7385724877698238 0.03586251671962901 0.048502821009041006 0.046900116007963
0 0.5989910985002233 0.2534037474689809 0.086710315700311 0.09564111474138895
0 0.862502916095599 0.3013636785741659 0.07886234376256075 0.10378048758842601
0 0.9691374845443913 0.3280088589189807 0.027507052522602275 0.1150682345490741
0 0.6306638456576257 0.03318220181196734 0.0810875648468946 0.06636440362393468
0 0.7019751827810891 0.3248648395412494 0.08167371918926894 0.11632897770999999
0 0.2848530037901299 0.2888022657050923 0.10604647004268522 0.14186236904731497
0 0.8006712600463923 0.3985062451899993 0.10839303147591485 0.11070934929046304
0 0.825051368505262 0.06921835321939745 0.060496912211353046 0.07422589994916672
0 0.5686932179530175 0.4163886486847217 0.11522918581828918 0.15663966286694447
0 0.30982023862324 0.02494889703689803 0.08035952275351997 0.04989779407379606
0 0.46066323549192373 0.41370180167324033 0.09916922089610149 0.16666840856101856
0 0.7801383614896994 0.07234422416657342 0.06575564201808178 0.09307288019231486
0 0.6982454251003427 0.549646633994166 0.10641049108937253 0.14811236904731498
0 0.022322182686972777 0.604359756205787 0.04464436537394555 0.241280487588426
0 0.8615909194151479 0.10269628597027705 0.07886234376256075 0.10378048758842601
0 0.43478011585089693 0.05437616274199038 0.07617230868474843 0.09331533080018525
0 0.14860208854157683 0.8599525267230091 0.19522468752512162 0.20843379736518533
0 0.4782370386797098 0.0762502917948144 0.0793682525602487 0.07674564437666671
0 0.6430938738139919 0.12130517034143465 0.07886234376256075 0.10378048758842601
0 0.7581327194716176 0.16439881180583268 0.10715908058485203 0.12524419250222227
0 0.15427870534637647 0.0837905056995832 0.09061375426708125 0.12693960486296302
0 0.929521386044168 0.06158551380736033 0.0737455017068323 0.05164866413351857
0 0.4576473580760344 0.17971472264583296 0.10372045601156023 0.13764721225907414
0 0.9549984178024317 0.24927860334648066 0.06379364903364433 0.09510772340407408
0 0.8010641581325042 0.2310161174037493 0.04959488414910306 0.065650116007963
0 0.364140038773826 0.1777301114499997 0.10984911566266445 0.13570934929046305