0 0.27708333333333335 0.019791666666666666 0.025 0.025
0 0.020833333333333332 0.028125 0.020833333333333332 0.022916666666666665
0 0.4875 0.011458333333333333 0.025 0.022916666666666665
0 0.29791666666666666 0.01875 0.025 0.025
0 0.5395833333333333 0.10416666666666667 0.041666666666666664 0.03333333333333333
0 0.9354166666666667 0.09583333333333334 0.03958333333333333 0.05625
0 0.6145833333333334 0.009375 0.025 0.01875
0 0.7645833333333333 0.10625 0.0375 0.0375
0 0.003125 0.13333333333333333 0.00625 0.028125
0 0.6166666666666667 0.11666666666666667 0.0375 0.0375
0 0.04791666666666667 0.029166666666666667 0.029166666666666667 0.029166666666666667
0 0.09166666666666666 0.14375 0.041666666666666664 0.025
0 0.590625 0.12708333333333333 0.034375 0.05625
0 0.8729166666666667 0.11875 0.053125 0.06666666666666667
0 0.44166666666666665 0.13333333333333333 0.053125 0.058333333333333334
0 0.016666666666666666 0.15104166666666666 0.03333333333333333 0.04791666666666667
0 0.13333333333333333 0.146875 0.04791666666666667 0.071875
0 0.7979166666666667 0.128125 0.029166666666666667 0.052083333333333336
0 0.6635416666666667 0.13541666666666666 0.029166666666666667 0.065625
0 0.5020833333333333 0.14375 0.04375 0.07083333333333333
0 0.4270833333333333 0.01875 0.025 0.029166666666666667
0 0.28541666666666665 0.153125 0.058333333333333334 0.0625
0 0.746875 0.13958333333333334 0.03333333333333333 0.041666666666666664
0 0.69375 0.14166666666666666 0.04375 0.05625
0 0.18020833333333333 0.027083333333333334 0.020833333333333332 0.022916666666666665
0 0.9770833333333333 0.14895833333333333 0.016666666666666666 0.075
0 0.7239583333333334 0.15833333333333333 0.0375 0.041666666666666664
0 0.8291666666666667 0.16458333333333333 0.04791666666666667 0.07916666666666666
0 0.553125 0.17291666666666666 0.053125 0.08125
0 0.8229166666666666 0.008333333333333333 0.022916666666666665 0.016666666666666666
0 0.9333333333333333 0.008333333333333333 0.029166666666666667 0.015625
0 0.20729166666666668 0.18854166666666666 0.04375 0.06041666666666667
0 0.3875 0.18229166666666666 0.04375 0.052083333333333336
0 0.23541666666666666 0.027083333333333334 0.025 0.03333333333333333
0 0.5770833333333333 0.015625 0.029166666666666667 0.029166666666666667
0 0.03125 0.20833333333333334 0.04791666666666667 0.071875
0 0.9270833333333334 0.18229166666666666 0.052083333333333336 0.04375
0 0.09583333333333334 0.21041666666666667 0.053125 0.071875
0 0.8458333333333333 0.013541666666666667 0.025 0.027083333333333334
0 0.6114583333333333 0.19583333333333333 0.053125 0.058333333333333334
0 0.007291666666666667 0.22916666666666666 0.014583333333333334 0.065625
0 0.12916666666666668 0.035416666666666666 0.03333333333333333 0.041666666666666664
0 0.5291666666666667 0.021875 0.03333333333333333 0.020833333333333332
0 0.6729166666666667 0.016666666666666666 0.03333333333333333 0.029166666666666667
0 0.703125 0.21458333333333332 0.053125 0.071875
0 0.7822916666666667 0.21875 0.05625 0.04375
0 0.47708333333333336 0.023958333333333335 0.022916666666666665 0.020833333333333332
0 0.28958333333333336 0.240625 0.03958333333333333 0.07083333333333333
0 0.42083333333333334 0.23541666666666666 0.058333333333333334 0.08541666666666667
0 0.259375 0.03333333333333333 0.03333333333333333 0.025
0 0.9833333333333333 0.22291666666666668 0.015625 0.05625
0 0.6947916666666667 0.01875 0.025 0.0375
0 0.23958333333333334 0.265625 0.058333333333333334 0.08125
0 0.9541666666666667 0.24583333333333332 0.071875 0.071875
0 0.09375 0.278125 0.06666666666666667 0.0625
0 0.6114583333333333 0.2625 0.071875 0.08125
0 0.5583333333333333 0.026041666666666668 0.029166666666666667 0.03333333333333333
0 0.35104166666666664 0.2833333333333333 0.07291666666666667 0.128125
0 0.09895833333333333 0.041666666666666664 0.025 0.03333333333333333
0 0.4875 0.2864583333333333 0.06458333333333334 0.12708333333333333
0 0.8479166666666667 0.27708333333333335 0.058333333333333334 0.090625
0 0.013541666666666667 0.3145833333333333 0.027083333333333334 0.09791666666666667
0 0.390625 0.034375 0.025 0.0375
0 0.775 0.29375 0.078125 0.10416666666666667
0 0.09791666666666667 0.33541666666666664 0.08125 0.071875
0 0.6854166666666667 0.3541666666666667 0.07916666666666666 0.16458333333333333
0 0.8489583333333334 0.36666666666666664 0.053125 0.090625
0 0.9666666666666667 0.365625 0.052083333333333336 0.15416666666666667
0 0.18333333333333332 0.05 0.025 0.029166666666666667
0 0.453125 0.040625 0.034375 0.05625
0 0.903125 0.39166666666666666 0.06875 0.1125
0 0.4166666666666667 0.04375 0.029166666666666667 0.05625
0 0.5270833333333333 0.4083333333333333 0.10208333333333333 0.14166666666666666
0 0.9375 0.028125 0.025 0.029166666666666667
0 0.2760416666666667 0.052083333333333336 0.025 0.029166666666666667
0 0.7333333333333333 0.035416666666666666 0.020833333333333332 0.028125
0 0.030208333333333334 0.06041666666666667 0.025 0.029166666666666667
0 0.13020833333333334 0.46145833333333336 0.07291666666666667 0.12291666666666666
0 0.7510416666666667 0.036458333333333336 0.029166666666666667 0.052083333333333336
0 0.075 0.06041666666666667 0.03333333333333333 0.029166666666666667
0 0.6145833333333334 0.041666666666666664 0.025 0.029166666666666667
0 0.34791666666666665 0.47291666666666665 0.06041666666666667 0.14583333333333334
0 0.32916666666666666 0.05416666666666667 0.025 0.052083333333333336
0 0.275 0.49166666666666664 0.12916666666666668 0.125
0 0.8072916666666666 0.4791666666666667 0.08333333333333333 0.13333333333333333
0 0.6395833333333333 0.04583333333333333 0.015625 0.041666666666666664
0 0.7760416666666666 0.040625 0.034375 0.06041666666666667
0 0.053125 0.54375 0.10625 0.165625
0 0.815625 0.041666666666666664 0.03958333333333333 0.046875
0 0.8770833333333333 0.5302083333333333 0.09166666666666666 0.12291666666666666
0 0.95 0.03958333333333333 0.03958333333333333 0.052083333333333336
0 0.21041666666666667 0.06770833333333333 0.03958333333333333 0.052083333333333336
0 0.4822916666666667 0.058333333333333334 0.034375 0.06041666666666667
0 0.9885416666666667 0.5614583333333333 0.022916666666666665 0.12083333333333333
0 0.9239583333333333 0.04583333333333333 0.03333333333333333 0.03333333333333333
0 0.296875 0.06666666666666667 0.053125 0.053125
0 0.24895833333333334 0.06875 0.04375 0.05625
0 0.35833333333333334 0.06666666666666667 0.04791666666666667 0.0625
0 0.5302083333333333 0.06041666666666667 0.03958333333333333 0.046875
0 0.421875 0.65625 0.09791666666666667 0.17916666666666667
0 0.6916666666666667 0.06041666666666667 0.01875 0.01875
0 0.6635416666666667 0.06041666666666667 0.04791666666666667 0.0625
0 0.8854166666666666 0.05520833333333333 0.053125 0.04791666666666667
0 0.7260416666666667 0.06145833333333333 0.029166666666666667 0.0375
0 0.121875 0.08541666666666667 0.052083333333333336 0.034375
0 0.3458333333333333 0.7291666666666666 0.115625 0.16041666666666668
0 0.5666666666666667 0.071875 0.029166666666666667 0.046875
0 0.5541666666666667 0.753125 0.125 0.15833333333333333
0 0.5958333333333333 0.07291666666666667 0.03958333333333333 0.046875
0 0.9760416666666667 0.06145833333333333 0.020833333333333332 0.05625
0 0.09479166666666666 0.09583333333333334 0.029166666666666667 0.05625
0 0.4510416666666667 0.08541666666666667 0.04791666666666667 0.058333333333333334
0 0.34791666666666665 0.014583333333333334 0.028125 0.020833333333333332
0 0.7364583333333333 0.005208333333333333 0.022916666666666665 0.010416666666666666
0 0.32708333333333334 0.014583333333333334 0.01875 0.01875
0 0.89375 0.825 0.14375 0.14375
0 0.2708333333333333 0.09375 0.041666666666666664 0.029166666666666667
0 0.06875 0.8854166666666666 0.11458333333333333 0.07291666666666667
0 0.7979166666666667 0.07708333333333334 0.03333333333333333 0.03333333333333333
0 0.703125 0.08125 0.029166666666666667 0.03333333333333333
0 0.016666666666666666 0.109375 0.025 0.0375
0 0.38958333333333334 0.09791666666666667 0.04375 0.05625
0 0.053125 0.1125 0.03958333333333333 0.06041666666666667
0 0.6395833333333333 0.09166666666666666 0.034375 0.05625
0 0.4739583333333333 0.1 0.029166666666666667 0.041666666666666664
0 0.8489583333333334 0.08958333333333333 0.029166666666666667 0.046875