0 0.15848538609452764 0.46578596309289483 0.012936509618646851 0.013009335969555143
0 0.20772149426189565 0.48562361921467434 0.013082012824862469 0.017176002636221693
0 0.22420628192079278 0.4901528379219341 0.008697091348872376 0.010756223979703468
0 0.1059423989193901 0.4512839742968374 0.008697091348872376 0.01075622397970335
0 0.144011180165856 0.4632551883907091 0.004312169872882284 0.004336445323185009
0 0.12752639250695888 0.45872596968344936 0.008697091348872376 0.01075622397970335
0 0.13463618016585602 0.4636371903678755 0.008697091348872376 0.01075622397970335
0 0.3124800863981856 0.524002596806789 0.012936509618646851 0.013009335969555143
0 0.16850191894410135 0.47681984978493225 0.008697091348872376 0.01075622397970335
0 0.10780747744340001 0.4574490849685783 0.008697091348872376 0.010756223979703468
0 0.08313485965738514 0.4490927569076886 0.013082012824862469 0.01717600263622181
0 0.19216924586500345 0.4841769558432849 0.008697091348872376 0.01075622397970335
0 0.2198941120479105 0.4944892832451192 0.004312169872882284 0.004336445323185009
0 0.15506937968209641 0.474246630418617 0.008697091348872376 0.01075622397970335
0 0.3061573347950778 0.5263405981248999 0.008697091348872376 0.010756223979703468
0 0.23310839650059206 0.5033125026114345 0.008697091348872376 0.01075622397970335
0 0.364695691359338 0.5478795856028464 0.012936509618646851 0.013009335969555025
0 0.17029424586500347 0.4850682937900063 0.008697091348872376 0.01075622397970335
0 0.22689477230214597 0.5025255039295453 0.008697091348872376 0.01075622397970335
0 0.31319437085086715 0.5333351521426594 0.013082012824862469 0.017176002636221693
0 0.3697585214864557 0.5518340289488651 0.008697091348872376 0.01075622397970335
0 0.2638127594772835 0.5176641626875466 0.012936509618646851 0.013009335969555143
0 0.3821130182802401 0.5554913596459765 0.012936509618646851 0.013009335969555025
0 0.32655415850976427 0.5379917048423081 0.008697091348872376 0.01075622397970335
0 0.21141527550836156 0.4989955072248226 0.010707673079097901 0.008757779974629306
0 0.13218908881698363 0.47413874636280134 0.008697091348872376 0.01075622397970335
0 0.036550866069816376 0.44266943346018695 0.013082012824862455 0.017176002636221693
0 0.1568617066029985 0.48249507442369105 0.008697091348872376 0.01075622397970335
0 0.10338618016585602 0.46491053029176327 0.008697091348872376 0.01075622397970335
0 0.011878248283801511 0.4343131053992972 0.008842594555087986 0.014922890646370136
0 0.16192453673011623 0.4864495177697098 0.013082012824862469 0.01717600263622181
0 0.11767850708675812 0.4726496383272823 0.012936509618646851 0.013009335969555025
0 0.21848868736570484 0.5049483945759154 0.008697091348872376 0.01075622397970335
0 0.345013152097333 0.5455610342213087 0.01746693430085256 0.023595781292740033
0 0.17323736685723393 0.4901492931309509 0.008697091348872376 0.01075622397970335
0 0.17837294858745947 0.49202040314363626 0.012936509618646851 0.013009335969555143
0 0.33675257036710754 0.543817258201012 0.008697091348872376 0.01075622397970335
0 0.3901553452011422 0.5634851356662731 0.013082012824862469 0.017176002636221693
0 0.38498338766936274 0.5626556923202545 0.008697091348872376 0.01075622397970335
0 0.19783723304014098 0.5005889545251739 0.008697091348872376 0.01075622397970335
0 0.35312823062134296 0.5514714769082719 0.013082012824862469 0.017176002636221693
0 0.5773014998303639 0.6255518734613535 0.01940476442797016 0.019514003954332775
0 0.36548272741512733 0.5551288076053834 0.008697091348872376 0.01075622397970335
0 0.2924701649221955 0.5310590454252513 0.013082012824862469 0.01717600263622181
0 0.20710310563547932 0.5033319525480077 0.008697091348872376 0.01075622397970335
0 0.08255284683252269 0.46575942357435524 0.013082012824862469 0.01717600263622181
0 0.0435151505224979 0.4517473208112798 0.012936509618646851 0.013009335969555143
0 0.3252578612322203 0.5453258161731043 0.013082012824862469 0.017176002636221693
0 0.1853736088416949 0.5000566238280625 0.012936509618646851 0.013009335969555143
0 0.2717823347950778 0.5277412720411765 0.013082012824862469 0.017176002636221693
0 0.2624437105966317 0.5270816073516762 0.012936509618646851 0.013009335969555143
0 0.24085971700906292 0.5196396119650644 0.008697091348872376 0.01075622397970335
0 0.22854159601683247 0.5149406146012862 0.013082012824862469 0.01717600263622181
0 0.42595891410650527 0.5807495724217373 0.013082012824862469 0.017176002636221693
0 0.41159383558249535 0.5750937977195517 0.013082012824862469 0.017176002636221693
0 0.029004568792272378 0.4502582127757608 0.008697091348872376 0.01075622397970335
0 0.2244113051517197 0.5140687265911378 0.008697091348872376 0.01075622397970335
0 0.1493154093254545 0.49008385373926494 0.013082012824862469 0.01717600263622181
0 0.2942988676446515 0.5382658227636588 0.008697091348872376 0.01075622397970335
0 0.2798974133190877 0.5336517147281399 0.013082012824862469 0.017176002636221693
0 0.36932201186780883 0.5643340289488651 0.01746693430085256 0.023595781292740033
0 0.13074728833322402 0.48563952436026425 0.008697091348872376 0.01075622397970335
0 0.29013220097798487 0.5384356014201771 0.012936509618646851 0.013009335969555025
0 0.07314147103096878 0.4671830922181882 0.013082012824862469 0.01717600263622181
0 0.24383921380284732 0.5236789446393423 0.012936509618646851 0.013009335969555143
0 0.3353471456849018 0.5542763695318084 0.013082012824862469 0.017176002636221693
0 0.0002463332767879918 0.44128466468950034 0.0004926665535759836 0.01717600263622181
0 0.3795931753282599 0.5680762489742359 0.012936509618646851 0.013009335969555025
0 0.2592823347950778 0.5282506080107316 0.012936509618646851 0.013009335969555025
0 0.19962955996104312 0.5088373985302481 0.012936509618646851 0.013009335969555025
0 0.7003735823480071 0.6756668470991357 0.02163360096751935 0.023765559949258375
0 0.606818692934173 0.6441126448682621 0.02163360096751935 0.023765559949258375
0 0.45044965288475064 0.5943142338159604 0.017466934300852444 0.023595781292740033
0 0.44330348942429953 0.5904446797982009 0.01940476442797028 0.019514003954332775
0 0.5594840390923689 0.6293984327515568 0.01940476442797016 0.019514003954332775
0 0.058630889300743255 0.4656939841826692 0.013082012824862469 0.01717600263622181
0 0.017509859657385145 0.451766770747853 0.013082012824862462 0.01717600263622181
0 0.21284384441372464 0.5176606178965634 0.01940476442797028 0.019514003954332775
0 0.11411699746811127 0.4852769723196711 0.013082012824862469 0.01717600263622181
0 0.8226950046114148 0.717490932067714 0.030476195522607222 0.038688450595628865
0 0.34242055754224504 0.5602292568829011 0.013082012824862469 0.017176002636221693
0 0.16755614810369987 0.5039031831182655 0.013082012824862469 0.01717600263622181
0 0.1367062819207928 0.49371818970882003 0.013082012824862469 0.01717600263622181
0 0.1850826024292637 0.5083899571613958 0.013082012824862469 0.01717600263622181
0 0.1541963604448027 0.49924663041861694 0.013082012824862469 0.01717600263622181
0 0.6796130006177815 0.6744324070483942 0.030403443919499295 0.036605117262295296
0 0.0831580038805425 0.47821697891022563 0.013082012824862469 0.017176002636221693
0 0.3104198972880096 0.5532117081375854 0.013082012824862469 0.017176002636221693
0 0.09655416734099355 0.48183186494320757 0.013082012824862469 0.017176002636221693
0 0.03172943497517944 0.46158921211670534 0.013082012824862455 0.01717600263622181
0 0.07798604634876308 0.4773875355642069 0.013082012824862469 0.01717600263622181
0 0.26717915850976426 0.5404110506976949 0.012936509618646851 0.013009335969555025
0 0.12524794858745947 0.49418508101424563 0.008697091348872376 0.01075622397970335
0 0.39984449583673076 0.5838940223583106 0.013082012824862469 0.017176002636221693
0 0.23324066812841113 0.5293117246139715 0.01746693430085256 0.02359578129274015
0 0.2754033644384359 0.5431964933846581 0.013082012824862469 0.017176002636221693
0 0.3011176488911174 0.5515103767814182 0.01746693430085256 0.023595781292740033
0 0.4769509733932215 0.6098773392152577 0.02163360096751911 0.02376555994925861
0 0.2578041585097643 0.5407930526748612 0.013082012824862469 0.017176002636221693
0 0.10046620339678289 0.48895375295335586 0.01940476442797028 0.019514003954332657
0 0.5025925062427953 0.6202745559453511 0.01940476442797028 0.019514003954332775
0 0.21761566812841113 0.5299483945759155 0.01940476442797028 0.019514003954332775
0 0.1620931841594892 0.5114070731055802 0.01940476442797028 0.019514003954332657
0 0.5806678988628449 0.6482987614715019 0.01746693430085268 0.023595781292740033
0 0.5724073171326192 0.6465549854512054 0.02163360096751935 0.02376555994925861
0 0.5445733235450504 0.6393676580493711 0.013082012824862469 0.017176002636221693
0 0.4437995190676577 0.6060272351340714 0.008697091348872376 0.01075622397970335
0 0.2895138123515685 0.5561439347535105 0.02609127404661713 0.03226867193911029
0 0.1968550863981856 0.5287139545251739 0.021633600967519227 0.02376555994925861
0 0.49206671217146686 0.6238240025866469 0.01746693430085256 0.023595781292740033
0 0.37171949583673075 0.5850400282898095 0.021633600967519227 0.023765559949258375
0 0.1475098508261559 0.5120012984033945 0.013082012824862469 0.01717600263622181
0 0.3552710839793875 0.5794691429158831 0.021633600967519227 0.02376555994925861
0 0.4077049437498633 0.5970961317119404 0.028174607379950346 0.032353561267369456
0 0.42207002227387325 0.6027519064141261 0.02163360096751911 0.02376555994925861
0 0.5567823171326192 0.6471916554131493 0.02609127404661725 0.03226867193911029
0 0.30682201186780883 0.5668807087966407 0.021633600967519227 0.023765559949258375
0 0.11863419057192043 0.5048564156656898 0.013082012824862469 0.01717600263622181
0 0.43025785240099096 0.6065790157677562 0.02163360096751911 0.023765559949258375
0 0.6348940855542227 0.6741741942726335 0.02609127404661701 0.03226867193911029
0 0.4806083788381335 0.6242908938920725 0.021633600967519227 0.023765559949258375
0 0.500072663290815 0.6328594452736103 0.021779104173734846 0.027932226615925277
0 0.17921950466796008 0.5273521804820437 0.01940476442797028 0.019514003954332657
0 0.7355951384285078 0.7095979505212665 0.03500662020481305 0.049274895918813635
0 0.025975464618537548 0.4774264354373533 0.017466934300852548 0.02359578129274015
0 0.2574040246926713 0.5522513860081946 0.021633600967519227 0.02376555994925861
0 0.27381606074846065 0.5588639380487878 0.021779104173734846 0.027932226615925277
0 0.6368682914828943 0.6772143049443743 0.028174607379950582 0.032353561267369456
0 0.16585971700906293 0.5226956277823951 0.013082012824862469 0.01717600263622181
0 0.04034054314254745 0.483082210139539 0.02587301923729369 0.026018671939110286
0 0.3920799437498633 0.5977328016738844 0.01940476442797016 0.019514003954332775
0 0.5267194870055015 0.6442558840062408 0.01746693430085256 0.023595781292740033
0 0.662473448530914 0.6886531883411344 0.02163360096751935 0.023765559949258375
0 0.26243047901823513 0.5572474960208799 0.01746693430085256 0.023595781292740033
0 0.24702373382755857 0.5516341659828238 0.013082012824862469 0.017176002636221693
0 0.6192690855542227 0.6748108642345775 0.02163360096751935 0.023765559949258375
0 0.6932505631107133 0.7009215150839132 0.030403443919499295 0.036605117262295296
0 0.2335184429624458 0.5511442799498419 0.028174607379950464 0.032353561267369456
0 0.45876975463968744 0.6241405651721273 0.02609127404661713 0.03226867193911029
0 0.4370766336474569 0.6198235697855156 0.021633600967519227 0.023765559949258375
0 0.7959985735167777 0.7373020486709537 0.030403443919499295 0.03660511726229553
0 0.09359781477036651 0.5069167542714668 0.021779104173734846 0.027932226615925277
0 0.6006282129588845 0.6724498681889101 0.030403443919499295 0.036605117262295296
0 0.8649172209461508 0.759458256174271 0.026309528855940557 0.03851867193911005
0 0.843333227358582 0.7520162607876592 0.030476195522607222 0.03868845059562863
0 0.5861176312286588 0.6709607601533911 0.01940476442797016 0.019514003954332775
0 0.008984756749594675 0.4802737727250193 0.01796951349918935 0.02376555994925861
0 0.3207505807731719 0.5850364834988263 0.028174607379950464 0.032353561267369456
0 0.55828363764109 0.6637734327515568 0.02163360096751935 0.02376555994925861
0 0.3392095743607407 0.592605812877827 0.021633600967519227 0.02376555994925861
0 0.46882266329081507 0.634132785197498 0.021633600967519227 0.023765559949258375
0 0.2939582538522698 0.5778067114328626 0.01940476442797028 0.019514003954332775
0 0.531454934918634 0.6575853273522596 0.02177910417373473 0.027932226615925277
0 0.15295958319196998 0.5346632970852835 0.01746693430085256 0.023595781292740033
0 0.07790006316725871 0.509636757566744 0.021779104173734846 0.027932226615925277
0 0.276431799526706 0.5733199373897323 0.02609127404661713 0.03226867193911005
0 0.36998668894053993 0.6048741396206059 0.025873019237293703 0.026018671939110286
0 0.03875323945257223 0.49874965480366856 0.026091274046617114 0.03226867193911029
0 0.35447081634520167 0.6023858095825498 0.028174607379950346 0.032353561267369456
0 0.19300257036710752 0.5496746218508961 0.028174607379950464 0.032353561267369456
0 0.10242717774705798 0.5221597522943003 0.030403443919499413 0.036605117262295296
0 0.21537360001046563 0.564365839240045 0.037017201935038456 0.04727645191373948
0 0.16807532197021532 0.548609960456673 0.030476195522607222 0.03868845059562863
0 0.12583987405708275 0.5368085250193196 0.03924603847458741 0.051528007908665546
0 0.07031739008816082 0.5182672035489845 0.021633600967519227 0.02376555994925861
0 0.24298933878871096 0.5778031666418794 0.030403443919499413 0.036605117262295296
0 0.4311044084814916 0.6419107931061635 0.030403443919499413 0.036605117262295296
0 0.22531738125693151 0.5774830592654158 0.028174607379950464 0.032353561267369456
0 0.017592523905253763 0.5089735480862605 0.03047619552260721 0.03868845059562863
0 0.49980480110154113 0.6703170006094807 0.028174607379950464 0.032353561267369456
0 0.4627049349186341 0.6603866751848128 0.030403443919499413 0.036605117262295296
0 0.6220534717618411 0.7142244189113923 0.03234127404661725 0.0325233399238878
0 0.7762300510732685 0.7672327192919532 0.043485456744361765 0.05378111989851722
0 0.14066460642289685 0.5590885217240424 0.030403443919499413 0.036605117262295296
0 0.6968583611756749 0.7465426250965985 0.03924603847458741 0.051528007908665546
0 0.48284712802244323 0.6793294485688876 0.030476195522607222 0.03868845059562863
0 0.5486771512533702 0.7005713233979269 0.030403443919499295 0.03660511726229553
0 0.8578900975351222 0.8117538128282523 0.0393187900776951 0.05361134124199888
0 0.34263549341793276 0.6434352562238457 0.03277778366526398 0.0450233399238878
0 0.8219046496219896 0.7996977094061215 0.04571429328391095 0.058032675893442826
0 0.6560514821679054 0.7534063003309861 0.043485456744361765 0.05378111989851722
0 0.6148940767229935 0.7405207535628366 0.037017201935038456 0.04727645191373948
0 0.4162532129588844 0.6799625737398483 0.030476195522607222 0.03868845059562863
0 0.755201607153769 0.8034558345770821 0.04118386860170512 0.04744623057025781
0 0.7005389108437444 0.7900804017759507 0.04765212341102843 0.05395089855503556
0 0.03821751507402449 0.5736647654754095 0.03931879007769519 0.05361134124199888
0 0.554404658453219 0.7450658774156864 0.030839953538146385 0.04910511726229529
0 0.5263160342547728 0.7451702166805187 0.0631812275847634 0.0816284571861831
0 0.27228495814956094 0.6920699373897323 0.05210979649012645 0.06245401054488724
0 0.7278504116311618 0.8420169511803219 0.05441138463278321 0.06878889987314642
0 0.3335481808967283 0.7249399242086233 0.052109796490126335 0.06245401054488724
0 0.74122011193482 0.9059636145517114 0.07619048880651794 0.09672112648907169
0 0.8058993410944183 0.9303729340448803 0.06080688783899859 0.07321023452459059
0 0.49506271532113716 0.8358995559453511 0.06749339745764568 0.0859649025093681
0 0.4424469765428917 0.823480900482627 0.07158731252120454 0.08405134783255334
0 0.610962171221536 0.9424767529037811 0.09593254809323402 0.0663200197716634