0 0.09667640111584073 0.328373326164422 0.03978938147247136 0.03726029004668175
0 0.39360594327031845 0.3515755015145349 0.025145445745273894 0.026164393713693692
0 0.014451397082424605 0.33599886352351355 0.017018160551078555 0.06119292914246254
0 0.049910485424796154 0.3449400879512463 0.05664997579950318 0.07136988585581085
0 0.4853392725702356 0.36730327846474525 0.04614846578142675 0.05630138847510509
0 0.45308396733988743 0.3720492699178909 0.027277260993698604 0.03459475985650163
0 0.4114173006732208 0.3701086137284013 0.025145445745273894 0.026164393713693692
0 0.1781021480580467 0.36236593906725995 0.03983786338756268 0.04559362338001508
0 0.7614415416307665 0.39057679238678006 0.03569543767844152 0.04956622442773278
0 0.5781809311700701 0.3945379051530261 0.031528771011774856 0.04937215880878381
0 0.26047865807612314 0.38078206837483514 0.039789381472471304 0.03726029004668163
0 0.638615778554896 0.4004768566277859 0.03569543767844152 0.04956622442773278
0 0.5948778990336687 0.4005225009621552 0.023134835284577566 0.038567360904219326
0 0.6823778990336687 0.40459787896008326 0.03567119672089613 0.04539955776106611
0 0.5271695657003355 0.39736893465423473 0.05037573484195749 0.06691212076072071
0 0.110521079751828 0.3810873727593395 0.05039997579950318 0.0710787874273874
0 0.5542650195124417 0.4007136945107363 0.027301501951244235 0.03876142652316818
0 0.14387259380332057 0.3857648977109311 0.03567119672089595 0.04539955776106611
0 0.447003654042707 0.40092483815613406 0.041981799114760084 0.05610732285615624
0 0.08137865404270699 0.38389558009336344 0.031528771011774946 0.04937215880878381
0 0.389736228333586 0.40242310256225267 0.05039997579950324 0.0710787874273874
0 0.3105756219063057 0.39977752246888915 0.031443927660365155 0.0347888254754506
0 0.6043316821456922 0.41450081527145705 0.027277260993698368 0.03459475985650151
0 0.4209983488123588 0.4059619280377031 0.03149240957545653 0.04312215880878381
0 0.7272847102486771 0.42647575103045116 0.04194543767844152 0.04985732285615623
0 0.9637975857364883 0.44686397490580426 0.06923481915091306 0.08653541604599108
0 0.19194682669403393 0.41507998566217735 0.06504391152670065 0.08217468376037544
0 0.288882429087898 0.43000867796940717 0.0315530119693206 0.05353882547545048
0 0.24521121219992142 0.4415126556371098 0.04619694769651807 0.06463472180843842
0 0.6932369631755435 0.4811247096741223 0.06509239344179178 0.09050801709370877
0 0.6088801438937028 0.480319880890406 0.050460578193367196 0.08149545409405405
0 0.6485058989027409 0.4894551709370878 0.050315132448093415 0.05649545409405406
0 0.762083927005726 0.5009934590534467 0.06509239344179178 0.09050801709370877
0 0.8320755815721443 0.5386190581708417 0.07554542154477702 0.0972431811410812