0 0.23148983776634247 0.13487452439921194 0.03212282218833332 0.038955492142117146
0 0.32255037791333324 0.16518563468275554 0.03624099873342601 0.03706622442773278
0 0.26012311309569436 0.15914965039852128 0.03614401849027781 0.032899557761066116
0 0.28572836866819434 0.17911256051695226 0.04050464564324076 0.041426956713348416
0 0.2078700643368517 0.16401549682832603 0.04491376291777781 0.052037688998963993
0 0.43451611562884246 0.23818225613244787 0.04690011600796306 0.04796805514177187
0 0.09071936740162026 0.13457480975968478 0.04113501722370376 0.06851029004668176
0 0.6103871959228239 0.29851337827111174 0.05562137031388895 0.06502285304633636
0 0.5409592051679628 0.27963777915371674 0.04079558637268524 0.05392695671334842
0 0.14139735815648136 0.15257711359180945 0.04079558637268524 0.05392695671334842
0 0.3058585952387035 0.21029122194503033 0.03444860612953704 0.049469191618258294
0 0.24054878102893504 0.19369302177991765 0.04501074316092601 0.05620435566563066
0 0.6462636477972682 0.32521145243691507 0.03851829255305574 0.0454965905705406
0 0.5569712551933794 0.30853904162951257 0.04908042958444459 0.0522317546179129
0 0.40675392059347204 0.26608749627594636 0.04297589994916677 0.05819065618948957
0 0.2690365859935646 0.22421814777922702 0.05562137031388895 0.06502285304633636
0 0.1084753199093517 0.1781564383782884 0.042975899949166715 0.05819065618948957
0 0.4914917255581016 0.29923250813106655 0.02805313576481486 0.04292809318983496
0 0.7253324632736109 0.37790554893501577 0.05562137031388895 0.06502285304633636
0 0.4488803724679164 0.2930766688701732 0.04491376291777781 0.05203768899896393
0 0.1673169285720369 0.20383854011497765 0.05780168389037043 0.06928655252247751
0 0.20859567426611095 0.22244586297113383 0.05111527279620371 0.050245454094054114
0 0.3596364699856016 0.2743209247294373 0.06206533080018524 0.07364728480809314
0 0.596674942883472 0.3500145147475982 0.05562137031388895 0.06502285304633636
0 0.689721836120648 0.384589324507283 0.05126074316092589 0.05649545409405406
0 0.786014954661759 0.41410135014784616 0.05789866413351869 0.07345321918914417
0 0.5095628638560645 0.3292724700830035 0.03444860612953704 0.049469191618258294
0 0.8571141127165737 0.4507823154080489 0.07068960486296305 0.08653541604599108
0 0.9738283985576385 0.4989730024766902 0.03275319376879627 0.06603882547545048
0 0.6445907386029627 0.39708645243691504 0.04908042958444459 0.0522317546179129
0 0.7397452102342589 0.4307166283394076 0.04908042958444459 0.0522317546179129
0 0.9332761337399996 0.49395586269193786 0.040504645643240876 0.0414269567133483
0 0.7567504368047682 0.46174974055327406 0.055475899949166775 0.05877285304633636
0 0.9575487819163885 0.5263702564056315 0.05978803698055562 0.06521691866528533
0 0.20290156876986087 0.28787679735218485 0.0770365851061112 0.0909931811410812
0 0.2794515107658794 0.3143836779694072 0.08134872213750009 0.09743724676003004
0 0.5848278176303701 0.4109876840335591 0.08352903571398164 0.10170094623617132
0 0.4097074632736108 0.36320507829963256 0.08798664311009266 0.11439501185512028
0 0.6694686423518514 0.448299362555346 0.08532142831787061 0.08929797904564568
0 0.9396464880967589 0.5338788108584319 0.04690011600796306 0.04796805514177175
0 0.06482055825814793 0.2616324488554655 0.07107752583555564 0.10320208271265775
0 0.359780198455972 0.35775129087224505 0.08808362335324087 0.11856167852178695
0 0.8027768596772219 0.500391312099783 0.055475899949166775 0.05877285304633636
0 0.4796437293578238 0.4050458604884314 0.09181387892574075 0.1000057441407358
0 0.14519773606981456 0.3029167284249701 0.09002148632185196 0.11240871133126144
0 0.8956297924281015 0.5432994551928012 0.06618350734527781 0.07175801709370878
0 0.7812889097026385 0.5275459840050384 0.0665714283178706 0.08842468376037545
0 0.8330813023065274 0.5424718042419002 0.06385772340407408 0.06124431761756763
0 0.5276565053204626 0.4479511315110816 0.06424564437666677 0.07791098428423429
0 0.9736811862985644 0.594903368619498 0.028683507345277803 0.07001142652316807
0 0.3100702682382404 0.3877626865162616 0.1137624850552779 0.1488927389021472
0 0.6080336831321292 0.4892354110805862 0.10281242705129638 0.12549090818810824
0 0.6575730269771756 0.5113558651746403 0.07529268262379626 0.10547948166494005
0 0.4163678874126385 0.43546820953753046 0.057801683890370485 0.06928655252247751
0 0.704108596126157 0.5281224367211493 0.10349128875333354 0.15465757485477488
0 0.0786271786991201 0.34048519492652407 0.04462282218833338 0.039537688998963934
0 0.05275522745796268 0.3319806181414265 0.06424564437666673 0.07791098428423429
0 0.44805342755962924 0.4630138847510515 0.08570934929046305 0.10596464571231236
0 0.20762325899310152 0.3986330788520122 0.08546689868259266 0.0955479790456458
0 0.8151781375397218 0.5948205417661044 0.08556387892574074 0.09971464571231246
0 0.8501826381730088 0.6141784328605039 0.05145470364722229 0.06482878742738762
0 0.5392100770025922 0.5339985114393323 0.07286991843944435 0.09079911552213223
0 0.9024348159846755 0.654152769502103 0.1414276998475003 0.1751541654253155
0 0.7374401875651384 0.6193553278155489 0.08808362335324087 0.11856167852178695
0 0.4878532245456941 0.5451628742738743 0.10281242705129638 0.1254909081881081
0 0.36745630230652737 0.5207849713243548 0.11555487765916676 0.1364897717116217
0 0.7904915814356013 0.6697948475285519 0.10329732826703714 0.14632424152144144
0 0.549673491896481 0.6220807082961792 0.08556387892574074 0.09971464571231246
0 0.20178281218495328 0.5151541963044671 0.1375034837887038 0.1853767664730332
0 0.054429007599444267 0.5017237684033559 0.10885801519888853 0.1534475368067118
0 0.8661912044097216 0.8224404276219153 0.13905342578472216 0.162557132615841
0 0.6867102228999993 0.7827970896023732 0.1461762479730557 0.20034823104426447
0 0.03146297986402756 0.6329965905705406 0.06292595972805512 0.2284931811410812
0 0.6537370816897677 0.930432478493266 0.2161852492396297 0.1391350430134679