0 0.19242857345703648 0.6748444005074143 0.040116724670648196 0.024529563903591147
0 0.4114443981785179 0.6992219097094033 0.06962282218833332 0.04030134783255335
0 0.39567392781379573 0.7061085796713473 0.05508797897657421 0.04179045586807225
0 0.19908986854324015 0.7016306211918406 0.05474854812555557 0.027207122534738913
0 0.6007844099568049 0.7466628695070211 0.04680313576481486 0.0435342318883689
0 0.21948679078240682 0.7195317279092488 0.04244250861185191 0.035031119898517225
0 0.2910708500529624 0.7291030460843068 0.04849854812555563 0.026952454549961164
0 0.36672459574703636 0.7426712522695131 0.06555313576481486 0.04429823584270167
0 0.8899789513703698 0.7962791415481976 0.046706155521666896 0.03936756522170223
0 0.1626064192019438 0.7489070731055801 0.04660917527851858 0.03520089855503557
0 0.29216013589402706 0.771726490089381 0.05935162588638884 0.04612690119125726
0 0.5849403334625457 0.801423761471502 0.05087282218833356 0.039537343878220575
0 0.2318889395920827 0.7679382806088974 0.05906068515694448 0.033626901191257254
0 0.8329531094251845 0.8319044867445289 0.05736527279620371 0.05020867852966475
0 0.5572023834879622 0.8306523227388714 0.06565011600796282 0.048464902509368336
0 0.1636957050430086 0.7915305171106544 0.06981678267462967 0.04863468116588668
0 0.10819643098023081 0.8062800843095227 0.07199709625111114 0.05288623716081228
0 0.8968324650485177 0.9042304729043645 0.05315011600796306 0.04795556653981284
0 0.290147795848703 0.8581848234227143 0.06783042958444448 0.05271645850429394
0 0.5123371106917585 0.8803516652989811 0.061531939462870375 0.05037845718618333
0 0.08217813842717521 0.851048756248633 0.04680313576481486 0.0435342318883689
0 0.15376219769773075 0.860620074423691 0.08464256661583339 0.059645573130367543
0 0.32168786563097146 0.8891607055013634 0.07785917527851857 0.036474238478923365
0 0.4823358020523609 0.20201089718734982 0.016909117274537047 0.011095781292740152
0 0.7148448033189349 0.2279199590889874 0.018943960486296398 0.009097337287665989
0 0.5528297045346757 0.21370799335987076 0.016909117274537047 0.011095781292740152
0 0.9203674514953237 0.2507659155913277 0.021124274062777695 0.013348893282591886
0 0.6711675385012961 0.22657763498243036 0.016909117274537047 0.011095781292740152
0 0.5382221261405553 0.21534388532435175 0.016909117274537047 0.011095781292740152
0 0.7780712841953701 0.2388725012437488 0.021124274062777695 0.013348893282591886
0 0.7208765977718516 0.23704029110420982 0.021124274062777695 0.013348893282591886
0 0.5900387638052312 0.2246799854512054 0.016909117274537047 0.011095781292740152
0 0.6159834502287498 0.22778553551463218 0.021124274062777695 0.013348893282591886
0 0.6471364699856016 0.23067886225741102 0.021124274062777695 0.013348893282591886
0 0.5421705872601387 0.2245491066678334 0.016909117274537047 0.011095781292740152
0 0.49958347923074053 0.22108100456381344 0.016909117274537047 0.011095781292740152
0 0.8493644027364813 0.2609438194188068 0.021221254305925898 0.017515559949258613
0 0.3152569693523146 0.22651037678141828 0.014728803698055515 0.006844225297814314
0 0.5186477940737961 0.2515245559453511 0.014728803698055515 0.006844225297814314
0 0.6214576082835647 0.26086420086318796 0.021124274062777695 0.013348893282591945
0 0.5394326372855553 0.2527589959960926 0.008478803698055514 0.006589557313036743
0 0.64117653976787 0.26318275224472565 0.016909117274537047 0.011095781292740152
0 0.4770781076502775 0.24905567584386823 0.014728803698055515 0.006844225297814314
0 0.129259292173935 0.21431630499394902 0.016909117274537047 0.011095781292740152
0 0.5476205002541665 0.2586694386830558 0.016909117274537047 0.011095781292740152
0 0.5631970101325924 0.26011610205444524 0.016909117274537047 0.011095781292740152
0 0.9399642867285183 0.30304202230873584 0.017054587639259468 0.017345781292740153
0 0.6222325792815738 0.2722800895323917 0.01705458763925923 0.017345781292740153
0 0.5100962551933794 0.2612391132583879 0.016909117274537047 0.011095781292740152
0 0.5982984910090275 0.27221465014070567 0.016909117274537047 0.01109578129274027
0 0.6511810404011572 0.280466638936763 0.018943960486296398 0.009097337287666107
0 0.5669272657050922 0.2786963233979269 0.017054587639259468 0.017345781292740153
0 0.5388992459482405 0.2756756626627592 0.021221254305925898 0.017515559949258495
0 0.6426779916423145 0.2880978629164665 0.016909117274537047 0.011095781292740152
0 0.6063166385521294 0.2854167594943356 0.016909117274537047 0.011095781292740152
0 0.726713560791296 0.2992431784553027 0.016909117274537047 0.01109578129274027
0 0.615497678065833 0.2933680908505026 0.021124274062777695 0.013348893282591945
0 0.5178477070678239 0.2858995559453511 0.014728803698055515 0.006844225297814314
0 0.6341506978226849 0.29677075356283655 0.008478803698055514 0.006589557313036802
0 0.6569218941246293 0.3020869709519855 0.016909117274537047 0.011095781292740152
0 0.7295476200618516 0.3116158444629139 0.021124274062777695 0.013348893282591945
0 0.6411756688206942 0.3079319742472627 0.021124274062777695 0.013348893282591945
0 0.6255991589422683 0.3064853108758733 0.021124274062777695 0.013348893282591945
0 0.5476923644893515 0.30029366068559293 0.021124274062777695 0.013348893282591945
0 0.5818249138814812 0.3093096534359829 0.021221254305926134 0.017515559949258613
0 0.5174840311560183 0.3015245559453511 0.01705458763925923 0.017345781292740153
0 0.6419506398187035 0.3193478629164665 0.021124274062777695 0.013348893282591945
0 0.47785220770111086 0.3052207865156091 0.014728803698055515 0.006844225297814314
0 0.6594892577265274 0.32591797029293 0.014728803698055515 0.006844225297814314
0 0.6438157676049534 0.3286379735882073 0.01705458763925923 0.01734578129274027
0 0.4652309823971757 0.31093845581849755 0.021124274062777695 0.013348893282591945
0 0.5211900416677312 0.32114644395549946 0.01705458763925923 0.01734578129274027
0 0.6851672484813885 0.3404818536896902 0.021221254305925898 0.017515559949258613
0 0.47949912994027755 0.32388589718734984 0.014728803698055515 0.006844225297814314
0 0.5812430324225922 0.3343096534359829 0.021221254305925898 0.017515559949258613
0 0.6621778466323608 0.34454063630054127 0.027568234549074096 0.02193689460070279
0 0.5583506108167126 0.3342017693801674 0.021221254305926134 0.017515559949258613
0 0.5375415225441664 0.3340089959960926 0.021318234549074097 0.02168222661592516
0 0.474193816363796 0.3282647871746645 0.016909117274537047 0.011095781292740152
0 0.5945180034206016 0.3452162061356316 0.02955458763925923 0.017855117262295293
0 0.47915969908925893 0.33846923052068323 0.025387920972592563 0.017685338605776955
0 0.5113543855127775 0.34132011259933237 0.021221254305925898 0.017515559949258613
0 0.5704869349049072 0.3493174334106122 0.021221254305926134 0.017515559949258613
0 0.6483694842970368 0.3565507502675593 0.021221254305926134 0.017515559949258613
0 0.5963346410852775 0.35658965014070565 0.018943960486296398 0.009097337287666107
0 0.39803092439319415 0.3365715809894583 0.021318234549074097 0.02168222661592528
0 0.4539657386029627 0.34782123579312685 0.021221254305925898 0.017515559949258613
0 0.5567028176303701 0.3602858807109636 0.021221254305926134 0.017515559949258613
0 0.7186209361714812 0.37866451310674687 0.021318234549074097 0.02168222661592528
0 0.4102157386029627 0.3496039116865698 0.016909117274537047 0.01109578129274027
0 0.5815088571440737 0.36760054210518667 0.021221254305926134 0.017515559949258613
0 0.599168700355833 0.3689623161483169 0.017151567882407428 0.02151244795940682
0 0.4392369349049071 0.3546654610909411 0.025387920972592563 0.017685338605776955
0 0.6115232299911108 0.37470298017876175 0.021318234549074097 0.02168222661592528
0 0.6738050244440273 0.3815313003309861 0.0253879209725928 0.017685338605776955
0 0.4214558663892126 0.3585120203811442 0.021221254305925898 0.017515559949258613
0 0.5469883867793516 0.37525121602146333 0.027568234549074096 0.02193689460070279
0 0.6432087701381015 0.39942886225741103 0.027568234549074096 0.02193689460070279
0 0.4677247398695367 0.3826436771619791 0.02965156788240743 0.022021783928961963
0 0.7261784275596292 0.4116582891270435 0.02965156788240743 0.022021783928961963
0 0.3781898966577774 0.3842105849437909 0.02945760739611103 0.013688450595628628
0 0.34475958308129595 0.3897354808626046 0.027568234549074096 0.02193689460070279
0 0.4599966621087033 0.4016907898108863 0.025387920972592563 0.017685338605776955
0 0.6914639967086108 0.4276422963766534 0.025290940729444364 0.013518671939110287
0 0.3695656225949996 0.3970501422568277 0.021221254305925898 0.017515559949258613
0 0.4307815053204626 0.40496257373984823 0.027568234549074096 0.02193689460070279
0 0.38916332877537 0.40457702697169867 0.025387920972592563 0.017685338605776955
0 0.7089056343732866 0.4383790704197837 0.021221254305925898 0.017515559949258613
0 0.4168761627419904 0.421139354373533 0.027568234549074096 0.02193689460070279
0 0.4967693102850922 0.43141278190222093 0.027568234549074096 0.02193689460070279
0 0.3628307213792589 0.41813814357493856 0.0338667246706482 0.024274895918813637
0 0.6805381837654162 0.44994174301794937 0.0402621950353705 0.030779563903591267
0 0.33245267262041633 0.4266607055013634 0.021221254305925898 0.017515559949258613
0 0.3831064183144903 0.44124758362568 0.027568234549074096 0.02193689460070279
0 0.35612006522430517 0.4381844782263828 0.025387920972592563 0.017685338605776955
0 0.8014918714555088 0.48455905064812016 0.02965156788240743 0.022021783928961963
0 0.6530184393379163 0.46979530428531885 0.031880371580462946 0.028356673257221132
0 0.7110365868810181 0.48096006976072825 0.021318234549074097 0.02168222661592528
0 0.4202912325242589 0.4532612423836813 0.0338667246706482 0.024274895918813637
0 0.7379259597280552 0.4881898418266921 0.02965156788240743 0.022021783928961963
0 0.5738760177320367 0.4719794320925013 0.02965156788240743 0.022021783928961963
0 0.33087761461643483 0.4496198168321597 0.027568234549074096 0.02193689460070279
0 0.45437529179481445 0.4643605684674047 0.027568234549074096 0.02193689460070279
0 0.3619578991909255 0.45563814357493854 0.025387920972592563 0.017685338605776955
0 0.6203873418202311 0.48569442220666953 0.0402621950353705 0.03077956390359115
0 0.7448297054221292 0.5045593958444515 0.029554587639259465 0.017855117262295293
0 0.35750029179481435 0.46830792223145695 0.040019744427500115 0.0203628972369246
0 0.4051987529143978 0.47573046768149563 0.03386672467064808 0.024274895918813637
0 0.6812637936946755 0.5081901870230235 0.04215156788240743 0.022531119898517103
0 0.719684235057407 0.5118280677835618 0.02965156788240743 0.022021783928961963
0 0.7474213140848143 0.5273487285187295 0.033866724670648315 0.024274895918813637
0 0.35907447885161997 0.49009803290319776 0.04026219503537038 0.030779563903591267
0 0.3153487239124069 0.49083904212997403 0.025290940729444364 0.013518671939110287
0 0.4586380677574533 0.5047733451467568 0.03386672467064808 0.024274895918813637
0 0.6766849609946292 0.5260682990128752 0.02965156788240743 0.022021783928961963
0 0.5405660585123144 0.5170452166805187 0.03386672467064808 0.024274895918813637
0 0.7886515696573144 0.5444009419535457 0.03619250861185179 0.03477645191373947
0 0.33371080293981437 0.5067417048423081 0.02965156788240743 0.022021783928961963
0 0.41668046036134215 0.5189711317119404 0.031977351823611146 0.0325233399238878
0 0.5724213140848142 0.5344794320925014 0.03401219503537049 0.030524895918813636
0 0.2889191362731477 0.5085668253998805 0.0338667246706482 0.024274895918813637
0 0.39788197023976807 0.5218184689996065 0.044428861702037165 0.030949342560109727
0 0.2732456461515736 0.5112868286951578 0.027568234549074096 0.02193689460070279
0 0.927168120316018 0.5845466902935134 0.042442508611851795 0.035031119898517225
0 0.8315287474689811 0.5801182660601027 0.033866724670648315 0.024274895918813637
0 0.7099446881984254 0.5725842917632652 0.04011672467064808 0.024529563903591147
0 0.555269746202407 0.555991880051908 0.04660917527851846 0.03520089855503557
0 0.5977598739886569 0.5636266488225948 0.03386672467064808 0.024274895918813637
0 0.40115156965731436 0.5601903570097548 0.04660917527851858 0.03520089855503557
0 0.7373423363748143 0.6026882858317663 0.04660917527851846 0.03520089855503557
0 0.8763437882492586 0.6220007008384006 0.03619250861185179 0.03477645191373947
0 0.42765302153175877 0.5840867957423853 0.04670615552166666 0.03936756522170223
0 0.8335869647943513 0.6258242654010473 0.033866724670648315 0.024274895918813873
0 0.2842909425043514 0.5732774927256027 0.04215156788240743 0.022531119898517225
0 0.2850416684415736 0.5857350480614731 0.044331881458888965 0.026782675893442822
0 0.2649833061062495 0.5979998300132687 0.05494250861185191 0.035540455868072245
0 0.19606359068074025 0.6080928445124887 0.02965156788240743 0.022021783928961963
0 0.7286687012432864 0.6623603984806734 0.05935162588638908 0.04612690119125726
0 0.7753254956962031 0.6698253885948416 0.050872822188333326 0.039537343878220575
0 0.21461963019444394 0.6156621738914893 0.02965156788240743 0.022021783928961963
0 0.3888195431884717 0.6429064703177174 0.05494250861185191 0.035540455868072245
0 0.23930444440421242 0.6281851686190457 0.034012195035370375 0.030524895918813872
0 0.1962809252806476 0.6434670665150257 0.05484552836870371 0.03137378920140558
0 0.4494777895158328 0.6747772351340714 0.04670615552166666 0.03936756522170223
0 0.3072301123374531 0.660800487453159 0.04670615552166666 0.03936756522170223
0 0.5912648105392587 0.7085456494816502 0.04670615552166666 0.03936756522170223
0 0.7998639685940734 0.7333476053249351 0.042636469098148194 0.04336445323185056