0 0.112109113524945 0.6953184245442969 0.12190744459497077 0.10611424091635466
0 0.5069273564017505 0.7930507213943272 0.12662002562916921 0.116749273330034
0 0.38373330318296156 0.784963769034621 0.1410941760889962 0.11543022011124507
0 0.04903806196374991 0.7550622764964997 0.09807612392749981 0.09931832654882318
0 0.7726335240486425 0.8965106897350839 0.18506254183600887 0.1218897271215449
0 0.5725745032435329 0.8882968370284452 0.20304826172146448 0.10828903964976841
0 0.5813621732253874 0.22507828961394113 0.11543907884795815 0.10162002562916908
0 0.9595683408722794 0.3226423827853555 0.03902856022908878 0.0311319583897807
0 0.39167851575526064 0.27657141489617804 0.02587346298805073 0.017976861148742647
0 0.3286281720193725 0.2705264925381213 0.024117678275236424 0.024117678275236424
0 0.36569144052534713 0.27689453414834053 0.021488430574371383 0.013591828735063417
0 0.7782593200671698 0.31344588421715985 0.05185610884960757 0.038037055630818745
0 0.348037698628767 0.27678092190647774 0.021706796321384066 0.017758495401729964
0 0.27627631087062976 0.2982014729390265 0.03245101160856976 0.02455440976926179
0 0.12221439770911298 0.28446059701524845 0.032778560229088725 0.03080440976926179
0 0.07632647293902647 0.28790428689905456 0.04089352781540937 0.027074474596620372
0 0.18274467661764246 0.298948035580145 0.025873462988050672 0.017976861148742765
0 0.9142942100115472 0.37383896502556874 0.047689442182940904 0.037818689883806066
0 0.35786271822786175 0.32716749133210643 0.03245101160856976 0.02455440976926179
0 0.10560675184755595 0.30402946856654606 0.03694522689575536 0.031022775516274356
0 0.04661389190482814 0.29984951379480995 0.04319522689575536 0.03135032413679338
0 0.0236426338014083 0.3020921920700463 0.0327785602290887 0.030804409769261673
0 0.8734508442645345 0.3801346977256089 0.03694522689575545 0.031022775516274356
0 0.13790284788257912 0.3220742092571113 0.04768944218294102 0.037818689883806066
0 0.7480096834021526 0.3752819282394089 0.03694522689575545 0.031022775516274356
0 0.31044180386033005 0.3400407726526656 0.04319522689575545 0.03135032413679338
0 0.24728227725093557 0.33607918362794215 0.03694522689575533 0.031022775516274474
0 0.958653574552545 0.39956194180842936 0.03529862505644748 0.03924692597610135
0 0.8153948974833234 0.3977205600803665 0.03694522689575545 0.031022775516274356
0 0.8658906497824584 0.405462246346128 0.047689442182940904 0.03781868988380595
0 0.928722627771334 0.41567383537085134 0.03694522689575545 0.031022775516274474
0 0.36187446932098183 0.36954827604492074 0.047798625056447365 0.0399020232171394
0 0.2500841579987731 0.36190248454759616 0.05185610884960769 0.03803705563081863
0 0.7480185421388656 0.4147560786992359 0.05997107643592822 0.034307120458177326
0 0.12980116840132788 0.3775554997742105 0.06544793758467105 0.05952548620519013
0 0.9093219598986525 0.4488935564623219 0.07751120609064562 0.051847250112894726
0 0.7198433800704689 0.4370087893881516 0.06917787275731228 0.05141051861886936
0 0.2524493072525852 0.3960591188005835 0.06314623850432509 0.055249636665017005
0 0.9522530883473549 0.46222571611868885 0.044614604251337654 0.058433657470126715
0 0.38447244610384246 0.414071414896178 0.054376173676966386 0.04647957183765842
0 0.08150236167738903 0.38735837253152283 0.05854284034363306 0.04669793758467099
0 0.8911813244396503 0.4778920194503725 0.06917787275731228 0.05141051861886936
0 0.6788406693815532 0.46616659731810534 0.05185610884960757 0.038037055630818745
0 0.1691204032876083 0.42016350897075044 0.05854284034363306 0.046697937584671105
0 0.823472991106317 0.4814404628393285 0.07619215287185692 0.06632140057272172
0 0.05760747851752182 0.42704645937000607 0.04341359264276804 0.03551699080346005
0 0.9496872908199561 0.5111840494520222 0.042422088044498214 0.05624114126328692
0 0.023838852706638592 0.43032637494355264 0.047677705413277184 0.06369215287185667
0 0.6888796253593042 0.49264942484715385 0.07751120609064562 0.051847250112894726
0 0.2462671867944078 0.45455622644417637 0.08671800241202969 0.06895064827358675
0 0.9141068498430298 0.5161651583016299 0.06961460425133766 0.05974385195220269
0 0.8381743660498695 0.5180669998512778 0.08803705563081886 0.05447649781375977
0 0.29627161616276426 0.47167291270993783 0.06917787275731241 0.05141051861886936
0 0.6009473232336353 0.5253055140976668 0.08825542137783131 0.05864316448042643
0 0.8429548266258905 0.5656015264606722 0.08825542137783154 0.05864316448042643
0 0.7651573752464096 0.5634458842171599 0.07783875471116489 0.05809725011289497
0 0.34540701191142653 0.5251933408722794 0.054594539423978954 0.05064623850432497
0 0.21991125961229152 0.5213822380527461 0.08298806723938844 0.07706561585990741
0 0.6932277838096562 0.5682543600197951 0.09340473390605505 0.07761153022743912
0 0.2703524204746734 0.5301655909851741 0.09340473390605505 0.07761153022743912
0 0.08498591587640338 0.5191041248306579 0.08671800241202975 0.06895064827358675
0 0.6104447942122112 0.5819420835232954 0.09340473390605505 0.07761153022743912
0 0.8026662339831224 0.6009547429538727 0.12081561585990741 0.08528090758302133
0 0.3805138474310001 0.6085355329423255 0.05876120609064562 0.05086460425133765
0 0.2913126541549389 0.6059387298364314 0.12388159505479782 0.1041400904565279
0 0.7310774792719577 0.6587244444462486 0.12925813206674708 0.08780097241038026
0 0.09964598748827226 0.6159835541990143 0.09757140057272175 0.07782989597445181
0 0.7919943276061158 0.6856572915743918 0.075973787124844 0.062154733906055054
0 0.8602530046753373 0.6914292567486827 0.1275023473539328 0.09394178953687392
0 0.5056407477779323 0.6788495281182663 0.15228398160692008 0.09108531735228335
0 0.343359113524945 0.6831991255850938 0.10469486356077246 0.09482411126163749