0 0.45366442459284545 0.12195223710841635 0.032899557761066 0.03687215880878381
0 0.6827597526875901 0.15341066307920487 0.03992582023686187 0.053829923903873936
0 0.40712903942600615 0.1270606655619073 0.0374543556656306 0.04539955776106611
0 0.963187845877425 0.19349639288211806 0.04162102233229727 0.045593623380015026
0 0.5630166024256608 0.14887294320108915 0.0374543556656306 0.04539955776106611
0 0.9214726628060212 0.19051407002596185 0.041815087951246235 0.04976029004668175
0 0.25172664047372384 0.11566505458939212 0.0418150879512463 0.04976029004668172
0 0.5850856680446097 0.15405845436723778 0.024372158808783694 0.03231736090421921
0 0.36560792197355113 0.12824500937241778 0.0397317546179129 0.049663257237207235
0 0.643613066996892 0.16094203969918983 0.0397317546179129 0.04966325723720726
0 0.4765097526875902 0.1438044149412317 0.03319065618948945 0.04312215880878381
0 0.8100143294726879 0.18532281471907736 0.041815087951246235 0.04976029004668175
0 0.1792466214496923 0.12164390625778546 0.039731754617912965 0.04966325723720726
0 0.0455736732831983 0.1081421397847523 0.03745435566563068 0.04539955776106611
0 0.535062845877425 0.17355615053511317 0.0397317546179129 0.04966325723720726
0 0.5821804279011112 0.18094772208162221 0.041815087951246235 0.04976029004668175
0 0.11645839509163679 0.15717755583074336 0.03745435566563066 0.04539955776106611
0 0.23157540887707972 0.1739726936851729 0.0418150879512463 0.04976029004668175
0 0.3600400237102404 0.18723187813451989 0.04636988585581084 0.058287688998964055
0 0.27125577501988757 0.17789965039852126 0.0397317546179129 0.04966325723720726
0 0.40744870416235 0.20087344968102894 0.0374543556656306 0.04539955776106611
0 0.6467181169000753 0.2276087063658565 0.0374543556656306 0.04539955776106611
0 0.7491410650665692 0.2396549806967725 0.0374543556656306 0.04539955776106611
0 0.31241445547199714 0.19125012351660692 0.03319065618948945 0.04312215880878381
0 0.8433762291139416 0.2544381237897906 0.0397317546179129 0.04966325723720726
0 0.4462814692574401 0.20891855665630674 0.03338472180843842 0.04728882547545048
0 0.8991182428993846 0.2684678265741976 0.03992582023686187 0.053829923903873936
0 0.7058277127092044 0.2469922916978085 0.03992582023686187 0.053829923903873936
0 0.4977854778042945 0.24353901075036083 0.03992582023686187 0.053829923903873936
0 0.18775694237552576 0.2374144554719972 0.0418150879512463 0.04976029004668175
0 0.22133285773254527 0.24417531375692214 0.039731754617912965 0.04966325723720726
0 0.5768579837318545 0.28983755803424976 0.037163257237207384 0.039149557761066114
0 0.30742875406553327 0.262736992278709 0.0374543556656306 0.04539955776106611
0 0.27409542073219995 0.26118446732711736 0.0392465905705406 0.0392465905705406
0 0.07867304080394917 0.23857023297458715 0.033384721808438475 0.04728882547545048
0 0.6074544483030858 0.29957786710496304 0.0397317546179129 0.049663257237207145
0 0.7717723774455484 0.3238616093153761 0.041815087951246235 0.04976029004668175
0 0.37785113399378406 0.2795292580627706 0.0482591535701952 0.054218055141771755
0 0.34863595092238014 0.2771291320634613 0.03319065618948945 0.04312215880878381
0 0.6768836779694072 0.31736328315095413 0.03992582023686187 0.053829923903873936
0 0.7469179266597601 0.32582221560168245 0.04636988585581084 0.05828768899896394
0 0.4103853826841369 0.28624159994295834 0.032899557761066116 0.03687215880878381
0 0.11581060380360383 0.25485164047372383 0.0307191916182583 0.034691792665975996
0 0.44931518058870146 0.2963700402515695 0.03924659057054048 0.03924659057054048
0 0.6552512599930933 0.3215527719848054 0.03319065618948969 0.04312215880878381
0 0.9348802685399478 0.36679831871631474 0.041815087951246235 0.04976029004668163
0 0.9891453268533935 0.38300838764352946 0.0217093462932129 0.04292809318983484
0 0.04846757954098376 0.28185789109439946 0.030525125999309344 0.03052512599930933
0 0.4351456727308186 0.32689229418051097 0.041815087951246235 0.04976029004668163
0 0.8908648643490769 0.38137877997928016 0.0397317546179129 0.04966325723720726
0 0.5481793531829282 0.34359039922546597 0.0374543556656306 0.04539955776106611
0 0.3968465880878381 0.33030552053856643 0.03319065618948945 0.04312215880878381
0 0.10345902508818348 0.30208907747406916 0.0418150879512463 0.04976029004668163
0 0.286332888611697 0.3230794483030859 0.03052512599930933 0.03052512599930933
0 0.5172689680160889 0.3494265737500155 0.0374543556656306 0.04539955776106611
0 0.0366468092073051 0.2958590275708859 0.0266495577610661 0.03658106038036048
0 0.3097347193257361 0.3345634758739718 0.0482591535701952 0.054218055141771755
0 0.23458917011152433 0.3279452947328906 0.039731754617912965 0.04966325723720726
0 0.6642181786583787 0.3801772037465622 0.04409248690352854 0.054023989522822904
0 0.19311656906380661 0.33017130521006777 0.039731754617912965 0.04966325723720726
0 0.5985931786583787 0.3771206702481162 0.0397317546179129 0.04966325723720726
0 0.14723471932573606 0.3269949167349626 0.04011988585581084 0.057996590570540484
0 0.7032935257771551 0.39343064405517336 0.033384721808438655 0.04728882547545048
0 0.6199116760390844 0.38850766500952766 0.0397317546179129 0.04966325723720726
0 0.8145349713243547 0.41628171629065397 0.0397317546179129 0.049663257237207145
0 0.8439927364194448 0.4238901756232966 0.0397317546179129 0.049663257237207145
0 0.769937370276637 0.4183621775536193 0.04409248690352854 0.054023989522822786
0 0.7208820041338292 0.41399857319763583 0.041815087951246235 0.04976029004668163
0 0.04919819768241025 0.34217752495159165 0.03924659057054057 0.0392465905705406
0 0.2274459247294373 0.3754253137569222 0.03992582023686187 0.053829923903873936
0 0.5496862338001506 0.4205766997493248 0.04409248690352854 0.054023989522822786
0 0.2540212718482136 0.3880965572086864 0.020205492142117146 0.03212329528527024
0 0.35540255334804094 0.40009431513486515 0.04409248690352854 0.054023989522822786
0 0.13919535649119405 0.37755141935425685 0.03745435566563066 0.04539955776106611
0 0.05893850675312349 0.3727739895228229 0.0418150879512463 0.04976029004668163
0 0.4447204824905034 0.4208848762041971 0.0374543556656306 0.04539955776106611
0 0.08309090570540577 0.37805653349844603 0.033384721808438475 0.04728882547545048
0 0.10756009732366406 0.4124572277359986 0.0440924869035286 0.054023989522822786
0 0.30760845933264264 0.04343048965941472 0.034885858284924964 0.03488585828492495
0 0.2257535947043698 0.4283562481379732 0.024275125999309328 0.030234027570885877
0 0.3396833926089344 0.4419778695876655 0.023984027570885875 0.023984027570885993
0 0.18200359470436978 0.4263185591390092 0.04011988585581084 0.0579965905705406
0 0.29603042541840885 0.44202351392203476 0.024372158808783812 0.03231736090421933
0 0.3996891058705184 0.45828497132435475 0.03319065618948957 0.04312215880878381
0 0.15525987620419712 0.4323487992825077 0.039731754617912965 0.049663257237207145
0 0.5063757535131537 0.47260864460755303 0.03992582023686187 0.053829923903873936
0 0.4270635376322752 0.4657963978475229 0.037163257237207266 0.039149557761066114
0 0.20971764129928724 0.44112165232884404 0.03745435566563072 0.04539955776106611
0 0.30077928894192235 0.45471757954098374 0.03566212076072072 0.051552524951591634
0 0.931983644607553 0.5277714880022757 0.0374543556656306 0.04539955776106611
0 0.2506822561324479 0.45030545878026296 0.03338472180843854 0.04728882547545048
0 0.691258585331952 0.09040267686464783 0.03992582023686187 0.0538299239038739
0 0.608193682655616 0.4939814025337318 0.0397317546179129 0.04966325723720726
0 0.3429796360606987 0.46811656906380666 0.0397317546179129 0.049663257237207145
0 0.877066409702643 0.531450118551202 0.04409248690352854 0.054023989522822786
0 0.03336205403701246 0.44849886352351354 0.027328787427387445 0.0511643937136937
0 0.39075362558352145 0.5119179575389118 0.04636988585581084 0.058287688998964055
0 0.8213272679875682 0.5621150496239873 0.03488585828492508 0.03488585828492508
0 0.5257108224403684 0.5306765737500155 0.03992582023686187 0.053829923903874054
0 0.48196082244036836 0.5286388847510515 0.04636988585581084 0.058287688998964055
0 0.21233752715509807 0.497371652328844 0.032899557761066116 0.03687215880878381
0 0.5785219018447604 0.5487273939868774 0.0397317546179129 0.04966325723720739
0 0.12248289109439943 0.041044569616186306 0.03231736090421924 0.024372158808783812
0 0.6122918828207288 0.5596549189384691 0.04162102233229727 0.045593623380014964
0 0.7733392627489795 0.5806681119346704 0.0397317546179129 0.04966325723720739
0 0.6803398309872227 0.5701001519130562 0.04409248690352854 0.05402398952282302
0 0.7283535304633639 0.5744152398643024 0.04409248690352854 0.05402398952282302
0 0.6552913145824856 0.5678940915326958 0.04636988585581084 0.05828768899896394
0 0.8112273939868774 0.5907480358385444 0.0397317546179129 0.04966325723720739
0 0.8584905252247753 0.6012646073850533 0.0397317546179129 0.04966325723720739
0 0.35538834739196 0.5560047003017045 0.04011988585581084 0.05799659057054072
0 0.9174229790456458 0.12588222028789128 0.0397317546179129 0.049663257237207235
0 0.4623660934630186 0.5765783735849029 0.034885858284924964 0.03488585828492508
0 0.06323651667792095 0.5320034403086111 0.03745435566563066 0.045399557761065995
0 0.10652704686810113 0.546492612902838 0.033384721808438475 0.04728882547545036
0 0.15473481196319122 0.5549743675207509 0.0397317546179129 0.049663257237207145
0 0.5080310554149555 0.597414578988604 0.0397317546179129 0.04966325723720739
0 0.41105902260548105 0.5908192200147074 0.041815087951246235 0.04976029004668163
0 0.6526058342954886 0.6218181761756763 0.03992582023686187 0.053829923903874054
0 0.5842095006889715 0.09061382051004561 0.0397317546179129 0.049663257237207235
0 0.4700715856051357 0.6081194720133263 0.04409248690352854 0.054023989522822786
0 0.6184248999144375 0.624383801486014 0.04636988585581084 0.05828768899896394
0 0.5494808342954886 0.6170150521066896 0.033384721808438655 0.04728882547545036
0 0.7637987634379511 0.6436275817444901 0.041815087951246235 0.04976029004668163
0 0.6878056131760216 0.6411275508653385 0.04636988585581084 0.05828768899896394
0 0.9421435232944526 0.678958703883154 0.04816212076072072 0.052134721808438415
0 0.99137141452845 0.6869809886912474 0.017257170943099944 0.05799659057054072
0 0.19455195671334838 0.04855886820972241 0.033190656189489506 0.04312215880878381
0 0.6272089324507282 0.09885299310427238 0.026649557761065996 0.03658106038036039
0 0.0920436184146102 0.5925913504270421 0.0307191916182583 0.034691792665976114
0 0.14034841631917475 0.6031564383782884 0.039925820236861934 0.053829923903874054
0 0.04972341631917477 0.5989355111661486 0.03764842128457963 0.04956622442773266
0 0.6217468376037545 0.6733906512240847 0.037163257237207384 0.039149557761065996
0 0.19676965977093905 0.6317694744960287 0.05261988585581084 0.058578787427387626
0 0.5228370206751584 0.6698232594407137 0.0397317546179129 0.04966325723720739
0 0.9555910292220127 0.7222007176685971 0.0397317546179129 0.04966325723720739
0 0.8823459272121397 0.13152432919349186 0.0374543556656306 0.045399557761066085
0 0.5992183021749857 0.6806566236531988 0.0397317546179129 0.049663257237207145
0 0.55556533498446 0.6807022679875682 0.03992582023686187 0.053829923903874054
0 0.6955367995556914 0.6955367995556914 0.03566212076072072 0.05155252495159151
0 0.8910562122934167 0.7202343672415549 0.03319065618948969 0.043122158808783694
0 0.7332793815793776 0.7024917234595652 0.0397317546179129 0.04966325723720739
0 0.24010870636585652 0.6473003137569222 0.03745435566563072 0.045399557761065995
0 0.286184621722876 0.654643368898694 0.032899557761066116 0.036872158808783695
0 0.4043781191035817 0.6705423893006687 0.0374543556656306 0.045399557761065995
0 0.9321178599360517 0.7315015070263072 0.04011988585581084 0.05799659057054072
0 0.7680910292220127 0.7134677648158941 0.0397317546179129 0.04966325723720739
0 0.9107765403881614 0.7419409958601585 0.04893838323651659 0.06880138847510509
0 0.08418380645141896 0.04445779597424182 0.030428093189834846 0.028441792665975997
0 0.9894964299680259 0.7606967400008943 0.021007140063948288 0.05402398952282302
0 0.8247548546974632 0.7472891342669676 0.037163257237207384 0.039149557761065996
0 0.14479453873703457 0.05143841411566831 0.03953768899896405 0.04549659057054057
0 0.17068234876990307 0.6742095315681234 0.04409248690352854 0.05402398952282302
0 0.05675255086533849 0.660587910118431 0.03556508795124629 0.04946919161825842
0 0.3777086112456988 0.7004824463727632 0.03338472180843842 0.04728882547545036
0 0.2850002779123655 0.6961644863511489 0.0374543556656306 0.045399557761065995
0 0.6740042864592201 0.7465042555800682 0.048162120760720954 0.05213472180843866
0 0.46821375626903977 0.7244465238468323 0.0397317546179129 0.04966325723720739
0 0.5017896716260594 0.7312073821317573 0.03338472180843842 0.04728882547545036
0 0.5436989203164122 0.7383563716545801 0.041815087951246235 0.04976029004668163
0 0.4161789393404437 0.723062370276637 0.0397317546179129 0.04966325723720739
0 0.32843635731675747 0.7137786589453756 0.0397317546179129 0.04966325723720739
0 0.8051344314825608 0.7723604728388896 0.0397317546179129 0.04966325723720739
0 0.5827742674351885 0.7516098119631913 0.0374543556656306 0.045399557761065995
0 0.6204683330541374 0.7575230692003985 0.0397317546179129 0.04966325723720739
0 0.7103427648158942 0.767945480007801 0.0397317546179129 0.04966325723720739
0 0.7636618304348431 0.7745864833160668 0.0397317546179129 0.049663257237207145
0 0.8309106939583566 0.79019153321925 0.0397317546179129 0.04966325723720739
0 0.9886502649554921 0.8187874913105415 0.022699470089015725 0.06434362338001497
0 0.45249459552993315 0.7663300782996326 0.0249543556656306 0.04481736090421909
0 0.2979397976253686 0.7508163170651879 0.032899557761066116 0.036872158808783695
0 0.1413986991969452 0.7372888563546023 0.04011988585581084 0.05799659057054072
0 0.40695236062502327 0.7704453564911942 0.03687215880878381 0.032899557761066
0 0.5148262241485368 0.7879425461791296 0.04409248690352854 0.054023989522822786
0 0.19510589605379203 0.7522631929962014 0.0418150879512463 0.04976029004668163
0 0.4647291913390623 0.7835304254184088 0.0374543556656306 0.045399557761065995
0 0.8630596834811795 0.8332651756232966 0.04816212076072072 0.052134721808438415
0 0.24459790983923496 0.7660017973521849 0.024372158808783812 0.03231736090421909
0 0.6041926696957365 0.8097747739151282 0.04409248690352854 0.054023989522822786
0 0.31993752467239567 0.7767866451599327 0.041815087951246235 0.04976029004668163
0 0.6944552326953912 0.828530518055864 0.041815087951246235 0.04976029004668163
0 0.39765157126731304 0.793918525777155 0.0397317546179129 0.04966325723720739
0 0.5673233829573207 0.8215698500112543 0.045593623380014964 0.04162102233229727
0 0.7846692792903087 0.8462445955299333 0.0397317546179129 0.04966325723720739
0 0.6365100305999557 0.834146932723912 0.0374543556656306 0.045399557761065995
0 0.11814528976748576 0.7736244626409085 0.0418150879512463 0.04976029004668163
0 0.731835377718732 0.850020258888334 0.05082765095090096 0.0647317546179129
0 0.3485248665525834 0.8103397383497677 0.032899557761066116 0.036872158808783695
0 0.8793896073850535 0.8714444052896179 0.050536552522477504 0.058481754617912905
0 0.8220494243136495 0.8677343363624033 0.04011988585581084 0.05799659057054072
0 0.9308194052896179 0.882155042455076 0.04409248690352854 0.05402398952282302
0 0.479606495171187 0.8351542889419223 0.0397317546179129 0.049663257237207145
0 0.9846676888593661 0.8933508436679064 0.03066462228126786 0.06453768899896394
0 0.5548490771948733 0.8438558034163369 0.032899557761066 0.036872158808783695
0 0.2657737300760969 0.8189584259707885 0.0307191916182583 0.034691792665976114
0 0.17311391314750083 0.815682132615841 0.0418150879512463 0.04976029004668163
0 0.23064816183785367 0.8235588682097225 0.0418150879512463 0.04976029004668163
0 0.9415528646222605 0.9117583567643777 0.04666098428423429 0.06453768899896394
0 0.36466072483750833 0.8443523013494222 0.03992582023686187 0.053829923903874054
0 0.6092355037180414 0.8734134733912693 0.03992582023686187 0.05382992390387382
0 0.6793182688131315 0.8829140725086643 0.03338472180843842 0.04728882547545036
0 0.6543182688131315 0.8817496787949705 0.026649557761065996 0.03658106038036048
0 0.308048287837163 0.8562672324222075 0.03992582023686187 0.053829923903874054
0 0.5494495503129588 0.884141188583176 0.0397317546179129 0.04966325723720739
0 0.8715443101694603 0.9261675745755789 0.04162102233229727 0.045593623380014964
0 0.7952115450743702 0.9163758770297605 0.05082765095090096 0.0647317546179129
0 0.516843963050684 0.8982136636315846 0.03973175461791302 0.049663257237207145
0 0.8272378075501661 0.9344980358385443 0.054897284808093146 0.06284248690352853
0 0.9109592721213974 0.9467126815508566 0.03992582023686187 0.053829923903874054
0 0.9973760376322752 0.9625374913105416 0.005247924735449535 0.048789961951936786
0 0.8735563049308719 0.9470494243136495 0.05213472180843866 0.048162120760720954
0 0.9686390700259618 0.9577144171447382 0.03992582023686187 0.053829923903874054
0 0.9440272012638596 0.9648833567643778 0.034691792665976114 0.030719191618258417
0 0.2615871133126135 0.8852854778042946 0.034885858284924964 0.034885858284924846