0 0.4686562951081173 0.17848047060040978 0.013009335969555143 0.012572722872636888
0 0.44924663041861695 0.16922061514875164 0.008757779974629306 0.010465148581757925
0 0.641557056629194 0.2545396234774395 0.01075622397970335 0.008393935727197465
0 0.5791189512298968 0.22782596474667732 0.008672890646370017 0.008381815248424592
0 0.4808591824592101 0.18569941439443954 0.013009335969555143 0.012572722872636947
0 0.6937058293542132 0.27818888460206587 0.01075622397970335 0.008393935727197524
0 0.6097322812679528 0.243269157565085 0.008672890646370017 0.008381815248424592
0 0.5657470632197484 0.223738081192034 0.008672890646370017 0.008381815248424592
0 0.5565418418762669 0.21962595667984505 0.008672890646370017 0.008381815248424592
0 0.43474818641354285 0.16722212516682808 0.008757779974629187 0.010465148581757925
0 0.42345963173672785 0.16312212113341193 0.008757779974629306 0.010465148581757925
0 0.4898946251461734 0.19397820557329515 0.013009335969555025 0.012572722872636947
0 0.7242767147281398 0.2946737440871402 0.008672890646370017 0.008381815248424592
0 0.40600596638817205 0.15697514520298092 0.008757779974629306 0.010465148581757925
0 0.6709589413440649 0.27415554320190033 0.008757779974629424 0.010465148581757925
0 0.6790376066926207 0.28035706128680893 0.01075622397970335 0.008393935727197524
0 0.689284494702769 0.2844631255596115 0.008672890646370017 0.008381815248424592
0 0.6994040487205285 0.2916941898324141 0.01075622397970335 0.008393935727197406
0 0.7341416007611218 0.3081548083599427 0.013009335969555025 0.012572722872636888
0 0.7413059334353995 0.31123738668423784 0.008672890646370017 0.008381815248424592
0 0.9388547772888328 0.523579125952395 0.04995401054488724 0.05027877101177485
0 0.7531993477829785 0.4538426959480022 0.09123513044340423 0.09217572677512524
0 0.5185201455521049 0.3604388241008238 0.02176711594418445 0.023037871454394933
0 0.643438801014829 0.4128244748956816 0.02176711594418445 0.023037871454394933
0 0.20724395122989672 0.22998947020762633 0.08515490909992268 0.09630603200547345
0 0.5092300348803641 0.35841003292196816 0.01109578129274027 0.016727269060530858
0 0.6218184689996065 0.4067017399227962 0.04995401054488724 0.05027877101177485
0 0.7988434525232203 0.483778318508947 0.02176711594418445 0.02303787145439481
0 0.3606077140690843 0.2999137676329979 0.13017824902381048 0.12781056205970268
0 0.7781374531822757 0.48077452329667525 0.02176711594418445 0.023037871454394933
0 0.5824898036510506 0.4006820290194799 0.013009335969555025 0.012572722872636888
0 0.9029287746526109 0.536285174091533 0.05888156917603501 0.06491058626019969
0 0.705367570444571 0.4520381336264438 0.013009335969555025 0.012572722872636888
0 0.5108040322441423 0.3708979124431953 0.02176711594418445 0.02303787145439481
0 0.5026404775673273 0.36677972769162004 0.013009335969555025 0.012572722872636888
0 0.42683048415788183 0.3359781854062145 0.02176711594418445 0.023037871454394933
0 0.6008153570097547 0.41098961137719114 0.02635822925214697 0.033478779078607225
0 0.8598154446145548 0.5209147041457622 0.02635822925214697 0.03347877907860711
0 0.819912003904758 0.503442720148499 0.03286289723692448 0.03976514051492567
0 0.8720183319656477 0.5281336479397919 0.024105117262295295 0.029299991933167745
0 0.8412776679352028 0.5158154551213844 0.024105117262295295 0.029299991933167745
0 0.9435343247160378 0.5620844311827432 0.07048668643833006 0.09413785532073031
0 0.5525785829666245 0.3935661092950191 0.024105117262295295 0.029299991933167745
0 0.45731648020354915 0.3545463782246221 0.02176711594418445 0.02303787145439481
0 0.22497527929078648 0.25488038589867096 0.050378457186183154 0.06069543767844164
0 0.5750283583278656 0.40489111736185135 0.015347337287666107 0.018834843351409822
0 0.12667306585597024 0.2137955022130998 0.015347337287666048 0.018834843351409763
0 0.8289050019275916 0.5127631779940213 0.017600449277517784 0.0230136304968493
0 0.7787122285435168 0.4922267963906221 0.015347337287666107 0.018834843351409822
0 0.5873161350072177 0.41002672782254784 0.024105117262295295 0.029299991933167745
0 0.6876592371112377 0.45214115769601276 0.01985356126736946 0.027192417642288785
0 0.6455875737398482 0.4367646275108557 0.030609785247072807 0.03558635336948619
0 0.11738295518422942 0.2117667110342442 0.013009335969555143 0.012572722872636947
0 0.1694892832451192 0.23645763882553716 0.028356673257221132 0.03140756622404671
0 0.7058999011416826 0.4645320733870574 0.026018671939110286 0.025145445745273894
0 0.404828150165493 0.33923045043332917 0.02176711594418445 0.02303787145439481
0 0.6709501257804414 0.4532797881928621 0.03711445323185056 0.04187271480580464
0 0.513334806946328 0.3854630650583695 0.03694467457533198 0.037706048139137964
0 0.4436899242086233 0.3567084946699788 0.015347337287665989 0.018834843351409822
0 0.10488295518422942 0.21183943390688112 0.019514003954332684 0.01885908430895545
0 0.08851340116646991 0.20464473107039705 0.06423668643833015 0.09410149388441186
0 0.24717038666725002 0.27245539396550317 0.04361912121662801 0.0481590762421232
0 0.26341260669262073 0.28277509680198726 0.028356673257221132 0.03140756622404671
0 0.14157650656576715 0.23141293195563695 0.017600449277517725 0.023013630496849243
0 0.4180302595191229 0.3474850006546391 0.024105117262295295 0.029299991933167745
0 0.431317258201012 0.3536562175426158 0.03711445323185044 0.04187271480580464
0 0.13341295188895216 0.2272947472040616 0.024105117262295295 0.029299991933167745
0 0.6533266817753672 0.4512994789290977 0.028356673257221132 0.03140756622404671
0 0.6911467891518309 0.4687835834051338 0.028356673257221132 0.03140756622404671
0 0.15248305926541575 0.2448879359890531 0.024105117262295295 0.029299991933167745
0 0.27910304608430675 0.306636466305138 0.08515490909992268 0.09630603200547345
0 0.4642915842847355 0.38783122964286415 0.08740802108977448 0.10048481915091294
0 0.11389894793461948 0.246153831513017 0.03469156258548036 0.03352726099369849
0 0.6000319031188489 0.4557752178044714 0.06755445982240502 0.07329240150862416