0 0.2878361053497225 0.5415181567560476 0.033542011862998086 0.0575233399238878
0 0.5482916718895355 0.47890854671857486 0.033542011862998086 0.0575233399238878
0 0.7442717891518309 0.44180472785967406 0.042639349150663954 0.07661289723692448
0 0.5931257832203318 0.4760417594943356 0.033542011862998086 0.0575233399238878
0 0.23177887873379727 0.5646010572882493 0.033626901191257254 0.05960667325722113
0 0.8457803471239231 0.42622926210577006 0.03213779315573836 0.0741051172622953
0 0.1283797608124465 0.6010523010396163 0.03362690119125729 0.05960667325722113
0 0.8306452331569051 0.440365154070251 0.042809127807182296 0.08077956390359127
0 0.7043294485688876 0.47775018043246903 0.03120401054488724 0.051188450595628626
0 0.6629404446145549 0.49815552233352317 0.03588001318110893 0.06385822925214697
0 0.8695918965282945 0.45437725683332647 0.0385575718122567 0.07852645191373947
0 0.7325198879605737 0.5005200631701737 0.033542011862998086 0.0575233399238878
0 0.7818602232710733 0.4891501639560828 0.040131569176035005 0.06611134124199865
0 0.6377512160214633 0.5293400829418372 0.040131569176035005 0.06611134124199876
0 0.38650087082513185 0.5957343576688102 0.033542011862998086 0.0575233399238878
0 0.19851452958313315 0.6408319525480076 0.028866009226776276 0.04485356126736946
0 0.9323271145764987 0.47157979898808783 0.04922890646370088 0.08520089855503545
0 0.2331017529037811 0.6342229452983976 0.03588001318110899 0.06385822925214697
0 0.7041632147033525 0.5328736244375432 0.042639349150663954 0.0766128972369246
0 0.8920222219529623 0.4909010295583458 0.033626901191257254 0.05960667325722113
0 0.2702621955907443 0.6410282707230657 0.03613468116588656 0.0701082292521472
0 0.3419249722700964 0.6433079222314569 0.033626901191257254 0.05960667325722113
0 0.748021098759168 0.5539651705466373 0.04030134783255335 0.07027800790866531
0 0.3067859683157637 0.6634585961477336 0.033542011862998086 0.0575233399238878
0 0.5880748681889101 0.6000000928276689 0.037878457186183094 0.06185978524707281
0 0.2090620750331718 0.6882392832451192 0.033626901191257254 0.05960667325722113
0 0.17925873840456125 0.7050527338407478 0.03588001318110905 0.06385822925214697
0 0.45754997227009636 0.638596564513072 0.03588001318110893 0.06385822925214697
0 0.5089736409139294 0.6271417759707218 0.033626901191257254 0.05960667325722113
0 0.9718291033725561 0.523007012422904 0.013048235842701672 0.06500777997462918
0 0.36244174301794935 0.6757499176180688 0.033626901191257254 0.05960667325722113
0 0.41490707832844903 0.6642526844115891 0.04030134783255323 0.07027800790866531
0 0.13697839650350704 0.747333075741802 0.04030134783255323 0.07027800790866531
0 0.7308910855780592 0.6170593958444516 0.04030134783255335 0.07027800790866555
0 0.6815083056034297 0.6294709617252091 0.04030134783255335 0.07027800790866555
0 0.26986428846798804 0.7273592700640101 0.037878457186183094 0.06185978524707281
0 0.5489425210154123 0.6671106560722048 0.033542011862998086 0.0575233399238878
0 0.7913077522447256 0.6145976053249351 0.04280912780718253 0.08077956390359115
0 0.63982218900019 0.6571679702929301 0.03120401054488724 0.051188450595628626
0 0.4631668470991357 0.704923673866702 0.024699342560109607 0.04468378261085112
0 0.5102965150839133 0.6967636639808702 0.03588001318110905 0.06385822925214697
0 0.8824650829418371 0.623362474881531 0.04948357444847839 0.09145089855503556
0 0.6357864011168952 0.7051695262878558 0.045062239797034206 0.08503111989851722
0 0.5454815084933587 0.7265281007363344 0.03770867852966475 0.05769311858040614
0 0.6954585137658024 0.6954585137658024 0.04030134783255335 0.07027800790866555
0 0.4085368339180267 0.7695459070731816 0.033626901191257254 0.05960667325722113
0 0.07490456912646011 0.4586799802283365 0.03120401054488718 0.051188450595628626
0 0.17441468309347818 0.4411060704693584 0.01577178392896196 0.029760891964480982
0 0.28463857637607004 0.4158160474024176 0.033626901191257254 0.05960667325722113
0 0.5313826975926981 0.35792488466529626 0.022276451913739594 0.03626555994925861
0 0.14439912314421963 0.4631278543983203 0.02452956390359127 0.04051711594418445
0 0.330089907732237 0.4233234821807155 0.019768671939110288 0.025764003954332773
0 0.6492608095825498 0.3489619709519855 0.024529563903591147 0.04051711594418445
0 0.4592335796713473 0.3931027884927754 0.033626901191257254 0.05960667325722113
0 0.26399801642681153 0.4374558293542133 0.019768671939110288 0.025764003954332655
0 0.5547892502923467 0.3704903240569823 0.0157717839289622 0.029760891964480982
0 0.2312819031188489 0.4491882806088974 0.02452956390359127 0.04051711594418445
0 0.418226577694181 0.4041331303938296 0.024699342560109607 0.04468378261085112
0 0.6754298102416052 0.34477585434874564 0.018109785247072806 0.03609578129274015
0 0.18814912314421964 0.4613451785048774 0.027037343878220512 0.051018671939110284
0 0.31295634976014486 0.4354609301401223 0.022276451913739594 0.03626555994925861
0 0.4463091330300514 0.4040287911289972 0.02452956390359127 0.04051711594418445
0 0.25098868045725636 0.4504651653237684 0.018279563903591266 0.04026244795940682
0 0.5155260243354769 0.38976910996311065 0.019768671939110288 0.025764003954332655
0 0.5249010243354769 0.3893871079859443 0.022276451913739594 0.03626555994925861
0 0.17214212116705327 0.4713568484668213 0.022276451913739535 0.03626555994925861
0 0.40200735239636665 0.41935313368910687 0.033626901191257254 0.05960667325722113
0 0.35791779508332994 0.4294691429158831 0.01827956390359115 0.040262447959406936
0 0.7200941429158831 0.3460757337911731 0.02469934256010949 0.04468378261085112
0 0.3232032377702931 0.43920315016549305 0.01827956390359115 0.040262447959406936
0 0.2024777884927754 0.4670009532070631 0.022276451913739535 0.03626555994925861
0 0.6109119162999579 0.3713233121939842 0.01827956390359115 0.04026244795940682
0 0.5856572483151804 0.3785919841330945 0.019768671939110288 0.025764003954332655
0 0.36824957242173734 0.4311280296079205 0.01577178392896196 0.029760891964480982
0 0.13100778519749814 0.48551219036787546 0.033542011862998086 0.0575233399238878
0 0.4280490190630333 0.418292017085867 0.03588001318110893 0.06385822925214697
0 0.031115669253313737 0.5124611001268536 0.04429823584270152 0.06628111989851722
0 0.4888476877068663 0.40645522656635047 0.022276451913739472 0.03626555994925861
0 0.37749723842934857 0.43387102763075414 0.02044778656518377 0.04243067062099944
0 0.08883178256127634 0.49970997693305924 0.02452956390359127 0.04051711594418445
0 0.061493781243165443 0.5070635382004287 0.02452956390359125 0.04051711594418445
0 0.6251981369843841 0.37802075356283654 0.019768671939110288 0.025764003954332655
0 0.22613900917720156 0.473316392598749 0.018279563903591266 0.040262447959406936
0 0.3458227917880527 0.4455610342213087 0.02469934256010973 0.04468378261085112
0 0.5358500216992551 0.40142021668051875 0.022106673257221134 0.032098893282591946
0 0.5683114670224401 0.3959377654258347 0.022106673257221134 0.032098893282591946
0 0.11999689323301715 0.5005199703425048 0.02946023452459062 0.05943689460070279
0 0.6490715809894582 0.3791278596211892 0.03120401054488724 0.051188450595628626
0 0.5020497970604962 0.41423677926599906 0.019768671939110288 0.025764003954332773
0 0.3078559004826271 0.4585473754633073 0.02452956390359127 0.04051711594418445
0 0.6824898036510506 0.3756862970357088 0.024529563903591147 0.04051711594418445
0 0.33810667848009 0.4562748135368825 0.027037343878220575 0.051018671939110284
0 0.7024512489742357 0.37071318175057993 0.03120401054488724 0.051188450595628626
0 0.5994341330300513 0.3977894255019468 0.019768671939110288 0.025764003954332773
0 0.39573790245979346 0.44560702367642147 0.018279563903591266 0.04026244795940682
0 0.24454945186416482 0.4808857219777497 0.027037343878220575 0.051018671939110284
0 0.6076825770351255 0.3995332015222434 0.01577178392896196 0.0297608919644811
0 0.7715408062872726 0.3595785005846934 0.01560200527244362 0.025594225297814313
0 0.28122000851814616 0.47419182539988053 0.027037343878220575 0.051018671939110284
0 0.18145522656635052 0.4980157351588587 0.028696230570257934 0.04068689460070279
0 0.10273600126853616 0.5157824183019116 0.02929045586807225 0.055270227934036124
0 0.4795381270985523 0.4307531172127206 0.024699342560109607 0.04468378261085112
0 0.5498815743989037 0.4143676580493711 0.03120401054488724 0.051188450595628626
0 0.7607845823075691 0.36833628055932266 0.02929045586807225 0.055270227934036124
0 0.27050622920257233 0.4819079387078432 0.024699342560109607 0.04468378261085112
0 0.7408655816485137 0.3722677291777849 0.02886600922677616 0.04485356126736946
0 0.16553311391744333 0.5059440717874694 0.03588001318110899 0.06385822925214697
0 0.21591511589460968 0.49453172790924876 0.02929045586807225 0.055270227934036124
0 0.009307834626656868 0.546026106717408 0.018615669253313736 0.06611134124199888
0 0.5831724630681074 0.41405109546389074 0.03120401054488724 0.051188450595628626
0 0.7186085796713473 0.38253406712450644 0.022106673257221134 0.032098893282591946
0 0.5170381270985523 0.42922510930405516 0.024699342560109607 0.04468378261085112
0 0.8540446962745871 0.3510170387851221 0.04013156917603477 0.06611134124199876
0 0.25858100456381344 0.4938331633466021 0.024699342560109607 0.04468378261085112
0 0.6921849110275142 0.3929701837277463 0.01827956390359115 0.040262447959406936
0 0.08209544131927761 0.5374222002537071 0.029460234524590588 0.05943689460070279
0 0.2017792239301287 0.5096668418762669 0.029460234524590588 0.05943689460070279
0 0.4936545691264601 0.4416172252482396 0.018279563903591266 0.04026244795940682
0 0.621629240406515 0.41456397622442914 0.02044778656518389 0.04243067062099944
0 0.4494801224851642 0.4538165678083492 0.03588001318110893 0.06385822925214697
0 0.3329213398743131 0.4814445921934008 0.03588001318110893 0.06385822925214697
0 0.4703983451467567 0.450884341192424 0.033626901191257254 0.05960667325722113
0 0.3726320072000352 0.4767066949564763 0.027037343878220575 0.051018671939110284
0 0.6707573523963667 0.4084024103436715 0.033626901191257254 0.05960667325722113
0 0.5678251257804414 0.43339532076170506 0.02886600922677616 0.04485356126736946
0 0.5353212357931267 0.43991943868305583 0.02469934256010949 0.04468378261085112
0 0.3042445592406284 0.4961322647915666 0.02963001318110893 0.06360356126736946
0 0.09421343934211127 0.5462878642841521 0.022276451913739535 0.036265559949258376
0 0.8050244683405511 0.3800528266684167 0.04081068380210837 0.08277800790866544
0 0.23698366727614736 0.5134320566291939 0.033542011862998086 0.0575233399238878
0 0.5980759037779043 0.4311227588352802 0.028866009226776394 0.04485356126736946
0 0.0666207700392228 0.5598914255515216 0.04030134783255323 0.07027800790866555
0 0.50443378783372 0.4578170006094807 0.03120401054488724 0.051188450595628626
0 0.6367449044369597 0.42642730626248515 0.033626901191257254 0.05960667325722113
0 0.4298812292025723 0.4754139050960152 0.03613468116588656 0.07010822925214696
0 0.14225744000116675 0.5412104097341908 0.033626901191257254 0.05960667325722113
0 0.4077940058819243 0.48151357637607006 0.02929045586807225 0.055270227934036124
0 0.023487990064593525 0.5720483234475017 0.03362690119125728 0.05960667325722113
0 0.6156569031188489 0.43352619954507704 0.027037343878220575 0.051018671939110284
0 0.7058769064141261 0.414250958429932 0.03588001318110893 0.06385822925214697
0 0.826475021699255 0.38957815538836194 0.03120401054488724 0.051188450595628626
0 0.3906604479098321 0.49365102433547686 0.033626901191257254 0.05960667325722113
0 0.190004328011315 0.5434246218508961 0.03120401054488718 0.051188450595628626
0 0.8797698003557735 0.3832468108510859 0.03588001318110893 0.06385822925214697
0 0.49116978387938726 0.47707633657903586 0.033542011862998086 0.0575233399238878
0 0.6560272351340714 0.43812085764402287 0.027037343878220575 0.051018671939110284
0 0.9237320236764215 0.37625580162430966 0.04013156917603477 0.06611134124199876
0 0.7609154610909411 0.41616805789773015 0.03613468116588668 0.07010822925214696
0 0.7850435730807929 0.4110251639560828 0.04263934915066419 0.0766128972369246
0 0.6915287911289972 0.43459440573028335 0.02963001318110893 0.06360356126736946
0 0.7240751257804414 0.42702862114226586 0.03588001318110893 0.06385822925214697
0 0.3544373326247031 0.5148858095825498 0.033542011862998086 0.0575233399238878
0 0.322890219975796 0.5234508161731043 0.03770867852966475 0.05769311858040614
0 0.26096499533703715 0.5374133846900837 0.033626901191257254 0.05960667325722113
0 0.9023469097094033 0.3906463615735682 0.046975794473849204 0.0809493425601096
0 0.1073112094309088 0.5821519723196711 0.03120401054488718 0.05118845059562886