0 0.04350596638817207 0.1582112370822222 0.02385044927751775 0.02345005800398153
0 0.2064109630928948 0.17002976253865723 0.024020227934036124 0.027616724670648195
0 0.22711696243383936 0.17266986132291648 0.017515559949258554 0.021221254305925898
0 0.15211696243383935 0.1744155056995832 0.030609785247072925 0.03609552836870371
0 0.46185451447443254 0.18385714425171257 0.017515559949258613 0.021221254305925957
0 0.24452818311826555 0.17954936195620347 0.0201931185804062 0.03585307776083333
0 0.12499118443637644 0.17608754394671286 0.024190006590554525 0.031783391337314865
0 0.8254616205327852 0.1993297063095826 0.028017115944184448 0.02354703824712961
0 0.19648418245921012 0.18378963475240723 0.01084111330796264 0.010659117274537049
0 0.19123340446174716 0.1849525267230091 0.017515559949258554 0.021221254305925957
0 0.2587719591385621 0.1875432644385183 0.041535787883294616 0.04883797897657409
0 0.37709751249726614 0.19519599417546266 0.017515559949258613 0.021221254305925957
0 0.41646862250995154 0.19948301519888853 0.021512447959406936 0.017151567882407428
0 0.09210529247189546 0.19142247416444436 0.029035787883294677 0.04854703824712967
0 0.20834751249726616 0.1991236940229628 0.028356673257221132 0.031880371580463
0 0.9276103932578046 0.22088777862499923 0.03511600922677616 0.044525841945185184
0 0.9680656146012863 0.22410888792097142 0.04536289723692448 0.0406016258863889
0 0.05543473581791415 0.19747938462532402 0.02661289723692457 0.04016521479222224
0 0.29346706651502574 0.20442726570509234 0.023850449277517782 0.02345005800398153
0 0.7860710605835266 0.2210601068920364 0.04553267589344282 0.04476829255305562
0 0.49712439721213725 0.2121752337908329 0.034946230570257815 0.04035917527851858
0 0.3442965098610444 0.2084475910598608 0.024020227934036124 0.027616724670648195
0 0.7141960605835266 0.222733016086342 0.017515559949258373 0.021221254305925898
0 0.7285247259320824 0.2286435852353235 0.024190006590554466 0.031783391337314865
0 0.8271435019523791 0.2346736377938882 0.030609785247072807 0.03609552836870371
0 0.6951489479346195 0.23046109384717534 0.01993845059562863 0.02960307776083333
0 0.8707237232958606 0.23782201190749927 0.0325233399238878 0.031977351823611146
0 0.5878148366038232 0.2340000017749069 0.032353561267369456 0.027810685156944476
0 0.6584783912806382 0.236518004308055 0.02818689460070279 0.027713704913796277
0 0.1332856178965634 0.2279284266721758 0.035116009226776275 0.044525841945185246
0 0.1653226165784525 0.23342682978777762 0.041705566539813076 0.05300464564324076
0 0.20161117125526745 0.23674491932689795 0.024190006590554466 0.031783391337314865
0 0.32506016861904563 0.24635975709324046 0.04587223320647974 0.0531016258863889
0 0.28617894463934224 0.2555901576756942 0.04553267589344294 0.04476829255305562
0 0.9576524927256026 0.27534451507393437 0.04986912121662783 0.04903193946287037
0 0.7796972713821211 0.2753237538018512 0.05237690119125726 0.05949709625111114
0 0.689284494702769 0.27222474075699016 0.030609785247072807 0.03609552836870371
0 0.5592883846900837 0.27004704002203656 0.04553267589344282 0.044768292553055505
0 0.5831193840310281 0.2726144036239347 0.03328734387822057 0.05072735182361114
0 0.6119464933846582 0.280268875255231 0.04838001318110893 0.06356678267462973
0 0.4830769393668986 0.275983596126157 0.026612897236924483 0.040165214792222174
0 0.8768923787585846 0.29075305142120295 0.03328734387822057 0.05072735182361114
0 0.6543577140690843 0.28656649442962906 0.035540455868072245 0.05494250861185179
0 0.4224056047154544 0.2836398096518052 0.036605117262295296 0.029990998733426012
0 0.3182389380487878 0.286064315730509 0.03677489591881364 0.03415766540009268
0 0.043748274018342866 0.279965011778287 0.037454010544887194 0.05082433206675922
0 0.13707382737704693 0.2881996229741202 0.06096490250936822 0.06594105673740742
0 0.7420080427890295 0.3063806642627308 0.05003889987314617 0.05319860612953704
0 0.37172649008938097 0.30147023923624966 0.030609785247072807 0.03609552836870371
0 0.016198049379583992 0.2920537166920833 0.027207122534738906 0.05474854812555563
0 0.183312157415103 0.3027335952387035 0.06589557313036755 0.08478803698055562
0 0.5123744848169373 0.3231729109692125 0.07580290382747906 0.07253048758842601
0 0.4070388174912152 0.32874666210870335 0.035116009226776275 0.04452584194518513
0 0.9610587002289198 0.34499071137587883 0.048125345196331416 0.057316782674629724
0 0.5970271475292712 0.3399348159846754 0.04969934256010949 0.044865272796203705
0 0.3277023721680301 0.3347559533951849 0.05237690119125726 0.05949709625111114
0 0.8483464769082719 0.35281751127421224 0.05420556653981308 0.05329558637268524
0 0.8470306923202545 0.3851091779408789 0.05552489591881387 0.03459407649425934
0 0.2390369162999579 0.3909349601071757 0.053820019771663515 0.09491376291777781
0 0.4779411350072177 0.4020252627928237 0.06615024111514506 0.09103803698055563
0 0.5828099110275142 0.4079098449866662 0.07248513044340446 0.09326684067861114
0 0.7074703537144775 0.41333377102555496 0.07023201845355255 0.08905168389037049
0 0.36027524633801394 0.4037232879950923 0.05764712912529338 0.08667740982759267
0 0.26522891168656976 0.4121795885267127 0.06657468775644108 0.10145470364722228
0 0.9484384558184975 0.4503930051955084 0.0683184637767378 0.09316986043546294
0 0.793357456477553 0.4508805192527771 0.08239246114051586 0.08100929128648152
0 0.5058804512051094 0.4825479109692125 0.06615024111514506 0.09103803698055563
0 0.1691320948048353 0.5996570853602776 0.052546679847775654 0.06366376291777792