0 0.8304827350413971 0.5281421011847487 0.05276210311903 0.05924245129834465
0 0.3483963936983067 0.5916168511880441 0.03984999289199986 0.023607596320075194
0 0.9618781857097607 0.5179330784565772 0.06591663112666594 0.11571063960994744
0 0.3128585181413371 0.601415317638503 0.02524241778060592 0.02126970995653892
0 0.7865509217059427 0.5430034420941392 0.04016513600678759 0.050690929653408524
0 0.13227443724806454 0.6305614361462304 0.027592410672605774 0.04422274134180573
0 0.6768001741460036 0.573385961034282 0.03161362667090894 0.03179547077900675
0 0.6569600239232156 0.5772071628742445 0.021124234670060343 0.025363647186004576
0 0.7164319910354581 0.569910224021024 0.023256051559514882 0.02956667857127163
0 0.6162016941438824 0.5879563841948687 0.010586359113090775 0.014765156926335503
0 0.4231782176957613 0.6116759810576603 0.021124234670060343 0.025363647186004337
0 0.6005039688097007 0.5939336488053655 0.023328776893696574 0.035816678571271625
0 0.5879797270316399 0.5957987938270961 0.02112423467006058 0.025363647186004576
0 0.449219884362428 0.612130540040166 0.012718176002545316 0.018968188311602793
0 0.4586070052514583 0.6112525146072013 0.02112423467006046 0.025363647186004576
0 0.4419160968067311 0.613044930191731 0.006419692446424108 0.01469242748913473
0 0.3991107963611553 0.620632786793755 0.023256051559514882 0.02956667857127163
0 0.752793357256549 0.5788799399298653 0.06557724623381773 0.08654397294328078
0 0.540983518141337 0.6053972543252525 0.010537875556969566 0.010598490259668835
0 0.5305304888075796 0.6083404307322503 0.006419692446424108 0.01469242748913473
0 0.5576501848080038 0.6056881720740562 0.010586359113090775 0.014765156926335503
0 0.5733115474750946 0.6028359074635595 0.010586359113090775 0.014765156926335503
0 0.5211312470295189 0.6102601228318816 0.01686060089115138 0.016957584415470232
0 0.509648671918125 0.6121434502129124 0.016860600891151496 0.016957584415470232
0 0.3301911039147312 0.6340160844132735 0.052640894228726864 0.048825784631677985
0 0.6170979101421854 0.6004745665541691 0.016957568003393913 0.025290917748803564
0 0.5721729136961855 0.6111510584375927 0.010586359113090775 0.014765156926335503
0 0.47931912969448864 0.6220328284598724 0.05680756089539365 0.04889851406887876
0 0.5419160968067309 0.6147904366845528 0.010537875556969804 0.010598490259668835
0 0.18506005235521622 0.6606554031372086 0.09094087290472655 0.11823034956648612
0 0.7192660896987308 0.5949647710989246 0.027543927116484686 0.04005607467513907
0 0.6722820016974583 0.6035215649304144 0.027543927116484686 0.0400560746751393
0 0.9226941119244885 0.5724686644958022 0.06124088712072696 0.07188791017274644
0 0.37910095369194335 0.6390373219670508 0.027592410672605774 0.04422274134180573
0 0.5584494336940644 0.6265396877666897 0.023328776893696574 0.035816678571271625
0 0.648166096806731 0.6166450373331759 0.027495443560363243 0.0358894080084724
0 0.603277463027822 0.6241965292165995 0.027446960004242273 0.031722741341805735
0 0.03749416168048932 0.7174666904758766 0.05753481423721142 0.11139851406887875
0 0.6206706532463677 0.6515889626580367 0.023328776893696574 0.035816678571271625
0 0.8667706461383676 0.6329633327862235 0.0913772249098173 0.15573034956648613
0 0.5276471767982467 0.6770540660136498 0.08435148801187822 0.08895458874401806