0 0.6390628472538981 0.11560191244477466 0.016836353369486308 0.02984578129274015
0 0.620324967732671 0.11692124182377528 0.02731362243001693 0.04068689460070279
0 0.36735147371733123 0.13264885510695054 0.016787871454394813 0.021512447959406846
0 0.034242369241295104 0.15760822925214704 0.023110594327031848 0.03426711594418445
0 0.7358893653388068 0.1112159328754936 0.02097877907860711 0.025848893282591885
0 0.3913401082475966 0.13883341571526453 0.02308635336948619 0.030100449277517722
0 0.417363594196104 0.13676953231850442 0.02308635336948619 0.030100449277517722
0 0.3174363170687409 0.14519484456206336 0.03148028909668359 0.04085667325722113
0 0.6828552689296029 0.12467625500488427 0.027253020036152976 0.030270227934036123
0 0.8941923974752082 0.1124591884898586 0.010501510018076487 0.015007779974629275
0 0.3757635901626879 0.14653007908665394 0.016787871454394813 0.02151244795940682
0 0.3466332849323397 0.1515916284910253 0.02731362243001693 0.04068689460070279
0 0.6516719315628535 0.13486124841432978 0.0272893814724713 0.03652022793403612
0 0.4341029837354076 0.1499486469445779 0.02095453812106148 0.02168222661592522
0 0.8828067870145117 0.12449229718443307 0.016836353369486308 0.02984578129274018
0 0.7079158713234671 0.13611159361066122 0.020954538121061718 0.02168222661592522
0 0.7318802648961868 0.13812948755230856 0.02308635336948631 0.030100449277517722
0 0.9109439074932844 0.12772163644926543 0.01678787145439505 0.021512447959406846
0 0.8974143613053907 0.12925318914891404 0.016787871454394813 0.021512447959406846
0 0.22387418448971974 0.1736664914570665 0.03978938147247136 0.037029563903591266
0 0.7704219315628535 0.13969994012510353 0.02095453812106148 0.02168222661592522
0 0.9390689074932844 0.12886764238076448 0.016836353369486308 0.02984578129274018
0 0.9526045139205647 0.12837775634778253 0.01678787145439505 0.021512447959406846
0 0.45915752588988534 0.1603423188836882 0.027253020036152858 0.030270227934036123
0 0.38213479495041613 0.16761808040476484 0.020954538121061596 0.02168222661592522
0 0.46749691946260513 0.16172354286339158 0.02095453812106148 0.02168222661592522
0 0.9328431484508302 0.13277964106265358 0.010525750975622116 0.01917444664129594
0 0.6340666222990892 0.15184802245746004 0.023110594327031938 0.03426711594418445
0 0.13542342141384925 0.185683695006051 0.02728938147247136 0.03652022793403612
0 0.9193196625023227 0.13535286042896885 0.02097877907860711 0.025848893282591885
0 0.6028469234960212 0.15578301586690552 0.027253020036152976 0.030270227934036123
0 0.4383787347110297 0.16886842560109627 0.018786361436318445 0.007014003954332656
0 0.16770902784112948 0.18595781292740174 0.04614846578142675 0.05603423188836878
0 0.751738594196104 0.15039426950410417 0.035671196720895894 0.0451931185804062
0 0.1125612969016603 0.1941249123951999 0.02308635336948619 0.03010044927751778
0 0.6830491965899682 0.15800958833821763 0.027253020036152976 0.030270227934036123
0 0.5477113130353248 0.16603344866803701 0.025145445745273776 0.026018671939110286
0 0.7090848030172483 0.1580290382747908 0.025121204787728384 0.02185200527244362
0 0.28122645355025055 0.18641761465086087 0.029324232890713377 0.02827178392896196
0 0.009515080013683638 0.20346455731303675 0.01687271480580467 0.03609578129274015
0 0.8194590480082102 0.15523650600586114 0.02095453812106148 0.02168222661592522
0 0.4186719113957728 0.18264531031596734 0.020954538121061596 0.02168222661592522
0 0.2562749354653418 0.19373227604508395 0.0314318071815924 0.0325233399238878
0 0.2406741764228875 0.1972622727498067 0.025121204787728266 0.02185200527244362
0 0.2042522045258726 0.2020267095052709 0.020954538121061596 0.02168222661592522
0 0.39683933307147773 0.18904563903591248 0.016812112411940562 0.025679114626073484
0 0.7789007106414606 0.16503949743814028 0.027253020036152976 0.030270227934036123
0 0.5800817628140149 0.18089089992272112 0.025121204787728384 0.02185200527244362
0 0.4541128190199851 0.18825509556304018 0.02308635336948619 0.030100449277517722
0 0.34273932903806154 0.19829684983450693 0.02097877907860711 0.025848893282591885
0 0.6019507025746283 0.18074057120277592 0.02308635336948631 0.030100449277517722
0 0.218865839056138 0.20782926813641855 0.027253020036152858 0.030270227934036123
0 0.6654923692412951 0.18332969571468116 0.025145445745273776 0.026018671939110286
0 0.08251659003176008 0.2210190171354417 0.058757550090382145 0.07529356785792392
0 0.48851812021691715 0.19486410281265018 0.05873330913283657 0.07112690119125725
0 0.26887795953491084 0.21194994534797243 0.039789381472471304 0.037029563903591266
0 0.3719362969016603 0.20469363376346894 0.025145445745273894 0.026018671939110286
0 0.8487287387444459 0.1741332899348231 0.035671196720895894 0.0451931185804062
0 0.3199014454834182 0.21090473389032252 0.027253020036152858 0.030270227934036123
0 0.2949256864409639 0.21405272861787894 0.02311059432703182 0.03426711594418439
0 0.44275144951683437 0.20445487092428133 0.031456048139137965 0.036690006590554464
0 0.5832976664048111 0.19664323391510988 0.027253020036152976 0.030270227934036123
0 0.9049726785050595 0.17538363513115454 0.03567119672089613 0.04519311858040626
0 0.2356052285954416 0.22100838276249207 0.031480289096683656 0.04085667325722113
0 0.03471506791343523 0.23885822925214703 0.039789381472471345 0.037029563903591266
0 0.8113499435321742 0.19343861535949103 0.03150453005422923 0.0450233399238878
0 0.7134878190199851 0.19882381693130918 0.031504530054229464 0.0450233399238878
0 0.3376946221681614 0.22620962651385898 0.025121204787728148 0.02185200527244362
0 0.007704457452738835 0.2502546679847776 0.012863614363184709 0.06300933596955514
0 0.8655529716351592 0.20189573789422996 0.041981799114760084 0.055864453231850436
0 0.7978870599775308 0.20642850139247299 0.031456048139137965 0.036690006590554464
0 0.7479173611744627 0.2095994908475858 0.046099983866335494 0.04770089855503545
0 0.41478401574088103 0.23039219832611563 0.03150453005422923 0.0450233399238878
0 0.6021809916713121 0.22032390453610926 0.023159076242123197 0.04260044927751772
0 0.2586431000498365 0.24277549870667645 0.039789381472471304 0.037029563903591266
0 0.6605082647652589 0.22165913906069984 0.03148028909668359 0.04085667325722113
0 0.7666976623713949 0.21557182813525183 0.04395604813913797 0.03719934256010961
0 0.11503248555572396 0.2608764683901258 0.04399240957545647 0.043449342560109606
0 0.31596506791343526 0.2503182885671375 0.03148028909668359 0.04085667325722113
0 0.44403552575895755 0.24616398225507757 0.041799991933167746 0.02461445323185044
0 0.6814082607318428 0.2339663656766251 0.035646955763350266 0.041026451913739534
0 0.3763817345801019 0.25278007908665395 0.041981799114760084 0.055864453231850436
0 0.5002673450407983 0.24533099411807566 0.027253020036152858 0.030270227934036123
0 0.2150385457951104 0.2659928228132335 0.046099983866335494 0.04770089855503545
0 0.4805181000498365 0.25181621216628003 0.027337863387562677 0.04485356126736946
0 0.5763332526650106 0.25259612126620273 0.06275453005422946 0.04629667984777572
0 0.34524081888905733 0.27025673916276616 0.04200604007230571 0.0600311198985171
0 0.005857473455475564 0.2907947786565183 0.008539381472471335 0.03575622397970335
0 0.14542868631003608 0.2943990303165506 0.05035149388441186 0.06245401054488724
0 0.8002612848014119 0.2565133907207322 0.058757550090381964 0.07529356785792392
0 0.08821580275539276 0.30560624045608964 0.06492270673897241 0.060964902509368105
0 0.03825822443109764 0.31086056324453587 0.050315132448093415 0.05620401054488724
0 0.2933211120191571 0.2962595059562864 0.06094996773267087 0.0941284571861831
0 0.7617862807679958 0.2664012714812705 0.04200604007230571 0.0600311198985171
0 0.8856961321862379 0.2631188531793589 0.06723632916898954 0.10063312517096072
0 0.636907485555724 0.28214124511905253 0.04633027296301909 0.08728423188836879
0 0.6889544574527389 0.2780134783255323 0.07334088342371553 0.07588779315573836
0 0.43914838511310406 0.30116009226776297 0.060901485817579606 0.08579512385284976
0 0.8212461241194055 0.2834039506699907 0.06508027296301909 0.08804823584270144
0 0.8504188510254587 0.2856340679322861 0.06504391152670053 0.08179823584270156
0 0.2632764051492569 0.3231536106965282 0.04636663439933753 0.09353423188836878
0 0.39553171037960505 0.32229408304098667 0.04417421675704887 0.07469934256010961
0 0.0155597263823418 0.3474267806336847 0.02750755009038216 0.07402022793403612
0 0.5902688348917942 0.3208562352332208 0.06094996773267099 0.0941284571861831
0 0.3373438227915456 0.34491718184972936 0.08584088342371553 0.07639712912529338
0 0.7287802003615286 0.32129304222912347 0.08368482721774531 0.06381223979703421
0 0.21142942115199362 0.3616563774900484 0.08821510824759654 0.12648201845355256
0 0.10844380665788107 0.38141268907455195 0.07143935727197454 0.10705290382747906
0 0.5457316982793566 0.3627811146756482 0.06322722872636935 0.1275466798477756
0 0.48545441711857745 0.38427765748946513 0.07782268253847562 0.13022423847892337
0 0.6780415456641826 0.3712965870201067 0.035889365338806795 0.08269311858040614
0 0.3025149993453609 0.44451572993598987 0.08608329299917195 0.11806379579196005
0 0.9730089592730552 0.4135167603021152 0.050860553992870434 0.14995401054488725
0 0.7596794009849129 0.4412739374888818 0.09457419255655211 0.14548668643833007
0 0.15674087939029935 0.09074169961943915 0.01678787145439493 0.02151244795940682
0 0.19525830509942038 0.08814548552556747 0.020954538121061596 0.02168222661592522
0 0.2140143653388068 0.08995115614656685 0.01678787145439493 0.02151244795940682
0 0.09014693559626963 0.10052524111514512 0.01683635336948619 0.02984578129274018
0 0.792835598360448 0.05417538940262128 0.01681211241194044 0.025679114626073515
0 0.932340148581758 0.046321307729320256 0.010513630496849185 0.01709111330796261
0 0.8979954497786901 0.050128967146376976 0.010477269060530859 0.01084111330796261
0 0.8272166585998344 0.056617729985564566 0.01678787145439505 0.021512447959406846
0 0.29109769867214014 0.09309206129215682 0.020954538121061596 0.02168222661592522
0 0.9469477228726368 0.05108219969380124 0.010549991933167746 0.02334111330796261
0 0.5014052810298514 0.08291588344633487 0.016787871454394813 0.021512447959406846
0 0.08186814441741401 0.10956068380210836 0.02095453812106157 0.02168222661592522
0 0.6315348312511614 0.07467979979586749 0.01681211241194044 0.025679114626073515
0 0.7814378674209786 0.0641251647638624 0.01681211241194044 0.025679114626073515
0 0.8741098393179937 0.06165273987139631 0.01681211241194044 0.025679114626073515
0 0.4410431565176624 0.0898290929268184 0.016763630496849185 0.01734578129274018
0 0.3567105781933673 0.09368274179898792 0.016763630496849185 0.01734578129274018
0 0.3265264858175796 0.09661851320589636 0.016763630496849303 0.01734578129274018
0 0.8876515059846604 0.06220452050508104 0.020954538121061718 0.02168222661592522
0 0.24742042154477709 0.10380938539871386 0.014643935727197407 0.011010891964480981
0 0.6159461926874797 0.08029312983392357 0.01678787145439505 0.02151244795940682
0 0.2370098151174968 0.10442660542408458 0.01678787145439493 0.021512447959406846
0 0.6575825581572144 0.07678258306577401 0.02093029716351585 0.017515559949258554
0 0.9188833252665011 0.060352860428968855 0.016836353369486308 0.029845781292740167
0 0.4025378512873142 0.0945086403540234 0.014643935727197525 0.011010891964480981
0 0.18184996369925477 0.11051037155854941 0.02093029716351591 0.017515559949258554
0 0.05483935323855838 0.11783212253473892 0.027253020036152858 0.030270227934036123
0 0.2599264817841635 0.10536038803493565 0.016763630496849303 0.01734578129274018
0 0.14749920465680041 0.11327636430893946 0.016812112411940562 0.025679114626073515
0 0.6992431645844948 0.07743870296429113 0.016763630496849185 0.01734578129274018
0 0.45772194366310187 0.09259154088622525 0.016763630496849185 0.01734578129274018
0 0.9043363533694863 0.06600863513115454 0.01681211241194044 0.025679114626073515
0 0.5920302810298513 0.08660856922560957 0.01678787145439505 0.02151244795940682
0 0.305747694638724 0.10514461992330446 0.02308635336948619 0.030100449277517722
0 0.27659920869021654 0.10708116932767583 0.020954538121061596 0.02168222661592522
0 0.20789163036592143 0.11157148816178927 0.016812112411940562 0.025679114626073515
0 0.7658916505330021 0.07703016146858516 0.010501510018076487 0.015007779974629275
0 0.7377848312511615 0.07900915553708612 0.016763630496849185 0.01734578129274018
0 0.3723840601084586 0.10265274509426517 0.016787871454394813 0.021512447959406846
0 0.2162310239386412 0.11295271214149269 0.016812112411940562 0.025679114626073515
0 0.8210696826694034 0.07407139533412033 0.010525750975622116 0.01917444664129594
0 0.158975718708293 0.11686825561436501 0.01678787145439493 0.02151244795940682
0 0.12878556609311886 0.11876236035460677 0.020978779078607228 0.025848893282591885
0 0.5327037629449427 0.09252255670355604 0.020978779078607228 0.025848893282591885
0 0.5045969436631019 0.09450155077205699 0.016787871454394813 0.021512447959406846
0 0.8429325621906306 0.07287939994750849 0.01681211241194044 0.025679114626073484
0 0.34740224082661786 0.10475907315515491 0.016812112411940562 0.025679114626073515
0 0.9366219597967664 0.06628275305250529 0.01681211241194044 0.025679114626073515
0 0.7554992248238811 0.08077238149395588 0.01681211241194044 0.025679114626073515
0 0.6389052810298513 0.08851857911144133 0.01681211241194044 0.025679114626073484
0 0.553537096278276 0.09337144998614792 0.01681211241194044 0.025679114626073484
0 0.0267749556324225 0.1271027832699065 0.016787871454394903 0.021512447959406846
0 0.5743764898509958 0.09526200993540647 0.02093029716351585 0.017515559949258554
0 0.4202946665357389 0.10356353297755985 0.02093029716351585 0.017515559949258554
0 0.3224446625023227 0.1110320678827113 0.020978779078607228 0.025848893282591885
0 0.5233651243812611 0.09839055472638969 0.016787871454394813 0.021512447959406846
0 0.43905072677512524 0.10536920359855921 0.016787871454394813 0.021512447959406846
0 0.10800677491426326 0.12728846707201488 0.025145445745273894 0.026018671939110286
0 0.6847325541237983 0.08934447766647681 0.025145445745273776 0.026018671939110286
0 0.7180598272177453 0.08966104025195716 0.02097877907860711 0.025848893282591885
0 0.7867674055420404 0.08517072141784371 0.01678787145439505 0.021512447959406846
0 0.38805754202354986 0.11162274838954242 0.016812112411940562 0.025679114626073484
0 0.011216618265673025 0.13792444664129594 0.021003020036152863 0.03001555994925855
0 0.5952280039024882 0.09923590321799836 0.020954538121061718 0.02168222661592522
0 0.29124920465680043 0.11913372795882347 0.020978779078607228 0.025848893282591885
0 0.8149227067389724 0.0915250606826761 0.016836353369486308 0.02984578129274015
0 0.7368461886540636 0.09667504420628985 0.01678787145439505 0.02151244795940682
0 0.48180754202354986 0.1154427681612059 0.027337863387562677 0.04485356126736946
0 0.26114389539303606 0.13561116603239856 0.020978779078607228 0.025848893282591885
0 0.5578492086902166 0.11854122864266631 0.025145445745273776 0.02601867193911026