0 0.7252085857019959 0.6332154040420441 0.024190006590554466 0.03245101160856952
0 0.27772345525859155 0.5648046894322271 0.030524895918813636 0.034861893562422114
0 0.3849072378694426 0.5821530295500705 0.03311756522170211 0.04747107643592822
0 0.5698110237755709 0.6110866033481795 0.0372842318883689 0.047689442182940904
0 0.15899644998614793 0.545973521785335 0.03571023452459059 0.0600802593094348
0 0.33244190255894296 0.5755076013877289 0.022021783928961963 0.030258495401730083
0 0.6339893604041814 0.6233815257062365 0.02644311858040614 0.03672686114874277
0 0.16749956197599966 0.5497034569579763 0.022021783928961963 0.030258495401730083
0 0.3010221239024246 0.5729786778236573 0.013348893282591945 0.021488430574371383
0 0.0342316680343523 0.5326782360922953 0.026697786565183772 0.042976861148742766
0 0.4639660204802937 0.6009753384602496 0.013348893282591945 0.021488430574371383
0 0.48613813312920084 0.6071205849550997 0.033117565221702235 0.04747107643592822
0 0.4378819091494974 0.6012984577124122 0.01560200527244362 0.025764280114544156
0 0.5156443571089042 0.6139253580593445 0.028696230570257816 0.04100271068891554
0 0.5923651384016445 0.6266068498430298 0.013179114626073367 0.017321763907704717
0 0.12483367330679589 0.5529833725315229 0.030524895918813667 0.034861893562422114
0 0.5849885824067187 0.6249056565669686 0.013179114626073367 0.017321763907704717
0 0.316114793205313 0.584714397709113 0.022021783928961963 0.030258495401730083
0 0.30769657054372046 0.583067795869805 0.022021783928961963 0.030258495401730083
0 0.4232985758161641 0.6020627378269565 0.013179114626073485 0.017321763907704717
0 0.44642746580347864 0.6060700595517202 0.02644311858040614 0.03672686114874277
0 0.3520407958415348 0.5953582888595054 0.032947786565183775 0.04330440976926155
0 0.5381984717349778 0.6294456045541945 0.0372842318883689 0.04768944218294114
0 0.7809457049414575 0.6689183159975461 0.033117565221702235 0.04747107643592822
0 0.26932468253357217 0.5892543456963388 0.039792011862998085 0.05821529172311415
0 0.20102212390242452 0.5782194557519614 0.05463001318110899 0.0652295718376583
0 0.613005698350903 0.646402945878053 0.035031119898517225 0.04341359264276813
0 0.40501546712158965 0.6145037170218469 0.030524895918813636 0.034861893562422114
0 0.032102345245906154 0.5828966018393079 0.021760026362217987 0.12587346298805074
0 0.8771999401251035 0.7254634200230944 0.05063312517096061 0.06917787275731228
0 0.07341354945394608 0.49513250339225506 0.04838001318110899 0.06490202321713928
0 0.625636577134275 0.597721999096842 0.024190006590554466 0.03245101160856976
0 0.9023113689719023 0.6500311178974255 0.04871957049414562 0.07323535655047285
0 0.2382480059810738 0.5439079059254276 0.03503111989851711 0.04341359264276813
0 0.2162032273245554 0.5408876594305774 0.02644311858040626 0.03672686114874277
0 0.48737257317994226 0.5861780687482602 0.02168222661592528 0.021925162068396748
0 0.14702878068325947 0.5340740275896199 0.04395867852966475 0.0584336574701266
0 0.4506595718618314 0.581838769034621 0.01734578129274027 0.0175401296547174
0 0.6744870264117927 0.6181274596728629 0.024020227934036124 0.02828434494190309
0 0.6903666943965703 0.6235585881215653 0.03294778656518389 0.04330440976926155
0 0.523298575816164 0.5968219598986525 0.013348893282591945 0.021488430574371383
0 0.1996638946502775 0.5448861224186281 0.03503111989851711 0.04341359264276813
0 0.4108640152078501 0.578704910297908 0.01985356126736946 0.028065979194890407
0 0.10202489069594482 0.5312131260366727 0.03728423188836881 0.047689442182940904
0 0.3458986798973504 0.5727145793766044 0.01734578129274027 0.0175401296547174