0 0.9909674869035285 0.1087363752100504 0.018065026192942923 0.06733347356379932
0 0.9700428649014566 0.11154713424934665 0.04525688061722235 0.07829570950993817
0 0.8750571326158411 0.11013862338445596 0.055816224427732666 0.03699275569625294
0 0.5296347526875902 0.10662936957919425 0.04438358533195199 0.05954570950993817
0 0.28396979073565326 0.09500207961674764 0.04578768899896393 0.045022994985435064
0 0.44019696856846857 0.11236097835889464 0.05426944361687695 0.09312151807859248
0 0.7304852258056758 0.1414652733359062 0.06676944361687684 0.09348523093157392
0 0.8736787231863815 0.14772955159770132 0.06274545409405428 0.05175794545607702
0 0.49135274607105855 0.00877507460218271 0.04103882547545048 0.01755014920436542
0 0.6191239252818169 0.14679171294165747 0.0686587113312612 0.08937918307373748
0 0.18154971463952715 0.1355330200582597 0.048550251998618656 0.05966694712759863
0 0.4009789443058485 0.14375137846441768 0.05378427956950465 0.08270485141192581
0 0.10744583209198214 0.13455998777173328 0.048550251998618656 0.05966694712759863
0 0.332131911496374 0.14366846582248233 0.04438358533195199 0.05954570950993817
0 0.2482077650950901 0.002855346705506476 0.029748863523513514 0.005710693411012952
0 0.5360331739721699 0.15442479862820047 0.05945208271265775 0.07038670783841651
0 0.9843807441407358 0.1891871837787047 0.03123851171852839 0.07823509070110787
0 0.8181336470902554 0.18689656884053296 0.05945208271265775 0.07038670783841651
0 0.9435959889704433 0.21558141638180026 0.07369867328319847 0.10825042069139794
0 0.8768322894943021 0.21543788493103466 0.07331054204530053 0.09991708735806466
0 0.41441496195193694 0.012991213161127058 0.037163257237207266 0.025982426322254115
0 0.9732478196844823 0.22514941972484354 0.03386988585581084 0.05715928213245362
0 0.1801969994476203 0.19607092434258686 0.049229481664940046 0.07425028046093196
0 0.31336196139955724 0.21097162998186653 0.06410391342669683 0.08092461212274368
0 0.22586196139955728 0.21351761995273666 0.040896148331606715 0.07400780522561104
0 0.5312415381846549 0.23070894053018806 0.07331054204530041 0.09991708735806461
0 0.1216952947328906 0.21654856039424875 0.05010277695021029 0.09300028046093196
0 0.045508078852012225 0.21563614691655258 0.03813358533195202 0.05936385308344742
0 0.41329062282763535 0.22892556989576338 0.045645011855120286 0.0866290428432715
0 0.7791210223322973 0.02441435286397783 0.04418951971300326 0.04882870572795566
0 0.8400857298029132 0.2551009995610608 0.04477171656984993 0.0678790428432715
0 0.6123716832079957 0.24816678305689047 0.0601313123789789 0.08497004117174983
0 0.24706060380360384 0.24315007460218271 0.05882424152144156 0.10157608902958622
0 0.449920199612733 0.25393671681231594 0.06051944361687696 0.09330337450508316
0 0.559925912874317 0.26429589601539494 0.06289387537863386 0.09961399331391346
0 0.06680375406553328 0.2473519348993319 0.04477171656984993 0.0678790428432715
0 0.7674858558022225 0.28641963394120107 0.08183794099758283 0.10432622926005225
0 0.6288784403086112 0.026106106052948316 0.048744317617567624 0.05221221210589663
0 0.807585637165458 0.02976465197545549 0.048744317617567624 0.05952930395091098
0 0.6487615500397752 0.3128218821156066 0.06676944361687684 0.09348523093157392
0 0.9017237684033559 0.033639371514523515 0.05310504990318326 0.06727874302904703
0 0.9856935591390091 0.329872802587535 0.028612881721981627 0.06793966165210179
0 0.3302284378259087 0.3043579171288851 0.06051944361687696 0.09330337450508316
0 0.21431792914246248 0.013756963842815075 0.028635858284924966 0.02751392768563015
0 0.9090840559673353 0.34801348315398994 0.07757424152144145 0.10212165830905846
0 0.8676114549196174 0.35339252599726145 0.033481754617912904 0.04882594879912029
0 0.08919248442082615 0.32493136561985975 0.06013131237897908 0.08497004117174996
0 0.23480892996802585 0.3384266917394913 0.05945208271265775 0.07038670783841662
0 0.5946975059275601 0.02657590182138269 0.04418951971300302 0.05315180364276538
0 0.2924402114678532 0.3440513411633263 0.048744317617567624 0.06383361379426541
0 0.7554995861575153 0.3649992750074278 0.0726313123789789 0.08533375402473121
0 0.5285618020383938 0.37473172516992415 0.0670605420453004 0.09973523093157392
0 0.10613014502334087 0.018488362276816477 0.03309362338001506 0.036976724553632954
0 0.9512642985935361 0.04429344198224012 0.04477171656984993 0.0678790428432715
0 0.4458106655619073 0.3896564775231338 0.07340757485477477 0.102000420691398
0 0.7062045100613894 0.40398443582376875 0.07331054204530053 0.09991708735806466
0 0.9643536756263027 0.4275964659111583 0.07129264874739458 0.12724289592671892
0 0.8547775842271927 0.4361691431345701 0.08232310504495502 0.11474289592671903
0 0.4873831714894674 0.43121305348869254 0.05320208271265774 0.07020485141192576
0 0.22415542541840885 0.423226023401303 0.06715757485477489 0.10181856426490725
0 0.75615886572702 0.44634020322067325 0.06051944361687684 0.09330337450508329
0 0.370959086846487 0.4398160401165194 0.053687246760030165 0.08062151807859243
0 0.31187215880878383 0.027036992786298217 0.04457765095090096 0.054073985572596434
0 0.5282249048798423 0.03434694550041501 0.049229481664940046 0.06869389100083002
0 0.15172392279911454 0.4357643483770281 0.06381281499827338 0.07467461212274364
0 0.04736319051349893 0.4346286221518735 0.05426944361687695 0.09312151807859242
0 0.5961303302982512 0.45934118483393516 0.06410391342669683 0.08092461212274363
0 0.3476799831794749 0.45509648975140055 0.0790753779979281 0.08968227711788875
0 0.719577650950901 0.04164712976239692 0.04893838323651659 0.068000280460932
0 0.27113033029825123 0.4687977190114528 0.08183794099758271 0.10432622926005225
0 0.3166982594407137 0.48416108128826923 0.05882424152144156 0.10157608902958622
0 0.0895178932979059 0.4886851981174323 0.05964614833160668 0.07455337450508318
0 0.3529823228561562 0.03422814999578824 0.040896148331606715 0.06845629999157649
0 0.47633563716545796 0.03882628745516416 0.05993724676003017 0.07765257491032831
0 0.5252285304633639 0.5271181525474087 0.05630138847510509 0.047409422362919666
0 0.15386151667792095 0.5264499671858583 0.06429797904564574 0.0850912787894103
0 0.36922111248705014 0.5368728965430101 0.05945208271265775 0.07038670783841638
0 0.8485274298314339 0.055627406352670404 0.04893838323651636 0.068000280460932
0 0.9086389465093548 0.5848052199358896 0.08232310504495502 0.1147428959267188
0 0.6119808342954886 0.5757047574564507 0.09710050399723731 0.11933389425519726
0 0.43325081527145703 0.5902929750158513 0.07079343313969985 0.13521251640707088
0 0.06025993796250058 0.5771550990587161 0.0710331430930181 0.09568980188256783
0 0.390590998342861 0.592577327263538 0.06289387537863374 0.09961399331391334
0 0.49211782905690005 0.600053981701938 0.08232310504495502 0.1147428959267188
0 0.2726400829858414 0.5907939566291134 0.05925801709370878 0.06622004117174972
0 0.9609319102550228 0.6289109172175612 0.07813617948995434 0.15260660877970053
0 0.32763152853304117 0.6069262009328604 0.06894980975968477 0.09562918307373754
0 0.11270858036654714 0.6058782715757085 0.053784279569504594 0.08270485141192575
0 0.7860647667462168 0.6405256817990375 0.09273977171162168 0.11504598997087025
0 0.14887868734182497 0.6434197278966762 0.06715757485477489 0.10181856426490725
0 0.8533878409120202 0.6750745226542182 0.09710050399723731 0.1193338942551975
0 0.7053256250311418 0.6762534580811653 0.08600460766424926 0.10444746687771271
0 0.2269808651746403 0.6630518319699573 0.1080023347112764 0.13005365496601512
0 0.2979854419597379 0.6870627685408108 0.05882424152144156 0.10157608902958633
0 0.6447919754581839 0.7426856650838211 0.09797379928250767 0.1380838942551975
0 0.7669149928310887 0.07260518263479827 0.05339614833160671 0.07437151807859245
0 0.8789070066165315 0.08082040969571369 0.06046805514177199 0.0475306599805801
0 0.05123860435598353 0.04753379132582266 0.04506281499827334 0.07412904284327149
0 0.08515157126731308 0.7756587913258226 0.10044526385373889 0.1464778463973609
0 0.21926116707644225 0.7884458542273538 0.1239441273772524 0.1596446532944936
0 0.04912988557661489 0.7860946204803518 0.03188932947268783 0.14864409237262965
0 0.41184964543311636 0.8026605904816383 0.09816786490145664 0.14225056092186392
0 0.8799004656699784 0.8411956200414127 0.09710050399723731 0.11933389425519726
0 0.9650344185256874 0.8698996300705425 0.06993116294862531 0.10212165830905846
0 0.536490080503139 0.8584893901650692 0.10567354728388902 0.08005365496601513
0 0.6865642911454287 0.8781134786670403 0.10668951971300326 0.057197607108178755
0 0.4144435282598574 0.07451642799377577 0.040896148331606715 0.07400780522561101
0 0.21693781499827336 0.06670323876156692 0.04893838323651659 0.06800028046093196
0 0.1501741155221322 0.06655970731080131 0.048744317617567624 0.0638336137942653
0 0.3383048287837163 0.07464568118274624 0.04893838323651659 0.068000280460932
0 0.66446922249741 0.09018914700522856 0.05964614833160672 0.07455337450508318