0 0.6604166666666667 0.084375 0.03958333333333333 0.03125
0 0.08229166666666667 0.13645833333333332 0.05 0.053125
0 0.7458333333333333 0.09270833333333334 0.04375 0.034375
0 0.45416666666666666 0.11770833333333333 0.04791666666666667 0.035416666666666666
0 0.4083333333333333 0.019791666666666666 0.034375 0.029166666666666667
0 0.5958333333333333 0.11041666666666666 0.03958333333333333 0.04375
0 0.815625 0.09583333333333334 0.03958333333333333 0.04375
0 0.19270833333333334 0.034375 0.029166666666666667 0.029166666666666667
0 0.24479166666666666 0.030208333333333334 0.025 0.029166666666666667
0 0.18333333333333332 0.15104166666666666 0.04375 0.04375
0 0.6760416666666667 0.11875 0.03958333333333333 0.04375
0 0.26666666666666666 0.029166666666666667 0.03958333333333333 0.03125
0 0.06875 0.042708333333333334 0.03958333333333333 0.03125
0 0.5177083333333333 0.134375 0.04375 0.04791666666666667
0 0.035416666666666666 0.17291666666666666 0.058333333333333334 0.05
0 0.3145833333333333 0.15625 0.058333333333333334 0.03125
0 0.9395833333333333 0.1125 0.03958333333333333 0.04375
0 0.5791666666666667 0.15104166666666666 0.04375 0.04375
0 0.7333333333333333 0.14479166666666668 0.053125 0.040625
0 0.15520833333333334 0.18958333333333333 0.04375 0.03958333333333333
0 0.640625 0.15520833333333334 0.04791666666666667 0.04791666666666667
0 0.4 0.17291666666666666 0.03958333333333333 0.034375
0 0.4427083333333333 0.17395833333333333 0.053125 0.04583333333333333
0 0.32083333333333336 0.18333333333333332 0.03333333333333333 0.020833333333333332
0 0.8916666666666667 0.14270833333333333 0.03958333333333333 0.04375
0 0.15208333333333332 0.041666666666666664 0.04375 0.03125
0 0.5645833333333333 0.016666666666666666 0.03958333333333333 0.03333333333333333
0 0.11041666666666666 0.046875 0.04791666666666667 0.04375
0 0.8010416666666667 0.18229166666666666 0.04375 0.04375
0 0.5833333333333334 0.19791666666666666 0.06666666666666667 0.04583333333333333
0 0.721875 0.18958333333333333 0.03958333333333333 0.03958333333333333
0 0.13229166666666667 0.24479166666666666 0.04791666666666667 0.04375
0 0.23333333333333334 0.23958333333333334 0.053125 0.03125
0 0.33958333333333335 0.24166666666666667 0.05 0.053125
0 0.5364583333333334 0.23541666666666666 0.03958333333333333 0.04375
0 0.020833333333333332 0.2760416666666667 0.040625 0.05416666666666667
0 0.36041666666666666 0.034375 0.04791666666666667 0.040625
0 0.4239583333333333 0.25 0.04791666666666667 0.040625
0 0.6833333333333333 0.23229166666666667 0.04375 0.04791666666666667
0 0.9385416666666667 0.22604166666666667 0.059375 0.05416666666666667
0 0.6104166666666667 0.253125 0.059375 0.05416666666666667
0 0.49270833333333336 0.027083333333333334 0.034375 0.03958333333333333
0 0.73125 0.259375 0.06458333333333334 0.059375
0 0.10520833333333333 0.30520833333333336 0.05416666666666667 0.05416666666666667
0 0.2833333333333333 0.29270833333333335 0.04791666666666667 0.04791666666666667
0 0.23333333333333334 0.29791666666666666 0.059375 0.05416666666666667
0 0.6385416666666667 0.019791666666666666 0.03125 0.03958333333333333
0 0.8572916666666667 0.2677083333333333 0.059375 0.05416666666666667
0 0.36875 0.31875 0.05 0.053125
0 0.49583333333333335 0.3104166666666667 0.04375 0.04375
0 0.8291666666666667 0.013541666666666667 0.034375 0.027083333333333334
0 0.42083333333333334 0.32708333333333334 0.06458333333333334 0.05416666666666667
0 0.5875 0.325 0.05 0.053125
0 0.6645833333333333 0.019791666666666666 0.04375 0.03958333333333333
0 0.7083333333333334 0.01875 0.0375 0.027083333333333334
0 0.9052083333333333 0.014583333333333334 0.03958333333333333 0.028125
0 0.9729166666666667 0.33958333333333335 0.034375 0.090625
0 0.8333333333333334 0.3489583333333333 0.06458333333333334 0.059375
0 0.6833333333333333 0.36875 0.06875 0.06458333333333334
0 0.24479166666666666 0.434375 0.06458333333333334 0.05416666666666667
0 0.15104166666666666 0.440625 0.0875 0.07083333333333333
0 0.4635416666666667 0.042708333333333334 0.04791666666666667 0.04375
0 0.7875 0.403125 0.07291666666666667 0.06041666666666667
0 0.409375 0.43645833333333334 0.06458333333333334 0.059375
0 0.5895833333333333 0.43333333333333335 0.071875 0.052083333333333336
0 0.9520833333333333 0.45 0.06458333333333334 0.06458333333333334
0 0.15208333333333332 0.071875 0.0375 0.027083333333333334
0 0.9458333333333333 0.01875 0.034375 0.0375
0 0.30520833333333336 0.5083333333333333 0.078125 0.07083333333333333
0 0.5729166666666666 0.5166666666666667 0.07291666666666667 0.07291666666666667
0 0.06354166666666666 0.5625 0.09166666666666666 0.065625
0 0.06041666666666667 0.08541666666666667 0.04375 0.04375
0 0.8 0.5416666666666666 0.06875 0.06875
0 0.2864583333333333 0.071875 0.029166666666666667 0.034375
0 0.8020833333333334 0.03854166666666667 0.034375 0.03958333333333333
0 0.5708333333333333 0.05625 0.03958333333333333 0.03958333333333333
0 0.22916666666666666 0.08020833333333334 0.034375 0.034375
0 0.39791666666666664 0.07083333333333333 0.04375 0.03958333333333333
0 0.871875 0.0375 0.04375 0.04791666666666667
0 0.7208333333333333 0.04791666666666667 0.03958333333333333 0.03958333333333333
0 0.6229166666666667 0.058333333333333334 0.04375 0.04375
0 0.5583333333333333 0.7114583333333333 0.10208333333333333 0.08125
0 0.765625 0.05416666666666667 0.040625 0.04791666666666667
0 0.8354166666666667 0.05 0.03958333333333333 0.034375
0 0.065625 0.7989583333333333 0.09791666666666667 0.09583333333333334
0 0.9927083333333333 0.7875 0.014583333333333334 0.090625
0 0.32708333333333334 0.8489583333333334 0.10833333333333334 0.09583333333333334
0 0.15416666666666667 0.10729166666666666 0.03958333333333333 0.03125
0 0.48541666666666666 0.08854166666666667 0.04375 0.04375
0 0.46041666666666664 0.010416666666666666 0.029166666666666667 0.020833333333333332
0 0.675 0.903125 0.121875 0.096875
0 0.32083333333333336 0.10416666666666667 0.04375 0.03958333333333333
0 0.9416666666666667 0.0625 0.03958333333333333 0.03958333333333333
0 0.25833333333333336 0.11041666666666666 0.04375 0.04375
0 0.86875 0.921875 0.12708333333333333 0.10208333333333333