0 0.3217426842160345 0.30015011696906796 0.060806887838998826 0.07117270673897239
0 0.7839087082909243 0.15790633854509986 0.04794312982345967 0.06068331719966877
0 0.17937164574144715 0.35096824928623355 0.07604498560030239 0.09000755009038221
0 0.4687764190006467 0.2649266834549703 0.060806887838998826 0.07117270673897239
0 0.020535689053630634 0.41025910044262 0.04107137810726127 0.07114846578142675
0 0.46464285335804456 0.02685840996823993 0.0623809599505775 0.05371681993647986
0 0.506130915794431 0.2688751815037262 0.06555556733052796 0.08786361436318467
0 0.8274272219032043 0.19410408158481746 0.06972223399719463 0.08788785532073036
0 0.8732969310380916 0.1927957643851487 0.06669312982345967 0.06079240150862416
0 0.35746026993989327 0.3509736150178238 0.06727514264832214 0.07745906817529083
0 0.049947029530267424 0.4485765382519894 0.0608068878389988 0.07117270673897239
0 0.9097188885698712 0.19362532267329094 0.0482341362358909 0.06901665053300216
0 0.6006779086511276 0.008737980356630594 0.04864418269774475 0.01747596071326119
0 0.2576520615924236 0.40570994418681317 0.06490080290255769 0.06911361436318468
0 0.29213623315323173 0.07432661892031213 0.04297619552260722 0.03774240957545647
0 0.6257506602542354 0.006594044629433141 0.05683201282486247 0.013188089258866283
0 0.40629624429016836 0.38401605686060936 0.06310847598165559 0.07743482721774532
0 0.7608299879060099 0.2819737561873886 0.06972223399719439 0.0878878553207303
0 0.8910151770161858 0.25205561983680685 0.07827382213985128 0.09418633723582168
0 0.24668980205859473 0.09333720921392782 0.05433863302967534 0.06488634530265394
0 0.6063822274716728 0.35056688447113804 0.07604498560030255 0.09000755009038221
0 0.26383922263407655 0.4671197956050552 0.06928572437854778 0.07538785532073031
0 0.13183860653598753 0.1314977753070467 0.05433863302967534 0.06488634530265394
0 0.44550258802956605 0.4244047075245393 0.08072091348872376 0.10461512438126117
0 0.6279893652823989 0.38793355920463696 0.06124339745764568 0.08367270673897238
0 0.6660217707273107 0.40229266368067307 0.0825859920127338 0.09837724486003398
0 0.10477505433602945 0.5784394379402973 0.07604498560030241 0.09000755009038196
0 0.2876619654059551 0.5305099562870617 0.07798281572742015 0.08585300390248823
0 0.49669967054720915 0.4793039686491657 0.0720965737429592 0.09623330913283658
0 0.7247651505224979 0.4498578364629279 0.07604498560030255 0.09000755009038221
0 0.3510085214864557 0.5655508881117707 0.07604498560030244 0.09000755009038221
0 0.9155852611086639 0.4133382062279342 0.09121033175849837 0.10675906010845856
0 0.18028099662414837 0.6529849199863164 0.07604498560030244 0.09000755009038221
0 0.5538788908755784 0.5716608080980871 0.07604498560030232 0.09000755009038221
0 0.7874205663734745 0.5046904349543037 0.0825859920127338 0.0983772448600341
0 0.39677901586144204 0.6267304504333292 0.06310847598165546 0.07743482721774532
0 0.7821097876588972 0.0029963459572930205 0.04411375801553893 0.005992691914586041
0 0.22329024901467373 0.7037659963593673 0.060806887838998826 0.07117270673897239
0 0.45297940848149154 0.6576471372670765 0.0803571554731846 0.0941984577145945
0 0.20063812560364522 0.7559705344804288 0.07151456091809667 0.0795666424661699
0 0.6289251793218931 0.629545683716826 0.07841932534606713 0.09835300390248847
0 0.8719873580260047 0.5583541017518983 0.09135583496471374 0.11092572677512512
0 0.2546460574856997 0.790024341792949 0.08459657374295913 0.09630603200547345
0 0.028019169450900827 0.1946037992456879 0.056038338901801654 0.07950604007230572
0 0.0842095390358236 0.8691250403341613 0.07878308336160599 0.10876967056915514
0 0.3000925768926294 0.11489707676583442 0.05843254809323426 0.06282725292686624
0 0.9407836464723194 0.6162753388069555 0.0785648285522825 0.1025196705691549
0 0.7026751704906639 0.6947282862416179 0.08445107053674358 0.09213936533880655
0 0.3422287217335684 0.8467948278723844 0.0955225016313804 0.11094996773267099
0 0.7531083611756749 0.7715025473662442 0.09106482855228251 0.10259239344179202
0 0.8235547922703118 0.7523465113273546 0.10034393272601747 0.1297242086902166
0 0.19116399915603707 0.16239628142263485 0.051964293283910834 0.056540891490547786
0 0.16163357447383137 0.17298263479212103 0.04779762661724417 0.05651665053300216
0 0.16134907346023245 0.9863606749953545 0.08420635257062704 0.02548481915091306
0 0.4177941840463985 0.949459249679017 0.10126324040962587 0.09640299583565598
0 0.8434886432095584 0.8376298527275202 0.11628308336160605 0.1089878391870658
0 0.01922947913132583 0.13527728116077917 0.03650794071328378 0.031456048139137965
0 0.6870502588029567 0.03870251509891512 0.05678572437854778 0.07531513244809342
0 0.21830685251408166 0.1903576549592017 0.07151456091809673 0.07956664246616985
0 0.32776783569558604 0.1574357233963482 0.054338633029675405 0.06488634530265394
0 0.3536639991560371 0.1614508840783546 0.060806887838998826 0.07117270673897239
0 0.04205684368285241 0.2569947149367325 0.038955032062156156 0.04188483528457751
0 0.8365542291595985 0.024731960451405546 0.060224875014136356 0.04946392090281109
0 0.7566236706602998 0.04454647906002553 0.06310847598165546 0.07743482721774522
0 0.6023941650352863 0.10688960734377499 0.05261905771188111 0.07529089149054775
0 0.3821395255931796 0.18107286404220174 0.06490080290255756 0.06911361436318468
0 0.25899137253879295 0.21824024538374526 0.04958995353814621 0.04819543767844164
0 0.07362099431844099 0.27764018084908704 0.06541006412431231 0.083696947696518
0 0.5040277571715761 0.15016154294004463 0.07374339745764567 0.08374542961160933
0 0.643988080098845 0.10873053110165183 0.056640221172331924 0.07114846578142675
0 0.7414450929237074 0.09150026217204887 0.061097894251430064 0.07950604007230572
0 0.6876653284957374 0.11055933438075588 0.06778440387007692 0.09204240150862422
0 0.2777281409603964 0.24833343416873674 0.06490080290255769 0.06911361436318468
0 0.0006481265606988017 0.34267197189701487 0.0012962531213976034 0.04382272287263689
0 0.560271163460451 0.0025970646655860065 0.0419576730790979 0.005194129331172013
0 0.8397618934074671 0.07947226633639284 0.06928572437854778 0.07538785532073036
0 0.002771154629221773 0.1666363654697346 0.005542309258443546 0.0542272690605308
0 0.41803899032480785 0.22668802875762423 0.05678572437854778 0.07531513244809342
0 0.12421291978806427 0.3200455022130998 0.06727514264832223 0.07745906817529083
0 0.0077215384180420454 0.36658788355464333 0.015443076836084091 0.06682423289071338
0 0.8778306746539329 0.09278970414576228 0.061097894251430064 0.07950604007230572
0 0.09632931882054505 0.34311973510381316 0.06310847598165556 0.0774348272177452