0 0.9590727075641813 0.20833333333333334 0.08185458487163734 0.1625
0 0.45725676357945344 0.17604166666666668 0.07395906312327215 0.08958333333333333
0 0.20193934224484744 0.16666666666666666 0.07616360534690844 0.1
0 0.6879741742520592 0.21979166666666666 0.12316054402715035 0.2
0 0.3250741849140594 0.18541666666666667 0.09733632357309005 0.12916666666666668
0 0.7398400613727861 0.290625 0.1418378186929684 0.19375
0 0.2445999218119984 0.2520833333333333 0.09498633068109032 0.10625
0 0.8572461022703007 0.3541666666666667 0.0949863306810902 0.10625
0 0.38704232537660405 0.31875 0.11664388446848382 0.17708333333333334
0 0.5008264098238766 0.33958333333333335 0.1504862951410895 0.22083333333333333
0 0.16419838404411916 0.325 0.11204086579672641 0.13958333333333334
0 0.03866579471672497 0.36875 0.055742382240605216 0.13541666666666666
0 0.2603233485041185 0.4395833333333333 0.16708023647357445 0.21458333333333332
0 0.8134005947379361 0.525 0.15021963558242296 0.19791666666666666
0 0.11617481874599636 0.584375 0.16296205336302894 0.21875
0 0.5549717538722381 0.6958333333333333 0.15663932802884706 0.2125
0 0.8658439057924843 0.10833333333333334 0.1101272249098173 0.15416666666666667
0 0.922390645448722 0.85 0.1318332622533319 0.22916666666666666
0 0.36188913255884325 0.8427083333333333 0.16708023647357445 0.21458333333333332
0 0.922372686240181 0.13229166666666667 0.05518482134521155 0.0875
0 0.4836734480161205 0.11875 0.05695301156375716 0.06041666666666667
0 0.07381361245490861 0.07708333333333334 0.0661590489072719 0.13541666666666666
0 0.6518544960216353 0.159375 0.050969671122423676 0.08333333333333333
0 0.38385526135157494 0.134375 0.07621208890302972 0.10416666666666667
0 0.5789378293549686 0.159375 0.12914388446848382 0.17708333333333334