0 0.7803408820349886 0.018010688449590462 0.023607596320075194 0.036021376899180925
0 0.8146431525977877 0.02033516777142603 0.023680325757276202 0.04067033554285206
0 0.6814710946985175 0.19411787234956387 0.023607596320075194 0.04065069423755254
0 0.9600195611489765 0.2165321425466507 0.0300394199130776 0.051358459332642666
0 0.13056961471969888 0.15212323352696683 0.03003941991307754 0.051358459332642666
0 0.7521044220795484 0.20227709016076503 0.023680325757276202 0.04481736090421921
0 0.989022586581941 0.22454868321400803 0.013445482683611943 0.054748863523513575
0 0.08473628138636553 0.15425795533540532 0.036362149350278435 0.055816224427732784
0 0.22507036363756192 0.1643749073625448 0.023534866882874362 0.036484027570885876
0 0.47348322619188843 0.18402948663034485 0.017175772727073026 0.029942929142462483
0 0.945345316019142 0.22241970554630536 0.023680325757276202 0.04481736090421921
0 0.3039824772740254 0.17527099393584802 0.023680325757276202 0.04481736090421921
0 0.3403498988108576 0.17878125310337806 0.0300394199130776 0.051358459332642666
0 0.49420746536942045 0.1893091585356001 0.032195482683611824 0.055622158808783816
0 0.8257354729454776 0.2175824254244211 0.02810154545414605 0.05959475985650151
0 0.27587565963332566 0.1755392701970868 0.019440929653408646 0.040456628618603635
0 0.3849961066031225 0.18502838103301014 0.02360759632007531 0.04065069423755254
0 0.23839384199262587 0.1762441941009607 0.02134243939373969 0.030136994761411393
0 0.7040422965384799 0.2128421781120113 0.019368200216207755 0.03628996195193691
0 0.4400226163434535 0.19287367824860316 0.02353486688287442 0.036484027570885876
0 0.9264862218633406 0.22954300083157567 0.025836388527810547 0.04908106038036036
0 0.7210386114721896 0.017261556246531178 0.019440929653408528 0.034523112493062356
0 0.742877246753589 0.017793800663456847 0.019440929653408528 0.035587601326913694
0 0.3601802959957637 0.005390910670810638 0.021306074675139303 0.010781821341621277
0 0.6399704350651919 0.01610147063838933 0.025836388527810547 0.03220294127677866
0 0.6737066866900449 0.2215408205160579 0.02353486688287442 0.036484027570885876
0 0.3659915535729193 0.20048500965161373 0.02802881601694516 0.05542809318983485
0 0.15394611255542495 0.1843406895513437 0.03003941991307754 0.051358459332642666
0 0.4199400319279833 0.21046215660527737 0.023607596320075194 0.04065069423755254
0 0.7681710708893076 0.2358758276849692 0.03234094155801349 0.06395549214211714
0 0.8793566688331375 0.2463095723780847 0.0300394199130776 0.051358459332642666
0 0.2556476163434535 0.2014610818870943 0.02353486688287442 0.036484027570885876
0 0.7909604610408726 0.2421001334474166 0.023680325757276202 0.04481736090421921
0 0.2560499940476975 0.005878946788550932 0.03373334523793829 0.011757893577101865
0 0.09349308117015784 0.18923797435943684 0.027701533549541028 0.036678093189834844
0 0.44894305736094786 0.21847869727263472 0.02360759632007531 0.04065069423755254
0 0.9436672667769674 0.2589265552843759 0.023680325757276202 0.04481736090421921
0 0.39583623972024806 0.21991136724756716 0.02777426298674186 0.04084475985650151
0 0.46858926515321275 0.2258902189159605 0.032195482683611706 0.055622158808783816
0 0.49454002002337827 0.2298856421308629 0.023680325757276202 0.04481736090421921
0 0.5225741082268771 0.2337840325362908 0.03226821212081272 0.05978882547545048
0 0.3074036672093828 0.21778526165023243 0.0300394199130776 0.051358459332642666
0 0.3625029063869148 0.2214638921991588 0.017175772727073026 0.029942929142462424
0 0.16389003788028575 0.21093885883730462 0.03219548268361176 0.055622158808783816
0 0.824971813854868 0.26133242542442114 0.025836388527810547 0.04908106038036036
0 0.6139134924261397 0.2482645889194138 0.023607596320075194 0.04065069423755254
0 0.7375627256513692 0.2601994700890158 0.032195482683611706 0.055622158808783816
0 0.8519431466454853 0.027973397853535194 0.023680325757276202 0.04481736090421924
0 0.9828869529242963 0.2779162652376942 0.023607596320075194 0.04065069423755266
0 0.6970286374478704 0.25688327654043475 0.023607596320075194 0.040650694237552604
0 0.3415059318198794 0.23180922029390358 0.02777426298674186 0.04084475985650151
0 0.4328816807377424 0.2442064433436933 0.02810154545414605 0.05959475985650151
0 0.6449271217552367 0.2603507634439633 0.02810154545414605 0.05959475985650151
0 0.892334682361497 0.2779705257831673 0.025836388527810547 0.04908106038036036
0 0.12518472997991703 0.22210896581258244 0.03219548268361176 0.055622158808783816
0 0.5606975806296385 0.2559472588943463 0.03219548268361194 0.055622158808783816
0 0.8319543804134308 0.2787011439245938 0.023607596320075194 0.04065069423755254
0 0.2602741141791796 0.2345518331967415 0.027701533549541087 0.036678093189834844
0 0.15204987500164763 0.23334753928941426 0.023680325757276202 0.04481736090421921
0 0.45760894534823904 0.25866704962999953 0.02583638852781043 0.04908106038036036
0 0.952296790045658 0.3011982409750741 0.025836388527810547 0.04908106038036048
0 0.37124152381140685 0.257485577889857 0.02353486688287442 0.036484027570885876
0 0.7870354372316626 0.28807901599496166 0.023680325757276202 0.044817360904219325
0 0.4843831785734685 0.2751139564401647 0.02583638852781043 0.04908106038036036
0 0.67250665097623 0.29029082051605787 0.023680325757276202 0.04481736090421921
0 0.052964265153212724 0.24524826440611858 0.027846992423942854 0.045011426523168176
0 0.5705687765172984 0.28671209484697385 0.025836388527810547 0.04908106038036048
0 0.8730573939417906 0.3090521544017709 0.025836388527810547 0.04908106038036048
0 0.5608219507578254 0.012591211470859336 0.013009106060406358 0.02518242294171867
0 0.6543901271648231 0.01829324786478947 0.019440929653408528 0.03658649572957894
0 0.25662182575947307 0.26490571574428656 0.027774262986741977 0.04084475985650151
0 0.125608196430376 0.2574771160745119 0.017103043289872104 0.025776262475795817
0 0.20046273755597416 0.26231726826676405 0.023534866882874362 0.036484027570885876
0 0.31374985119243765 0.27161231348373843 0.023607596320075194 0.04065069423755254
0 0.6297255882056958 0.29644665977695134 0.023680325757276202 0.044817360904219325
0 0.978943746755786 0.3249368144519059 0.028028816016945277 0.055428093189834965
0 0.27836954924437146 0.2711785379114712 0.023680325757276202 0.04481736090421921
0 0.6920619469719936 0.302910675492717 0.023607596320075194 0.04065069423755254
0 0.3448907570366363 0.27640682134162126 0.023680325757276202 0.04481736090421921
0 0.16192107088930754 0.2641123752420419 0.02802881601694516 0.05542809318983485
0 0.38326878246960094 0.2839867143663435 0.023680325757276202 0.04481736090421921
0 0.8260551174266889 0.31852705928161323 0.023680325757276202 0.044817360904219325
0 0.7500679978379229 0.3189437568274317 0.028028816016945037 0.05542809318983485
0 0.1066581904780735 0.2698087446931155 0.023607596320075284 0.04065069423755254
0 0.18627650974033105 0.006341288668738652 0.023280313852671243 0.012682577337477303
0 0.6242363409093905 0.018524418804883327 0.023680325757276202 0.037048837609766655
0 0.927748442641249 0.037973366974383464 0.025836388527810547 0.04908106038036039
0 0.41941801569483045 0.29999697353387345 0.02583638852781043 0.04908106038036036
0 0.7135551174266889 0.32376683099323506 0.025836388527810547 0.04908106038036048
0 0.7884096585522872 0.3286069831854872 0.025836388527810547 0.04908106038036048
0 0.9120588917775165 0.34054186435508915 0.028028816016945037 0.05542809318983485
0 0.06486424729630524 0.27904106754927166 0.023680325757276174 0.044817360904219325
0 0.5305490665607596 0.31355571822698897 0.023680325757276202 0.04481736090421921
0 0.6022604253270577 0.3195830863001195 0.036434878787479384 0.05998289109439933
0 0.8568323760848829 0.3441549004728295 0.03219548268361194 0.055622158808783816
0 0.24982635498046626 0.29644681417270996 0.02360759632007531 0.04065069423755254
0 0.4535384626646272 0.3129792655108779 0.0300394199130776 0.051358459332642666
0 0.30693619805413064 0.30419507857882855 0.02784699242394287 0.045011426523168176
0 0.48983315476425854 0.32065619134507456 0.032195482683611706 0.055622158808783816
0 0.03142181980717055 0.28684359250086333 0.02368032575727619 0.044817360904219325
0 0.12184681385486806 0.29408099862205694 0.03003941991307754 0.051358459332642666
0 0.9388513073620464 0.3559471044985877 0.023607596320075194 0.04065069423755254
0 0.9661628327928141 0.04346992666577232 0.028028816016945037 0.055428093189834875
0 0.6013196742427238 0.017967916185589048 0.019440929653408528 0.035935832371178096
0 0.6886378506497215 0.022048806730614934 0.017175772727073026 0.029942929142462483
0 0.17277938636573337 0.2979536947899322 0.02583638852781043 0.04908106038036036
0 0.6539982938336866 0.33694893272992427 0.03226821212081272 0.05978882547545048
0 0.6789073820371855 0.3409928723495639 0.032195482683611706 0.055622158808783816
0 0.9772111504357107 0.36456866418997647 0.023680325757276202 0.044817360904219325
0 0.09361271969906669 0.30164094154996235 0.028028816016945127 0.05542809318983485
0 0.20267861959096284 0.3142550523858857 0.02583638852781043 0.04908106038036036
0 0.5633732938336867 0.341169859942064 0.028028816016945277 0.05542809318983485
0 0.5809543506519184 0.3476367477281976 0.023607596320075194 0.04065069423755254
0 0.5243817997837923 0.015596356494200195 0.019440929653408646 0.03119271298840039
0 0.9893656856090064 0.3837781339997963 0.007231847402212092 0.056541098428423454
0 0.3168619410196912 0.33183491453145614 0.0300394199130776 0.051358459332642784
0 0.05907407846536466 0.3126169829062912 0.02583638852781043 0.04908106038036036
0 0.36876345076002226 0.3398257609612609 0.02583638852781043 0.04908106038036048
0 0.3469248154786227 0.33876127212740953 0.02583638852781043 0.04908106038036048
0 0.26790360768635785 0.3341151855541063 0.03226821212081272 0.05978882547545048
0 0.2262914880975919 0.3329308417435959 0.02802881601694516 0.05542809318983485
0 0.714820244591512 0.37054479818376057 0.025836388527810547 0.04908106038036048
0 0.6150020681845144 0.36478570637186875 0.03003941991307736 0.051358459332642666
0 0.7417763014097438 0.37657503832725897 0.032450035713814884 0.07020549214211715
0 0.026655135283596407 0.3214126581198123 0.02368032575727619 0.04481736090421921
0 0.39358162716702 0.34907803391423387 0.023680325757276202 0.044817360904219325
0 0.5130641937255828 0.3612069807027848 0.032195482683611824 0.055622158808783816
0 0.5763014918834236 0.017913578442236667 0.017175772727073026 0.029942929142462483
0 0.8922772288966816 0.04274792473544956 0.025836388527810547 0.04908106038036039
0 0.14080209199372432 0.3410758535987161 0.023607596320075253 0.04065069423755266
0 0.2415892056301878 0.3509530956725373 0.0280288160169451 0.05542809318983485
0 0.7810687169942735 0.39139808161391065 0.02810154545414605 0.05959475985650151
0 0.8153709875570726 0.3939637069242484 0.03650760822468015 0.06414955776106611
0 0.9525255227303684 0.40735120816559967 0.03219548268361194 0.055622158808783816
0 0.19374526840072204 0.3490181836237836 0.0300394199130776 0.051358459332642666
0 0.11262254491582362 0.34551079652662153 0.023607596320075284 0.04065069423755266
0 0.5387422132062449 0.3808274039176871 0.02810154545414605 0.05959475985650163
0 0.0720520919937243 0.3442779363113738 0.023607596320075284 0.04065069423755254
0 0.03552102922319005 0.3501426771438438 0.023607596320075284 0.04065069423755266
0 0.7654120838749511 0.03616692611339264 0.02134243939373969 0.030136994761411438
0 0.5770111444834083 0.3946572969424093 0.034096992423942867 0.04530252495159163
0 0.15085511147438643 0.361424022884677 0.03003941991307754 0.051358459332642666
0 0.45749221320624495 0.3846116834871917 0.0300394199130776 0.051358459332642666
0 0.6508058365830396 0.4005876322060654 0.025836388527810547 0.04908106038036048
0 0.8981588501113992 0.42133239454526933 0.03219548268361194 0.055622158808783816
0 0.4273020622322118 0.384976992557905 0.0300394199130776 0.051358459332642784
0 0.8565467305226331 0.4201480507347589 0.0300394199130776 0.051358459332642666
0 0.018545262448419537 0.368627272952973 0.02777426298674195 0.04084475985650163
0 0.10296135876629796 0.007240278191561517 0.023243949134070737 0.014480556383123034
0 0.31056266612834427 0.39457749655514235 0.023680325757276202 0.04481736090421921
0 0.044423287881384166 0.37678936283454195 0.032268212120812684 0.05978882547545048
0 0.9143891401548603 0.44555613206947353 0.03219548268361194 0.055622158808783816
0 0.28238311905044355 0.39901243948304776 0.028028816016945037 0.05542809318983485
0 0.5151709816047702 0.4193947648219064 0.03234094155801349 0.06395549214211714
0 0.253143722946576 0.4045375654823571 0.02784699242394287 0.045011426523168294
0 0.9620512537913238 0.45790771078489395 0.025836388527810547 0.04908106038036048
0 0.10862479166941273 0.39565634574083325 0.02583638852781043 0.04908106038036048
0 0.07223918777328033 0.3931877532399699 0.02583638852781043 0.04908106038036036
0 0.7291542970811961 0.44377538544603534 0.02810154545414605 0.05959475985650151
0 0.4213295292209932 0.015914585195360157 0.019440929653408646 0.031829170390720314
0 0.9888249464292775 0.056985899094886404 0.019513659090609536 0.04462329528527029
0 0.3861134090939048 0.41916079900932396 0.03636214935027849 0.055816224427732784
0 0.6926959637478627 0.44547345961183865 0.03252276515101566 0.07437215880878381
0 0.4878876423191343 0.4321145246784079 0.02824700432854783 0.06792809318983485
0 0.3433505286826708 0.4242749716035507 0.02583638852781043 0.04908106038036036
0 0.7830482283583592 0.4568775323996989 0.032450035713814884 0.07020549214211715
0 0.12816190530587623 0.40931786738415904 0.0321954826836118 0.055622158808783816
0 0.6530580833366286 0.45044208299185373 0.03420608657974403 0.051552524951591634
0 0.010708125002746073 0.4002168877861337 0.019368200216207707 0.036289961951937025
0 0.6093626304145293 0.4493547719908177 0.03003941991307736 0.051358459332642666
0 0.8172232224060567 0.4667348243767034 0.03636214935027837 0.055816224427732784
0 0.2226626542237393 0.421569541219737 0.03661670238048167 0.070399557761066
0 0.1643656856090064 0.422203126551689 0.02360759632007531 0.04065069423755254
0 0.757702763531655 0.4778335927800593 0.03226821212081272 0.05978882547545048
0 0.5476861087695932 0.46471723987031477 0.03650760822468039 0.06414955776106611
0 0.19528840314160234 0.4394976344095719 0.02810154545414605 0.05959475985650151
0 0.0508058365830395 0.4285330813347147 0.03003941991307754 0.051358459332642666
0 0.29295051677806583 0.4495204256976048 0.03226821212081272 0.05978882547545048
0 0.9768944123414142 0.501971631380502 0.021778816016945274 0.05513699476141151
0 0.07569674242723815 0.43361868762102096 0.023534866882874362 0.03648402757088599
0 0.17856718939703498 0.4433988968853677 0.032340941558013606 0.06395549214211714
0 0.34017044101749433 0.018473107527657497 0.03215911796501132 0.03694621505531499
0 0.03607704437530435 0.4375456443343693 0.02583638852781043 0.04908106038036036
0 0.4300141401548604 0.46811626027228936 0.0300394199130776 0.051358459332642666
0 0.9455535005449129 0.5086354568559525 0.028028816016945037 0.055428093189834965
0 0.01096504383258823 0.43885558726227475 0.02193008766517646 0.05126142652316818
0 0.32592020292539464 0.4688012340793465 0.02784699242394287 0.045011426523168176
0 0.4100224675358912 0.4804964052956302 0.0300394199130776 0.051358459332642784
0 0.31518862337679454 0.015312438241696546 0.023607596320075194 0.03062487648339309
0 0.5730550281421516 0.5020459964185505 0.036434878787479384 0.05998289109439945
0 0.14794066179979642 0.4687642059560809 0.03219548268361176 0.055622158808783816
0 0.6946209280340476 0.514077910397627 0.03636214935027861 0.055816224427732784
0 0.49299215368322 0.4974484262499845 0.03636214935027837 0.055816224427732784
0 0.09066717749242997 0.47039094154996236 0.019368200216207696 0.036289961951937025
0 0.10824823431066172 0.476857829336096 0.0280288160169451 0.055428093189834965
0 0.44812775757935247 0.5037012983203524 0.032450035713814884 0.07020549214211715
0 0.03958914610716286 0.4748515787154204 0.025545470779006804 0.032414393713693694
0 0.7392431406931828 0.04467150289849026 0.023607596320075194 0.04065069423755257
0 0.8295466709996082 0.5358957777817859 0.03234094155801349 0.06395549214211703
0 0.07802171861802816 0.4793064717401425 0.0321954826836118 0.055622158808783816
0 0.35965882034988667 0.503658526056351 0.032195482683611706 0.055622158808783816
0 0.25985882630218915 0.49685776757779254 0.023680325757276202 0.04481736090421921
0 0.2120148890727234 0.4949228555290388 0.02784699242394287 0.045011426523168176
0 0.3980732105014518 0.5091550857477398 0.03226821212081272 0.05978882547545036
0 0.635027739722445 0.5293433454676495 0.03650760822468015 0.06414955776106611
0 0.6017307711077121 0.5288125370859078 0.028028816016945037 0.05542809318983485
0 0.00530215151674923 0.4881050190240315 0.01060430303349846 0.044623295285270356
0 0.8832769610430695 0.5583729247354495 0.03234094155801349 0.06395549214211703
0 0.5489817878791873 0.03271667163207152 0.017103043289872253 0.025776262475795817
0 0.7942696504335138 0.052516800114083294 0.025836388527810547 0.04908106038036039
0 0.32404214773091755 0.5167664171507504 0.032195482683611706 0.055622158808783816
0 0.12740351840182046 0.5123943509794218 0.032268212120812684 0.05978882547545048
0 0.7417193885322042 0.558721155779714 0.03234094155801349 0.06395549214211703
0 0.04525731060955561 0.5078938136203303 0.032268212120812684 0.05978882547545048
0 0.9401322510865308 0.5807045224749016 0.03668943181768256 0.07456622442773267
0 0.28316259470071437 0.5332418902688361 0.023680325757276202 0.044817360904219325
0 0.14135756655856282 0.014700316239624561 0.025618200216207695 0.029400632479249122
0 0.7092822629911357 0.5685584976599017 0.032450035713814884 0.07020549214211703
0 0.5117110611511733 0.5579849478933103 0.023680325757276202 0.04481736090421909
0 0.009726007306895943 0.523279103667012 0.019452014613791885 0.05542809318983485
0 0.4898178787918731 0.560045459059459 0.0300394199130776 0.051358459332642784
0 0.08431335552318237 0.5362585235736486 0.03003941991307754 0.051358459332642784
0 0.17572546915964585 0.546572413290105 0.03003941991307754 0.05135845933264254
0 0.44496058008692246 0.029234978772462023 0.02784699242394287 0.04501142652316819
0 0.14970198485227945 0.5467436567418692 0.02360759632007531 0.04065069423755266
0 0.10909516721157964 0.5475941298599548 0.023680325757276202 0.04481736090421909
0 0.35127621212520643 0.5664981408895116 0.032195482683611824 0.0556221588087837
0 0.2182337965406767 0.5560415740292115 0.032340941558013606 0.06395549214211727
0 0.13899440043680913 0.5638954874559083 0.02583638852781043 0.04908106038036048
0 0.7151575308447479 0.053079046874113404 0.02777426298674186 0.040844759856501524
0 0.5898595156970273 0.6126310344666135 0.03650760822468015 0.064149557761066
0 0.06948256655856282 0.016446906810165137 0.0318682002162077 0.032893813620330274
0 0.21208180573609478 0.01456474207382122 0.02134243939373969 0.02912948414764244
0 0.5207476937233859 0.04027661455997696 0.017175772727073026 0.029942929142462483
0 0.8117961601738449 0.06210868790021692 0.02353486688287442 0.0364840275708859
0 0.4129943706752967 0.6083788232719439 0.032195482683611706 0.0556221588087837
0 0.6489072332296232 0.6286155993965908 0.032522765151015896 0.0743721588087837
0 0.001449857144740164 0.5809589015715766 0.002899714289480328 0.0630821968568469
0 0.550112541129992 0.6238496578466285 0.03650760822468015 0.064149557761066
0 0.8661064605025501 0.6476423374731747 0.032450035713814884 0.07020549214211703
0 0.24656407467953295 0.6025997813632356 0.02802881601694516 0.05542809318983473
0 0.059464086584137925 0.5884160675492718 0.02817427489134694 0.06376142652316806
0 0.38890876082686177 0.6167863672475671 0.03226821212081272 0.05978882547545036
0 0.025107268943438156 0.588975442238934 0.028101545454146035 0.059594759856501395
0 0.08740726299113565 0.5975227912880331 0.036362149350278435 0.055816224427732666
0 0.8212238820393823 0.6549368762102094 0.03234094155801349 0.06395549214211703
0 0.27648331547642585 0.02193915839600212 0.023680325757276202 0.04387831679200424
0 0.8367416130959443 0.0640692941865232 0.021669721861143878 0.04888699476141144
0 0.6111890449180205 0.6428621899671315 0.02824700432854783 0.06792809318983473
0 0.9144284112603757 0.681820399783858 0.04063791017274667 0.062260290046681634
0 0.2605473901559588 0.6362955516969142 0.03650760822468027 0.064149557761066
0 0.5030029956714521 0.04318472677384334 0.02134243939373969 0.030136994761411438
0 0.012983556008551278 0.6270576390957807 0.025967112017102556 0.05542809318983473
0 0.9494814307410377 0.7010041753561251 0.03486065151455241 0.08905252495159174
0 0.000008178573468511007 0.6268407513096471 0.000016357146937022014 0.06298516404737242
0 0.3029648057404885 0.650973045769354 0.032340941558013606 0.06395549214211703
0 0.44839812716921684 0.6670974157728072 0.032340941558013606 0.06395549214211703
0 0.10013072348929213 0.6437670780264487 0.0321954826836118 0.0556221588087837
0 0.6769465936196757 0.6918404733972816 0.034678827921550234 0.07863585828492509
0 0.15407920184435608 0.6537442249801124 0.03219548268361176 0.0556221588087837
0 0.5728708387495104 0.691483780537672 0.03219548268361194 0.0556221588087837
0 0.04894359794822365 0.6544777151919069 0.023607596320075284 0.04065069423755266
0 0.48127690152004454 0.6915865574878824 0.03650760822468027 0.064149557761066
0 0.11743904491802049 0.6658589658125824 0.02817427489134694 0.06376142652316806
0 0.6796681347408803 0.05889527130184617 0.02353486688287442 0.03648402757088592
0 0.5445423858230173 0.04853573725102048 0.017175772727073026 0.029942929142462483
0 0.11836817045469523 0.0183832548941028 0.02777426298674192 0.0367665097882056
0 0.9031355443731075 0.07658924428333995 0.019513659090609536 0.0446232952852703
0 0.944711299243273 0.07985692142718376 0.023680325757276202 0.04481736090421924
0 0.005967260824664884 0.6598829862145571 0.011934521649329769 0.06356736090421909
0 0.7150700660224374 0.7140036997553371 0.03661670238048155 0.070399557761066
0 0.5061132602863425 0.6997971637741887 0.03650760822468027 0.064149557761066
0 0.36365947998321235 0.6918605778898569 0.032450035713814884 0.07020549214211703
0 0.32621402706111297 0.6904821684603976 0.02810154545414605 0.059594759856501395
0 0.17339812716921685 0.6799057466234383 0.02583638852781043 0.04908106038036048
0 0.7677950541178322 0.7344460297804045 0.03668943181768256 0.07456622442773267
0 0.38651815259778777 0.038201897437747365 0.0300394199130776 0.05135845933264268
0 0.06400494480991663 0.686041635787515 0.02784699242394284 0.04501142652316806
0 0.5192185503298037 0.7241664505126046 0.03650760822468039 0.064149557761066
0 0.8143427716504282 0.751012791567229 0.03650760822468015 0.064149557761066
0 0.08981024080568036 0.6983703923357507 0.03650760822468027 0.064149557761066
0 0.2165844740309098 0.710159724291141 0.023680325757276202 0.04481736090421909
0 0.006608915586726565 0.6983761364764864 0.01321783117345313 0.04908106038036048
0 0.565548079550797 0.7532332122994289 0.03650760822468015 0.064149557761066
0 0.4189821796589007 0.742365692034046 0.032450035713814884 0.07020549214211703
0 0.1507412857193071 0.7257162577895869 0.03226821212081272 0.05978882547545036
0 0.02382159361967581 0.72226025916753 0.03234094155801359 0.06395549214211703
0 0.15254316450239275 0.026201421836959306 0.023534866882874362 0.03648402757088591
0 0.17861173268910394 0.7389896481950148 0.03003941991307754 0.051358459332642784
0 0.3615268717585321 0.7544090942945942 0.03226821212081272 0.05978882547545036
0 0.3230033874511656 0.7551625346032054 0.032340941558013606 0.06395549214211703
0 0.11611173268910392 0.7419006324792491 0.0280288160169451 0.05542809318983473
0 0.22313066396626718 0.7525284427913135 0.03226821212081272 0.05978882547545036
0 0.00003163311932248519 0.7340839015715765 0.00006326623864497038 0.0443321968568469
0 0.46321019318726037 0.7725711532970116 0.03650760822468027 0.064149557761066
0 0.6587075248924454 0.0671572660632576 0.023607596320075194 0.04065069423755257
0 0.5724310151521143 0.06076746098978171 0.023680325757276202 0.04481736090421924
0 0.3914261049837615 0.7707104518905477 0.032340941558013606 0.06395549214211703
0 0.6117503322566885 0.7895916407529197 0.03661670238048155 0.070399557761066
0 0.9317290947029112 0.8236069214271836 0.032450035713814884 0.07020549214211703
0 0.4296404891830241 0.7876653449152698 0.03226821212081272 0.05978882547545036
0 0.4206385995675846 0.05118418941475183 0.019440929653408528 0.04045662861860362
0 0.07611020509186539 0.7677025891925974 0.032268212120812684 0.05978882547545036
0 0.0459382364771325 0.767026231596644 0.028247004328547844 0.06792809318983473
0 0.8648442397246418 0.8392119713303668 0.03234094155801349 0.06395549214211703
0 0.13095489123919418 0.7859645530748572 0.03661670238048161 0.070399557761066
0 0.25666927543845675 0.7988440681016513 0.03661670238048167 0.070399557761066
0 0.4892249583338825 0.05735710670209411 0.023607596320075194 0.04065069423755257
0 0.58902495238158 0.06415786518065257 0.019368200216207755 0.03628996195193695
0 0.6077385876629795 0.06536790322871561 0.025836388527810547 0.04908106038036039
0 0.9154173560615048 0.08850704742649308 0.023607596320075194 0.040650694237552604
0 0.9777718971871029 0.09392939647559212 0.025836388527810547 0.04908106038036036
0 0.16922382251635745 0.7997944460995794 0.03245003571381495 0.07020549214211703
0 0.0037437408034834856 0.7911815026192942 0.007487481606966971 0.05513699476141151
0 0.4061419870187502 0.8220660391528225 0.03226821212081272 0.05978882547545036
0 0.6877427240320083 0.8485014268023643 0.03661670238048155 0.070399557761066
0 0.46414803788467945 0.8380991204875372 0.02810154545414605 0.059594759856501395
0 0.14175865963771936 0.8229308726227474 0.03226821212081272 0.05978882547545036
0 0.025291998923355187 0.816906376619985 0.040710639609947384 0.06642695671334829
0 0.1873919870187502 0.8322544841476424 0.03003941991307754 0.051358459332642784
0 0.5033859063913085 0.8560471637741887 0.03668943181768256 0.07456622442773267
0 0.7666953933990743 0.08190322663725148 0.019440929653408528 0.040456628618603635
0 0.09475638312261776 0.8324057775025899 0.0280288160169451 0.05542809318983473
0 0.21846016342574792 0.8412156586721921 0.032522765151015896 0.0743721588087837
0 0.3419821201358758 0.8604422065084606 0.02810154545414605 0.059594759856501395
0 0.6984737629933325 0.8896344130169211 0.02810154545414605 0.059594759856501395
0 0.5415093787940699 0.8782103901322441 0.03661670238048155 0.070399557761066
0 0.75452375704103 0.8984728604944436 0.03668943181768256 0.07456622442773267
0 0.2888571201358758 0.8629165431500598 0.028028816016945037 0.05542809318983473
0 0.04143137717031528 0.8463384474775225 0.03234094155801359 0.06395549214211703
0 0.27708860551988707 0.046421119935157386 0.02360759632007531 0.04065069423755259
0 0.4527302602819488 0.06113851420123078 0.023607596320075194 0.04065069423755257
0 0.8165317521653724 0.08894943920986405 0.023680325757275966 0.04481736090421924
0 0.4030768062832046 0.878413071962297 0.032340941558013606 0.06395549214211703
0 0.6046510335561315 0.8981675561099394 0.03234094155801349 0.06395549214211703
0 0.31568590043900596 0.8762384499602248 0.032195482683611706 0.0556221588087837
0 0.3697252905905711 0.8810072635805551 0.034678827921550116 0.07863585828492509
0 0.7364688777064409 0.08435186904129807 0.023607596320075194 0.04065069423755257
0 0.12409196320954023 0.8809988017652101 0.02810154545414605 0.059594759856501395
0 0.280910888534401 0.9007561579832204 0.03650760822468027 0.064149557761066
0 0.6301835941623918 0.9261213126581751 0.03650760822468015 0.064149557761066
0 0.0604412023870722 0.8902083024541817 0.03643487878747937 0.05998289109439933
0 0.9890302245681338 0.10485404935681583 0.017503055194477212 0.04869292914246248
0 0.8141040351798863 0.9435755756863505 0.02978486688287442 0.036775125999309446
0 0.4241699648332949 0.9221858941294815 0.032340941558013606 0.06395549214211703
0 0.14966088853440102 0.9068692249801125 0.04487730627661405 0.06662102233229726
0 0.343010876629796 0.9207618403656528 0.03661670238048167 0.070399557761066
0 0.19220558063403229 0.9142550523858856 0.03226821212081272 0.05978882547545036
0 0.3876207197034604 0.9290923016286181 0.0300394199130776 0.051358459332642784
0 0.2346957256557629 0.9247658797916588 0.03245003571381495 0.07020549214211703
0 0.9025184253314513 0.946743347950352 0.039946980519337906 0.0226769567133483
0 0.004260755143720454 0.9056678031431531 0.008521510287440907 0.04481736090421909
0 0.021572253253001453 0.9107534094294595 0.03661670238048163 0.070399557761066
0 0.10576542965999919 0.9172402473124097 0.03643487878747935 0.05998289109439933
0 0.5548381293356875 0.9494061604659229 0.04041972186114388 0.04976029004668163
0 0.6911146390760188 0.9534671781120113 0.037972741341805734 0.028829923903874052
0 0.0004967364749356465 0.9173202020954354 0.000993472949871293 0.040359595809129206
0 0.47976539989848666 0.9570660082736706 0.02777426298674186 0.04084475985650139
0 0.25205859416239196 0.9437327675777925 0.02134243939373969 0.03013699476141151
0 0.436033582257787 0.9580620306059681 0.027701533549541087 0.036678093189834726
0 0.13352678247399466 0.9367636377178375 0.025545470779006804 0.03241439371369381
0 0.5067032743574182 0.9641379150838358 0.03165001190460496 0.024372158808783694
0 0.7010158463211736 0.0880847601356975 0.02353486688287442 0.0364840275708859
0 0.2134742094160195 0.05354728729079559 0.02134243939373969 0.030136994761411438
0 0.4961893425331451 0.07576749186893345 0.023607596320075194 0.04065069423755257
0 0.11056739772762222 0.04585041135978217 0.02583638852781043 0.04908106038036039
0 0.8044083095241235 0.010609141854673028 0.017103043289872253 0.021218283709346055
0 0.5325385817106771 0.0803194177031301 0.01710304328987213 0.025776262475795817
0 0.5606090346327763 0.08213447477522466 0.019440929653408528 0.040456628618603635
0 0.7872014442650036 0.09968289854250673 0.023607596320075194 0.04065069423755257
0 0.6270756953471406 0.09048775820537476 0.0195136590906093 0.0446232952852703
0 0.8276264383127011 0.10924909209108777 0.02353486688287442 0.0364840275708859
0 0.8504340108235664 0.11443173118686853 0.025836388527810547 0.04908106038036036
0 0.403499191559112 0.07904378522388097 0.02134243939373969 0.03013699476141145
0 0.6736961423169373 0.10288785332553238 0.019440929653408528 0.040456628618603635
0 0.8701529480530323 0.11767658616352766 0.025836388527810547 0.04908106038036039
0 0.4231635817106771 0.08541364020054013 0.023680325757276202 0.04481736090421924
0 0.46680448755487575 0.0896259512015761 0.019368200216207755 0.03628996195193697
0 0.16429768777108347 0.06832755831344578 0.02360759632007531 0.04065069423755257
0 0.23599086417808118 0.075396593053243 0.019513659090609536 0.0446232952852703
0 0.3804552483773438 0.08740281279476687 0.019513659090609536 0.0446232952852703
0 0.6848711958876599 0.0040238351270642314 0.016957584415470232 0.008047670254128463
0 0.9448256655856281 0.13293340502244652 0.025836388527810547 0.04908106038036036
0 0.2806188896110458 0.08268538764954177 0.027774262986741977 0.04084475985650151
0 0.4354999404769751 0.09420644334369326 0.019440929653408646 0.040456628618603635
0 0.49995599729520684 0.09849009291665117 0.019440929653408646 0.040456628618603635
0 0.9074165773821292 0.12947166225965376 0.019368200216207755 0.03628996195193697
0 0.07586511526021815 0.06620145271611104 0.02784699242394284 0.04501142652316819
0 0.5155446325766063 0.09984568017892591 0.023680325757276202 0.04481736090421924
0 0.6049279599576372 0.10713160270485676 0.023680325757276202 0.04481736090421927
0 0.20673328571491337 0.08196338571921902 0.02360759632007531 0.04065069423755257
0 0.7358143127716327 0.12185186904129806 0.02134243939373969 0.03013699476141142
0 0.760759765693732 0.12381247532760435 0.02353486688287442 0.0364840275708859
0 0.5788135638537696 0.11251117948995439 0.025836388527810547 0.04908106038036039
0 0.768984004871264 0.12967434408970643 0.02134243939373969 0.03013699476141142
0 0.7897264264080962 0.13391234932829502 0.02353486688287442 0.036484027570885876
0 0.6556059794382993 0.12558763220606542 0.023607596320075194 0.04065069423755257
0 0.1790939372294658 0.0001883214782131289 0.016812125541068448 0.0003766429564262578
0 0.5756962018399624 0.003966779709102573 0.017175772727073026 0.007933559418205146
0 0.6162484724027614 0.0030207098167264264 0.017030313852671005 0.006041419633452853
0 0.7627961899353574 0.011107153020821698 0.02134243939373969 0.022214306041643397
0 0.052657530844747856 0.08393548028699695 0.019440929653408615 0.040456628618603635
0 0.39770902272817144 0.11261970058090051 0.02784699242394287 0.045011426523168176
0 0.33634160119133927 0.11027383512706423 0.028028816016945037 0.05542809318983485
0 0.8134483890705266 0.14633813868600523 0.025836388527810547 0.04908106038036036
0 0.9735195909104888 0.15865827902313717 0.025836388527810547 0.04908106038036036
0 0.37060750703553785 0.11492279377073537 0.028028816016945037 0.055428093189834875
0 0.6866014264080962 0.13871547339728163 0.02784699242394287 0.045011426523168176
0 0.7167006655856282 0.1435584976599017 0.03420608657974426 0.051552524951591634
0 0.8881938360403233 0.15742829087825738 0.023607596320075194 0.040650694237552604
0 0.44951962067200135 0.1258188803440386 0.02166972186114376 0.04888699476141145
0 0.058671160173844904 0.0971860485252402 0.02134243939373969 0.03013699476141145
0 0.8465089870143565 0.1604106137344136 0.025836388527810547 0.04908106038036036
0 0.23840675216537235 0.1158760438390313 0.02360759632007531 0.04065069423755257
0 0.1978075725108653 0.001835007168911318 0.0168848549782694 0.003670014337822636
0 0.2873727234848984 0.0008389848366139772 0.021087886363536514 0.0016779696732279544
0 0.49453711363646347 0.003254752827188199 0.017175772727073026 0.006509505654376398
0 0.5012938538972308 0.14110139344051 0.019368200216207755 0.03628996195193697
0 0.2850453814944694 0.12723447229252224 0.025545470779006745 0.03241439371369372
0 0.5604870303042285 0.1487526250371541 0.030512161254883572 0.07844179266597599
0 0.7694256536810232 0.1640008276849692 0.023680325757276202 0.04481736090421921
0 0.6009847537891271 0.15415215191906845 0.023680325757276202 0.04481736090421921
0 0.16960220508747165 0.12220312655168902 0.032195482683611824 0.055622158808783816
0 0.7173241379883896 0.16746831458849779 0.03219548268361194 0.055622158808783816
0 0.5884302067112264 0.15785934877591531 0.023680325757276202 0.04481736090421921
0 0.6247430811701579 0.16449460794344534 0.023680325757275966 0.04481736090421921
0 0.6548423203476899 0.16933763220606543 0.025836388527810547 0.04908106038036036
0 0.3342295411255982 0.0008618070037986407 0.0273742510821369 0.0017236140075972814
0 0.1248727234848984 0.004623264406118562 0.021087886363536514 0.009246528812237123
0 0.4518833273810309 0.0011728555290388206 0.021233345237938295 0.002345711058077641
0 0.5352688419926258 0.16241701875084782 0.025836388527810547 0.04908106038036036
0 0.472859753789127 0.16011966970174876 0.02166972186114376 0.04888699476141139
0 0.8782370005427161 0.19119827185422586 0.02777426298674186 0.04084475985650151
0 0.11529007954640319 0.13305931293135875 0.03226821212081272 0.05978882547545048
0 0.424997634200361 0.15922642431966175 0.02166972186114376 0.04888699476141139
0 0.44475293614842726 0.16038794596298755 0.017175772727073026 0.029942929142462483
0 0.506083992966659 0.16481714475015713 0.023680325757276202 0.04481736090421921
0 0.3594453636375619 0.15811629115144107 0.019440929653408646 0.040456628618603635
0 0.9144771455644467 0.2020001976884225 0.028028816016945277 0.05542809318983485
0 0.04853250108323538 0.14137269616787532 0.032268212120812684 0.05978882547545048