0 0.44479166666666664 0.159375 0.059375 0.078125
0 0.296875 0.21145833333333333 0.06875 0.07916666666666666
0 0.20625 0.240625 0.059375 0.078125
0 0.6458333333333334 0.19479166666666667 0.05416666666666667 0.071875
0 0.8041666666666667 0.16354166666666667 0.06458333333333334 0.078125
0 0.4041666666666667 0.25 0.041666666666666664 0.05625
0 0.5270833333333333 0.22395833333333334 0.05 0.053125
0 0.36354166666666665 0.2708333333333333 0.05625 0.08541666666666667
0 0.18958333333333333 0.32083333333333336 0.052083333333333336 0.0625
0 0.31666666666666665 0.29583333333333334 0.065625 0.0875
0 0.4583333333333333 0.2791666666666667 0.0625 0.07291666666666667
0 0.278125 0.32395833333333335 0.06041666666666667 0.08333333333333333
0 0.5614583333333333 0.26875 0.059375 0.078125
0 0.609375 0.265625 0.07083333333333333 0.08958333333333333
0 0.5322916666666667 0.2916666666666667 0.05416666666666667 0.071875
0 0.7072916666666667 0.259375 0.065625 0.08333333333333333
0 0.8229166666666666 0.2520833333333333 0.06458333333333334 0.09583333333333334
0 0.05416666666666667 0.4166666666666667 0.065625 0.0875
0 0.41875 0.3489583333333333 0.06875 0.07916666666666666
0 0.225 0.39791666666666664 0.059375 0.078125
0 0.790625 0.284375 0.053125 0.06666666666666667
0 0.14895833333333333 0.42916666666666664 0.06458333333333334 0.078125
0 0.38125 0.3885416666666667 0.07916666666666666 0.090625
0 0.4625 0.38958333333333334 0.065625 0.0875
0 0.6520833333333333 0.37916666666666665 0.05625 0.08541666666666667
0 0.290625 0.47291666666666665 0.0625 0.07291666666666667
0 0.734375 0.38958333333333334 0.06666666666666667 0.09166666666666666
0 0.6041666666666666 0.42291666666666666 0.06875 0.096875
0 0.8229166666666666 0.4239583333333333 0.06666666666666667 0.09166666666666666
0 0.19895833333333332 0.5666666666666667 0.07708333333333334 0.09375
0 0.45208333333333334 0.5322916666666667 0.07916666666666666 0.10833333333333334
0 0.44583333333333336 0.65625 0.078125 0.08541666666666667