0 0.016666666666666666 0.25625 0.010416666666666666 0.022916666666666665
0 0.03333333333333333 0.26875 0.015625 0.022916666666666665
0 0.065625 0.28958333333333336 0.010416666666666666 0.022916666666666665
0 0.075 0.296875 0.009375 0.014583333333333334
0 0.08854166666666667 0.309375 0.015625 0.022916666666666665
0 0.11979166666666667 0.3229166666666667 0.009375 0.014583333333333334
0 0.12916666666666668 0.325 0.015625 0.022916666666666665
0 0.09791666666666667 0.33541666666666664 0.020833333333333332 0.025
0 0.16041666666666668 0.34270833333333334 0.009375 0.014583333333333334
0 0.23645833333333333 0.346875 0.009375 0.014583333333333334
0 0.171875 0.3458333333333333 0.010416666666666666 0.01875
0 0.13958333333333334 0.34479166666666666 0.015625 0.022916666666666665
0 0.027083333333333334 0.340625 0.010416666666666666 0.022916666666666665
0 0.0125 0.33958333333333335 0.010416666666666666 0.01875
0 0.22916666666666666 0.35208333333333336 0.009375 0.014583333333333334
0 0.19479166666666667 0.35208333333333336 0.009375 0.014583333333333334
0 0.20833333333333334 0.3572916666666667 0.004166666666666667 0.009375
0 0.25 0.359375 0.014583333333333334 0.014583333333333334
0 0.19895833333333332 0.3614583333333333 0.015625 0.022916666666666665
0 0.18020833333333333 0.3625 0.015625 0.022916666666666665
0 0.23020833333333332 0.36770833333333336 0.010416666666666666 0.022916666666666665
0 0.25833333333333336 0.3697916666666667 0.010416666666666666 0.01875
0 0.2864583333333333 0.37916666666666665 0.015625 0.022916666666666665
0 0.24895833333333334 0.378125 0.015625 0.01875
0 0.428125 0.40520833333333334 0.004166666666666667 0.009375
0 0.4375 0.4083333333333333 0.004166666666666667 0.009375
0 0.31979166666666664 0.4041666666666667 0.020833333333333332 0.025
0 0.34270833333333334 0.41041666666666665 0.009375 0.014583333333333334
0 0.15104166666666666 0.40208333333333335 0.020833333333333332 0.025
0 0.10833333333333334 0.403125 0.027083333333333334 0.046875
0 0.434375 0.421875 0.004166666666666667 0.009375
0 0.5177083333333333 0.4270833333333333 0.004166666666666667 0.004166666666666667
0 0.35104166666666664 0.42083333333333334 0.015625 0.01875
0 0.4270833333333333 0.4239583333333333 0.004166666666666667 0.009375
0 0.4895833333333333 0.4270833333333333 0.004166666666666667 0.009375
0 0.06666666666666667 0.4083333333333333 0.03125 0.046875
0 0.2604166666666667 0.42083333333333334 0.004166666666666667 0.014583333333333334
0 0.3375 0.4239583333333333 0.015625 0.022916666666666665
0 0.08958333333333333 0.41041666666666665 0.015625 0.0375
0 0.4791666666666667 0.434375 0.009375 0.009375
0 0.2708333333333333 0.42291666666666666 0.009375 0.014583333333333334
0 0.5375 0.4395833333333333 0.004166666666666667 0.004166666666666667
0 0.5010416666666667 0.4375 0.009375 0.009375
0 0.503125 0.4375 0.004166666666666667 0.009375
0 0.5291666666666667 0.4395833333333333 0.004166666666666667 0.004166666666666667
0 0.3177083333333333 0.43020833333333336 0.015625 0.022916666666666665
0 0.5239583333333333 0.44166666666666665 0.004166666666666667 0.009375
0 0.18125 0.42604166666666665 0.020833333333333332 0.0375
0 0.5375 0.44375 0.004166666666666667 0.009375
0 0.46145833333333336 0.44166666666666665 0.009375 0.009375
0 0.16041666666666668 0.4270833333333333 0.025 0.0375
0 0.37604166666666666 0.43854166666666666 0.009375 0.014583333333333334
0 0.28958333333333336 0.4354166666666667 0.010416666666666666 0.022916666666666665
0 0.5458333333333333 0.44895833333333335 0.004166666666666667 0.004166666666666667
0 0.553125 0.44895833333333335 0.004166666666666667 0.009375
0 0.5625 0.45 0.004166666666666667 0.004166666666666667
0 0.5145833333333333 0.45 0.004166666666666667 0.009375
0 0.6083333333333333 0.45416666666666666 0.004166666666666667 0.009375
0 0.5739583333333333 0.453125 0.004166666666666667 0.004166666666666667
0 0.5885416666666666 0.45416666666666666 0.004166666666666667 0.004166666666666667
0 0.596875 0.45416666666666666 0.004166666666666667 0.004166666666666667
0 0.30104166666666665 0.44375 0.015625 0.022916666666666665
0 0.33541666666666664 0.44583333333333336 0.015625 0.022916666666666665
0 0.571875 0.46041666666666664 0.004166666666666667 0.004166666666666667
0 0.48541666666666666 0.4552083333333333 0.009375 0.009375
0 0.49583333333333335 0.4583333333333333 0.004166666666666667 0.009375
0 0.31979166666666664 0.44895833333333335 0.015625 0.022916666666666665
0 0.5479166666666667 0.46041666666666664 0.004166666666666667 0.004166666666666667
0 0.7229166666666667 0.47291666666666665 0.009375 0.009375
0 0.490625 0.46041666666666664 0.004166666666666667 0.009375
0 0.5875 0.465625 0.009375 0.009375
0 0.6604166666666667 0.471875 0.004166666666666667 0.009375
0 0.6729166666666667 0.47291666666666665 0.009375 0.009375
0 0.6895833333333333 0.47291666666666665 0.009375 0.009375
0 0.6083333333333333 0.46875 0.009375 0.009375
0 0.7166666666666667 0.47708333333333336 0.004166666666666667 0.009375
0 0.3541666666666667 0.4583333333333333 0.020833333333333332 0.025
0 0.6385416666666667 0.47291666666666665 0.004166666666666667 0.009375
0 0.5666666666666667 0.4708333333333333 0.004166666666666667 0.004166666666666667
0 0.6708333333333333 0.47708333333333336 0.009375 0.009375
0 0.5854166666666667 0.47291666666666665 0.004166666666666667 0.004166666666666667
0 0.6822916666666666 0.47708333333333336 0.004166666666666667 0.009375
0 0.7333333333333333 0.48020833333333335 0.009375 0.009375
0 0.6458333333333334 0.47708333333333336 0.004166666666666667 0.009375
0 0.7125 0.48020833333333335 0.004166666666666667 0.009375
0 0.621875 0.47604166666666664 0.009375 0.009375
0 0.7708333333333334 0.48333333333333334 0.009375 0.004166666666666667
0 0.42291666666666666 0.46770833333333334 0.014583333333333334 0.014583333333333334
0 0.65 0.4791666666666667 0.004166666666666667 0.009375
0 0.6270833333333333 0.478125 0.004166666666666667 0.009375
0 0.6583333333333333 0.48020833333333335 0.009375 0.009375
0 0.6697916666666667 0.48333333333333334 0.004166666666666667 0.009375
0 0.7510416666666667 0.4875 0.004166666666666667 0.009375
0 0.7583333333333333 0.4875 0.009375 0.009375
0 0.5447916666666667 0.4791666666666667 0.004166666666666667 0.014583333333333334
0 0.6927083333333334 0.4864583333333333 0.009375 0.009375
0 0.6791666666666667 0.48541666666666666 0.004166666666666667 0.009375
0 0.7552083333333334 0.49166666666666664 0.004166666666666667 0.004166666666666667
0 0.815625 0.49583333333333335 0.009375 0.009375
0 0.7208333333333333 0.490625 0.004166666666666667 0.009375
0 0.7791666666666667 0.49375 0.004166666666666667 0.014583333333333334
0 0.796875 0.4947916666666667 0.009375 0.009375
0 0.6625 0.4875 0.004166666666666667 0.004166666666666667
0 0.7020833333333333 0.4895833333333333 0.009375 0.009375
0 0.015625 0.453125 0.03125 0.06041666666666667
0 0.609375 0.484375 0.004166666666666667 0.009375
0 0.8614583333333333 0.4979166666666667 0.009375 0.009375
0 0.4979166666666667 0.48125 0.015625 0.01875
0 0.6260416666666667 0.4875 0.004166666666666667 0.004166666666666667
0 0.6395833333333333 0.48854166666666665 0.004166666666666667 0.004166666666666667
0 0.3645833333333333 0.4739583333333333 0.020833333333333332 0.029166666666666667
0 0.5375 0.48541666666666666 0.009375 0.014583333333333334
0 0.8677083333333333 0.503125 0.009375 0.009375
0 0.44583333333333336 0.48020833333333335 0.015625 0.01875
0 0.42916666666666664 0.4791666666666667 0.014583333333333334 0.014583333333333334
0 0.6697916666666667 0.49166666666666664 0.009375 0.014583333333333334
0 0.7322916666666667 0.49583333333333335 0.009375 0.014583333333333334
0 0.7625 0.4979166666666667 0.009375 0.009375
0 0.7479166666666667 0.49895833333333334 0.004166666666666667 0.009375
0 0.475 0.484375 0.020833333333333332 0.020833333333333332
0 0.9947916666666666 0.5135416666666667 0.010416666666666666 0.014583333333333334
0 0.40625 0.48333333333333334 0.020833333333333332 0.025
0 0.5895833333333333 0.49270833333333336 0.009375 0.009375
0 0.3875 0.484375 0.020833333333333332 0.0375
0 0.6947916666666667 0.5010416666666667 0.009375 0.009375
0 0.5416666666666666 0.49270833333333336 0.004166666666666667 0.014583333333333334
0 0.715625 0.5020833333333333 0.009375 0.009375
0 0.421875 0.4895833333333333 0.009375 0.014583333333333334
0 0.8489583333333334 0.5104166666666666 0.009375 0.009375
0 0.9166666666666666 0.5145833333333333 0.009375 0.009375
0 0.7572916666666667 0.50625 0.009375 0.009375
0 0.8958333333333334 0.5145833333333333 0.009375 0.009375
0 0.5208333333333334 0.49375 0.004166666666666667 0.014583333333333334
0 0.5739583333333333 0.496875 0.009375 0.009375
0 0.8270833333333333 0.5104166666666666 0.009375 0.009375
0 0.7458333333333333 0.5083333333333333 0.009375 0.009375
0 0.7614583333333333 0.509375 0.009375 0.009375
0 0.784375 0.5104166666666666 0.009375 0.009375
0 0.9520833333333333 0.51875 0.009375 0.014583333333333334
0 0.9395833333333333 0.5208333333333334 0.009375 0.014583333333333334
0 0.5114583333333333 0.4979166666666667 0.010416666666666666 0.01875
0 0.60625 0.503125 0.009375 0.014583333333333334
0 0.8854166666666666 0.5177083333333333 0.009375 0.009375
0 0.9875 0.5260416666666666 0.009375 0.009375
0 0.5625 0.503125 0.009375 0.009375
0 0.8 0.515625 0.009375 0.009375
0 0.9666666666666667 0.5239583333333333 0.009375 0.009375
0 0.7354166666666667 0.5145833333333333 0.009375 0.009375
0 0.809375 0.51875 0.009375 0.009375
0 0.9760416666666667 0.5270833333333333 0.009375 0.014583333333333334
0 0.8166666666666667 0.51875 0.009375 0.014583333333333334
0 0.5833333333333334 0.5072916666666667 0.015625 0.01875
0 0.6979166666666666 0.5125 0.009375 0.009375
0 0.8552083333333333 0.5229166666666667 0.009375 0.009375
0 0.9916666666666667 0.5302083333333333 0.009375 0.014583333333333334
0 0.8479166666666667 0.5229166666666667 0.009375 0.009375
0 0.8666666666666667 0.5239583333333333 0.009375 0.014583333333333334
0 0.9552083333333333 0.5291666666666667 0.009375 0.014583333333333334
0 0.871875 0.5270833333333333 0.009375 0.009375
0 0.6239583333333333 0.5135416666666667 0.009375 0.014583333333333334
0 0.7833333333333333 0.521875 0.009375 0.014583333333333334
0 0.8958333333333334 0.528125 0.009375 0.014583333333333334
0 0.9177083333333333 0.5291666666666667 0.009375 0.009375
0 0.8260416666666667 0.5239583333333333 0.009375 0.009375
0 0.8375 0.525 0.009375 0.014583333333333334
0 0.6333333333333333 0.5166666666666667 0.014583333333333334 0.014583333333333334
0 0.728125 0.5208333333333334 0.009375 0.009375
0 0.559375 0.5125 0.004166666666666667 0.014583333333333334
0 0.5979166666666667 0.5145833333333333 0.009375 0.014583333333333334
0 0.7416666666666667 0.5239583333333333 0.009375 0.014583333333333334
0 0.6958333333333333 0.5239583333333333 0.009375 0.009375
0 0.08854166666666667 0.49166666666666664 0.03958333333333333 0.04791666666666667
0 0.9104166666666667 0.5354166666666667 0.009375 0.014583333333333334
0 0.6822916666666666 0.5260416666666666 0.009375 0.009375
0 0.8458333333333333 0.534375 0.009375 0.014583333333333334
0 0.8614583333333333 0.5354166666666667 0.009375 0.014583333333333334
0 0.9291666666666667 0.5416666666666666 0.009375 0.014583333333333334
0 0.42916666666666664 0.5145833333333333 0.015625 0.01875
0 0.6395833333333333 0.5260416666666666 0.015625 0.01875
0 0.8208333333333333 0.5354166666666667 0.009375 0.014583333333333334
0 0.9020833333333333 0.5395833333333333 0.009375 0.014583333333333334
0 0.9572916666666667 0.5458333333333333 0.009375 0.014583333333333334
0 0.8729166666666667 0.540625 0.009375 0.014583333333333334
0 0.940625 0.5447916666666667 0.014583333333333334 0.014583333333333334
0 0.6697916666666667 0.5322916666666667 0.015625 0.01875
0 0.80625 0.5395833333333333 0.009375 0.014583333333333334
0 0.8416666666666667 0.5416666666666666 0.009375 0.014583333333333334
0 0.7833333333333333 0.540625 0.009375 0.014583333333333334
0 0.946875 0.5489583333333333 0.014583333333333334 0.014583333333333334
0 0.40520833333333334 0.5229166666666667 0.025 0.041666666666666664
0 0.91875 0.55 0.009375 0.014583333333333334
0 0.7416666666666667 0.540625 0.009375 0.009375
0 0.7604166666666666 0.5416666666666666 0.009375 0.014583333333333334
0 0.85625 0.546875 0.009375 0.009375
0 0.846875 0.5479166666666667 0.009375 0.009375
0 0.9635416666666666 0.55625 0.014583333333333334 0.014583333333333334
0 0.5489583333333333 0.5364583333333334 0.009375 0.009375
0 0.715625 0.5458333333333333 0.010416666666666666 0.01875
0 0.45 0.5322916666666667 0.020833333333333332 0.029166666666666667
0 0.76875 0.5510416666666667 0.015625 0.01875
0 0.95625 0.5604166666666667 0.015625 0.01875
0 0.971875 0.5614583333333333 0.009375 0.009375
0 0.928125 0.5614583333333333 0.009375 0.014583333333333334
0 0.840625 0.559375 0.009375 0.014583333333333334
0 0.471875 0.5416666666666666 0.015625 0.01875
0 0.740625 0.55625 0.009375 0.014583333333333334
0 0.8166666666666667 0.5625 0.009375 0.014583333333333334
0 0.8833333333333333 0.5666666666666667 0.014583333333333334 0.014583333333333334
0 0.48854166666666665 0.5458333333333333 0.015625 0.01875
0 0.7927083333333333 0.5614583333333333 0.010416666666666666 0.01875
0 0.8458333333333333 0.56875 0.010416666666666666 0.01875
0 0.65 0.5583333333333333 0.015625 0.01875
0 0.9666666666666667 0.575 0.015625 0.01875
0 0.7354166666666667 0.565625 0.015625 0.01875
0 0.6145833333333334 0.559375 0.015625 0.01875
0 0.8604166666666667 0.5739583333333333 0.015625 0.01875
0 0.9322916666666666 0.578125 0.009375 0.014583333333333334
0 0.6333333333333333 0.5697916666666667 0.009375 0.009375
0 0.7625 0.5770833333333333 0.015625 0.01875
0 0.9729166666666667 0.5895833333333333 0.015625 0.01875
0 0.5041666666666667 0.5645833333333333 0.020833333333333332 0.029166666666666667
0 0.5354166666666667 0.56875 0.020833333333333332 0.0375
0 0.8104166666666667 0.5833333333333334 0.009375 0.014583333333333334
0 0.9145833333333333 0.5979166666666667 0.015625 0.01875
0 0.8822916666666667 0.5989583333333334 0.015625 0.022916666666666665
0 0.9010416666666666 0.6020833333333333 0.015625 0.01875
0 0.48333333333333334 0.5833333333333334 0.025 0.0375
0 0.70625 0.5947916666666667 0.020833333333333332 0.029166666666666667
0 0.9364583333333333 0.6083333333333333 0.015625 0.022916666666666665
0 0.9833333333333333 0.6208333333333333 0.009375 0.009375
0 0.96875 0.621875 0.020833333333333332 0.025
0 0.7395833333333334 0.6166666666666667 0.015625 0.022916666666666665
0 0.9864583333333333 0.6364583333333333 0.015625 0.03333333333333333
0 0.4479166666666667 0.6135416666666667 0.05 0.08125
0 0.9375 0.6395833333333333 0.015625 0.01875
0 0.9166666666666666 0.6416666666666667 0.014583333333333334 0.014583333333333334
0 0.6229166666666667 0.6385416666666667 0.020833333333333332 0.03333333333333333
0 0.5875 0.6416666666666667 0.03958333333333333 0.0625
0 0.54375 0.6416666666666667 0.029166666666666667 0.041666666666666664
0 0.7833333333333333 0.6541666666666667 0.015625 0.01875
0 0.809375 0.6583333333333333 0.015625 0.022916666666666665
0 0.6427083333333333 0.6520833333333333 0.020833333333333332 0.029166666666666667
0 0.8229166666666666 0.6739583333333333 0.020833333333333332 0.029166666666666667
0 0.5083333333333333 0.6604166666666667 0.05 0.08125
0 0.840625 0.6791666666666667 0.015625 0.022916666666666665
0 0.98125 0.6947916666666667 0.020833333333333332 0.0375
0 0.6270833333333333 0.6854166666666667 0.034375 0.04791666666666667
0 0.6833333333333333 0.6885416666666667 0.020833333333333332 0.029166666666666667
0 0.8958333333333334 0.6989583333333333 0.020833333333333332 0.03333333333333333
0 0.6541666666666667 0.6916666666666667 0.025 0.041666666666666664
0 0.8552083333333333 0.7041666666666667 0.015625 0.01875
0 0.9177083333333333 0.7072916666666667 0.020833333333333332 0.029166666666666667
0 0.6770833333333334 0.70625 0.029166666666666667 0.0375
0 0.7083333333333334 0.7104166666666667 0.025 0.03333333333333333
0 0.7833333333333333 0.7552083333333334 0.025 0.0375
0 0.80625 0.76875 0.029166666666666667 0.03333333333333333
0 0.7916666666666666 0.8072916666666666 0.029166666666666667 0.041666666666666664
0 0.8333333333333334 0.8645833333333334 0.035416666666666666 0.06666666666666667
0 0.759375 0.8635416666666667 0.04583333333333333 0.06666666666666667
0 0.803125 0.8708333333333333 0.034375 0.0625
0 0.5229166666666667 0.9041666666666667 0.12916666666666668 0.18541666666666667
0 0.8375 0.9729166666666667 0.096875 0.05416666666666667
0 0.9552083333333333 0.9927083333333333 0.029166666666666667 0.014583333333333334