0 0.5962665955382529 0.1758848739886569 0.05522423847892336 0.07829558637268524
0 0.6386353715585495 0.16655749316305501 0.04871957049414562 0.071900116007963
0 0.20537983797150886 0.28090708536027764 0.04153578788329468 0.04883797897657409
0 0.8590672529781431 0.12597662854874928 0.0525466798477756 0.06366376291777781
0 0.15835450925156366 0.3038973581564814 0.05331068380210837 0.08241376291777781
0 0.7859153682632721 0.14748969453129565 0.04871957049414585 0.071900116007963
0 0.5341256027878628 0.21173882269666625 0.03294778656518389 0.04239401849027781
0 0.5622506027878629 0.21108420605541622 0.03719934256010949 0.04457433206675929
0 0.07416873784465522 0.3360937864743518 0.05012378920140558 0.055281939462870376
0 0.14283384851639605 0.332410279129074 0.061728906463700876 0.08469105673740743
0 0.8964169242581981 0.14700305142120296 0.03719934256010949 0.04457433206675929
0 0.3765102839537493 0.28422256205787005 0.05505445982240502 0.07412891970601858
0 0.6233039394164733 0.225302992529768 0.04604201186299808 0.05726829255305563
0 0.405676950620416 0.283543700355833 0.04187534519633142 0.05717131230990743
0 0.5481536106965282 0.24894788196722176 0.03537067721155391 0.050775841945185245
0 0.30048806722365584 0.3120583632227775 0.042130013181108934 0.06342131230990743
0 0.23262940517037736 0.33553353723472207 0.04213001318110899 0.06342131230990743
0 0.5928603880349357 0.2458220110200458 0.037878457186183094 0.06124099873342601
0 0.4731730606331014 0.2767594380713422 0.04187534519633142 0.05717131230990743
0 0.7580839361211962 0.20652613462745306 0.03719934256010949 0.04457433206675929
0 0.6395231647142876 0.23952264995129577 0.05522423847892336 0.07829558637268524
0 0.28275673916276617 0.3374947743169442 0.046806015817330744 0.0760182925530555
0 0.4201099552338042 0.3051035145656015 0.048549791837627275 0.0677334493412964
0 0.5367147272997681 0.2752804893633329 0.045062239797034206 0.08430313576481487
0 0.034389086336263905 0.4089628339666203 0.037708678529664766 0.057074332066759347
0 0.8877404888208447 0.18995383536240668 0.05522423847892336 0.07829558637268524
0 0.4471932885671375 0.3044731429851385 0.0394524545499614 0.04878948885499999
0 0.8486240467929369 0.20233348100564746 0.04871957049414585 0.071900116007963
0 0.5071855085925082 0.2926502627928237 0.050293567857923924 0.05944860612953704
0 0.08630264101307886 0.4035839142606018 0.06440646509484853 0.09932288019231486
0 0.7303603880349356 0.2426216629961568 0.044552903827478944 0.07180313576481485
0 0.5777217292769343 0.28370993199263844 0.0644064650948484 0.09932288019231486
0 0.7007462799994166 0.2579081030923142 0.04187534519633142 0.05717131230990743
0 0.2518657464123761 0.3726213712013424 0.05837223320647968 0.05339256661583344
0 0.22295374773048696 0.37955023290337947 0.04187534519633142 0.057171312309907546
0 0.8204336074012509 0.22697067604101787 0.03962223320647974 0.05295615552166666
0 0.19208574970765332 0.3896525847269906 0.04438312517096073 0.06763646909814819
0 0.32433679051951647 0.05292494288347195 0.04604201186299808 0.05726829255305559
0 0.837270052724436 0.23074942173509191 0.036859785247072806 0.03624099873342595
0 0.025330648921744255 0.44253861790782406 0.016875345196331427 0.05658943085101858
0 0.914885716754881 0.21643104217606404 0.044552903827478944 0.07180313576481485
0 0.7767455020019537 0.2550965469881938 0.06189868512021922 0.0888577234040741
0 0.4364335197964509 0.3474724170479163 0.04604201186299808 0.05726829255305551
0 0.3466574130790427 0.37041507066972196 0.05454512385284976 0.061628919706018574
0 0.0655930968811511 0.4582839722645833 0.05029356785792395 0.05944860612953704
0 0.6304187378446552 0.3231469240140736 0.05505445982240502 0.07412891970601858
0 0.8440063939664346 0.2681281964311567 0.04871957049414562 0.07190011600796294
0 0.514855632445358 0.35294570415555515 0.04629667984777572 0.06351829255305562
0 0.47827178392896197 0.020622895580763693 0.0247842318883689 0.041245791161527386
0 0.26731742296487454 0.4191811854111109 0.07223046245862672 0.08701684067861114
0 0.22516087026522588 0.43371689957004617 0.05756223979703421 0.08459407649425922
0 0.9393303913302129 0.25339765083874927 0.052801347832553344 0.0699137629177778
0 0.6681309611653032 0.32748243515907355 0.04871957049414562 0.07190011600796306
0 0.3517773122931337 0.4193006688206941 0.04587223320647974 0.053101625886388844
0 0.13519199016374298 0.47751713158597214 0.03260822925214703 0.03406068515694448
0 0.4056044216467635 0.4097065923264349 0.05930601581733086 0.07630923328250011
0 0.7060129631424696 0.33598461297074017 0.06840335310499673 0.09525319376879628
0 0.5690417490485978 0.37775087272208285 0.05203734387822057 0.05116376291777781
0 0.17277687949200218 0.47872764273097207 0.052801347832553226 0.0699137629177778
0 0.6173033366286106 0.00866666755412012 0.0387733399238878 0.01733333510824024
0 0.5121939789598003 0.4155669294594903 0.048549791837627275 0.0677334493412964
0 0.4771593142703 0.42576626152624963 0.06440646509484853 0.09932288019231486
0 0.6643003070206901 0.38700290552379574 0.07507779974629282 0.10581533080018524
0 0.144223888059723 0.5200557494937962 0.052801347832553226 0.06991376291777793
0 0.5418699815960222 0.4273880677574533 0.048889349150664195 0.07606678267462973
0 0.07028500466296288 0.5478430605371296 0.04854979183762736 0.06773344934129616
0 0.3482862154615573 0.4871544725187497 0.06440646509484853 0.09932288019231486
0 0.9738628096321246 0.32658014222689735 0.05227438073575096 0.09496225303935191
0 0.8076683050435238 0.3742820871351845 0.06104979183762727 0.06802439007074075
0 0.5922944282373181 0.43664097150634207 0.05331068380210837 0.08241376291777781
0 0.43645478854235015 0.040931476318471854 0.035285787883294735 0.048692508611851884
0 0.9581157464123761 0.3561832199877307 0.06457624375136675 0.10348954685898164
0 0.7044548709242814 0.4256891716080087 0.052801347832553344 0.0699137629177778
0 0.4475841061079274 0.4931845250773145 0.06440646509484853 0.09932288019231474
0 0.910600531659449 0.39273940451138817 0.05505445982240502 0.07412891970601858
0 0.17011168121546127 0.592439024823148 0.07490802108977436 0.10164866413351868
0 0.0769329117857192 0.6342286586881019 0.06457624375136689 0.1034895468589814
0 0.5342741126984819 0.5224464300927774 0.06581068380210837 0.0827047036472223
0 0.7719049914818539 0.468953399445092 0.07176002636221786 0.1265516838903705
0 0.7155471074260383 0.4932035444550457 0.0594757944738492 0.08047589994916665
0 0.5907787806832594 0.5273871968102772 0.07065646509484841 0.09946835055703704
0 0.8282823254742427 0.4707691661625919 0.08417513703395893 0.12475929128648151
0 0.4626662338655352 0.04449201646546259 0.037623789201405584 0.05499099873342595
0 0.886403435486928 0.4642031094251845 0.07558713571584784 0.11831533080018523
0 0.3481712418237753 0.6122756978226849 0.07490802108977448 0.10164866413351868
0 0.959617214802502 0.4697976218367585 0.07558713571584784 0.11831533080018523
0 0.26103024907338523 0.6487115279895832 0.048719570494145735 0.07190011600796282
0 0.2931945817476631 0.644834931105185 0.06440646509484853 0.09932288019231474
0 0.44402402509368183 0.6361110639577312 0.07507779974629282 0.10581533080018536
0 0.1634071502646425 0.7093723871584722 0.10135113967018063 0.1376472122590741
0 0.5680902424828307 0.61028498999662 0.09000069039266284 0.11448809498453727
0 0.6570564486184622 0.01234843300504603 0.034946230570257815 0.02469686601009206
0 0.7068442252978143 0.0065824632736108234 0.03868845059562863 0.013164926547221647
0 0.21746602570316254 0.11692900759944426 0.02635822925214703 0.03391521479222224
0 0.7180477978187011 0.6057520345766197 0.09450691437236619 0.12291840856101857
0 0.17022847366256938 0.13471094706231465 0.04455290382747907 0.07180313576481485
0 0.20521705606928797 0.7886836532426851 0.09943758499336562 0.14176538880416675
0 0.5726160092267762 0.030463706688703227 0.02644311858040614 0.03599854812555557
0 0.4101937161454001 0.7526331312068516 0.1414827088462154 0.20310336778074098
0 0.7483835579720922 0.0028998268755089504 0.025933782610851115 0.005799653751017901
0 0.5077550131811089 0.050741145518286616 0.022276451913739594 0.03590156788240743
0 0.3632799090999227 0.08746878736180526 0.04187534519633142 0.05717131230990743
0 0.9388121469693652 0.6756848168721289 0.11503959026580925 0.16710481965518534
0 0.5947032325474242 0.03516289374550876 0.03787845718618333 0.06124099873342595
0 0.5493367905195164 0.04768800975347176 0.035285787883294735 0.048692508611851884
0 0.641949507323972 0.81084088450037 0.17451538473965844 0.24758071960435188
0 0.31321446970823674 0.11261512867370344 0.035285787883294735 0.048692508611851884
0 0.8909308353848618 0.7800220699114807 0.12498582083606706 0.20688211347481483
0 0.2638511396701806 0.12940389159148127 0.03277800790866537 0.038227351823611144
0 0.270237196398524 0.9258433514444905 0.14101936233177312 0.14065185790231496
0 0.5216414151057838 0.9033093800673607 0.13404425825058677 0.1737912307493519
0 0.9546511890993393 0.8020892885034251 0.09069762180132131 0.17156242705129637
0 0.6417904558680723 0.03928019934342539 0.028950898555035565 0.046463704913796325
0 0.12804892623536437 0.17427090628203692 0.0264431185804062 0.03599854812555557
0 0.43970357774375574 0.09507389792435149 0.03537067721155391 0.05077584194518522
0 0.5409380177944971 0.07186454863388844 0.035285787883294735 0.048692508611851884
0 0.4160848017234591 0.10396486765578669 0.028781119898517105 0.04229703824712967
0 0.21187214560167963 0.15876538969162018 0.039452454549961345 0.04878948885499999
0 0.4288041146260735 0.010255154509259085 0.024020227934036124 0.02051030901851817
0 0.23891303427088337 0.15709335144449055 0.03537067721155385 0.05077584194518518
0 0.7044602345245906 0.04199216236286978 0.03537067721155391 0.05077584194518522
0 0.62501590514559 0.06260903204347171 0.03787845718618333 0.06124099873342595
0 0.5878554624586267 0.07181518756513841 0.028950898555035565 0.04646370491379634
0 0.5672343524459414 0.07750842211421251 0.040131569176035005 0.06545615552166671
0 0.8293558952597582 0.0181607154901154 0.03537067721155391 0.0363214309802308
0 0.3289862536371987 0.14144236448935157 0.03962223320647974 0.05295615552166666
0 0.6706370151582753 0.0563339160355087 0.04438312517096061 0.06763646909814817
0 0.3972693623317731 0.12838385714407374 0.04187534519633142 0.057171312309907456
0 0.25487759158392015 0.1650630088660183 0.032947786565183775 0.04239401849027781
0 0.3788164749806802 0.13611193490490708 0.0394524545499614 0.04878948885500005
0 0.890771783928962 0.01903223125768482 0.03987690119125726 0.03806446251536964
0 0.36540214230640244 0.1395521206951386 0.02644311858040614 0.03599854812555557
0 0.30878959026580927 0.15755226570509234 0.022106673257221134 0.03173490121574076
0 0.3596915625854803 0.024993032422592296 0.02635822925214697 0.033915214792222245
0 0.7247612371608124 0.05403150620791606 0.037623789201405584 0.05499099873342595
0 0.026259160759954984 0.23502874569407403 0.035880013181109 0.06327584194518525
0 0.752716458504294 0.04921022289999937 0.02644311858040614 0.035998548125555585
0 0.18210770884621544 0.19595107484856467 0.032947786565183775 0.04239401849027781
0 0.06858549211612197 0.2246596982018055 0.052546679847775654 0.06366376291777781
0 0.5247152477056997 0.10873504800060144 0.037623789201405584 0.05499099873342595
0 0.11720426813641854 0.21518684701148139 0.046296679847775656 0.06351829255305562
0 0.7932141245119053 0.045139665529304894 0.048549791837627275 0.06773344934129634
0 0.29280203822521605 0.1746068533443516 0.0394524545499614 0.04878948885499999
0 0.4103936719391103 0.016735482586735947 0.02644311858040614 0.033470965173471895
0 0.39489600593149904 0.018960367022499668 0.022276451913739472 0.03590156788240742
0 0.2379102674773631 0.209249419960185 0.04213001318110899 0.06342131230990743
0 0.4732031449426242 0.1495548794340737 0.037878457186183094 0.06124099873342595
0 0.3565983728766603 0.1793779046363423 0.03277800790866543 0.038227351823611144
0 0.7687853550821632 0.08532912538231417 0.03787845718618333 0.06124099873342595
0 0.6358534736625694 0.12387340489050874 0.042130013181108934 0.06342131230990743
0 0.3945652641820858 0.1899634157813423 0.03537067721155391 0.050775841945185245
0 0.415525931507808 0.1926035145656015 0.04187534519633142 0.05717131230990743
0 0.20206560937841728 0.25074724214851835 0.03719934256010961 0.04457433206675929
0 0.5375088155636235 0.1668259307260644 0.04604201186299808 0.05726829255305563
0 0.5716715922429756 0.1608175103867588 0.0462966798477756 0.06351829255305556
0 0.45819182017701177 0.1905678004066663 0.0462966798477756 0.06351829255305562
0 0.8916171324205706 0.08038487487611037 0.042130013181108934 0.06342131230990745
0 0.6750318102911801 0.13860133764138832 0.04871957049414562 0.071900116007963
0 0.30376694073458427 0.23899622619138863 0.0462966798477756 0.06351829255305556
0 0.7022000329527726 0.14005429939425867 0.04871957049414562 0.071900116007963
0 0.9127900230669408 0.08823330699370294 0.04680601581733086 0.0760182925530556