0 0.7020833333333333 0.06145833333333333 0.03958333333333333 0.041666666666666664
0 0.5708333333333333 0.08958333333333333 0.046875 0.03958333333333333
0 0.478125 0.10833333333333334 0.04583333333333333 0.052083333333333336
0 0.41041666666666665 0.12291666666666666 0.046875 0.04375
0 0.6541666666666667 0.08125 0.04791666666666667 0.04791666666666667
0 0.09270833333333334 0.19166666666666668 0.041666666666666664 0.034375
0 0.7645833333333333 0.06458333333333334 0.035416666666666666 0.029166666666666667
0 0.8270833333333333 0.052083333333333336 0.03958333333333333 0.041666666666666664
0 0.00625 0.21875 0.0125 0.053125
0 0.32916666666666666 0.16354166666666667 0.034375 0.0375
0 0.16041666666666668 0.19791666666666666 0.034375 0.0375
0 0.4583333333333333 0.140625 0.059375 0.05416666666666667
0 0.5166666666666667 0.13333333333333333 0.04791666666666667 0.07083333333333333
0 0.36666666666666664 0.165625 0.040625 0.052083333333333336
0 0.31875 0.042708333333333334 0.034375 0.0375
0 0.7447916666666666 0.09479166666666666 0.04375 0.046875
0 0.6625 0.1125 0.034375 0.041666666666666664
0 0.034375 0.2375 0.0375 0.0375
0 0.5708333333333333 0.13333333333333333 0.06666666666666667 0.05625
0 0.634375 0.12291666666666666 0.04375 0.046875
0 0.7166666666666667 0.11041666666666666 0.041666666666666664 0.03958333333333333
0 0.8104166666666667 0.09791666666666667 0.05416666666666667 0.05416666666666667
0 0.07291666666666667 0.240625 0.03125 0.05
0 0.3145833333333333 0.20104166666666667 0.04583333333333333 0.052083333333333336
0 0.778125 0.11354166666666667 0.052083333333333336 0.06666666666666667
0 0.9041666666666667 0.09375 0.05625 0.08541666666666667
0 0.8645833333333334 0.10625 0.046875 0.06041666666666667
0 0.010416666666666666 0.275 0.020833333333333332 0.078125
0 0.28958333333333336 0.21770833333333334 0.0625 0.078125
0 0.48333333333333334 0.18333333333333332 0.052083333333333336 0.0625
0 0.14895833333333333 0.24791666666666667 0.058333333333333334 0.09791666666666667
0 0.50625 0.18020833333333333 0.05416666666666667 0.08125
0 0.39895833333333336 0.029166666666666667 0.034375 0.041666666666666664
0 0.44375 0.19791666666666666 0.04791666666666667 0.04791666666666667
0 0.5625 0.17916666666666667 0.04791666666666667 0.04791666666666667
0 0.20625 0.25104166666666666 0.05416666666666667 0.059375
0 0.703125 0.16041666666666668 0.053125 0.071875
0 0.035416666666666666 0.29375 0.046875 0.06041666666666667
0 0.11458333333333333 0.28020833333333334 0.065625 0.0875
0 0.36041666666666666 0.23333333333333334 0.053125 0.071875
0 0.7458333333333333 0.16458333333333333 0.05625 0.06666666666666667
0 0.37083333333333335 0.0375 0.03958333333333333 0.046875
0 0.4979166666666667 0.01875 0.035416666666666666 0.0375
0 0.440625 0.23020833333333332 0.04583333333333333 0.052083333333333336
0 0.675 0.1875 0.07291666666666667 0.08958333333333333
0 0.07083333333333333 0.3145833333333333 0.05416666666666667 0.059375
0 0.5729166666666666 0.009375 0.03333333333333333 0.01875
0 0.6166666666666667 0.21354166666666666 0.075 0.09375
0 0.35208333333333336 0.27395833333333336 0.06041666666666667 0.06875
0 0.46145833333333336 0.023958333333333335 0.034375 0.0375
0 0.828125 0.18541666666666667 0.06875 0.10416666666666667
0 0.03229166666666667 0.10833333333333334 0.03333333333333333 0.05416666666666667
0 0.12395833333333334 0.09166666666666666 0.05 0.058333333333333334
0 0.5 0.25729166666666664 0.071875 0.096875
0 0.18541666666666667 0.3177083333333333 0.07291666666666667 0.0625
0 0.25 0.30833333333333335 0.071875 0.075
0 0.013541666666666667 0.3572916666666667 0.027083333333333334 0.052083333333333336
0 0.32395833333333335 0.29791666666666666 0.065625 0.065625
0 0.790625 0.21041666666666667 0.07291666666666667 0.08958333333333333
0 0.5395833333333333 0.014583333333333334 0.0375 0.029166666666666667
0 0.8677083333333333 0.21041666666666667 0.06875 0.10416666666666667
0 0.6083333333333333 0.26458333333333334 0.071875 0.10208333333333333
0 0.3020833333333333 0.06041666666666667 0.03333333333333333 0.03333333333333333
0 0.42916666666666664 0.315625 0.07916666666666666 0.071875
0 0.7583333333333333 0.2604166666666667 0.07708333333333334 0.08125
0 0.19895833333333332 0.384375 0.07291666666666667 0.084375
0 0.029166666666666667 0.42083333333333334 0.058333333333333334 0.078125
0 0.9291666666666667 0.25833333333333336 0.07708333333333334 0.12291666666666666
0 0.27291666666666664 0.3885416666666667 0.078125 0.11041666666666666
0 0.5125 0.35833333333333334 0.078125 0.08541666666666667
0 0.3572916666666667 0.3927083333333333 0.08958333333333333 0.121875
0 0.8885416666666667 0.2916666666666667 0.06458333333333334 0.08333333333333333
0 0.5875 0.35520833333333335 0.078125 0.10625
0 0.17083333333333334 0.44583333333333336 0.096875 0.1375
0 0.8145833333333333 0.3302083333333333 0.09375 0.11875
0 0.029166666666666667 0.4875 0.058333333333333334 0.125
0 0.28020833333333334 0.07291666666666667 0.03333333333333333 0.059375
0 0.48020833333333335 0.034375 0.034375 0.041666666666666664
0 0.453125 0.4083333333333333 0.103125 0.125
0 0.6677083333333333 0.37083333333333335 0.08333333333333333 0.10833333333333334
0 0.14166666666666666 0.475 0.08333333333333333 0.1125
0 0.7385416666666667 0.36875 0.09375 0.12291666666666666
0 0.11041666666666666 0.11041666666666666 0.04375 0.046875
0 0.5395833333333333 0.4354166666666667 0.096875 0.14166666666666666
0 0.011458333333333333 0.134375 0.022916666666666665 0.065625
0 0.253125 0.503125 0.07916666666666666 0.09375
0 0.30625 0.5 0.04583333333333333 0.05625
0 0.8760416666666667 0.3958333333333333 0.078125 0.08541666666666667
0 0.42916666666666664 0.052083333333333336 0.046875 0.04375
0 0.6927083333333334 0.0125 0.03958333333333333 0.025
0 0.2552083333333333 0.08958333333333333 0.052083333333333336 0.06666666666666667
0 0.1625 0.5677083333333334 0.08333333333333333 0.10833333333333334
0 0.659375 0.4708333333333333 0.10625 0.13958333333333334
0 0.9791666666666666 0.42291666666666666 0.040625 0.078125
0 0.7333333333333333 0.4875 0.096875 0.1375
0 0.6291666666666667 0.020833333333333332 0.04375 0.040625
0 0.22916666666666666 0.5947916666666667 0.06458333333333334 0.06041666666666667
0 0.7375 0.010416666666666666 0.046875 0.020833333333333332
0 0.7833333333333333 0.009375 0.05 0.01875
0 0.8864583333333333 0.48541666666666666 0.08958333333333333 0.13958333333333334
0 0.3541666666666667 0.6104166666666667 0.121875 0.159375
0 0.078125 0.13333333333333333 0.05416666666666667 0.07708333333333334
0 0.9416666666666667 0.5020833333333333 0.07291666666666667 0.11041666666666666
0 0.22291666666666668 0.10520833333333333 0.0375 0.059375
0 0.1 0.6854166666666667 0.13541666666666666 0.140625
0 0.5479166666666667 0.04479166666666667 0.0375 0.0375
0 0.184375 0.6833333333333333 0.07916666666666666 0.115625
0 0.46458333333333335 0.6458333333333334 0.13541666666666666 0.1625
0 0.6666666666666666 0.029166666666666667 0.052083333333333336 0.058333333333333334
0 0.2604166666666667 0.7020833333333333 0.140625 0.13541666666666666
0 0.3333333333333333 0.09166666666666666 0.052083333333333336 0.06666666666666667
0 0.36666666666666664 0.08541666666666667 0.040625 0.052083333333333336
0 0.821875 0.016666666666666666 0.04375 0.03333333333333333
0 0.8927083333333333 0.007291666666666667 0.03333333333333333 0.014583333333333334
0 0.5041666666666667 0.06354166666666666 0.041666666666666664 0.03958333333333333
0 0.44583333333333336 0.07708333333333334 0.046875 0.03958333333333333
0 0.10520833333333333 0.8864583333333333 0.10625 0.165625
0 0.20416666666666666 0.8854166666666666 0.10208333333333333 0.1375
0 0.6020833333333333 0.05625 0.05625 0.08541666666666667
0 0.7416666666666667 0.03125 0.04375 0.046875
0 0.553125 0.06770833333333333 0.035416666666666666 0.029166666666666667
0 0.13229166666666667 0.15833333333333333 0.04791666666666667 0.04791666666666667
0 0.878125 0.020833333333333332 0.046875 0.041666666666666664
0 0.7885416666666667 0.040625 0.05 0.075