0 0.3692790865112762 0.10850594493951281 0.06332673079097902 0.08403634489709054
0 0.7045866257732812 0.1155338712072683 0.06591932534606688 0.09864392000848449
0 0.26076387417017344 0.11245370581369532 0.0631812275847634 0.07986967823042387
0 0.5971858317019529 0.11741041963714777 0.048015881426567354 0.06303331911733305
0 0.8523941650352861 0.1203800374495704 0.06216270514125408 0.050703011563757214
0 0.5772122860275167 0.12238845607890546 0.04787037822035198 0.05886665245066638
0 0.661974188266213 0.14213236897938977 0.06591932534606688 0.09864392000848449
0 0.43999006086155135 0.1426756196159366 0.04837963944210664 0.07344998578399971
0 0.7727050055684683 0.16426263743896483 0.06296297277543986 0.07361967823042388
0 0.8288822539653605 0.16700049877993417 0.05591270514125408 0.050630286229575404
0 0.49964283569558604 0.1652536311796938 0.07691800483759602 0.1154317955654541
0 0.9369973324893704 0.17451107123908502 0.081011919901155 0.11339694578824198
0 0.8823941562040569 0.1863807850095096 0.056276463156793 0.06104695289624213
0 0.18296293745052283 0.1917893351368473 0.07677250163138047 0.11126512889878744
0 0.40562497350631216 0.2016748720559974 0.0669841362358909 0.06950149511987837
0 0.5649272219032043 0.20561270141096613 0.05945107053674358 0.09232119467430268
0 0.7121891241419007 0.22608386765326824 0.08050265867940046 0.09881361245490859
0 0.6244708693325774 0.2313157129747233 0.07216932534606713 0.09871664534266623
0 0.8408101537852589 0.24321185789302502 0.062189168298047076 0.11109543645236328
0 0.0710184871185922 0.23425452089963586 0.09654102407488979 0.14064997156799944
0 0.30409718984104817 0.24426126670908896 0.08791668432912517 0.13221967112242367
0 0.7972651770161858 0.26667323477611615 0.07691800483759627 0.1154317955654541
0 0.9709688797386418 0.27598908991084237 0.031011919901155 0.11281514311478773
0 0.7037202002471126 0.28955280898575314 0.061970913488723765 0.10484543645236334
0 0.3762003572951324 0.29824684983023997 0.07311509618646853 0.12579997867599957
0 0.916570726684255 0.3118292579036306 0.07224207694917481 0.10079997867599957
0 0.1465343862076183 0.04130449957563544 0.0686309599505775 0.05702573689793898
0 0.6612069333437989 0.5818853947591472 0.08496033175849836 0.10719542934436319
0 0.5417657931142748 0.6002952800763601 0.0766269984251648 0.10709846223212077
0 0.21143187017654022 0.06290144891787745 0.06749339745764568 0.08408482845321172
0 0.4579959501622946 0.6118256089539363 0.08064816188561584 0.10298027912157531
0 0.03383759407656119 0.6255939235624844 0.06767518815312237 0.1154317955654541
0 0.3102447003036579 0.0682196000424223 0.05562169872882284 0.042296952896242065
0 0.24546948700550153 0.6697938560364832 0.0811574231073705 0.11756361245490865
0 0.9452016248162276 0.7154512143538727 0.06197091348872353 0.10484543645236309
0 0.33796956648656507 0.08000519737957364 0.028538365395489505 0.04198180978145437
0 0.4367460208121288 0.08636501517078514 0.04951720193503846 0.046390894228726984
0 0.04996030526481036 0.09124316534054513 0.08624339745764563 0.08430300445575707
0 0.3047685047810508 0.1056711164863011 0.045277783665263985 0.044259077339272444