0 0.9375 0.090625 0.029166666666666667 0.052083333333333336
0 0.32916666666666666 0.11666666666666667 0.04375 0.05625
0 0.734375 0.10416666666666667 0.034375 0.052083333333333336
0 0.6885416666666667 0.10625 0.03958333333333333 0.052083333333333336
0 0.7947916666666667 0.11041666666666666 0.029166666666666667 0.052083333333333336
0 0.2833333333333333 0.12708333333333333 0.03958333333333333 0.046875
0 0.7604166666666666 0.11354166666666667 0.025 0.052083333333333336
0 0.17395833333333333 0.13333333333333333 0.034375 0.046875
0 0.24791666666666667 0.13125 0.029166666666666667 0.046875
0 0.9708333333333333 0.12291666666666666 0.025 0.05625
0 0.6583333333333333 0.13333333333333333 0.03958333333333333 0.052083333333333336
0 0.14479166666666668 0.15833333333333333 0.034375 0.052083333333333336
0 0.07708333333333334 0.03125 0.0375 0.03333333333333333
0 0.8854166666666666 0.134375 0.034375 0.046875
0 0.4395833333333333 0.15729166666666666 0.03958333333333333 0.065625
0 0.8020833333333334 0.14479166666666668 0.03333333333333333 0.029166666666666667
0 0.6541666666666667 0.013541666666666667 0.03333333333333333 0.027083333333333334
0 0.025 0.17291666666666666 0.034375 0.065625
0 0.09895833333333333 0.17291666666666666 0.029166666666666667 0.052083333333333336
0 0.39166666666666666 0.16354166666666667 0.034375 0.05625
0 0.48125 0.16458333333333333 0.034375 0.046875
0 0.06041666666666667 0.17916666666666667 0.029166666666666667 0.05625
0 0.8416666666666667 0.15416666666666667 0.029166666666666667 0.052083333333333336
0 0.32083333333333336 0.19375 0.029166666666666667 0.065625
0 0.19270833333333334 0.2 0.034375 0.06041666666666667
0 0.2552083333333333 0.20104166666666667 0.04375 0.065625
0 0.8020833333333334 0.18541666666666667 0.04375 0.05625
0 0.3458333333333333 0.209375 0.025 0.05625
0 0.14270833333333333 0.22083333333333333 0.029166666666666667 0.052083333333333336
0 0.041666666666666664 0.036458333333333336 0.025 0.029166666666666667
0 0.578125 0.20520833333333333 0.029166666666666667 0.05625
0 0.21875 0.22083333333333333 0.015625 0.052083333333333336
0 0.6145833333333334 0.209375 0.034375 0.05625
0 0.5333333333333333 0.21458333333333332 0.03958333333333333 0.05625
0 0.9802083333333333 0.20208333333333334 0.010416666666666666 0.052083333333333336
0 0.5427083333333333 0.022916666666666665 0.029166666666666667 0.04583333333333333
0 0.007291666666666667 0.23958333333333334 0.014583333333333334 0.05625
0 0.9177083333333333 0.209375 0.04375 0.065625
0 0.06041666666666667 0.24375 0.029166666666666667 0.05625
0 0.03229166666666667 0.24791666666666667 0.03958333333333333 0.05625
0 0.09479166666666666 0.24791666666666667 0.025 0.065625
0 0.95625 0.21666666666666667 0.029166666666666667 0.06041666666666667
0 0.9416666666666667 0.013541666666666667 0.029166666666666667 0.027083333333333334
0 0.4979166666666667 0.240625 0.04375 0.06041666666666667
0 0.39479166666666665 0.246875 0.03958333333333333 0.065625
0 0.7895833333333333 0.24166666666666667 0.034375 0.06041666666666667
0 0.421875 0.259375 0.025 0.05625
0 0.7114583333333333 0.2635416666666667 0.029166666666666667 0.052083333333333336
0 0.6916666666666667 0.26666666666666666 0.034375 0.05625
0 0.2520833333333333 0.28958333333333336 0.04375 0.06041666666666667
0 0.6583333333333333 0.275 0.034375 0.052083333333333336
0 0.9583333333333334 0.016666666666666666 0.025 0.03333333333333333
0 0.18541666666666667 0.29791666666666666 0.03958333333333333 0.06041666666666667
0 0.46458333333333335 0.03125 0.025 0.046875
0 0.5916666666666667 0.290625 0.04375 0.06041666666666667
0 0.9833333333333333 0.2791666666666667 0.020833333333333332 0.046875
0 0.03229166666666667 0.3125 0.04791666666666667 0.053125
0 0.91875 0.28125 0.04791666666666667 0.053125
0 0.5364583333333334 0.296875 0.034375 0.06041666666666667
0 0.12291666666666666 0.3145833333333333 0.04375 0.052083333333333336
0 0.014583333333333334 0.04583333333333333 0.028125 0.052083333333333336
0 0.8010416666666667 0.30416666666666664 0.034375 0.052083333333333336
0 0.32708333333333334 0.3229166666666667 0.03958333333333333 0.06041666666666667
0 0.8729166666666667 0.30833333333333335 0.03958333333333333 0.05625
0 0.3958333333333333 0.035416666666666666 0.034375 0.052083333333333336
0 0.3729166666666667 0.32916666666666666 0.034375 0.05625
0 0.74375 0.32083333333333336 0.034375 0.05625
0 0.778125 0.31875 0.03958333333333333 0.06041666666666667
0 0.6895833333333333 0.33541666666666664 0.029166666666666667 0.05625
0 0.290625 0.35208333333333336 0.034375 0.07083333333333333
0 0.8916666666666667 0.020833333333333332 0.015625 0.040625
0 0.6635416666666667 0.3416666666666667 0.03125 0.07083333333333333
0 0.39791666666666664 0.35208333333333336 0.025 0.041666666666666664
0 0.6270833333333333 0.346875 0.03958333333333333 0.065625
0 0.259375 0.3645833333333333 0.029166666666666667 0.05625
0 0.3770833333333333 0.040625 0.029166666666666667 0.05625
0 0.8791666666666667 0.3572916666666667 0.025 0.046875
0 0.05416666666666667 0.3885416666666667 0.025 0.041666666666666664
0 0.8708333333333333 0.022916666666666665 0.025 0.04583333333333333
0 0.9520833333333333 0.3614583333333333 0.03958333333333333 0.065625
0 0.5197916666666667 0.3770833333333333 0.020833333333333332 0.05625
0 0.4979166666666667 0.37916666666666665 0.03958333333333333 0.06041666666666667
0 0.0125 0.39791666666666664 0.025 0.075
0 0.234375 0.39375 0.03958333333333333 0.07083333333333333
0 0.5739583333333333 0.035416666666666666 0.034375 0.046875
0 0.17395833333333333 0.39791666666666664 0.04375 0.052083333333333336
0 0.9104166666666667 0.3770833333333333 0.029166666666666667 0.06041666666666667
0 0.4427083333333333 0.39791666666666664 0.029166666666666667 0.065625
0 0.834375 0.38645833333333335 0.04375 0.065625
0 0.09166666666666666 0.41458333333333336 0.034375 0.065625
0 0.5958333333333333 0.39791666666666664 0.034375 0.06041666666666667
0 0.7979166666666667 0.3958333333333333 0.04791666666666667 0.053125
0 0.35833333333333334 0.4166666666666667 0.034375 0.052083333333333336
0 0.3145833333333333 0.42083333333333334 0.03958333333333333 0.065625
0 0.7166666666666667 0.41041666666666665 0.034375 0.065625
0 0.29375 0.4395833333333333 0.034375 0.07083333333333333
0 0.7541666666666667 0.42916666666666664 0.03958333333333333 0.06041666666666667
0 0.9833333333333333 0.4270833333333333 0.020833333333333332 0.05625
0 0.7083333333333334 0.43333333333333335 0.034375 0.05625
0 0.9010416666666666 0.43020833333333336 0.041666666666666664 0.0375
0 0.5145833333333333 0.04583333333333333 0.034375 0.046875
0 0.9520833333333333 0.4354166666666667 0.034375 0.052083333333333336
0 0.12291666666666666 0.46979166666666666 0.04375 0.075
0 0.18125 0.46979166666666666 0.034375 0.065625
0 0.55 0.4666666666666667 0.034375 0.07916666666666666
0 0.63125 0.46458333333333335 0.034375 0.065625
0 0.8333333333333334 0.034375 0.029166666666666667 0.052083333333333336
0 0.515625 0.47604166666666664 0.04375 0.065625
0 0.8697916666666666 0.465625 0.03958333333333333 0.06041666666666667
0 0.5979166666666667 0.47604166666666664 0.034375 0.075
0 0.44166666666666665 0.48333333333333334 0.03958333333333333 0.05625
0 0.7645833333333333 0.03958333333333333 0.025 0.046875
0 0.9114583333333334 0.48541666666666666 0.029166666666666667 0.052083333333333336
0 0.8197916666666667 0.4895833333333333 0.034375 0.075
0 0.05625 0.065625 0.03333333333333333 0.025
0 0.38333333333333336 0.5208333333333334 0.03125 0.08958333333333333
0 0.7645833333333333 0.5072916666666667 0.03958333333333333 0.05625
0 0.7114583333333333 0.51875 0.04791666666666667 0.06666666666666667
0 0.9864583333333333 0.5104166666666666 0.01875 0.01875
0 0.9541666666666667 0.5260416666666666 0.029166666666666667 0.06041666666666667
0 0.20208333333333334 0.065625 0.034375 0.05625
0 0.6729166666666667 0.5416666666666666 0.03958333333333333 0.065625
0 0.125 0.5645833333333333 0.04791666666666667 0.07708333333333334
0 0.6197916666666666 0.546875 0.03958333333333333 0.065625
0 0.13333333333333333 0.06770833333333333 0.034375 0.052083333333333336
0 0.020833333333333332 0.5791666666666667 0.03958333333333333 0.084375
0 0.9885416666666667 0.5479166666666667 0.020833333333333332 0.05625
0 0.5479166666666667 0.5677083333333334 0.03958333333333333 0.06041666666666667
0 0.928125 0.5572916666666666 0.03958333333333333 0.06041666666666667
0 0.49166666666666664 0.5791666666666667 0.04375 0.065625
0 0.8895833333333333 0.5677083333333334 0.029166666666666667 0.065625
0 0.013541666666666667 0.6114583333333333 0.015625 0.05625
0 0.84375 0.5854166666666667 0.034375 0.052083333333333336
0 0.8072916666666666 0.5958333333333333 0.03958333333333333 0.075
0 0.75625 0.6072916666666667 0.034375 0.06041666666666667
0 0.2520833333333333 0.640625 0.034375 0.07083333333333333
0 0.30104166666666665 0.64375 0.03958333333333333 0.065625
0 0.6510416666666666 0.059375 0.029166666666666667 0.046875
0 0.21875 0.6604166666666667 0.03958333333333333 0.075
0 0.9583333333333334 0.6354166666666666 0.04375 0.065625
0 0.86875 0.6489583333333333 0.046875 0.029166666666666667
0 0.8510416666666667 0.6770833333333334 0.052083333333333336 0.015625
0 0.4583333333333333 0.69375 0.03958333333333333 0.07083333333333333
0 0.32708333333333334 0.7125 0.04375 0.075
0 0.4041666666666667 0.71875 0.04375 0.07916666666666666
0 0.9052083333333333 0.7052083333333333 0.03958333333333333 0.065625
0 0.03125 0.7385416666666667 0.04791666666666667 0.06666666666666667
0 0.8666666666666667 0.71875 0.03958333333333333 0.05625
0 0.27395833333333336 0.016666666666666666 0.0375 0.020833333333333332
0 0.21979166666666666 0.7458333333333333 0.04791666666666667 0.06666666666666667
0 0.3 0.7520833333333333 0.034375 0.07083333333333333
0 0.6458333333333334 0.7541666666666667 0.053125 0.053125
0 0.12291666666666666 0.775 0.03958333333333333 0.07916666666666666
0 0.6104166666666667 0.07291666666666667 0.029166666666666667 0.065625
0 0.978125 0.7489583333333333 0.04375 0.06666666666666667
0 0.5166666666666667 0.7729166666666667 0.03958333333333333 0.07916666666666666
0 0.17916666666666667 0.7895833333333333 0.03958333333333333 0.07083333333333333
0 0.027083333333333334 0.796875 0.03333333333333333 0.03333333333333333
0 0.075 0.796875 0.04791666666666667 0.0625
0 0.34791666666666665 0.7947916666666667 0.03958333333333333 0.065625
0 0.48541666666666666 0.815625 0.04791666666666667 0.06666666666666667
0 0.9541666666666667 0.06458333333333334 0.029166666666666667 0.046875
0 0.6666666666666666 0.8145833333333333 0.053125 0.058333333333333334
0 0.228125 0.01875 0.03333333333333333 0.020833333333333332
0 0.07916666666666666 0.8645833333333334 0.04791666666666667 0.07708333333333334
0 0.035416666666666666 0.865625 0.04791666666666667 0.06666666666666667
0 0.23229166666666667 0.8635416666666667 0.06041666666666667 0.03958333333333333
0 0.8645833333333334 0.84375 0.034375 0.05625
0 0.5020833333333333 0.08541666666666667 0.029166666666666667 0.041666666666666664
0 0.959375 0.8458333333333333 0.03958333333333333 0.052083333333333336
0 0.6395833333333333 0.8604166666666667 0.03958333333333333 0.065625
0 0.8291666666666667 0.8572916666666667 0.04791666666666667 0.06666666666666667
0 0.6708333333333333 0.8666666666666667 0.03958333333333333 0.06041666666666667
0 0.23125 0.8958333333333334 0.0625 0.04791666666666667
0 0.6020833333333333 0.8833333333333333 0.0625 0.04791666666666667
0 0.153125 0.9020833333333333 0.065625 0.029166666666666667
0 0.9166666666666666 0.8791666666666667 0.052083333333333336 0.034375
0 0.4822916666666667 0.896875 0.046875 0.025
0 0.0625 0.10520833333333333 0.04375 0.046875
0 0.5416666666666666 0.09270833333333334 0.029166666666666667 0.041666666666666664
0 0.9020833333333333 0.08333333333333333 0.020833333333333332 0.052083333333333336
0 0.5916666666666667 0.09791666666666667 0.025 0.052083333333333336
0 0.8770833333333333 0.08854166666666667 0.03333333333333333 0.0375