0 0.3339060806719781 0.12131952543516149 0.045204851411925755 0.050763659090609536
0 0.13573579185343787 0.15187568939483811 0.05181856426490725 0.06337275324641087
0 0.8485117078384165 0.041467741888915735 0.04532608902958633 0.054930325757276174
0 0.582015750681688 0.08780727489574064 0.04336399331391334 0.05906062770534242
0 0.4524136054366571 0.11091340314160232 0.04103818474525909 0.050690929653408615
0 0.3840879370984688 0.1266967721887506 0.03877299498543512 0.04440456493480814
0 0.2617471491156894 0.148633957252844 0.04336399331391346 0.05906062770534242
0 0.17301247910597947 0.17936430681933016 0.04991708735806467 0.06958638852781043
0 0.5093304123337898 0.13284822240605673 0.04103818474525909 0.050690929653408615
0 0.7272014396057512 0.09882159361967581 0.041038184745259325 0.05069092965340859
0 0.4492471491156894 0.14536113257880323 0.04336399331391346 0.059060627705342365
0 0.38098209958633134 0.16322783495928483 0.04103818474525909 0.05069092965340864
0 0.08226937283356153 0.06943329166721587 0.038651757367774604 0.0402378982681415
0 0.3130201441011245 0.19151120400643312 0.043242755696253 0.0548939610386757
0 0.9411977473386448 0.11071920996312934 0.04336399331391334 0.05906062770534239
0 0.5065276688658036 0.1797959518432576 0.04103818474525909 0.05069092965340864
0 0.6227396944662434 0.16213452760163224 0.04765189759824059 0.06330002380920999
0 0.8644478174538778 0.12352303788467944 0.04753065998058001 0.059133357142543315
0 0.7266032670887589 0.14989962500494294 0.05181856426490725 0.06337275324641087
0 0.10117580408170458 0.2535719209963129 0.0558033745050832 0.057195482683611826
0 0.44662626207419387 0.19855886201600412 0.04336399331391334 0.059060627705342365
0 0.03701680241018294 0.2692825606062603 0.035030659980580095 0.058915168830940584
0 0.519265259875057 0.013344567101278937 0.03853051975011409 0.026689134202557873
0 0.5837879743995601 0.009135080629638578 0.038227425705963 0.018270161259277155
0 0.6483106889240632 0.0038930186709816646 0.03988642737748454 0.007786037341963329
0 0.44980699665695667 0.02335594967678687 0.045204851411925755 0.04671189935357374
0 0.6617248552825842 0.21252162933349078 0.04753065998058001 0.059133357142543315
0 0.3670735887214407 0.25831041937475513 0.04103818474525909 0.05069092965340864
0 0.1856305853783974 0.29065899891896146 0.04753065998058013 0.05913335714254326
0 0.27380853919208265 0.2766134983784422 0.05414437283356151 0.07174245129834465
0 0.4294523511037802 0.25305281115007483 0.05396251640707087 0.06549245129834465
0 0.08504355977795754 0.3080476877710835 0.05396251640707082 0.06549245129834465
0 0.7334483082605087 0.2060587132084418 0.04753065998058001 0.059133357142543315
0 0.5146265425351259 0.24322852435412295 0.04753065998058013 0.05913335714254326
0 0.5811113527753019 0.23581485335890845 0.05181856426490725 0.06337275324641081
0 0.7889597356379933 0.21551171483219644 0.04753065998058001 0.059133357142543315
0 0.7270053049174654 0.23535265639021005 0.04753065998058001 0.059133357142543315
0 0.5717858246675795 0.27349667695191077 0.043242755696252765 0.0548939610386757
0 0.502266942640649 0.28408989502502585 0.04753065998058013 0.05913335714254326
0 0.366414797395618 0.3073051174266889 0.04991708735806467 0.06958638852781043
0 0.028346934283040713 0.3653158998918961 0.02431089926976222 0.04831667857127163
0 0.6477971819298312 0.2711276980563275 0.05181856426490725 0.06337275324641094
0 0.9362590672998049 0.2275313355041978 0.045204851411925755 0.050763659090609536
0 0.1594453872609651 0.35781658928673427 0.060394372833561506 0.07185154545414604
0 0.5699035102485994 0.3162595573631447 0.04937151807859242 0.05083638852781043
0 0.06114271390821188 0.4178954291128894 0.0475306599805801 0.05913335714254326
0 0.22205547796207303 0.3963271634213542 0.04765189759824059 0.06330002380920992
0 0.48052119582961944 0.3605497559555978 0.04293966165210179 0.04447729437200915
0 0.8706420828711149 0.3005881888587126 0.04937151807859242 0.05083638852781043
0 0.13721468997929367 0.41760978355063944 0.04765189759824059 0.06330002380920992
0 0.4360629326115191 0.37278993073884087 0.04103818474525909 0.050690929653408524
0 0.30131307284198505 0.398070304114537 0.04753065998058001 0.05913335714254326
0 0.07769753699294575 0.09139920346371701 0.04103818474525912 0.050690929653408615
0 0.9591231307289514 0.29695935498486 0.049371518078592656 0.05083638852781043
0 0.3360723266472468 0.052496795997960574 0.043242755696253 0.05489396103867573
0 0.5600515753492675 0.3716678966487805 0.05396251640707087 0.06549245129834465
0 0.199430758423005 0.44257869101859276 0.04753065998058013 0.05913335714254326
0 0.4868812865307273 0.40004217749243 0.04937151807859242 0.05083638852781043
0 0.20025049080663096 0.07675368506629027 0.0516367078384165 0.057122753246410876
0 0.4226010472415452 0.41158615043571073 0.04937151807859242 0.05083638852781043
0 0.7369530522561102 0.362326895567742 0.05806856426490725 0.06348184740221233
0 0.8895627923810531 0.3419457554172754 0.04753065998058001 0.05913335714254326
0 0.9724366004220921 0.34151465098062367 0.055126799155815816 0.06764851406887899
0 0.04552572947952187 0.4900795292209932 0.04777313521590106 0.06746669047587658
0 0.25319363438014025 0.06957638474197872 0.04716694712759863 0.04663335714254332
0 0.12549158757753426 0.4803461542215424 0.047530659980580064 0.05913335714254326
0 0.5118095208053446 0.43295731656185815 0.04336399331391334 0.05906062770534248
0 0.18731363376384902 0.491773395022829 0.05396251640707082 0.06549245129834465
0 0.5827337823519232 0.4348459161294427 0.05414437283356151 0.07174245129834465
0 0.0339350116119755 0.5215477175325959 0.03962165830905844 0.0735712316014748
0 0.09821525090115761 0.5100037445893152 0.05212165830905846 0.0737894199130776
0 0.41991954139121945 0.46270054653957826 0.05806856426490725 0.06348184740221222
0 0.2726696816216855 0.4881991082268771 0.05181856426490725 0.06337275324641094
0 0.6513019259254325 0.42739588041562776 0.05806856426490725 0.06348184740221222
0 0.7365670455700235 0.4206965936196758 0.049371518078592656 0.05083638852781043
0 0.355821158528528 0.48049451948285893 0.04765189759824059 0.06330002380920992
0 0.8726616660503754 0.40581470455134616 0.04937151807859242 0.05083638852781043
0 0.5562454901903398 0.4915868398305488 0.05181856426490725 0.06337275324641094
0 0.4237305107762147 0.5220391818209777 0.043242755696253 0.05489396103867582
0 0.8895899704402256 0.45033363582850944 0.05181856426490725 0.06337275324641094
0 0.34198441338902014 0.5422255882056958 0.045204851411925755 0.050763659090609536
0 0.24446176897975005 0.5574763966465837 0.04753065998058013 0.05913335714254326
0 0.10137857587688275 0.5829022288966816 0.045568564264907255 0.06326365909060953
0 0.18750350576164976 0.5699347597414295 0.05806856426490725 0.06348184740221209
0 0.9822854039761815 0.44442146266902094 0.03542919204763706 0.06541972186114377
0 0.6678553705457486 0.4948496607187579 0.04753065998058001 0.05913335714254326
0 0.750946228643761 0.4850617386414064 0.05181856426490725 0.06337275324641094
0 0.4917116287492841 0.5302323284664631 0.045204851411925755 0.050763659090609536
0 0.6156441624878626 0.02816045211241885 0.04550794545607696 0.0563209042248377
0 0.7757880445147932 0.013555658013964704 0.04018952142163575 0.021524262986741947
0 0.048666760622141876 0.6338477115802933 0.04991708735806464 0.06958638852781054
0 0.48857548183273153 0.5657217245703307 0.05181856426490725 0.06337275324641094
0 0.6566586749355989 0.5398595156970273 0.0453260890295861 0.0549303257572762
0 0.8216774868472965 0.516135187234958 0.04753065998058001 0.05913335714254326
0 0.7356434851757748 0.5322276563902101 0.04753065998058001 0.05913335714254326
0 0.24401514348483327 0.6137627613651842 0.04532608902958627 0.0549303257572762
0 0.9069729158963026 0.5104775671056726 0.05181856426490725 0.06337275324641094
0 0.41132945456077 0.597293734851181 0.060394372833561506 0.07185154545414604
0 0.5845906715925556 0.5702989475147098 0.04753065998058001 0.05913335714254326
0 0.06488329603224198 0.11663557413461996 0.04103818474525913 0.050690929653408615
0 0.16784109228395358 0.6463582559534008 0.04753065998058013 0.05913335714254326
0 0.9394959108817377 0.5536820963266659 0.05181856426490725 0.06337275324641094
0 0.36391690085260786 0.6512733057382917 0.05396251640707087 0.06549245129834465
0 0.5767917606221419 0.6246292554150784 0.05181856426490725 0.0633727532464107
0 0.4906668307373749 0.6375967245703307 0.04765189759824059 0.06330002380920992
0 0.8600756220631975 0.5821654713261165 0.05181856426490725 0.0633727532464107
0 0.6868447144358271 0.6102019253292544 0.07337932330420358 0.08873640043241551
0 0.2854170410830738 0.6755718317117755 0.04765189759824059 0.06330002380920992
0 0.1314590344856633 0.11234690313940546 0.04937151807859245 0.05083638852781043
0 0.11469379845084843 0.7181552543296462 0.05181856426490725 0.0633727532464107
0 0.455125420691398 0.0608406737044014 0.04753065998058001 0.0591333571425433
0 0.2699930599974271 0.7185710827939126 0.04937151807859242 0.05083638852781055
0 0.6979661385589444 0.025879748920059897 0.04526547022075604 0.051759497840119795
0 0.3992088241399643 0.07328085443994699 0.04765189759824059 0.06330002380920999
0 0.5782769214384829 0.6756709220817451 0.049917087358064785 0.06958638852781054
0 0.0745426020049378 0.7709658820349887 0.056470181402215845 0.08011214935027837
0 0.3234817728504086 0.7301437824696009 0.04991708735806467 0.06958638852781054
0 0.7468450650119921 0.6664753798751085 0.05181856426490725 0.06337275324641094
0 0.8372882085855013 0.6586435146159888 0.06474289592671881 0.07817427489134682
0 0.4058643677303206 0.731832376084883 0.04765189759824059 0.06330002380920992
0 0.9971591187644923 0.6401093371279525 0.00568176247101538 0.0586242510821369
0 0.45065603439698726 0.7310505346349733 0.05414437283356151 0.07174245129834465
0 0.14151236271575568 0.7802188777064408 0.05181856426490725 0.06337275324641094
0 0.6644816326199425 0.70126330195246 0.049917087358064785 0.06958638852781054
0 0.9245648958380429 0.68525937879407 0.05806856426490725 0.06348184740221233
0 0.27181124984592725 0.10051728463387487 0.045204851411925755 0.050763659090609536
0 0.21058461924776944 0.825912024351926 0.05634894378455536 0.07594548268361194
0 0.5117586704486492 0.7893891401548604 0.05414437283356151 0.07174245129834465
0 0.13851661590472616 0.8563514561696086 0.06278080021104605 0.0823045768394131
0 0.28588771329192064 0.8350195611489765 0.04937151807859242 0.05083638852781055
0 0.6678571234265736 0.781453452926493 0.05181856426490725 0.06337275324641094
0 0.03646634890464333 0.07127498214309252 0.013166806897132661 0.0231348549782694
0 0.5749446398336443 0.847691380956147 0.06051561045122185 0.07601821212081271
0 0.9381943593727123 0.7954942218677343 0.06462165830905846 0.07400760822468015
0 0.8282929525811028 0.8151298852868917 0.05359880355408938 0.05299245129834465
0 0.1996798707652183 0.9167733950228292 0.05818980188256771 0.06764851406887876
0 0.3813047305347523 0.8906748154786226 0.06658375402473134 0.0698773062766141
0 0.29527072886323064 0.9067672846338748 0.05414437283356151 0.07174245129834465
0 0.6532211868557201 0.8515360373419634 0.06039437283356174 0.07185154545414604
0 0.7518158073360719 0.8373087132084418 0.05818980188256783 0.06764851406887899
0 0.4905888023215069 0.8856406677520989 0.05806856426490725 0.06348184740221233
0 0.8363120449537323 0.8400026087717901 0.051272994985435125 0.044622753246410934
0 0.8949320667721897 0.025024535720405534 0.04257594879912029 0.03197729437200906
0 0.6470648719978007 0.06687011959315971 0.05181856426490725 0.06337275324641087
0 0.5008566788949333 0.09235049892115832 0.032341138558944375 0.0380454707790068