0 0.8614583333333333 0.684375 0.115625 0.10208333333333333
0 0.4666666666666667 0.825 0.121875 0.11041666666666666
0 0.5895833333333333 0.803125 0.134375 0.109375
0 0.9302083333333333 0.7364583333333333 0.10625 0.09583333333333334
0 0.20208333333333334 0.9479166666666666 0.17916666666666667 0.103125
0 0.40208333333333335 0.9270833333333334 0.19791666666666666 0.1
0 0.39166666666666666 0.26145833333333335 0.109375 0.09583333333333334
0 0.016666666666666666 0.39791666666666664 0.03333333333333333 0.03125
0 0.5822916666666667 0.29270833333333335 0.025 0.01875
0 0.64375 0.28125 0.021875 0.021875
0 0.6083333333333333 0.290625 0.020833333333333332 0.0125
0 0.19583333333333333 0.37083333333333335 0.05 0.035416666666666666
0 0.6260416666666667 0.28958333333333336 0.020833333333333332 0.016666666666666666
0 0.6979166666666666 0.303125 0.03125 0.022916666666666665
0 0.85 0.27291666666666664 0.03333333333333333 0.028125
0 0.896875 0.271875 0.03958333333333333 0.025
0 0.790625 0.2947916666666667 0.025 0.01875
0 0.06041666666666667 0.44583333333333336 0.04583333333333333 0.035416666666666666
0 0.615625 0.340625 0.03125 0.022916666666666665
0 0.8677083333333333 0.2916666666666667 0.035416666666666666 0.029166666666666667
0 0.9270833333333334 0.28020833333333334 0.040625 0.029166666666666667
0 0.95 0.28020833333333334 0.03333333333333333 0.028125
0 0.10104166666666667 0.4479166666666667 0.035416666666666666 0.029166666666666667
0 0.8354166666666667 0.3125 0.04583333333333333 0.035416666666666666
0 0.22708333333333333 0.43020833333333336 0.035416666666666666 0.029166666666666667
0 0.6645833333333333 0.34791666666666665 0.040625 0.029166666666666667
0 0.7260416666666667 0.3385416666666667 0.035416666666666666 0.029166666666666667
0 0.016666666666666666 0.47708333333333336 0.03333333333333333 0.03958333333333333
0 0.159375 0.46041666666666664 0.035416666666666666 0.029166666666666667
0 0.10833333333333334 0.47291666666666665 0.04583333333333333 0.035416666666666666
0 0.04583333333333333 0.4895833333333333 0.035416666666666666 0.029166666666666667
0 0.6114583333333333 0.38333333333333336 0.046875 0.03958333333333333
0 0.7229166666666667 0.3645833333333333 0.05 0.035416666666666666
0 0.225 0.4708333333333333 0.059375 0.03333333333333333
0 0.8447916666666667 0.36666666666666664 0.0625 0.05625
0 0.065625 0.5208333333333334 0.075 0.05
0 0.25416666666666665 0.4895833333333333 0.065625 0.046875
0 0.7208333333333333 0.39791666666666664 0.0625 0.052083333333333336
0 0.021875 0.5385416666666667 0.04375 0.058333333333333334
0 0.5895833333333333 0.43020833333333336 0.052083333333333336 0.04583333333333333
0 0.8916666666666667 0.371875 0.05625 0.04583333333333333
0 0.08333333333333333 0.5479166666666667 0.065625 0.046875
0 0.2947916666666667 0.5135416666666667 0.05 0.035416666666666666
0 0.8041666666666667 0.41458333333333336 0.05625 0.04583333333333333
0 0.15104166666666666 0.54375 0.07291666666666667 0.0625
0 0.9166666666666666 0.409375 0.041666666666666664 0.034375
0 0.023958333333333335 0.5875 0.040625 0.05625
0 0.9583333333333334 0.4083333333333333 0.06458333333333334 0.06041666666666667
0 0.28541666666666665 0.5416666666666666 0.075 0.05
0 0.7270833333333333 0.45625 0.08333333333333333 0.06458333333333334
0 0.059375 0.5885416666666666 0.06666666666666667 0.05625
0 0.13645833333333332 0.5833333333333334 0.084375 0.052083333333333336
0 0.6770833333333334 0.4791666666666667 0.065625 0.046875
0 0.3729166666666667 0.5645833333333333 0.08541666666666667 0.05625
0 0.13125 0.6302083333333334 0.08541666666666667 0.05625
0 0.21041666666666667 0.6208333333333333 0.07708333333333334 0.05416666666666667
0 0.6270833333333333 0.5395833333333333 0.053125 0.05
0 0.7541666666666667 0.5208333333333334 0.07916666666666666 0.071875
0 0.28020833333333334 0.6177083333333333 0.08958333333333333 0.07291666666666667
0 0.703125 0.5354166666666667 0.08958333333333333 0.07291666666666667
0 0.8875 0.5041666666666667 0.08333333333333333 0.06458333333333334
0 0.3645833333333333 0.6229166666666667 0.08958333333333333 0.07291666666666667
0 0.17083333333333334 0.6625 0.115625 0.07916666666666666
0 0.5927083333333333 0.6260416666666667 0.058333333333333334 0.05
0 0.6822916666666666 0.6135416666666667 0.11875 0.09791666666666667
0 0.24166666666666667 0.7125 0.125 0.08125
0 0.8729166666666667 0.6041666666666666 0.09375 0.075
0 0.18333333333333332 0.7458333333333333 0.071875 0.058333333333333334
0 0.11458333333333333 0.7583333333333333 0.121875 0.08958333333333333
0 0.4666666666666667 0.709375 0.14791666666666667 0.08541666666666667
0 0.6302083333333334 0.696875 0.10208333333333333 0.08958333333333333