0 0.8155984604814603 0.07604166666666666 0.015602005272443382 0.025
0 0.7609843524459414 0.090625 0.02844156258548054 0.03333333333333333
0 0.8109419077818117 0.08958333333333333 0.01985356126736946 0.027083333333333334
0 0.07017539462549015 0.290625 0.03260822925214703 0.03333333333333333
0 0.0228529532566378 0.30520833333333336 0.021597337287666035 0.01875
0 0.40219648816178927 0.20729166666666668 0.021342669302888476 0.0125
0 0.44339626352303035 0.19583333333333333 0.026018671939110286 0.025
0 0.0385203979207674 0.30625 0.0195140039543327 0.01875
0 0.021194066564600416 0.315625 0.018619121216628003 0.04791666666666667
0 0.05301884192584154 0.30416666666666664 0.013179114626073515 0.016666666666666666
0 0.5547927022556609 0.16875 0.028441562585480303 0.03333333333333333
0 0.1376290599740459 0.284375 0.026018671939110286 0.025
0 0.2685624973885655 0.25104166666666666 0.030185338605776952 0.025
0 0.8455291311024598 0.09479166666666666 0.017176002636221693 0.0125
0 0.3767490467929369 0.221875 0.03494623057025793 0.03958333333333333
0 0.01762162519574807 0.3302083333333333 0.009606673257221162 0.03125
0 0.6900625849933656 0.13958333333333334 0.02368067062099944 0.01875
0 0.1965371686686204 0.27291666666666664 0.013179114626073485 0.016666666666666666
0 0.21407572334543534 0.26875 0.026018671939110286 0.025
0 0.49018637419477123 0.19375 0.019514003954332657 0.01875
0 0.6571961429654578 0.15104166666666666 0.019514003954332775 0.01875
0 0.6355758109502354 0.15729166666666666 0.01985356126736946 0.027083333333333334
0 0.022490401216044644 0.321875 0.015602005272443598 0.025
0 0.3945422694545294 0.22395833333333334 0.013348893282591945 0.020833333333333332
0 0.1823358373124534 0.28229166666666666 0.030355117262295294 0.029166666666666667
0 0.45328059949258553 0.20833333333333334 0.026018671939110286 0.025
0 0.3420963840806029 0.240625 0.019683782610851117 0.022916666666666665
0 0.7768834703672921 0.12291666666666666 0.026018671939110286 0.025
0 0.053613067223655865 0.31875 0.02844156258548035 0.03333333333333333
0 0.2978140533834914 0.253125 0.026018671939110286 0.025
0 0.324557829403788 0.24479166666666666 0.013179114626073603 0.016666666666666666
0 0.581216370899494 0.178125 0.028441562585480303 0.03333333333333333
0 0.6698659216219762 0.15520833333333334 0.019514003954332775 0.01875
0 0.15676106195121225 0.29375 0.028611341241998704 0.0375
0 0.4071271587827886 0.22604166666666667 0.028441562585480303 0.03333333333333333
0 0.6461622562734204 0.16145833333333334 0.02368067062099944 0.01875
0 0.7100240303165506 0.14375 0.026018671939110286 0.025
0 0.3164791640552322 0.25104166666666666 0.019514003954332775 0.01875
0 0.61112759158392 0.17083333333333334 0.019514003954332775 0.01875
0 0.09698106524648951 0.309375 0.028611341241998732 0.0375
0 0.10635606524648951 0.309375 0.01985356126736946 0.027083333333333334
0 0.7533920283393843 0.134375 0.02618845059562863 0.029166666666666667
0 0.8460809117361445 0.10833333333333334 0.02861134124199888 0.0375
0 0.360846384080603 0.240625 0.03494623057025793 0.03958333333333333
0 0.5328947075281045 0.19375 0.03443689460070279 0.027083333333333334
0 0.5998814815712348 0.17604166666666668 0.024529563903591147 0.03958333333333333
0 0.8771186884154965 0.103125 0.01985356126736946 0.027083333333333334
0 0.16730506261026773 0.296875 0.01985356126736946 0.027083333333333334
0 0.7369800296574952 0.140625 0.022106673257221134 0.03125
0 0.03745573652654433 0.33125 0.02210667325722116 0.03125
0 0.12502117591823034 0.3072916666666667 0.02452956390359127 0.03958333333333333
0 0.7205255863114765 0.14583333333333334 0.026188450595628864 0.029166666666666667
0 0.8997806870973856 0.096875 0.013348893282591945 0.020833333333333332
0 0.435209714118659 0.225 0.02618845059562863 0.029166666666666667
0 0.08182295655191506 0.32083333333333336 0.028611341241998732 0.0375
0 0.28790672268637985 0.265625 0.019683782610851117 0.022916666666666665
0 0.13951961992330447 0.30520833333333336 0.028441562585480362 0.03333333333333333
0 0.2519152806584721 0.27708333333333335 0.035116009226776275 0.04375
0 0.4920344894799002 0.21354166666666666 0.030185338605776952 0.025
0 0.2787015013428983 0.26979166666666665 0.03494623057025793 0.03958333333333333
0 0.5723931515331787 0.19166666666666668 0.019683782610851117 0.022916666666666665
0 0.19534517328200854 0.2947916666666667 0.028441562585480303 0.03333333333333333
0 0.55593870818716 0.196875 0.028441562585480303 0.03333333333333333
0 0.2159238386305643 0.28854166666666664 0.03260822925214697 0.03333333333333333
0 0.6672078129274017 0.16666666666666666 0.019683782610851117 0.022916666666666665
0 0.7981412503419214 0.13333333333333333 0.02618845059562863 0.029166666666666667
0 0.8640863577183849 0.115625 0.026018671939110286 0.025
0 0.23563061596897178 0.2864583333333333 0.019683782610851058 0.022916666666666665
0 0.26445772532260164 0.278125 0.019683782610851117 0.022916666666666665
0 0.6993721456016797 0.16354166666666667 0.02435978524707281 0.035416666666666666
0 0.5087436008106965 0.21458333333333332 0.019683782610851117 0.022916666666666665
0 0.3511088320400098 0.25729166666666664 0.026018671939110286 0.025
0 0.6840018135864572 0.16979166666666667 0.028441562585480303 0.03333333333333333
0 0.4635044927751774 0.22916666666666666 0.026018671939110286 0.025
0 0.3202832786813057 0.2677083333333333 0.019683782610851117 0.022916666666666665
0 0.3862708307218989 0.25104166666666666 0.03260822925214697 0.03333333333333333
0 0.6159733728766603 0.1875 0.02844156258548054 0.03333333333333333
0 0.7541984769578466 0.15416666666666667 0.027847337287666106 0.01875
0 0.3337825006838428 0.26666666666666666 0.019683782610851117 0.022916666666666665
0 0.42651382874473254 0.24166666666666667 0.026018671939110286 0.025
0 0.30595461333275 0.27395833333333336 0.03494623057025793 0.03958333333333333
0 0.6563012602277531 0.18020833333333333 0.028441562585480303 0.03333333333333333
0 0.9087931350567924 0.11354166666666667 0.028441562585480303 0.03333333333333333
0 0.781069586970532 0.14895833333333333 0.028441562585480303 0.03333333333333333
0 0.01976685312978419 0.3572916666666667 0.011690006590554495 0.03125
0 0.8933379137133108 0.11770833333333333 0.02861134124199888 0.0375
0 0.019936631786302565 0.3614583333333333 0.011520227934036117 0.027083333333333334
0 0.5853600428386042 0.203125 0.026018671939110286 0.025
0 0.8274776956651064 0.1375 0.01985356126736946 0.027083333333333334
0 0.7297078129274017 0.16666666666666666 0.02618845059562863 0.029166666666666667
0 0.5277907134596036 0.221875 0.028611341241998645 0.0375
0 0.49592349343423286 0.23229166666666667 0.036859785247072806 0.035416666666666666
0 0.35274472400449075 0.271875 0.02618845059562863 0.029166666666666667
0 0.17565784588017425 0.3229166666666667 0.028441562585480303 0.03333333333333333
0 0.756706256932476 0.16458333333333333 0.019514003954332775 0.01875
0 0.10654529383958107 0.33958333333333335 0.019683782610851058 0.022916666666666665
0 0.6330644861846229 0.19791666666666666 0.02618845059562863 0.029166666666666667
0 0.41790283269906525 0.2604166666666667 0.028441562585480303 0.03333333333333333
0 0.8692292516600323 0.13958333333333334 0.028611341241998645 0.0375
0 0.21702739989793376 0.315625 0.03494623057025793 0.03958333333333333
0 0.2757232852718603 0.2989583333333333 0.028441562585480303 0.03333333333333333
0 0.5776209348030853 0.21770833333333334 0.026018671939110286 0.025
0 0.07197752045550629 0.36041666666666666 0.035116009226776275 0.04375
0 0.15025284917545148 0.3385416666666667 0.028611341241998704 0.0375
0 0.5974974907980111 0.21979166666666666 0.028441562585480303 0.03333333333333333
0 0.3749168366533979 0.2791666666666667 0.034946230570257815 0.03958333333333333
0 0.4337825006838428 0.26666666666666666 0.030355117262295294 0.029166666666666667
0 0.9098542516600323 0.13958333333333334 0.02618845059562863 0.029166666666666667
0 0.8841096976422729 0.146875 0.02618845059562863 0.029166666666666667
0 0.24753284588017427 0.3229166666666667 0.028441562585480303 0.03333333333333333
0 0.31139461992330447 0.30520833333333336 0.028611341241998763 0.0375
0 0.4762361660323986 0.2604166666666667 0.028611341241998645 0.0375
0 0.5483888287447326 0.24166666666666667 0.02861134124199888 0.0375
0 0.035241524409839 0.37916666666666665 0.028611341241998732 0.0375
0 0.7451400395433271 0.1875 0.034946230570257815 0.03958333333333333
0 0.6894842648411412 0.20208333333333334 0.02861134124199888 0.0375
0 0.023165971051134944 0.38958333333333334 0.015771783928961978 0.029166666666666667
0 0.12185018646311753 0.3572916666666667 0.026188450595628656 0.029166666666666667
0 0.7771770382252162 0.18125 0.034946230570257815 0.03958333333333333
0 0.660699600151641 0.21145833333333333 0.03260822925214721 0.03333333333333333
0 0.8411237015966055 0.165625 0.01985356126736946 0.027083333333333334
0 0.5135239427117506 0.2552083333333333 0.02618845059562863 0.029166666666666667
0 0.5753023834215475 0.2375 0.030355117262295294 0.029166666666666667
0 0.3950480606331014 0.2875 0.030355117262295294 0.029166666666666667
0 0.416965505297231 0.28854166666666664 0.02368067062099944 0.01875
0 0.8590442582505867 0.17083333333333334 0.02844156258548054 0.03333333333333333
0 0.6118880507472696 0.240625 0.02844156258548054 0.03333333333333333
0 0.24717029383958108 0.33958333333333335 0.03260822925214703 0.03333333333333333
0 0.6355917160958254 0.234375 0.02618845059562863 0.029166666666666667
0 0.29670340253415556 0.328125 0.02618845059562863 0.029166666666666667
0 0.3595659545747487 0.31145833333333334 0.030355117262295294 0.029166666666666667
0 0.9263281449426243 0.16041666666666668 0.022106673257221134 0.03125
0 0.4348860619512122 0.29375 0.019514003954332775 0.01875
0 0.7419920448157705 0.2125 0.030355117262295294 0.029166666666666667
0 0.16398374443520974 0.36875 0.01985356126736946 0.027083333333333334
0 0.1835631877812284 0.36354166666666665 0.030355117262295294 0.029166666666666667
0 0.9016252575915313 0.16770833333333332 0.02368067062099944 0.01875
0 0.024184642990245208 0.41458333333333336 0.015771783928961978 0.029166666666666667
0 0.34766017987256304 0.3260416666666667 0.026018671939110286 0.025
0 0.14982485774317233 0.37916666666666665 0.028611341241998763 0.0375
0 0.5156691706457868 0.28229166666666666 0.02618845059562863 0.029166666666666667
0 0.0891729730283013 0.39895833333333336 0.034946230570257905 0.03958333333333333
0 0.6981766054240846 0.23645833333333333 0.030185338605776952 0.025
0 0.21506785576600598 0.3697916666666667 0.028781119898517105 0.041666666666666664
0 0.12446230570257918 0.3958333333333333 0.03685978524707287 0.035416666666666666
0 0.4253182885671375 0.3145833333333333 0.03511600922677639 0.04375
0 0.22648374443520972 0.36875 0.03928267589344294 0.04375
0 0.5706228359943425 0.2760416666666667 0.028611341241998645 0.0375
0 0.5819538353352871 0.27291666666666664 0.02618845059562863 0.029166666666666667
0 0.6530223867168247 0.253125 0.02618845059562863 0.029166666666666667
0 0.6086976113555838 0.26458333333333334 0.02861134124199888 0.0375
0 0.03802342230581903 0.421875 0.026188450595628642 0.029166666666666667
0 0.875687930189697 0.19583333333333333 0.02368067062099944 0.01875
0 0.3594580705189331 0.334375 0.030185338605776952 0.025
0 0.6263210553606577 0.2625 0.02618845059562863 0.029166666666666667
0 0.27301918712217293 0.36041666666666666 0.03260822925214709 0.03333333333333333
0 0.5986205020019537 0.27291666666666664 0.028441562585480303 0.03333333333333333
0 0.9128483728766603 0.1875 0.02618845059562863 0.029166666666666667
0 0.02477886828805953 0.42916666666666664 0.015771783928961978 0.029166666666666667
0 0.7428409380983625 0.23333333333333334 0.026018671939110286 0.025
0 0.17733263771780158 0.38958333333333334 0.022106673257221134 0.03125
0 0.8181186008106965 0.21458333333333332 0.02844156258548054 0.03333333333333333
0 0.44936151122873 0.31666666666666665 0.03494623057025793 0.03958333333333333
0 0.06706275498009691 0.41875 0.019683782610851058 0.022916666666666665
0 0.49464306392837865 0.303125 0.02435978524707281 0.035416666666666666
0 0.30310018646311754 0.3572916666666667 0.035116009226776275 0.04375
0 0.3237212964758029 0.35208333333333336 0.035116009226776275 0.04375
0 0.507100619264249 0.3020833333333333 0.02618845059562863 0.029166666666666667
0 0.4154534025341556 0.328125 0.03511600922677639 0.04375
0 0.14659197368735674 0.40208333333333335 0.02618845059562863 0.029166666666666667
0 0.7936279367802516 0.22708333333333333 0.022106673257221134 0.03125
0 0.39487473718559973 0.334375 0.03911289723692448 0.03958333333333333
0 0.8534079334849742 0.21145833333333333 0.02861134124199888 0.0375
0 0.062151534295670746 0.42604166666666665 0.026188450595628642 0.029166666666666667
0 0.9295999288715862 0.18958333333333333 0.02618845059562863 0.029166666666666667
0 0.7566372727498066 0.23958333333333334 0.01985356126736946 0.027083333333333334
0 0.34347051847834 0.35104166666666664 0.022106673257221134 0.03125
0 0.6731960553606577 0.2625 0.031034231888368898 0.04583333333333333
0 0.19204330504352374 0.3927083333333333 0.0391128972369246 0.03958333333333333
0 0.5567186172870826 0.29270833333333335 0.0394524545499614 0.04791666666666667
0 0.7701364947523437 0.23854166666666668 0.01560200527244362 0.025
0 0.7845500494291587 0.234375 0.031034231888368898 0.04583333333333333
0 0.08394164496741156 0.4239583333333333 0.0391128972369246 0.03958333333333333
0 0.5403490632693232 0.3 0.03511600922677616 0.04375
0 0.47857062255952626 0.3177083333333333 0.0391128972369246 0.03958333333333333
0 0.7124398313809543 0.25416666666666665 0.02861134124199888 0.0375
0 0.6466220579968796 0.275 0.028441562585480303 0.03333333333333333
0 0.8786201568056223 0.21666666666666667 0.034946230570257815 0.03958333333333333
0 0.8940753781491039 0.2125 0.02618845059562863 0.029166666666666667
0 0.7498973867168248 0.253125 0.03260822925214721 0.03333333333333333
0 0.839546159441844 0.22916666666666666 0.02861134124199888 0.0375
0 0.12144164496741157 0.4239583333333333 0.03685978524707287 0.035416666666666666
0 0.022799874219558577 0.45729166666666665 0.00977645191373954 0.035416666666666666
0 0.9098277121414926 0.215625 0.02844156258548054 0.03333333333333333
0 0.643176950620416 0.29270833333333335 0.030355117262295294 0.029166666666666667
0 0.932786823472289 0.21666666666666667 0.02618845059562863 0.029166666666666667
0 0.3723170777685431 0.36875 0.034946230570257815 0.03958333333333333
0 0.03451287553766948 0.4635416666666667 0.033032675893442956 0.04375
0 0.47246740648848823 0.346875 0.02618845059562863 0.029166666666666667
0 0.15515698027791125 0.43333333333333335 0.028611341241998763 0.0375
0 0.20360597764168945 0.42083333333333334 0.03460667325722113 0.03125
0 0.7424553913302129 0.275 0.02618845059562863 0.029166666666666667
0 0.3273326377178016 0.38958333333333334 0.030355117262295294 0.029166666666666667
0 0.5292497371855998 0.334375 0.03928267589344306 0.04375
0 0.28096697368735674 0.40208333333333335 0.035116009226776275 0.04375
0 0.44181163178630256 0.3614583333333333 0.0391128972369246 0.03958333333333333
0 0.5911555118877855 0.31979166666666664 0.032098893282591946 0.020833333333333332
0 0.645812064587434 0.30625 0.02861134124199888 0.0375
0 0.0585136535351324 0.46458333333333335 0.028611341241998732 0.0375
0 0.7117571719638977 0.28854166666666664 0.034946230570257815 0.03958333333333333
0 0.7715796133327498 0.27395833333333336 0.02861134124199888 0.0375
0 0.917883382762492 0.234375 0.02618845059562863 0.029166666666666667
0 0.4048209677558577 0.37395833333333334 0.03460667325722113 0.03125
0 0.08850976354781777 0.459375 0.03494623057025793 0.03958333333333333
0 0.849982276045084 0.2552083333333333 0.03260822925214721 0.03333333333333333
0 0.6882657299359899 0.3 0.028441562585480303 0.03333333333333333
0 0.18853275827537416 0.434375 0.01985356126736946 0.027083333333333334
0 0.6284857332312671 0.315625 0.034946230570257815 0.03958333333333333
0 0.1257975402271698 0.45416666666666666 0.02210667325722116 0.03125
0 0.25972864364930065 0.41770833333333335 0.028611341241998763 0.0375
0 0.4698517424580434 0.359375 0.03460667325722113 0.03125
0 0.8881843853987139 0.246875 0.030355117262295294 0.029166666666666667
0 0.7585897272997679 0.2875 0.034946230570257815 0.03958333333333333
0 0.07860243285070623 0.471875 0.024359785247072867 0.035416666666666666
0 0.30630653100039346 0.41041666666666665 0.01985356126736946 0.027083333333333334
0 0.3671706390359125 0.3958333333333333 0.030355117262295294 0.029166666666666667
0 0.6856500659055449 0.3125 0.02861134124199888 0.0375
0 0.558883295157692 0.3458333333333333 0.028611341241998645 0.0375
0 0.16029987421955857 0.45729166666666665 0.030185338605776952 0.025
0 0.21691242626015175 0.440625 0.03260822925214697 0.03333333333333333
0 0.33026486433372687 0.41041666666666665 0.027847337287666106 0.01875
0 0.7990449486432496 0.2833333333333333 0.028781119898517223 0.041666666666666664
0 0.3911714170333755 0.396875 0.026018671939110286 0.025
0 0.027452882128223974 0.4947916666666667 0.01568689460070279 0.027083333333333334
0 0.4117925270460608 0.39166666666666666 0.02368067062099944 0.01875
0 0.11297743285070624 0.471875 0.035116009226776275 0.04375
0 0.2366192035985592 0.43854166666666666 0.03260822925214703 0.03333333333333333
0 0.2767773122931337 0.4270833333333333 0.03494623057025793 0.03958333333333333
0 0.8312092813175275 0.28020833333333334 0.03460667325722113 0.03125
0 0.7456847305950453 0.303125 0.019683782610851117 0.022916666666666665
0 0.6170044051703774 0.340625 0.034946230570257815 0.03958333333333333
0 0.5511866317863026 0.3614583333333333 0.03460667325722113 0.03125
0 0.3543929763235785 0.41458333333333336 0.028441562585480303 0.03333333333333333
0 0.37293075300293055 0.409375 0.01717600263622181 0.0125
0 0.5892614071475438 0.35 0.02861134124199888 0.0375
0 0.47195452572794994 0.3854166666666667 0.030185338605776952 0.025
0 0.2618738715833368 0.44479166666666664 0.019514003954332716 0.01875
0 0.8770426146508609 0.28020833333333334 0.028441562585480303 0.03333333333333333
0 0.9254067226863799 0.265625 0.030355117262295294 0.029166666666666667
0 0.528779301089191 0.37395833333333334 0.028441562585480303 0.03333333333333333
0 0.8977486139918054 0.27708333333333335 0.026018671939110286 0.025
0 0.1724373221789654 0.4739583333333333 0.028441562585480362 0.03333333333333333
0 0.3177418696061704 0.4354166666666667 0.023680670620999322 0.01875
0 0.7444502905443038 0.32395833333333335 0.02618845059562863 0.029166666666666667
0 0.5002493043844682 0.38958333333333334 0.03928267589344306 0.04375
0 0.8218112865899712 0.30520833333333336 0.03460667325722113 0.03125
0 0.43955497500546764 0.4083333333333333 0.030355117262295294 0.029166666666666667
0 0.6847551831678402 0.3416666666666667 0.034946230570257815 0.03958333333333333
0 0.7672820678827112 0.321875 0.02861134124199888 0.0375
0 0.41801953231850436 0.4166666666666667 0.03260822925214697 0.03333333333333333
0 0.5776951897583947 0.3729166666666667 0.02618845059562863 0.029166666666666667
0 0.9486205020019537 0.27291666666666664 0.036859785247072806 0.035416666666666666
0 0.35411531361124454 0.43333333333333335 0.02435978524707281 0.035416666666666666
0 0.22855998818657663 0.4708333333333333 0.035116009226776275 0.04375
0 0.03172388805972302 0.5229166666666667 0.022700898555035483 0.04583333333333333
0 0.5541188584022277 0.38229166666666664 0.036859785247072806 0.035416666666666666
0 0.273968874878614 0.46041666666666664 0.028611341241998645 0.0375
0 0.3399139822550776 0.4427083333333333 0.035285787883294735 0.04791666666666667
0 0.39969397895980036 0.4270833333333333 0.03494623057025793 0.03958333333333333
0 0.8541029532566379 0.30520833333333336 0.034946230570257815 0.03958333333333333
0 0.06592910940320464 0.51875 0.05471490250936819 0.06458333333333334
0 0.7903685132058963 0.3260416666666667 0.039452454549961165 0.04791666666666667
0 0.9654993919892684 0.278125 0.02019311858040614 0.035416666666666666
0 0.8377333992388784 0.3125 0.03443689460070279 0.027083333333333334
0 0.37724420359855926 0.43854166666666666 0.035285787883294735 0.04791666666666667
0 0.2514766548532433 0.4708333333333333 0.035116009226776275 0.04375
0 0.2093625468177243 0.48541666666666666 0.044043567857923925 0.058333333333333334
0 0.47935053165944896 0.41354166666666664 0.03928267589344294 0.04375
0 0.628779301089191 0.37395833333333334 0.0394524545499614 0.04791666666666667
0 0.3053462088710029 0.4635416666666667 0.035285787883294735 0.04791666666666667
0 0.14666977343364954 0.50625 0.04370401054488718 0.05
0 0.7423015178192846 0.34791666666666665 0.028781119898517223 0.041666666666666664
0 0.9370967292769343 0.296875 0.02861134124199888 0.0375
0 0.7197244084656547 0.35625 0.05488468116588668 0.06875
0 0.33130298620941023 0.46145833333333336 0.0394524545499614 0.04791666666666667
0 0.9155612865899713 0.30520833333333336 0.03928267589344282 0.04375
0 0.5003960883134302 0.41875 0.028441562585480303 0.03333333333333333
0 0.9526792846128048 0.29583333333333334 0.02844156258548054 0.03333333333333333
0 0.650866524409839 0.37916666666666665 0.03511600922677616 0.04375
0 0.6065417490485979 0.390625 0.039452454549961165 0.04791666666666667
0 0.8105846265138591 0.33645833333333336 0.03928267589344282 0.04375
0 0.764218962483414 0.3489583333333333 0.028441562585480303 0.03333333333333333
0 0.5859630837000421 0.396875 0.03511600922677616 0.04375
0 0.5345588649927823 0.41354166666666664 0.031034231888368898 0.04583333333333333
0 0.5520974196695971 0.409375 0.03911289723692448 0.03958333333333333
0 0.6881543010891911 0.37395833333333334 0.03928267589344306 0.04375
0 0.46366009226776295 0.4375 0.045957122534738916 0.05416666666666667
0 0.8544619605062477 0.33958333333333335 0.03260822925214721 0.03333333333333333
0 0.9668576212414154 0.31145833333333334 0.024529563903591147 0.03958333333333333
0 0.8977026245366927 0.32708333333333334 0.0352857878832945 0.04791666666666667
0 0.43213242955542897 0.45625 0.035116009226776275 0.04375
0 0.8105616317863027 0.3614583333333333 0.041196230570257814 0.03958333333333333
0 0.41197821084816916 0.47291666666666665 0.03753889987314641 0.052083333333333336
0 0.6771823089978565 0.4114583333333333 0.03260822925214697 0.03333333333333333
0 0.8896434091247101 0.359375 0.0435342318883689 0.04583333333333333
0 0.6549872016213929 0.42916666666666664 0.03460667325722113 0.03125
0 0.7982084157152645 0.390625 0.030355117262295294 0.029166666666666667
0 0.6824525369318926 0.43854166666666666 0.028441562585480303 0.03333333333333333
0 0.671333760911596 0.446875 0.031034231888368898 0.04583333333333333
0 0.7919778656518377 0.4166666666666667 0.03511600922677616 0.04375
0 0.9479113030663574 0.38333333333333336 0.03928267589344282 0.04375
0 0.8285210883134302 0.41875 0.0352857878832945 0.04791666666666667
0 0.8948057530029305 0.409375 0.034946230570257815 0.03958333333333333
0 0.8507356456264669 0.4270833333333333 0.03511600922677616 0.04375
0 0.9852229838779288 0.39375 0.02955403224414231 0.03958333333333333
0 0.6984789888456322 0.4739583333333333 0.039452454549961165 0.04791666666666667