0 0.44930776792451965 0.17592483815613408 0.017151617137308624 0.017442929142462482
0 0.7204522108733141 0.2707337372450082 0.024007805225610922 0.03856736090421921
0 0.4609176482799286 0.18166685194157703 0.025848663323623337 0.03033106038036036
0 0.18134894378455535 0.08334482161480497 0.0216213778481265 0.02805366142807812
0 0.2749665592503423 0.11891278163641919 0.023825948799120294 0.03231736090421924
0 0.2907127968680028 0.12380719437414442 0.023825948799120294 0.03231736090421924
0 0.3621826276940537 0.14898130989627664 0.03228051975011408 0.03687215880878381
0 0.2109096327086186 0.09824494761411433 0.0216213778481265 0.02805366142807812
0 0.6197550945717665 0.2421178290569 0.025848663323623337 0.03033106038036036
0 0.8078501357435163 0.30705226550486564 0.028174471892277588 0.03876142652316818
0 0.9224829409691272 0.3498405536212246 0.019416806897132707 0.023789961951937024
0 0.666133997184572 0.2630025508653385 0.025727425705962995 0.026164393713693754
0 0.8384524913342463 0.3220009079089123 0.028053234274617013 0.03459475985650163
0 0.5946641663585212 0.2378284353432063 0.028053234274617013 0.03459475985650151
0 0.13652696771347358 0.08021694954443707 0.028295709509938167 0.04292809318983488
0 0.5547777389810366 0.22556814529652455 0.025848663323623573 0.03033106038036036
0 0.9668391290574296 0.372711575953522 0.019416806897132707 0.023789961951937024
0 0.24282643960575126 0.12261710642289812 0.02400780522561104 0.038567360904219236
0 0.6800090672998049 0.27509159746025597 0.028174471892277588 0.038761426523168295
0 0.12194363438014025 0.07953771987811574 0.023825948799120294 0.03231736090421924
0 0.14400049080663097 0.08680656437759773 0.019780519750114085 0.03628996195193697
0 0.44464500387065853 0.19443225613244788 0.025727425705962877 0.026164393713693692
0 0.9266447234097266 0.1711105345971931 0.017454711181459952 0.02785959580912915
0 0.6402135681355657 0.2659563074135742 0.024007805225610922 0.03856736090421921
0 0.39225857649317397 0.1815897692289193 0.02817447189227771 0.03876142652316818
0 0.5215050244565335 0.2260989536782663 0.019416806897132707 0.023789961951936965
0 0.7769032297876675 0.31601344002941517 0.02805323427461725 0.03459475985650151
0 0.538414166358521 0.2352085494873954 0.023825948799120294 0.03231736090421921
0 0.1506142036596124 0.09959766280602116 0.02817447189227771 0.03876142652316818
0 0.4291715508927341 0.19891284339472262 0.02817447189227771 0.03876142652316818
0 0.18023551139250588 0.11658112213866384 0.019780519750114085 0.036289961951936935
0 0.6090848057532263 0.26866748193812373 0.025727425705962995 0.026164393713693692
0 0.9919802183951616 0.40313966914335686 0.01603956320967678 0.028053661428078178
0 0.7743300617576249 0.12032565591029355 0.01525014023046604 0.023595896332987996
0 0.834250631037097 0.1418410909803161 0.023825948799120294 0.03231736090421921
0 0.1950916293655753 0.12663535180498517 0.025848663323623396 0.03033106038036036
0 0.9087482709594173 0.37832799062156997 0.023825948799120294 0.03231736090421921
0 0.47049366719428193 0.2247633165128083 0.02805323427461725 0.03459475985650151
0 0.55881202111349 0.25696369451073625 0.023825948799120294 0.03231736090421921
0 0.27299331661811693 0.1583505657555408 0.02805323427461725 0.03459475985650151
0 0.3476184568485829 0.18471189715855138 0.0216213778481265 0.02805366142807806
0 0.439031501363376 0.21601615770402444 0.019416806897132707 0.023789961951936965
0 0.5010657133805967 0.23867029225018818 0.019659282132453625 0.03212329528527024
0 0.9676877923810531 0.4018782426201887 0.02805323427461725 0.03459475985650163
0 0.5809901151576414 0.26839920567688497 0.028174471892277588 0.03876142652316818
0 0.23102355590729903 0.14599324289938462 0.025727425705962877 0.026164393713693692
0 0.12698927377484542 0.10994011883039802 0.02805323427461719 0.03459475985650151
0 0.11020136949051826 0.10499718968793555 0.024007805225611013 0.038567360904219236
0 0.3687851936304825 0.1971405585866295 0.025727425705962995 0.026164393713693692
0 0.813289797395618 0.3509963311238146 0.021621377848126618 0.02805366142807806
0 0.24912591149802896 0.16035968844658433 0.02400780522561104 0.03856736090421927
0 0.679016872525416 0.31249456465078146 0.032462376176604836 0.04312215880878381
0 0.2061144841205444 0.14795384918569088 0.023825948799120294 0.03231736090421921
0 0.3943307629099547 0.2170549523003232 0.03228051975011408 0.03687215880878381
0 0.6118955647925224 0.2937645147475982 0.017454711181459952 0.02785959580912921
0 0.9345969342830408 0.4086590510019304 0.025848663323623573 0.03033106038036048
0 0.6193387784812647 0.29931246291409225 0.021621377848126618 0.028053661428078178
0 0.8642596983369019 0.3866584518845354 0.03215928213245363 0.03270549214211715
0 0.728702631564712 0.33977483567343164 0.029894092372629664 0.026358459332642782
0 0.2957775987505705 0.19061941025502283 0.023462235946138794 0.01981736090421921
0 0.14759929436072033 0.13898693052040556 0.019659282132453625 0.0321232952852703
0 0.44818318861591766 0.24452928894192236 0.024007805225610922 0.03856736090421921
0 0.7645436298931905 0.35600772676783105 0.024007805225610922 0.038567360904219326
0 0.9873773839179217 0.4350432045721256 0.021621377848126618 0.028053661428078178
0 0.22657295768434374 0.1717923275423651 0.02817447189227771 0.03876142652316818
0 0.35055045350553965 0.2139755966346925 0.028174471892277588 0.03876142652316818
0 0.5208462331307108 0.27496025420212516 0.0216213778481265 0.028053661428078178
0 0.5817781596724345 0.2954825390102183 0.021621377848126618 0.028053661428078178
0 0.5008727100375534 0.26778844251211764 0.025848663323623337 0.03033106038036036
0 0.6416987289519066 0.3169979740802409 0.025848663323623573 0.03033106038036036
0 0.7888050572706751 0.36754027074345424 0.028174471892277588 0.03876142652316818
0 0.2718192654172372 0.1895035329460663 0.024007805225610922 0.03856736090421921
0 0.32757316803004266 0.21082490239713997 0.021621377848126382 0.02805366142807806
0 0.13313719864504747 0.14247436752075088 0.02162137784812647 0.02805366142807806
0 0.8194377222658201 0.3835305798141675 0.024007805225610922 0.03856736090421921
0 0.5505455692794722 0.04436666170126181 0.021621377848126618 0.028053661428078087
0 0.8606560105567451 0.1555540010987471 0.01525014023046604 0.023595896332987996
0 0.906883366147475 0.17123038957385225 0.021621377848126382 0.02805366142807806
0 0.9592220745135067 0.4326915949775535 0.02805323427461725 0.03459475985650151
0 0.16695548244902275 0.16069355913900918 0.019416806897132648 0.023789961951936906
0 0.11656146019162618 0.14482310504495507 0.023825948799120294 0.03231736090421921
0 0.7292785102485995 0.3595665023400983 0.027689521421635752 0.02209475985650163
0 0.8512332915452923 0.40373607195628464 0.025848663323623573 0.03033106038036036
0 0.18395555256425575 0.17292815494813835 0.0216213778481265 0.02805366142807806
0 0.8292067445232166 0.3975088941234693 0.021621377848126618 0.028053661428078178
0 0.5906873716896551 0.31566233691478285 0.025848663323623573 0.03033106038036036
0 0.4509636382507987 0.2685846550847302 0.023825948799120294 0.03231736090421921
0 0.27555045350553964 0.21048241549361138 0.03228051975011408 0.03687215880878381
0 0.664392082871115 0.3461418185797228 0.021621377848126382 0.028053661428078178
0 0.6119147272803851 0.3301743316761943 0.025848663323623337 0.03033106038036036
0 0.29138761933644547 0.21850182823133663 0.02400780522561104 0.03856736090421921
0 0.3964635681355657 0.2546034687050604 0.02805323427461725 0.03459475985650151
0 0.9912663817187849 0.4645980024766902 0.017467236562430107 0.03459475985650151
0 0.5202463077328935 0.03983468596388189 0.02799261546578696 0.03251142652316819
0 0.9374857217382048 0.1861790319778988 0.021621377848126618 0.02805366142807806
0 0.47850161265035884 0.28547108160789836 0.03215928213245363 0.03270549214211715
0 0.208398836368231 0.19071069892376144 0.0216213778481265 0.02805366142807806
0 0.23256933553247017 0.19911824289938462 0.02817447189227771 0.03876142652316818
0 0.5467858246675796 0.30841631458248553 0.025848663323623573 0.03033106038036036
0 0.3639900450424084 0.24684946015820602 0.025848663323623337 0.03033106038036036
0 0.4145356143218805 0.26792824758559347 0.02805323427461725 0.03459475985650151
0 0.6888656760795053 0.36496602922201266 0.028053234274617013 0.03459475985650151
0 0.30740664159384207 0.23277124096906185 0.023825948799120294 0.03231736090421921
0 0.16658062267948873 0.1835617094009386 0.019416806897132648 0.023789961951936906
0 0.2497512620741939 0.21760283870851377 0.023825948799120294 0.03231736090421921
0 0.33696733051790523 0.2476713669683712 0.023825948799120294 0.03231736090421921
0 0.19194433553247017 0.19722610311463232 0.019416806897132707 0.023789961951936906
0 0.5019638485964977 0.3052884425121176 0.03215928213245363 0.03270549214211715
0 0.720570317145732 0.3820465213641298 0.025848663323623573 0.03033106038036036
0 0.6313012247731026 0.3529226269614646 0.032159282132453386 0.03270549214211715
0 0.5356608947828125 0.3193409674637092 0.02400780522561116 0.038567360904219326
0 0.2151944056477032 0.2097517973521849 0.028295709509938167 0.04292809318983484
0 0.8680689148410722 0.16006028259857444 0.017030379519648163 0.013276262475795815
0 0.5746875119201211 0.3378027411056537 0.032462376176604836 0.04312215880878381
0 0.6692861752437445 0.3713358841986718 0.032462376176604836 0.04312215880878381
0 0.09133814744416777 0.17173519492652412 0.023825948799120294 0.032317360904219265
0 0.8280326933223369 0.4286618613139948 0.025848663323623573 0.03033106038036048
0 0.5454905358490393 0.3354026151063444 0.02805323427461725 0.03459475985650151
0 0.32477042456205646 0.257505836778191 0.019659282132453625 0.03212329528527024
0 0.14929662100796706 0.19732026385373888 0.02817447189227771 0.03876142652316818
0 0.5992217239373417 0.3587102850812769 0.032462376176604836 0.04312215880878381
0 0.7537106471360222 0.4127171965776509 0.023462235946138794 0.01981736090421921
0 0.5151609648980455 0.3298289727022978 0.02400780522561104 0.03856736090421921
0 0.8104455976066641 0.43200374910012845 0.02805323427461725 0.03459475985650163
0 0.38701680241018294 0.2874516379910214 0.02817447189227771 0.03876142652316818
0 0.17373990481194238 0.215102807829362 0.02805323427461719 0.03459475985650151
0 0.4732215135916427 0.31851331651280823 0.028295709509938167 0.04292809318983496
0 0.8239855113925059 0.14656426026627709 0.021621377848126382 0.02805366142807812
0 0.12126254922121246 0.19913532092583347 0.024007805225611013 0.03856736090421921
0 0.10239131160355197 0.1940953589738965 0.024007805225611013 0.03856736090421921
0 0.730945527491431 0.4168581690067649 0.028174471892277588 0.038761426523168295
0 0.6816234813051163 0.4020778979841148 0.027689521421635752 0.02209475985650163
0 0.888680688307772 0.4751772963840174 0.034485090701107876 0.04113585828492496
0 0.19401652194925095 0.2326912861860362 0.032462376176604836 0.04312215880878381
0 0.4285510845426366 0.32059377777577364 0.032462376176604836 0.04312215880878381
0 0.7511918352243245 0.43340498069677247 0.02805323427461725 0.03459475985650151
0 0.6167673633320468 0.38969488089040605 0.032462376176604836 0.04312215880878381
0 0.9320255191338229 0.49904146897824414 0.019780519750114203 0.036289961951937025
0 0.4125909282132454 0.02233749627594635 0.012681856426490749 0.006832196856846861
0 0.59811768558102 0.07050823324777086 0.023825948799120294 0.03231736090421924
0 0.4476344879912029 0.3329254063943773 0.028174471892277588 0.03876142652316818
0 0.9416126849647288 0.506769783287546 0.03215928213245363 0.03270549214211715
0 0.8449609977121871 0.47418127405172 0.034606328318768455 0.04530252495159163
0 0.08204292874086058 0.2097916975458184 0.023462235946138853 0.01981736090421921
0 0.776767713908212 0.45436104107713293 0.017454711181459952 0.02785959580912921
0 0.14723245016249634 0.2336330479728605 0.019416806897132648 0.023789961951936965
0 0.24924401777044686 0.271672472565706 0.0216213778481265 0.02805366142807806
0 0.5214604367903232 0.367571554725984 0.028174471892277588 0.038761426523168295
0 0.7904609275969541 0.46020008767205034 0.025848663323623337 0.03033106038036036
0 0.558312792381053 0.382811295558454 0.02805323427461725 0.03459475985650151
0 0.6802069548689157 0.42489753184130696 0.02805323427461725 0.03459475985650151
0 0.7012827634375699 0.43420119326938506 0.02198509070110788 0.040553661428078175
0 0.2725850160989252 0.2873231668032585 0.02817447189227771 0.03876142652316818
0 0.7235214762905514 0.4477200377688671 0.023825948799120294 0.03231736090421921
0 0.8842907088936468 0.5030597143603311 0.019780519750113967 0.03628996195193691
0 0.572875210345699 0.0610105062007438 0.023825948799120294 0.03231736090421924
0 0.22641827931702557 0.2737301116614867 0.03215928213245363 0.03270549214211715
0 0.2033803750326984 0.26849608409060083 0.025848663323623396 0.03033106038036036
0 0.6406236215355823 0.4230539084612919 0.028174471892277588 0.03876142652316818
0 0.1593878997973774 0.2581250617583034 0.03228051975011408 0.03687215880878381
0 0.6659873343885638 0.43671830217498564 0.03215928213245363 0.03270549214211715
0 0.7071275942636208 0.45631877529307124 0.032462376176604836 0.04312215880878381
0 0.13549018527287432 0.25909251778268033 0.025848663323623337 0.03033106038036036
0 0.8911772063863644 0.5252258127887546 0.028174471892277588 0.038761426523168295
0 0.43035988035540895 0.025245608489812735 0.014886427377484543 0.011095896332987997
0 0.44080685642649076 0.026772439203851788 0.014947046186314832 0.01317922966632133
0 0.58249268558102 0.06978048717671229 0.023825948799120294 0.03231736090421924
0 0.7800536549660151 0.1382765712673131 0.023825948799120294 0.03231736090421921
0 0.9928830506289265 0.21270873476230578 0.014233898742147014 0.023595896332987996
0 0.5223091001139466 0.3967382213926507 0.03215928213245363 0.03270549214211715
0 0.7651466866362504 0.48398717755361936 0.021621377848126618 0.028053661428078178
0 0.8156013277024772 0.5019409649810068 0.03215928213245363 0.03270549214211715
0 0.07572116301547777 0.24278541604599105 0.0346063283187684 0.04530252495159163
0 0.7819345909205775 0.4889301066960819 0.024007805225610922 0.038567360904219326
0 0.9072265380481762 0.5405368921931465 0.023825948799120294 0.03231736090421909
0 0.17285780073866128 0.2920405919484837 0.02400780522561104 0.038567360904219326
0 0.7351808285382381 0.49091353514957276 0.034606328318768455 0.04530252495159163
0 0.9671373388755135 0.20420415797720814 0.023825948799120294 0.03231736090421921
0 0.7951317072221253 0.513470636886262 0.023462235946138794 0.019817360904219327
0 0.1278842776455039 0.28370438654478236 0.03448509070110794 0.04113585828492496
0 0.8603818474525914 0.5393953206466375 0.03215928213245363 0.03270549214211703
0 0.5261615258199095 0.4218837706068624 0.02817447189227771 0.038761426523168295
0 0.6659761874720113 0.4720864524369151 0.03865175736777455 0.04132992390387393
0 0.9276850116119755 0.5643753705498208 0.025848663323623337 0.03033106038036048
0 0.21200565549363037 0.3146690322570948 0.02400780522561104 0.03856736090421921
0 0.19114201275588194 0.31265703749568335 0.025848663323623337 0.03033106038036048
0 0.24380122477310257 0.33487452439921195 0.03687151807859248 0.05164955776106612
0 0.37098488035540894 0.022480173419790153 0.02530309404415121 0.01158106038036039
0 0.9482964106622681 0.20020586269193785 0.023825948799120294 0.03231736090421921
0 0.45839257367774594 0.41664687096560854 0.025848663323623337 0.03033106038036048
0 0.09494496656956715 0.2956935282598574 0.02817447189227768 0.038761426523168295
0 0.9949202306234284 0.6126117019528313 0.010159538753143238 0.042831060380360476
0 0.7496620867417735 0.5238359150778236 0.034606328318768455 0.04530252495159163
0 0.7948477756658366 0.5394637871481914 0.034485090701107876 0.04113585828492508
0 0.8686131056561268 0.5720266021464648 0.023340998328478215 0.01565069423755266
0 0.5670178541386779 0.46747739398687743 0.025848663323623337 0.03033106038036036
0 0.9223139843400141 0.5942926054547307 0.025848663323623573 0.03033106038036048
0 0.7665726071081788 0.1397291913390623 0.017454711181459713 0.02785959580912915
0 0.66250801557131 0.10263440060340906 0.023825948799120294 0.03231736090421924
0 0.3916349787978338 0.41041682106242533 0.034485090701107876 0.04113585828492496
0 0.47578666605037545 0.4424231334414044 0.034485090701107876 0.04113585828492496
0 0.8785942937444291 0.5932965831224332 0.027689521421635752 0.022094759856501393
0 0.13561943846184482 0.3350371516398725 0.02400780522561098 0.03856736090421921
0 0.5413095909205776 0.47772281720177984 0.034485090701107876 0.04113585828492496
0 0.8145373672027054 0.5726287491001284 0.025848663323623337 0.03033106038036048
0 0.10627091536868744 0.3274286923072298 0.02400780522561104 0.03856736090421921
0 0.3928598803554089 0.02349901791927216 0.01905309404415121 0.011289961951936952
0 0.5017084735637993 0.04625305734527827 0.02805323427461725 0.03459475985650154
0 0.30214395214216355 0.01615309070713243 0.008454570950993794 0.0045547979045645745
0 0.5312085436790323 0.05906985001125428 0.019416806897132707 0.023789961951936965
0 0.17152105559915343 0.35335337606760525 0.0346063283187684 0.04530252495159163
0 0.2839795992781857 0.3929196313744897 0.023825948799120294 0.03231736090421933
0 0.3449418352243246 0.4144835828492496 0.03228051975011408 0.03687215880878381
0 0.26933564713602215 0.3901570683748351 0.0216213778481265 0.028053661428078178
0 0.3260705976066641 0.4094436208973126 0.024007805225610922 0.03856736090421921
0 0.3061273839179218 0.4033134758739718 0.021621377848126382 0.028053661428078178
0 0.853806459575335 0.5994238560754063 0.025848663323623337 0.03033106038036048
0 0.48604063877841397 0.47306811441737284 0.025727425705962877 0.026164393713693692
0 0.8822345536194862 0.6111504656699783 0.029894092372629664 0.026358459332642782
0 0.616571228643761 0.5259591486047904 0.03215928213245363 0.03270549214211703
0 0.47768952142163573 0.04305384670298846 0.025848663323623337 0.03033106038036039
0 0.8602205319783809 0.1763388180273432 0.017454711181459952 0.02785959580912909
0 0.6429462987589941 0.5386303920565546 0.028174471892277588 0.038761426523168295
0 0.8354807912371467 0.6131338941234693 0.03412137784812638 0.028635858284925084
0 0.4762301602000497 0.49341628370333374 0.017151617137308624 0.01744292914246254
0 0.9102271690852731 0.6436618921931464 0.02805323427461725 0.03459475985650139
0 0.34275642676119333 0.4466297003017045 0.025848663323623337 0.03033106038036036
0 0.23771078736648815 0.4115697264946474 0.034606328318768455 0.04530252495159163
0 0.6717381056561268 0.5628570016511268 0.021621377848126618 0.028053661428078178
0 0.7120422275885306 0.12470633829272591 0.023825948799120294 0.032317360904219265
0 0.7236217985395245 0.12940668541150221 0.023825948799120054 0.03231736090421924
0 0.8717697935249595 0.17999749847945282 0.019416806897132707 0.023789961951936965
0 0.6959692236291962 0.5733478789600833 0.032462376176604836 0.043122158808783694
0 0.8673975981342793 0.6375060529322532 0.03215928213245363 0.03270549214211703
0 0.6878783655311838 0.5812930810555187 0.019780519750113967 0.03628996195193679
0 0.04161581630997129 0.35770549214211717 0.03497004117174985 0.05780252495159163
0 0.40432485079563457 0.48902698510979764 0.034606328318768455 0.04530252495159163
0 0.11427886082476443 0.38813645740231995 0.0346063283187684 0.04530252495159151
0 0.9149630773289348 0.19865333774034624 0.021621377848126618 0.02805366142807812
0 0.19319190533955757 0.41885852109094607 0.027689521421635752 0.02209475985650163
0 0.15226381129540636 0.40654971463952716 0.0346063283187684 0.04530252495159163
0 0.8249317400362669 0.6438502136713598 0.028174471892277588 0.03876142652316806
0 0.31529823365832593 0.4682364240404658 0.034606328318768455 0.04530252495159163
0 0.47082882352367306 0.522291851941577 0.034606328318768455 0.04530252495159163
0 0.2827337823519232 0.45735741549361136 0.034485090701107876 0.04113585828492496
0 0.9531971401417899 0.6903942150493028 0.032462376176604836 0.043122158808783694
0 0.7935605024186064 0.6382280548625758 0.034606328318768455 0.04530252495159175
0 0.9059887366932238 0.6767526435027936 0.028174471892277588 0.03876142652316806
0 0.32410988035540894 0.020296935206614432 0.01905309404415121 0.011289961951936952
0 0.3460151897598241 0.022357446372763105 0.025363712852981498 0.013664393713693716
0 0.8422349041956512 0.6665014761471554 0.03215928213245363 0.03270549214211703
0 0.1877299498543507 0.445650755995856 0.034485090701107876 0.04113585828492496
0 0.4294349414967425 0.5297261957520875 0.034485090701107876 0.041135858284924845
0 0.5819617689797502 0.5878027411056537 0.041038184745259325 0.05184362338001496
0 0.46212514023046597 0.044409433965263215 0.023825948799120294 0.03231736090421924
0 0.7795272481744056 0.1559363881959092 0.023825948799120294 0.03231736090421921
0 0.9014214106622681 0.19802262447876212 0.025848663323623337 0.03033106038036036
0 0.39714327483007583 0.5282221872052332 0.034606328318768455 0.04530252495159151
0 0.7512765007470849 0.6508222156016823 0.034606328318768455 0.04530252495159175
0 0.822837259786381 0.6791213311238146 0.032280519750113965 0.036872158808783695
0 0.6452801228989583 0.6188387253898882 0.032280519750113965 0.036872158808783695
0 0.795572070026557 0.6716099046006465 0.032280519750113965 0.036872158808783695
0 0.6084883861170586 0.6056823178907514 0.041038184745259325 0.05184362338001496
0 0.6759734067029336 0.6369123677939347 0.034606328318768455 0.04530252495159175
0 0.5531285057616498 0.5979026151063443 0.03687151807859266 0.051649557761065994
0 0.29466591923934593 0.5099259128743171 0.02817447189227771 0.03876142652316818
0 0.9135991541302544 0.15177833774034621 0.023462235946138794 0.01981736090421921
0 0.35958716583090583 0.024029826301013867 0.023340998328478336 0.015650694237552578
0 0.2760068474525913 0.5121776175890468 0.0325836137942653 0.04728882547545048
0 0.022964760094526655 0.43173516404737244 0.01793966165210174 0.04452626247579587
0 0.3043485230931574 0.020416790183273574 0.025363712852981498 0.013664393713693723
0 0.8101296037651354 0.17088503059995575 0.023462235946138794 0.01981736090421921
0 0.9195081095267852 0.7481196572882366 0.032462376176604836 0.043122158808783694
0 0.6696213315731356 0.6688644196274406 0.025727425705962995 0.026164393713693813
0 0.1778780149550188 0.5003254088770798 0.028416947127598628 0.047094759856501626
0 0.8190231590561433 0.7267954157667951 0.028174471892277588 0.03876142652316806
0 0.37969657921992606 0.5721405585866296 0.034606328318768455 0.04530252495159175
0 0.035059590920577526 0.454143844499482 0.04103818474525913 0.05184362338001496
0 0.07512787472455279 0.47265413454616373 0.0346063283187684 0.04530252495159163
0 0.9568454155881571 0.7800260647873732 0.032583613794265415 0.04728882547545036
0 0.22646148851881812 0.5254738301616594 0.04091694712759863 0.047676956713348415
0 0.5673829454560769 0.08676107443898705 0.025727425705962995 0.026164393713693723
0 0.8811786086910244 0.7536162169796253 0.025727425705962995 0.026164393713693813
0 0.9401787489214903 0.7792498023115774 0.032462376176604836 0.043122158808783694
0 0.19199556030557272 0.5207477888053306 0.03687151807859242 0.05164955776106612
0 0.4643938357519398 0.6228968709656084 0.032462376176604836 0.043122158808783694
0 0.3446739348106559 0.5840326674922299 0.03215928213245363 0.03270549214211703
0 0.11996901328349713 0.5121918235451277 0.032462376176604836 0.04312215880878381
0 0.3238709108817377 0.584104006064152 0.019659282132453625 0.03212329528527012
0 0.6896443265585707 0.7134877149127109 0.032462376176604836 0.043122158808783694
0 0.9051864139166353 0.7921835778838447 0.024007805225610922 0.038567360904219326
0 0.655057160727665 0.7045950068897153 0.034606328318768455 0.04530252495159175
0 0.8664022720146477 0.7820551375752335 0.032583613794265415 0.04728882547545036
0 0.9159667934362834 0.8051687419312171 0.034606328318768455 0.04530252495159175
0 0.9963869181841154 0.2431596501193253 0.007226163631769112 0.031832196856846906
0 0.1667272854754969 0.009845958091291457 0.016787904284327127 0.004942929142462479
0 0.4445380445147932 0.04775132175139684 0.017454711181459713 0.02785959580912915
0 0.1792272854754969 0.010428154948138316 0.01262123761766046 0.004748863523513528
0 0.9805466210079671 0.23603635483405502 0.019416806897132707 0.023789961951936965
0 0.6249094462031619 0.7052713644856687 0.034606328318768455 0.04530252495159175
0 0.19740491255325937 0.5636501877576128 0.02805323427461725 0.03459475985650139
0 0.7713681301126601 0.7693068114108115 0.032462376176604836 0.043122158808783694
0 0.2816172186146312 0.5977398334699252 0.034606328318768455 0.04530252495159175
0 0.03041598935457893 0.5090610794043919 0.03258361379426531 0.04728882547545048
0 0.13349953303361123 0.5481906870686414 0.041038184745259144 0.05184362338001496
0 0.8334326515342958 0.793002612623642 0.03687151807859242 0.051649557761065994
0 0.8754933404583591 0.8084849354797982 0.034485090701107876 0.04113585828492508
0 0.20116290428432715 0.013530332780953652 0.01899247523532098 0.009206628618603623
0 0.949054145772646 0.2262475293586045 0.021621377848126618 0.02805366142807806
0 0.7915235096323082 0.782728623100819 0.032462376176604836 0.043122158808783694
0 0.3249014306318518 0.6195206727308187 0.034485090701107876 0.04113585828492508
0 0.47421232990161405 0.674326668870173 0.028416947127598628 0.04709475985650139
0 0.17169664933515902 0.5738956109725152 0.0346063283187684 0.04530252495159175
0 0.4893412325144196 0.6937558985364944 0.032462376176604836 0.043122158808783694
0 0.810940316529441 0.806518585052756 0.028174471892277588 0.03876142652316806
0 0.2720265470220756 0.01787111496975252 0.01905309404415121 0.011289961951936952
0 0.6008490377400305 0.7363986374386416 0.03693213688742271 0.053732891094399333
0 0.3656365213329598 0.660947629444167 0.034606328318768455 0.04530252495159175
0 0.14703005278372536 0.5841895505921547 0.0346063283187684 0.04530252495159175
0 0.8858988602084731 0.8443382497890999 0.028174471892277588 0.03876142652316806
0 0.6422808703262791 0.12249740584199763 0.02805323427461725 0.03459475985650151
0 0.48148132831876844 0.06611606258386685 0.019416806897132707 0.02378996195193695
0 0.6906218686547575 0.13931249379324392 0.028053234274617013 0.03459475985650151
0 0.840913815782356 0.19208367300400234 0.023825948799120294 0.03231736090421921
0 0.3042691162128718 0.6612101615646698 0.03215928213245363 0.03270549214211703
0 0.41360265989190403 0.7006308676573428 0.034606328318768455 0.04530252495159175
0 0.9328839509095812 0.8860563049308718 0.032583613794265415 0.04728882547545036
0 0.5703870822548237 0.762026478629858 0.04336399331391334 0.06027398952282302
0 0.5141367078384165 0.08012007113072123 0.021621377848126382 0.02805366142807812
0 0.810523626022532 0.18442669726662242 0.01525014023046604 0.023595896332987996
0 0.1876515470220756 0.013941286186036222 0.021136427377484543 0.011386994761411433
0 0.23042049916423918 0.018013792113596324 0.027507664995145002 0.015844759856501526
0 0.6084023421298806 0.7814814025337318 0.03412137784812662 0.028635858284925084
0 0.021848196357234624 0.5721175820236862 0.011810899269762221 0.04840183071403909
0 0.4846673215440058 0.7476314667747377 0.03270485141192576 0.051455492142117025
0 0.2438712376176605 0.01551950537518042 0.01274247523532098 0.008915530190180194
0 0.3891482291713763 0.718216473943649 0.028295709509938167 0.042928093189834725
0 0.3001216120340677 0.6974259128743171 0.034606328318768455 0.04530252495159175
0 0.06163254860492125 0.6166210223322973 0.036871518078592465 0.051649557761065994
0 0.4022544172596787 0.7396320041338292 0.034606328318768455 0.04530252495159175
0 0.6992199710565169 0.07729765784061632 0.017151617137308506 0.017442929142462482
0 0.8704745047064193 0.20698379900331165 0.021621377848126618 0.02805366142807806
0 0.9713534774344578 0.24184970719141988 0.023825948799120294 0.03231736090421921
0 0.21476518975982406 0.016244379375871084 0.021197046186314773 0.013470328094744763
0 0.6010389097378313 0.8144266046291672 0.028174471892277588 0.03876142652316806
0 0.2250306838208223 0.6908077317332358 0.03687151807859242 0.051649557761065994
0 0.5056107455784471 0.7881366117980785 0.034606328318768455 0.04530252495159175
0 0.022140143484833272 0.6179023989522823 0.009727565936428888 0.04830479790456461
0 0.7076414756742601 0.8672434281742949 0.032280519750113965 0.036872158808783695
0 0.9892316438373169 0.25110485221476075 0.021536712325366143 0.03033106038036036
0 0.4444251968848498 0.7946491439185815 0.032462376176604836 0.043122158808783694
0 0.8958382175594009 0.22064819271700536 0.017454711181459952 0.02785959580912915
0 0.9210806927947217 0.23014591976403243 0.023462235946138794 0.01981736090421921
0 0.41084938831619555 0.7847632856336565 0.04336399331391346 0.06027398952282302
0 0.6874143304292293 0.8871064334128835 0.034485090701107876 0.041135858284924845
0 0.2956295574901447 0.7575514811125603 0.03215928213245363 0.03270549214211703
0 0.8915890126672059 0.9683936159319076 0.034606328318768455 0.04530252495159175
0 0.11819365822038244 0.7014355420453003 0.0346063283187684 0.04530252495159175
0 0.4166555197501141 0.05477471215682474 0.021621377848126382 0.028053661428078087
0 0.5322693728335615 0.09552818334458761 0.023825948799120294 0.03231736090421924
0 0.2784971028406986 0.776518368898694 0.032462376176604836 0.043122158808783694
0 0.3736744017770447 0.04341053956259797 0.017151617137308624 0.017442929142462482
0 0.4461555898653471 0.06759150482280073 0.023462235946138794 0.01981736090421924
0 0.7325585630323249 0.9370607890785142 0.038591138558944256 0.03924659057054072
0 0.7978087032627907 0.9629854728388897 0.043242755696253 0.056107322856156355
0 0.05299298988219414 0.7129623418801877 0.03687151807859245 0.051649557761065994
0 0.2506145780760196 0.7835417593041218 0.03687151807859242 0.051649557761065994
0 0.9064973594613884 0.2294666900977111 0.017454711181459952 0.02785959580912915
0 0.3895115676079505 0.05142995230032321 0.017454711181459834 0.02785959580912915
0 0.7268568892406324 0.16908705155431 0.021621377848126618 0.02805366142807806
0 0.7962130773289348 0.19312246760030108 0.023825948799120294 0.03231736090421921
0 0.7110472758853063 0.9485419445790323 0.034485090701107876 0.04113585828492508
0 0.033352870237603076 0.7172488635235136 0.02657608902958627 0.05533106038036048
0 0.7776421768265902 0.9795535162651393 0.03687151807859242 0.04089296746972148
0 0.20287976783584363 0.787560004686209 0.034485090701107876 0.04113585828492508
0 0.40525780522561106 0.056324365038048455 0.023825948799120294 0.03231736090421924
0 0.25229549916423916 0.019032636613078326 0.02542433166181167 0.01574772704702705
0 0.3328069265417237 0.033185066444512336 0.0216213778481265 0.028053661428078094
0 0.5860914891351093 0.12196085331952009 0.023825948799120294 0.032317360904219265
0 0.09060308058330205 0.7542437493793244 0.041038184745259144 0.05184362338001496
0 0.49780344462031617 0.09080214198825874 0.025848663323623337 0.03033106038036036
0 0.9770467612384331 0.2587589558817727 0.011083473563799373 0.023401830714039028
0 0.6007960600861032 0.1268067496525081 0.02805323427461725 0.03459475985650154
0 0.7395248418217352 0.9891696622536414 0.028174471892277588 0.021660675492717017
0 0.25335357138993303 0.8419236090421923 0.03687151807859248 0.051649557761065994
0 0.5151836331475578 0.9383791938217648 0.038591138558944374 0.03924659057054072
0 0.2888144513064027 0.022814044112215 0.019295569279472128 0.019623295285270285
0 0.8194631474441678 0.20564816183785367 0.024007805225610922 0.03856736090421927
0 0.04037976783584365 0.7799914455471997 0.03699275569625294 0.055816224427732666
0 0.16994321368874227 0.01311650730550317 0.01905309404415121 0.011289961951936952
0 0.883671621007967 0.23152432919349186 0.023825948799120294 0.032317360904219265
0 0.31822359320839044 0.032505836778191 0.025848663323623337 0.03033106038036039
0 0.34870471118145985 0.043287812515570914 0.023462235946138794 0.01981736090421924
0 0.5777331050398354 0.9764584414103644 0.03687151807859242 0.047083117179271265
0 0.46331246564513034 0.9432450402515696 0.04103818474525909 0.05184362338001496
0 0.5476156999197476 0.9798973620059724 0.03865175736777455 0.0402052759880552
0 0.5004072964711812 0.966818114417373 0.03270485141192576 0.051455492142117025
0 0.6232825068168801 0.9925086779694072 0.04496237617660483 0.014982644061185605
0 0.5953069265417238 0.04541120043829638 0.025606188088302416 0.021997727047027058
0 0.6141781641593842 0.05045116239023333 0.019416806897132707 0.02378996195193695
0 0.996640540335989 0.1848748331907292 0.006718919328021874 0.023401830714039087
0 0.5419091419019876 0.03356186379669723 0.029651617137308506 0.01802512599930933
0 0.6835949710565169 0.07656991176955773 0.025848663323623573 0.03033106038036039
0 0.7887012292600524 0.11371321890994822 0.021621377848126618 0.028053661428078087
0 0.20962273387779556 0.8762957369718246 0.0346063283187684 0.04530252495159175
0 0.5347105307457984 0.9936445053751803 0.038288044514793285 0.012710989249639227
0 0.6651863900763932 0.1589329170081463 0.021621377848126618 0.02805366142807806
0 0.24199418184115504 0.9162928957806084 0.045204851411925755 0.05203768899896393
0 0.26696976071081785 0.022836866279399664 0.02143952142163575 0.021803661428078103
0 0.5474588942551972 0.11704074634424227 0.023825948799120294 0.03231736090421924
0 0.6483681763876509 0.15294832119901713 0.021621377848126618 0.02805366142807806
0 0.12346749458861345 0.8826855420453003 0.036325948799120295 0.032899557761066
0 0.06483106721112893 0.8695519567133483 0.038591138558944346 0.03924659057054072
0 0.10686144673077703 0.883992612902838 0.036325948799120295 0.032899557761066
0 0.3539566281329929 0.9745606346827554 0.027689521421635752 0.022094759856501393
0 0.38024077003498047 0.9841068781345198 0.03191680689713271 0.024372158808783694
0 0.4781936343801403 0.09613033029825122 0.024007805225610922 0.038567360904219236
0 0.9153762620741939 0.24860482133560902 0.021621377848126618 0.02805366142807812
0 0.3594244718922777 0.05418964322960996 0.017151617137308506 0.017442929142462482
0 0.45932239676247977 0.09109036834631426 0.02805323427461725 0.03459475985650151
0 0.19491290428432714 0.013239234352530223 0.023159141901987645 0.009400694237552572
0 0.1533977846397361 0.016506911496374024 0.023462235946138853 0.01981736090421924
0 0.9764597356379933 0.27433543947703554 0.025727425705962995 0.026164393713693692
0 0.9917696182368769 0.2814102183575686 0.016460763526246088 0.028053661428078178
0 0.9459786176649239 0.2635534637396556 0.023825948799120294 0.032317360904219265
0 0.43322011128698285 0.08779412489454998 0.025848663323623337 0.03033106038036039
0 0.2767084735637993 0.0357735139220348 0.02805323427461725 0.03459475985650154
0 0.32293582915452923 0.05144990239713996 0.019416806897132707 0.02378996195193695
0 0.6781410311426199 0.17514011386499315 0.025848663323623337 0.03033106038036036
0 0.4112844924781526 0.08469194706173463 0.021621377848126382 0.02805366142807812
0 0.9283612125448358 0.26585368485912253 0.023825948799120294 0.03231736090421921
0 0.30510625820353543 0.04645845684994024 0.017151617137308506 0.017442929142462482
0 0.3377313283187684 0.05942079873012796 0.017151617137308624 0.017442929142462482
0 0.7980427885103946 0.22025431733837167 0.025848663323623573 0.03033106038036036
0 0.63001532999029 0.058470575127958585 0.025848663323623573 0.03033106038036039
0 0.7624170873580647 0.10416697545818393 0.025848663323623337 0.03033106038036039
0 0.8801445831792606 0.14605914612208795 0.017151617137308506 0.017442929142462482
0 0.9866840881938255 0.18538281940528628 0.026631823612349118 0.03459475985650151
0 0.7686639560128221 0.21160419133906233 0.02805323427461725 0.03459475985650151
0 0.835906501363376 0.23450090790891223 0.023825948799120294 0.032317360904219265
0 0.6489440550715382 0.17273998786568381 0.017151617137308506 0.017442929142462423
0 0.1637538324975725 0.014908742210413075 0.023340998328478336 0.015650694237552575
0 0.3883678258114859 0.08362458615751539 0.019416806897132707 0.023789961951936965
0 0.2107803795196481 0.02230031375692213 0.025727425705962877 0.026164393713693716
0 0.3664018975982406 0.0794807416580334 0.0216213778481265 0.028053661428078087
0 0.6133455319783808 0.1648404301046177 0.019659282132453625 0.0321232952852703
0 0.7058305525642558 0.19723487372149467 0.017454711181459952 0.02785959580912915
0 0.3485723266472468 0.07448929611083367 0.025848663323623337 0.03033106038036039
0 0.2319471163015478 0.034728975185000226 0.0216213778481265 0.0280536614280781
0 0.18988642737748454 0.01924665232884403 0.008757664995145001 0.014971464571231241
0 0.6186751029293747 0.16924967879497058 0.025848663323623337 0.03033106038036036
0 0.8110580483854517 0.23854484752855185 0.024007805225610922 0.03856736090421921
0 0.736523836368231 0.21530851612554128 0.023825948799120294 0.03231736090421921
0 0.5747432465028839 0.16096198979600657 0.02805323427461725 0.03459475985650151
0 0.7103003132750736 0.20784560600711027 0.021621377848126618 0.02805366142807806
0 0.1450038324975725 0.014035446925142785 0.019174331661811667 0.015456628618603621
0 0.32041701724283167 0.07213768651626158 0.019416806897132707 0.023789961951936965
0 0.6395418770123656 0.06411555610392707 0.019659282132453625 0.03212329528527028
0 0.8108187044953733 0.12306539674276355 0.023825948799120294 0.03231736090421924
0 0.2826745420075107 0.06205776261238767 0.025848663323623337 0.03033106038036039
0 0.3383375164070709 0.08025413206346128 0.02805323427461725 0.03459475985650151
0 0.19438649749271752 0.030899051281126317 0.011083473563799314 0.023401830714039045
0 0.6337130773289348 0.1855539084612919 0.02805323427461725 0.03459475985650151
0 0.6621714807775011 0.19832218472253066 0.025848663323623573 0.03033106038036036
0 0.7967778090962695 0.24828228452889717 0.019659282132453625 0.0321232952852703
0 0.2019509487991203 0.04061366611428698 0.023462235946138853 0.01981736090421924
0 0.9071227100375534 0.28670984035964053 0.02805323427461725 0.03459475985650151
0 0.2439813283187684 0.05505432230377652 0.023825948799120294 0.03231736090421924
0 0.3838869181841155 0.10838200413382922 0.025848663323623337 0.03033106038036036
0 0.15593575903929624 0.0322289443058485 0.023219760710817876 0.011484027570885912
0 0.22106466165210173 0.05398696139955727 0.023462235946138853 0.01981736090421924
0 0.45863329603224195 0.13891000220350644 0.023462235946138794 0.01981736090421921
0 0.7035239064834641 0.225214324507283 0.023462235946138794 0.01981736090421921
0 0.8212514023046599 0.26710649517118695 0.019416806897132707 0.023789961951937024
0 0.9537886755518901 0.17445529445369465 0.02805323427461725 0.03459475985650151
0 0.7331594924781527 0.09968351612554126 0.025848663323623573 0.03033106038036039
0 0.325250490806631 0.09524841880187719 0.01525014023046604 0.023595896332987996
0 0.43038705841458147 0.13343339260893436 0.019416806897132707 0.023789961951936965
0 0.9200773511037802 0.3029170372164874 0.019416806897132707 0.023789961951937024
0 0.13400014023046597 0.029126766473033163 0.019416806897132648 0.023789961951936958
0 0.9663956349077554 0.3217184256915926 0.017454711181459952 0.02785959580912921
0 0.5103114601916262 0.16316230603563114 0.025727425705962877 0.026164393713693692
0 0.7740733082605087 0.2545065902913446 0.028174471892277588 0.03876142652316818
0 0.600743456848583 0.1965013835097003 0.017151617137308506 0.017442929142462482
0 0.735258856954106 0.2433364833160668 0.028053234274617013 0.03459475985650151
0 0.3968718686547574 0.12563086765734272 0.03228051975011421 0.03687215880878381
0 0.7615429988560936 0.2528827267678311 0.019780519750114203 0.03628996195193697
0 0.3370119181841155 0.1061987659206535 0.017151617137308624 0.017442929142462482
0 0.9759828007386613 0.32944674000089436 0.02805323427461725 0.03459475985650151
0 0.5335615303068592 0.17568800027318374 0.02572742570596276 0.026164393713693692
0 0.19514423260309555 0.056940717947792985 0.019416806897132648 0.023789961951936965
0 0.4116976772234118 0.13464343065699738 0.017454711181459713 0.02785959580912915
0 0.47894022257396573 0.1575401472268473 0.017151617137308624 0.017442929142462482
0 0.5767851235152496 0.19538550620074382 0.021621377848126618 0.02805366142807806
0 0.28882246687771274 0.09459201130274053 0.025848663323623337 0.03033106038036036
0 0.6335200739858915 0.21467205872322132 0.02805323427461725 0.03459475985650151
0 0.2573299916423918 0.08480318582729005 0.025727425705962877 0.026164393713693692
0 0.26893987199780073 0.09054519961273298 0.0216213778481265 0.02805366142807812
0 0.3088566087797004 0.10384715632608138 0.021621377848126382 0.02805366142807812
0 0.1522843522476866 0.04974321202023289 0.03215928213245363 0.03270549214211715
0 0.6840353338609486 0.2347091794839421 0.02805323427461725 0.03459475985650151
0 0.16698892319868044 0.05458910835322088 0.017454711181459834 0.02785959580912915
0 0.9895235909649156 0.3448063358100235 0.02095281807016889 0.03459475985650151
0 0.6627313283187685 0.07455791700814629 0.021621377848126618 0.02805366142807812
0 0.4907159282132454 0.025976226631239226 0.023098523093157415 0.007317360904219239
0 0.4550728174538777 0.1595492699178908 0.025848663323623337 0.03033106038036036
0 0.37845527210332375 0.13621590570540576 0.02805323427461725 0.03459475985650151
0 0.8986266827655919 0.31648152605033875 0.02805323427461725 0.03459475985650163
0 0.21450042069139796 0.0786473465663966 0.01525014023046598 0.023595896332987996
0 0.22917468223797666 0.08245157623271795 0.023825948799120294 0.03231736090421924
0 0.32701958317926055 0.12029693520661443 0.02805323427461725 0.03459475985650151
0 0.6675202142163575 0.23914125034147962 0.023462235946138794 0.01981736090421921
0 0.8755887784812647 0.3112474984794528 0.032280519750113965 0.03687215880878381
0 0.5971526688658035 0.21609898455741802 0.023825948799120294 0.03231736090421921
0 0.43742510292937464 0.16080782437069113 0.023825948799120294 0.03231736090421921
0 0.16952689759824058 0.07031114116269536 0.019416806897132648 0.023789961951936965
0 0.8273690177704469 0.29859907719487316 0.019416806897132707 0.023789961951937024
0 0.3429173678189966 0.130399681277673 0.019416806897132707 0.023789961951936965
0 0.2399853711620399 0.096478406946757 0.023462235946138853 0.01981736090421924
0 0.41757281745387775 0.15780267934735026 0.023825948799120294 0.03231736090421921
0 0.47853505340001656 0.17936663082211007 0.023825948799120294 0.03231736090421921
0 0.19479968223797664 0.08085053487638909 0.019416806897132707 0.023789961951936965
0 0.4942812910176771 0.18426104355983533 0.02805323427461725 0.03459475985650151
0 0.5205957423240798 0.1948489536782663 0.019416806897132707 0.023789961951936965
0 0.5363419799417403 0.19974336641599152 0.017454711181459952 0.02785959580912915
0 0.9473313939470517 0.34579661400158496 0.024007805225610922 0.038567360904219326
0 0.7414370912287233 0.2769123986730863 0.024007805225610922 0.038567360904219326
0 0.6626755937360057 0.25139866831779345 0.017454711181459952 0.02785959580912915