0 0.5890137173399312 0.21009665211787207 0.004287904284327245 0.004336445323185009
0 0.6255629788865098 0.20548608887333625 0.004287904284327245 0.004336445323185068
0 0.5062674096070376 0.22907478058411002 0.004287904284327245 0.004336445323185009
0 0.5208810523447861 0.227438888619629 0.0042879042843271264 0.004336445323185068
0 0.3388733172344081 0.2608659268448451 0.0042879042843271264 0.004336445323185009
0 0.5763318609134404 0.21685598808742718 0.004287904284327245 0.004336445323185068
0 0.5993394557933525 0.21279720547657607 0.004287904284327245 0.004336445323185009
0 0.42361203008738957 0.24492790905034797 0.0042879042843271264 0.004336445323185009
0 0.5899341463889374 0.21422087412040913 0.004287904284327245 0.004336445323185009
0 0.4968014813937923 0.23258178256127635 0.004287904284327245 0.004336445323185009
0 0.5134984574648741 0.2308610012685362 0.0042879042843271264 0.004336445323185009
0 0.4454567206829745 0.2450782377702931 0.010537904284327127 0.004591113307962639
0 0.5479340762737043 0.22737699401892625 0.004287904284327245 0.004336445323185009
0 0.6462750746021828 0.20880386225741102 0.010537904284327245 0.00459111330796258
0 0.4203657924697291 0.2492219097094034 0.0042879042843271264 0.004336445323185009
0 0.6201424797222707 0.21298997886065088 0.010840998328478454 0.015007779974629305
0 0.49033931556288646 0.2401281172127206 0.004469760710817876 0.010586445323185008
0 0.43381653092315037 0.25179512907571866 0.010537904284327127 0.004591113307962639
0 0.3878013411633263 0.25991269429742087 0.004287904284327245 0.004336445323185009
0 0.3992899839010748 0.2584041363253286 0.0042879042843271264 0.004336445323185009
0 0.4547407924697291 0.2478212357931268 0.010719760710817875 0.01084111330796264
0 0.39294905568782945 0.26178380431010617 0.004287904284327245 0.004336445323185009
0 0.48289610187414417 0.24563356319496107 0.004287904284327245 0.004336445323185068
0 0.4096157223544961 0.2611046896840327 0.017151617137308506 0.017345781292740153
0 0.3792861514035023 0.2665022516104576 0.010537904284327127 0.004591113307962639
0 0.5591802437761318 0.23420176938016735 0.004287904284327245 0.004336445323185068
0 0.3530626283103449 0.27381336821369745 0.010537904284327245 0.004591113307962521
0 0.44720665056774145 0.25645168177536726 0.010537904284327127 0.004591113307962639
0 0.3310360812882693 0.27991303949375224 0.010719760710817875 0.01084111330796264
0 0.3843732471191751 0.2704566949564763 0.004287904284327245 0.004336445323185009
0 0.2850512009328604 0.2869889380487878 0.010537904284327245 0.004591113307962521
0 0.29442620093286037 0.28660693607162135 0.004287904284327245 0.004336445323185009
0 0.4722369599721566 0.25439134316959033 0.010537904284327127 0.00459111330796258
0 0.3435967000970995 0.2773203701908638 0.004287904284327245 0.004336445323185009
0 0.6008772198472135 0.23146231614831692 0.017272854754969084 0.02151244795940682
0 0.29329360605294835 0.28977438073575096 0.004469760710817876 0.010586445323185008
0 0.5328354830653139 0.24567955265007388 0.010840998328478336 0.015007779974629305
0 0.6332295053227105 0.22806319822696614 0.010840998328478454 0.015007779974629305
0 0.3037708915284452 0.28726660076112165 0.004469760710817876 0.010586445323185008
0 0.3706800334304328 0.2762168089234943 0.010840998328478454 0.015007779974629305
0 0.5160778881854019 0.24948366727614738 0.004287904284327245 0.004336445323185009
0 0.24930113081762736 0.29989038996252726 0.0042879042843271264 0.004336445323185009
0 0.27963070176862115 0.2944928280361024 0.0042879042843271264 0.004336445323185009
0 0.4553581274745841 0.26236212446233054 0.010719760710817875 0.01084111330796264
0 0.48672936509224457 0.256922117871776 0.010719760710817875 0.01084111330796264
0 0.2629337256975394 0.2962136093288425 0.0042879042843271264 0.004336445323185009
0 0.43654750866575387 0.26520946174999654 0.010840998328478454 0.015007779974629246
0 0.26814205903087274 0.2960013860081946 0.0042879042843271264 0.004336445323185009
0 0.3967823189059298 0.27307235898692117 0.010719760710817875 0.010841113307962521
0 0.8276463122198431 0.19725182403219496 0.02131828380397517 0.017515559949258554
0 0.4772937462834143 0.25938745318227574 0.010719760710817875 0.01084111330796264
0 0.6477522198472137 0.22955230626248516 0.02370471118145995 0.028017115944184448
0 0.5472672693765717 0.2502936606855929 0.017394092372629663 0.025679114626073484
0 0.5912294352074775 0.24121931812548325 0.023825948799120294 0.032183782610851114
0 0.6173620300873895 0.23703320152224341 0.02370471118145995 0.02801711594418439
0 0.3537405821240301 0.28627092354956785 0.010840998328478336 0.015007779974629187
0 0.36522922486177856 0.28476236557747564 0.017272854754969084 0.02151244795940682
0 0.731328028415868 0.2178233997987843 0.010719760710817875 0.01084111330796264
0 0.5597672693765716 0.24978432471603776 0.010840998328478216 0.015007779974629305
0 0.5785778881854019 0.24693698742837172 0.030318424034441214 0.04077178392896196
0 0.769990932700195 0.21208628055932266 0.010840998328478454 0.015007779974629305
0 0.28468748807987887 0.2994889380487878 0.010537904284327127 0.004591113307962521
0 0.3004034162931243 0.2957272680868438 0.010537904284327127 0.004591113307962639
0 0.7156121002026226 0.22158506976072817 0.010840998328478216 0.015007779974629305
0 0.2731079171288851 0.30412249602087993 0.004469760710817876 0.010586445323185008
0 0.2940321786754638 0.30014860273828803 0.004469760710817876 0.010586445323185008
0 0.26370260772446996 0.3055461646647129 0.0042879042843271264 0.004336445323185009
0 0.3871648436706088 0.2817876942974208 0.010840998328478336 0.015007779974629187
0 0.22390710856023077 0.3144507285683042 0.010840998328478336 0.015007779974629305
0 0.6840893155628864 0.23223340968461603 0.017394092372629663 0.025679114626073484
0 0.345225392364206 0.29286048086260463 0.017151617137308506 0.017345781292740153
0 0.2321798230847339 0.31619450458860077 0.010840998328478336 0.015007779974629305
0 0.3796610111730363 0.2893764736129947 0.010719760710817875 0.01084111330796264
0 0.25730106070239434 0.3110091659828239 0.0042879042843271264 0.004336445323185009
0 0.8116575993668618 0.21038849399413884 0.017272854754969084 0.02151244795940682
0 0.24572148975140054 0.31564272395491605 0.017394092372629545 0.025679114626073484
0 0.7028090061584713 0.23251107239694999 0.023583473563799372 0.023850449277517782
0 0.20699796665824313 0.323463176527711 0.010537904284327127 0.004591113307962521
0 0.462225462479439 0.2766483451467567 0.017272854754969084 0.02151244795940682
0 0.7551045053227106 0.22309717252380365 0.010537904284327245 0.004591113307962639
0 0.3691231068887092 0.2939675869209573 0.010537904284327245 0.004591113307962521
0 0.3188806316533882 0.3043382641325111 0.017272854754969084 0.021512447959406936
0 0.6702748642564837 0.24216019031830077 0.023947186416780872 0.03635044927751778
0 0.10130468285426787 0.34441675427146673 0.010840998328478336 0.015007779974629305
0 0.18812672904058267 0.32839384714871045 0.010719760710817875 0.010841113307962521
0 0.19860401451607956 0.32588606717408114 0.006674331661811668 0.014838001318110845
0 0.47261181974169053 0.2772655651721274 0.006674331661811787 0.014838001318110845
0 0.5322292949770115 0.2665128859834072 0.023704711181459715 0.02801711594418439
0 0.265452537609237 0.3169196086697871 0.010840998328478336 0.015007779974629305
0 0.27485784701365207 0.3154959400259541 0.010840998328478336 0.015007779974629305
0 0.8501386472246982 0.2109013747546772 0.017515329990290242 0.02984578129274015
0 0.14511530166309813 0.34055074504469046 0.010840998328478336 0.015007779974629187
0 0.6136914608079174 0.25591053551463216 0.02370471118145995 0.028017115944184448
0 0.36057760772446995 0.30159881090066065 0.017272854754969084 0.021512447959406936
0 0.4379640351019545 0.28804123908840407 0.023825948799120294 0.032183782610851114
0 0.3353957512979792 0.30886748283977095 0.023583473563799372 0.023850449277517782
0 0.6366081274745841 0.2549767529037811 0.02370471118145995 0.02801711594418439
0 0.7285778881854019 0.24082495579371013 0.010840998328478216 0.015007779974629305
0 0.8006953634207229 0.2295629406354348 0.03215928213245363 0.0325233399238878
0 0.16058875464102254 0.34512240841607983 0.017272854754969084 0.02151244795940682
0 0.8687067907982075 0.21638737080034448 0.017272854754969084 0.02151244795940682
0 0.08206973238362594 0.3618474248924661 0.010719760710817875 0.010841113307962521
0 0.10614930333461976 0.3567045309508188 0.017151617137308596 0.017345781292740153
0 0.5150776778397029 0.2838586672761474 0.03466694712759863 0.0471915625854803
0 0.452335202604382 0.2947386804572564 0.02811385308344742 0.03652022793403612
0 0.07055078024146239 0.36439764953122494 0.010840998328478336 0.015007779974629305
0 0.4899867496264576 0.28800233921525764 0.026151757367774545 0.04060200527244362
0 0.06322880417038058 0.36573642884679886 0.010840998328478365 0.015007779974629187
0 0.38009648975140053 0.31016736228219843 0.02394718641678075 0.03635044927751778
0 0.045429542623801895 0.3695829881370019 0.010840998328478365 0.015007779974629305
0 0.4187897034401428 0.3033885763760701 0.023825948799120294 0.032183782610851114
0 0.3999790846313126 0.30623591366373604 0.023825948799120294 0.032183782610851114
0 0.2974411102317524 0.32602049074843636 0.030318424034441214 0.04077178392896196
0 0.6833921992613387 0.2561917430179494 0.02370471118145995 0.028017115944184448
0 0.7514036266388231 0.24301617318285906 0.017151617137308506 0.017345781292740153
0 0.03798632893505962 0.3750884341192424 0.010840998328478365 0.015007779974629305
0 0.24407363499643148 0.336518501952379 0.017394092372629545 0.025679114626073484
0 0.23038042130768918 0.342278615919397 0.026151757367774545 0.04060200527244362
0 0.7136005325946719 0.25496084775819117 0.028113853083447302 0.03652022793403612
0 0.20832356488119844 0.3494199538661185 0.023704711181459833 0.028017115944184448
0 0.563945082959791 0.2849887680620565 0.03687151807859266 0.05144311858040626
0 0.1456113990502926 0.3592583003805609 0.010840998328478336 0.015007779974629187
0 0.19579325547678336 0.35097095650234034 0.017515329990290002 0.02984578129274015
0 0.10054694774388986 0.3704584209381334 0.02787137784812647 0.02818689460070279
0 0.08590299560172629 0.3731359795692811 0.023583473563799313 0.023850449277517782
0 0.2657061597611105 0.3439604973389908 0.017151617137308624 0.017345781292740153
0 0.007044307205278265 0.39011566403044484 0.01408861441055653 0.03226867193911029
0 0.6547216299818664 0.27608774894944843 0.03043966165210179 0.04493845059562863
0 0.12441435286397784 0.3726071936631527 0.013045569279472187 0.019259335969555025
0 0.017740021202166143 0.3915198827377047 0.017272854754969084 0.02151244795940682
0 0.9537294352074775 0.22644857500838445 0.017515329990290002 0.02984578129274015
0 0.4600017290405827 0.3173157898108863 0.0278713778481265 0.02818689460070279
0 0.5363767991558156 0.3027589959960926 0.023947186416780633 0.03635044927751778
0 0.03008847418009054 0.3962188801014829 0.02358347356379932 0.023850449277517782
0 0.1868840434595627 0.37110218048204374 0.02811385308344742 0.03652022793403612
0 0.6073313701068095 0.2957060921686135 0.04103818474525909 0.0516128972369246
0 0.7642481770039422 0.26642272588250765 0.030318424034441214 0.04077178392896196
0 0.26525151869488367 0.3595854973389908 0.02131828380397529 0.017515559949258613
0 0.8415739855725964 0.2549484874035844 0.03687151807859242 0.05144311858040626
0 0.13860366393991458 0.38555463503200504 0.01751532999029006 0.02984578129274027
0 0.4910698726140919 0.3222924498869985 0.03454570950993817 0.04302489591881364
0 0.5610737051116643 0.312156990723649 0.032038044514793286 0.028356673257221132
0 0.1625619972732479 0.3845784077570244 0.03215928213245363 0.0325233399238878
0 0.7472784162931243 0.27751850717524784 0.04122004117174972 0.0578628972369246
0 0.6373578470136521 0.30072519690885524 0.030318424034441214 0.04077178392896196
0 0.04326642799377576 0.40816709946779817 0.013166806897132661 0.02342600263622181
0 0.6833124179646458 0.2946909650204865 0.03687151807859242 0.05144311858040614
0 0.0003699755434665746 0.4195369986818891 0.0007399510869331492 0.031759335969555144
0 0.11743692715801493 0.39786186164793036 0.038591138558944374 0.03902800790866531
0 0.8641572487906968 0.2654730381260666 0.04937151807859242 0.05195245454996134
0 0.21145971179775103 0.3846668418762668 0.031916806897132645 0.024190006590554466
0 0.01662189179225283 0.42077143873263056 0.03324378358450566 0.05144311858040614
0 0.9132671291461057 0.2582698055786424 0.07178094044151209 0.1069680144992199
0 0.35259997167280804 0.3612284788854383 0.050341419019876335 0.08528578788329473
0 0.47495992214345 0.33959578651560907 0.03228051975011408 0.036690006590554464
0 0.8106988453421304 0.2790960493300093 0.04783375402473145 0.07061756522170223
0 0.05861864335403967 0.41690542950585424 0.02799261546578696 0.032353561267369456
0 0.07927012026088229 0.42230653622326236 0.0453867078384165 0.058032675893442943
0 0.4023574964374871 0.367524468340551 0.047833754024731216 0.07061756522170211
0 0.44414540072181424 0.3616600151087006 0.03294732664724667 0.05960667325722113
0 0.6593349221434501 0.3320830809646708 0.047712516407070873 0.06645089855503544
0 0.16971326383439156 0.42486385044398767 0.045204851411925755 0.05178267589344306
0 0.7658880161876012 0.31733705855678557 0.060151897598240585 0.06487690119125726
0 0.22081554930988848 0.4207007285683042 0.03687151807859248 0.05144311858040614
0 0.5450355203664052 0.3627512160214633 0.03937918307373754 0.06611134124199865
0 0.7249296127390349 0.3304507337911731 0.06749303615718484 0.10263156917603476
0 0.31067166728295786 0.4076754874531591 0.05175794545607696 0.06245401054488724
0 0.009411572094900246 0.46394666337138946 0.01882314418980049 0.0762733399238878
0 0.27191783478538534 0.41653760669262074 0.06093994211303375 0.0919602345245906
0 0.6233423767928961 0.3533178662117437 0.04801561045122208 0.07686756522170222
0 0.5081225459668451 0.37986177926599907 0.06682622926005226 0.07971490250936811
0 0.8050167084547077 0.331349161319861 0.049371518078592656 0.051952454549961405
0 0.9566948726140919 0.3033196850210698 0.04605351473554909 0.0809493425601096
0 0.1312433628931077 0.4597251916859864 0.060939942113033725 0.0919602345245906
0 0.593539212633512 0.37638131680737236 0.06081870449537329 0.08779356785792393
0 0.05572810301805064 0.4804895408366505 0.05622770616689487 0.07304045586807224
0 0.18740243467986234 0.4605581798229883 0.042636567607950523 0.03503111989851711
0 0.43700841242246574 0.4639131270985523 0.07190217805917255 0.11113468116588657
0 0.2066596789836094 0.513875953207063 0.08379598997087014 0.09081068380210837
0 0.7693192415769949 0.4139573905720079 0.08225822591700904 0.1094757944738492
0 0.9354595014520519 0.38950035564206914 0.07851589091215393 0.1238893491506642
0 0.35892486874343343 0.5014290322441423 0.07337932330420346 0.09038623716081227
0 0.49479617647632695 0.4802862259072951 0.09726589091215393 0.12465335310499685
0 0.03501913864762036 0.5843361001268536 0.06486413354437942 0.0837966798477756
0 0.6684625626820616 0.5189888556668565 0.07661441400531147 0.1300544598224049
0 0.31079916759110354 0.6178374861350482 0.10062221923092238 0.16848824243325614
0 0.07003376748558045 0.668224758884855 0.061061179730694214 0.09612690119125726
0 0.9127086600692561 0.5277643595964018 0.10448579185343784 0.1582413544231077
0 0.03263446415096068 0.697005878783372 0.06526892830192137 0.1591362371608123
0 0.39628759998315294 0.6476479123456252 0.1090767901819163 0.17299446641295949
0 0.19679484428690003 0.7098790651969149 0.12604655089273412 0.1840902477056995
0 0.7699316923557826 0.6074527225872305 0.10448579185343808 0.1582413544231078
0 0.584677719627744 0.645173761471502 0.09823579185343784 0.15798668643833005