0 0.6777248220267607 0.3596481590561433 0.01531084936441142 0.021257664995145
0 0.3504993044208475 0.2646234111898833 0.021706352570627037 0.025606188088302416
0 0.7176223059956826 0.3816635591616663 0.02839286218927389 0.03828804451479317
0 0.48126318742225016 0.31222270555060366 0.02429894712571503 0.04025014023046604
0 0.5028835568113729 0.32015086970998785 0.02839286218927389 0.03828804451479317
0 0.7392426753848053 0.3895917233210505 0.03062169872882284 0.04251532999029
0 0.5586242955896182 0.3363709108817377 0.030767201935038457 0.04668199665695667
0 0.6153703252329763 0.35366292812456934 0.030767201935038457 0.04668199665695667
0 0.6988723059956825 0.3811179898821942 0.021706352570627037 0.025606188088302416
0 0.20758594785658727 0.23648238004726335 0.021924607379950462 0.031856188088302415
0 0.6500594758685648 0.3755267812080168 0.030767201935038457 0.04668199665695667
0 0.3394278733262105 0.2830703171457321 0.02824735898305827 0.0341213778481265
0 0.30020829800841625 0.2715018931112908 0.02824735898305827 0.03412137784812638
0 0.30835975233398005 0.2769527016799451 0.021924607379950462 0.031856188088302415
0 0.5818551128918734 0.35790136051661875 0.02429894712571515 0.04025014023046604
0 0.32376649752465664 0.283657342746172 0.037235456744361885 0.053113853083447536
0 0.2433167651588425 0.25837654253512593 0.030767201935038457 0.04668199665695667
0 0.44210313212916713 0.32880959092057754 0.021924607379950462 0.031856188088302415
0 0.49974532523297627 0.3502985842344909 0.024298947125714912 0.04025014023046604
0 0.625555505511923 0.390454664906469 0.026018522443509322 0.029894092372629664
0 0.38912363533538274 0.32309714462873973 0.03493386860170512 0.04680323427461725
0 0.20024467380997013 0.2675505236207726 0.03960979649012645 0.06150780522561104
0 0.3302215207555835 0.3078278419104111 0.017103176285313517 0.012984950470641838
0 0.7036672739335263 0.42296651297535154 0.03299603847458741 0.050909282132453625
0 0.6840574862746293 0.41718230095813086 0.02839286218927389 0.03828804451479305
0 0.5147519366065599 0.3684615586340511 0.03299603847458741 0.050909282132453625
0 0.44148474350275074 0.34651792425391087 0.026018522443509322 0.029894092372629542
0 0.37532733805783874 0.3299947890380098 0.02429894712571503 0.04025014023046604
0 0.5301223059956827 0.3762078663669446 0.03321429328391083 0.05715928213245362
0 0.07176914737282764 0.24400049080663097 0.04183863302967537 0.06573509070110788
0 0.36483791978806424 0.33177502832719186 0.030767201935038457 0.04668199665695667
0 0.3473114654625004 0.3260514351188016 0.03299603847458741 0.050909282132453625
0 0.29749334447027 0.3193882503735424 0.02429894712571503 0.04025014023046604
0 0.6107043099893158 0.42756064264907245 0.04370371155368531 0.05954570950993817
0 0.7644939870620469 0.4727017439069254 0.03493386860170512 0.04680323427461725
0 0.3225528644949813 0.34827098548392044 0.03299603847458741 0.050909282132453625
0 0.4577380447739279 0.38869985079563457 0.04600529969634195 0.06585632831876846
0 0.12623673309668634 0.29667886531171417 0.03946429328391084 0.05734113855894426
0 0.299454318820545 0.35281251192012114 0.03299603847458741 0.050909282132453625
0 0.3922221721785897 0.383665358317482 0.04183863302967528 0.06573509070110788
0 0.7005521865782872 0.48231120357093643 0.04183863302967552 0.06573509070110788
0 0.21030749510585853 0.3377059031404207 0.04370371155368531 0.05954570950993817
0 0.4063326200917222 0.39763135664596033 0.03299603847458741 0.050909282132453625
0 0.4765111889970853 0.4184423961461885 0.03960979649012645 0.061507805225610925
0 0.5023346008544285 0.42545013125656655 0.043849214759900924 0.06371237617660483
0 0.6394939870620469 0.469064615377111 0.030767201935038457 0.04668199665695667
0 0.42374994701262436 0.4064799498543507 0.04845239104521445 0.0763336137942653
0 0.6249470295302674 0.4675986170486326 0.03723545674436177 0.05311385308344742
0 0.81070099105568 0.5230543098433543 0.03960979649012633 0.06150780522561104
0 0.5516070848233504 0.4477383160018257 0.03321429328391095 0.05715928213245362
0 0.32533725070259956 0.3879755564349142 0.043267201935038455 0.047045709509938166
0 0.2579199237816975 0.3776721118145981 0.036944450331930646 0.044780519750114205
0 0.7149404093254544 0.51818251130383 0.0551389006638613 0.08901547022075604
0 0.7310250631672587 0.5353341284411385 0.043849214759900924 0.06371237617660483
0 0.5719179253565325 0.4931664801612099 0.02839286218927389 0.03828804451479317
0 0.5891897490712191 0.5061817400362669 0.024153443919499296 0.03608347356379937
0 0.6201851184603417 0.5143826888353872 0.046005299696342185 0.06585632831876846
0 0.6552380271114693 0.525829875252168 0.052691809314988805 0.07853818474525909
0 0.8272320671608919 0.5871415457894931 0.052691809314988805 0.07853818474525932
0 0.5021262586898659 0.49113575006539684 0.035443129823459665 0.06138656760795058
0 0.3119873756884632 0.4418088196530146 0.05916006412431234 0.08497004117174983
0 0.7918154004942253 0.5861110260393791 0.04808863302967528 0.06591694712759874
0 0.2601586729660072 0.43300168276559187 0.06398149521894929 0.1038412787894103
0 0.5188524453812439 0.5197760099404539 0.052691809314988805 0.07853818474525909
0 0.4462267851270084 0.5093210182980621 0.06398149521894918 0.1038412787894103
0 0.4028041673409935 0.498673023312627 0.04845239104521445 0.07633361379426541
0 0.5575263836757297 0.5469694339748952 0.04622355450566526 0.07210632831876845
0 0.6162466192477593 0.567447070026557 0.04845239104521445 0.07633361379426541
0 0.47581672983392537 0.5279083243594339 0.044431227584763394 0.0803790428432715
0 0.897711555123447 0.6590548707652182 0.046223554505665496 0.07210632831876845
0 0.5839185767795387 0.5675491451563549 0.061534403870076915 0.09336399331391335
0 0.7961011072103144 0.6425428824658698 0.03493386860170512 0.04680323427461725
0 0.7133861625033975 0.6224097967793267 0.04859789425143006 0.08050028046093208
0 0.6833597081778336 0.616322490717955 0.05930556733052796 0.08913670783841639
0 0.902797529473722 0.6925700605250423 0.0551389006638613 0.08901547022075604
0 0.5280191032166812 0.5857344133890201 0.03946429328391084 0.05734113855894426
0 0.8005323171326192 0.6948080722256939 0.052910064124312345 0.0847881847452591
0 0.8269840302611396 0.7435430928115688 0.06577382213985127 0.09556856426490726
0 0.7043551393855613 0.1643907044066972 0.013082012824862469 0.017030379519648163
0 0.5792228677577422 0.13468159980580097 0.01947751603107809 0.02137890261280546
0 0.5502744559003988 0.12758293648217756 0.006759261221754779 0.014765189759824082
0 0.7205489206320271 0.17841732154400583 0.013082012824862469 0.017030379519648163
0 0.644156727528218 0.15638275895062023 0.013082012824862469 0.017030379519648104
0 0.5193154623128302 0.11834032101639062 0.011071431094636945 0.01905309404415121
0 0.5264980015748352 0.12167748684729647 0.006613758015539043 0.010598523093157416
0 0.5893849038135315 0.14227636051661882 0.006759261221754779 0.014765189759824082
0 0.5325661225670656 0.1270676766071205 0.006613758015538925 0.010598523093157387
0 0.4974768381143841 0.1166621568570064 0.01531084936441142 0.021257664995145
0 0.6089219398693207 0.15014390586717277 0.010780424682205591 0.010719760710817875
0 0.6708035512429046 0.16967080346541336 0.01531084936441142 0.021257664995145
0 0.4881018381143841 0.11638937221727033 0.013082012824862469 0.017030379519648104
0 0.6614649270444585 0.16835635215901062 0.006759261221754779 0.014765189759824082
0 0.6315112243220024 0.16018571276430546 0.013082012824862469 0.017030379519648104
0 0.461309511193482 0.10726799436914385 0.01947751603107809 0.02137890261280552
0 0.44981480205859475 0.10797625758724419 0.015456352570627037 0.02542433166181167
0 0.5684788188770903 0.14375350576164975 0.013082012824862469 0.017030379519648104
0 0.6758300055684683 0.1750306838208223 0.013082012824862469 0.017030379519648104
0 0.5415773645515266 0.1377571279135233 0.015456352570627037 0.02542433166181167
0 0.6220634727188946 0.1619962614579027 0.006759261221754779 0.014765189759824082
0 0.6530224663064634 0.17123887692368964 0.013082012824862469 0.017030379519648104
0 0.5889483941948847 0.15477636051661883 0.015310849364411183 0.021257664995145
0 0.47646162577328127 0.12126430210203734 0.01531084936441142 0.02125766499514503
0 0.507456995162404 0.12946525090115762 0.01531084936441142 0.02125766499514503
0 0.4311011778601487 0.10638902164110536 0.01947751603107809 0.02137890261280552
0 0.6312202179095713 0.16851904609763876 0.01531084936441142 0.021257664995145
0 0.6807109566878166 0.1845572308428979 0.013082012824862469 0.017030379519648104
0 0.5465674430755365 0.1441586749355989 0.013082012824862469 0.017030379519648104
0 0.5960945576553357 0.15915519301419134 0.015310849364411183 0.021257664995145
0 0.5330621522104236 0.14272298601153566 0.01531084936441142 0.021257664995145
0 0.438138213915938 0.11389285413867786 0.01531084936441142 0.021257664995145
0 0.6083399270444585 0.16681057253383944 0.006759261221754779 0.014765189759824082
0 0.6413458781638066 0.17715547347512334 0.013082012824862469 0.017030379519648104
0 0.4885978677577422 0.13204468162168545 0.0067592612217546606 0.014765189759824052
0 0.6918782836087186 0.1932239676247976 0.01531084936441142 0.021257664995145
0 0.5194841097422032 0.14337063042080575 0.01531084936441142 0.021257664995145
0 0.46582670429729117 0.12721120805788613 0.01531084936441142 0.02125766499514503
0 0.6163095023622527 0.1774697144358271 0.006759261221754779 0.014765189759824082
0 0.4264616257732812 0.11980945069011154 0.013082012824862469 0.017030379519648104
0 0.4997288188770904 0.14175308507025178 0.011071431094636945 0.01905309404415121
0 0.4924007764088698 0.14258258590601258 0.01531084936441142 0.021257664995145
0 0.40570104404305574 0.11711992926847578 0.017685189110175987 0.029651617137308593
0 0.5584490544491201 0.16223072112191367 0.011071431094636826 0.01905309404415121
0 0.5832307996397967 0.16920814682787658 0.013082012824862469 0.017030379519648104
0 0.5708035512429045 0.16676110064156177 0.011071431094636826 0.01905309404415121
0 0.7028273557202973 0.2081407044066972 0.021706352570627037 0.025606188088302416
0 0.4180191650352862 0.12269197545479056 0.013082012824862469 0.017030379519648104
0 0.465499322083306 0.13658620805788615 0.013082012824862469 0.017030379519648163
0 0.3962896682415018 0.11788881129540636 0.015456352570627037 0.02542433166181167
0 0.6325760352118265 0.18941299823980237 0.01531084936441142 0.021257664995145
0 0.4375562010910755 0.13055952080534453 0.0067592612217546606 0.014765189759824082
0 0.6861606890536307 0.20765575393605532 0.01531084936441142 0.021257664995145
0 0.6201124110133803 0.18800761872015423 0.013082012824862469 0.017030379519648104
0 0.6541964046009491 0.19734116239918656 0.015456352570627037 0.02542433166181167
0 0.6705720648551845 0.20615944620316184 0.021706352570627037 0.025606188088302416
0 0.5405588421080173 0.16692379458018994 0.013082012824862469 0.017030379519648104
0 0.6415872771962874 0.2001024495462051 0.01531084936441142 0.021257664995145
0 0.5517261690289194 0.1755905313620896 0.013082012824862469 0.017030379519648104
0 0.597086616942052 0.19046581182302155 0.01531084936441142 0.021257664995145
0 0.5206580480366889 0.16947291589630264 0.01531084936441142 0.021257664995145
0 0.564007914219596 0.18220424421507103 0.013082012824862469 0.017030379519648104
0 0.4906315937111251 0.1633856098349308 0.021924607379950462 0.031856188088302415
0 0.584550241140498 0.1911437656367068 0.013082012824862469 0.017030379519648104
0 0.6112698164582924 0.2023484768181666 0.011071431094636826 0.01905309404415121
0 0.3997651946786443 0.1378017155797335 0.01531084936441142 0.021257664995145
0 0.5060383389018016 0.17009025090115765 0.01531084936441142 0.021257664995145
0 0.7175793364830036 0.23359534547292402 0.01531084936441142 0.021257664995145
0 0.4389483941948847 0.15041180628084144 0.01947751603107809 0.02137890261280546
0 0.5317526233544833 0.18022298601153566 0.015456352570627037 0.02542433166181167
0 0.6989384638876653 0.22992477619345184 0.01531084936441142 0.021257664995145
0 0.5729464046009493 0.19497702885480714 0.011071431094636826 0.01905309404415121
0 0.5997387315218512 0.2040984067029336 0.01531084936441142 0.021257664995145
0 0.6771725912923271 0.22616327870073433 0.021706352570627037 0.025606188088302416
0 0.4129794791313258 0.1475707378371301 0.0067592612217546606 0.014765189759824082
0 0.4655224663064634 0.16578318412896792 0.021924607379950462 0.031856188088302415
0 0.6357969310380917 0.21661756919079617 0.01531084936441142 0.021257664995145
0 0.37681215221042375 0.13817657534926753 0.01947751603107809 0.02137890261280546
0 0.5624569863311746 0.19675726814398925 0.01531084936441142 0.021257664995145
0 0.6935118757450085 0.23602322917137628 0.021706352570627037 0.025606188088302416
0 0.722387535999244 0.24520522582833296 0.015456352570627037 0.02542433166181167
0 0.4283134727188946 0.15635871223669023 0.024153443919499414 0.03608347356379937
0 0.6295105552365377 0.21747737943097212 0.021706352570627037 0.025606188088302416
0 0.44275130284601233 0.16094971056516857 0.01078042468220571 0.010719760710817875
0 0.5572122771962874 0.19764738778858032 0.01531084936441142 0.021257664995145
0 0.3890211457979925 0.1468736215355823 0.01531084936441142 0.021257664995145
0 0.6149999735063122 0.21496971443582708 0.01947751603107809 0.02137890261280552
0 0.36732802480576204 0.14102879070953145 0.017685189110175987 0.029651617137308624
0 0.6583498396892192 0.2277010427545955 0.01531084936441142 0.021257664995145
0 0.4549602964335811 0.16964675675148336 0.01531084936441142 0.021257664995145
0 0.5085449502753853 0.1878895124477363 0.017685189110175987 0.029651617137308624
0 0.664272457475234 0.23725789918108622 0.01531084936441142 0.021257664995145
0 0.701445075261249 0.24772403774003054 0.013082012824862469 0.017030379519648163
0 0.544494022386964 0.20353367493559885 0.01531084936441142 0.021257664995145
0 0.5991930944985426 0.2197234067029336 0.01531084936441142 0.021257664995145
0 0.6362202090783419 0.23435621192854464 0.015456352570627037 0.02542433166181167
0 0.5877347611652094 0.21939000325436728 0.01531084936441142 0.021257664995145
0 0.4742063260769392 0.1858476354353707 0.015456352570627037 0.02542433166181167
0 0.6517360816736802 0.23793585299477144 0.021706352570627037 0.025606188088302416
0 0.4070800055684683 0.16721085748172115 0.021924607379950462 0.031856188088302415
0 0.6939351537852588 0.2537618719091247 0.01531084936441142 0.021257664995145
0 0.3688293453142329 0.15775607618502838 0.015456352570627037 0.02542433166181167
0 0.43897153841804204 0.1796087823519232 0.01531084936441142 0.021257664995145
0 0.6794245720550334 0.2512542069139797 0.021706352570627037 0.025606188088302416
0 0.5174106890536306 0.20274563042080576 0.021924607379950462 0.031856188088302415
0 0.429596538418042 0.17933599771218714 0.01531084936441142 0.021257664995145
0 0.5615839670938809 0.22175726814398927 0.02192460737995058 0.031856188088302415
0 0.537843888569871 0.2148101518424415 0.013082012824862469 0.017030379519648163
0 0.3407043453142329 0.1569377222658201 0.021924607379950462 0.031856188088302415
0 0.7080456016983914 0.267727870237603 0.021706352570627037 0.025606188088302416
0 0.6575131962534794 0.2516593760879288 0.01947751603107809 0.02137890261280546
0 0.32813159371112505 0.158657342746172 0.021706352570627037 0.025606188088302416
0 0.3498247147033556 0.16450217357222285 0.01531084936441142 0.021257664995145
0 0.44783727719628735 0.19446490032499267 0.01531084936441142 0.021257664995145
0 0.37870037495759096 0.17368417022917954 0.013082012824862469 0.017030379519648104
0 0.486015185847415 0.2060030149550188 0.017685189110175987 0.029651617137308624
0 0.5311573789512242 0.22712829541595075 0.013082012824862469 0.017030379519648163
0 0.6911243044208474 0.2745345864336278 0.02192460737995058 0.031856188088302415
0 0.41662365299784127 0.19251395152587236 0.021924607379950462 0.031856188088302415
0 0.46194772510941995 0.208430898653471 0.024153443919499296 0.03608347356379931
0 0.5465641241419007 0.23383293648217757 0.01531084936441142 0.021257664995145
0 0.5237565848798958 0.2300411295850449 0.021924607379950344 0.031856188088302415
0 0.3978736529978413 0.19196838224640017 0.021706352570627037 0.025606188088302416
0 0.29666333890180163 0.16399806061371835 0.021706352570627037 0.025606188088302416
0 0.5009854214194448 0.2252076560212456 0.021924607379950344 0.031856188088302415
0 0.5845601537852588 0.250579384445537 0.021706352570627037 0.025606188088302416
0 0.6474834318255092 0.27013659144819274 0.021706352570627037 0.025606188088302416
0 0.7207506249293183 0.292080225828333 0.024153443919499296 0.03608347356379937
0 0.3842228589265129 0.1946993599890036 0.015456352570627037 0.02542433166181167
0 0.6524735103495191 0.27653813847026837 0.015456352570627037 0.02542433166181167
0 0.5481018204519255 0.24951855529100783 0.02192460737995058 0.031856188088302415
0 0.5347056569914745 0.24495786636694458 0.01947751603107809 0.02137890261280552
0 0.42835976116520935 0.21475266437885382 0.01947751603107809 0.02137890261280552
0 0.37258264658541 0.1995742898737706 0.024153443919499414 0.03608347356379931
0 0.6583961281355339 0.28609499489675905 0.01947751603107809 0.02137890261280546
0 0.3168419078071647 0.18335424870202074 0.0067592612217546606 0.014765189759824082
0 0.49508594785658727 0.24484777566583665 0.015456352570627037 0.02542433166181167
0 0.6024007587464112 0.2771666203916759 0.028392862189273654 0.03828804451479317
0 0.4372982515465625 0.2275254490185899 0.013082012824862469 0.017030379519648104
0 0.6880588244455588 0.3025989676247976 0.021706352570627037 0.025606188088302416
0 0.3928339670938809 0.2168471446287397 0.021924607379950344 0.031856188088302415
0 0.7281018116206963 0.32044770106365394 0.021706352570627037 0.025606188088302416
0 0.5855885888735289 0.2808483365877006 0.021706352570627037 0.025606188088302416
0 0.49888885650771486 0.2553856799501638 0.021706352570627037 0.025606188088302416
0 0.6731844846997942 0.3105079692963192 0.02824735898305827 0.03412137784812638
0 0.35537034289543484 0.21471433940312867 0.03062169872882284 0.04251532999029
0 0.40687166340390574 0.23289647629055138 0.021924607379950344 0.031856188088302415
0 0.26644177399007174 0.19335773062342831 0.026018522443509322 0.029894092372629542
0 0.3438392579589937 0.21646426928789572 0.02824735898305827 0.0341213778481265
0 0.2767129374505228 0.19782749133424618 0.021706352570627037 0.025606188088302416
0 0.5242393829448574 0.2759350817272085 0.024153443919499296 0.03608347356379937
0 0.3126256337605476 0.2145133204887754 0.021706352570627037 0.025606188088302416
0 0.690310805208265 0.327689895838043 0.02192460737995058 0.031856188088302415
0 0.3920336994596951 0.2397638112954064 0.02839286218927389 0.03828804451479317
0 0.49421292861929356 0.2698477756658367 0.01947751603107809 0.02137890261280546
0 0.6499040600175884 0.32025782906585326 0.024153443919499296 0.03608347356379937
0 0.4238888565077149 0.2532034028322751 0.030767201935038457 0.04668199665695673
0 0.5578868669137793 0.29776862540624083 0.02839286218927389 0.03828804451479317
0 0.5351157034533283 0.2929351518424415 0.02824735898305827 0.0341213778481265
0 0.5836011513664608 0.3079013605166188 0.015456352570627037 0.02542433166181167
0 0.63312826594626 0.3228978785952113 0.026018522443509322 0.029894092372629664
0 0.4925892491277644 0.28648413292808816 0.01947751603107809 0.02137890261280546
0 0.5884821024858091 0.3174279075386944 0.02429894712571515 0.04025014023046604
0 0.34494044465037166 0.24464988809672594 0.021706352570627037 0.025606188088302416
0 0.2529232515465624 0.2221606844371135 0.03062169872882284 0.04251532999029006
0 0.3241071113170383 0.24404370000842354 0.021706352570627037 0.025606188088302416
0 0.274579996737239 0.22904718192983106 0.02839286218927389 0.03828804451479317
0 0.4488756249293183 0.28416947127598646 0.02429894712571503 0.04025014023046604
0 0.3776917651588425 0.26228645570467646 0.021924607379950462 0.031856188088302415
0 0.6016236353353828 0.3292802631294244 0.030767201935038457 0.04668199665695667
0 0.17739084610165046 0.20536476458147637 0.037235456744361885 0.05311385308344742
0 0.6572552467089664 0.34862530430117417 0.01947751603107809 0.02137890261280546
0 0.4416203340642056 0.28291563877841397 0.02444445033193065 0.044416806897132705
0 0.6923445311616478 0.3590308240512883 0.02444445033193053 0.044416806897132705
0 0.39187496467508287 0.2741691206998215 0.03062169872882284 0.04251532999029