0 0.7186155764256448 0.11975058476210616 0.028781119898517223 0.042454711181459805
0 0.6384072430923114 0.11741676062214187 0.028950898555035565 0.04662137784812647
0 0.5613663544231077 0.1162155313620896 0.037878457186183094 0.06144718641678075
0 0.661451243751367 0.12120856751927452 0.028781119898517223 0.042454711181459805
0 0.44578379908723725 0.11389285413867786 0.04646645850429394 0.06793966165210173
0 0.08566424506947781 0.11069746687771274 0.04421334651444232 0.06371237617660483
0 0.3679559117361445 0.11891131547421048 0.03770867852966475 0.05728051975011412
0 0.0671335579720922 0.013398135215901061 0.025933782610851056 0.02364409237262956
0 0.4181681350567924 0.12557450021946961 0.041705566539813076 0.05323509070110794
0 0.4972923570593295 0.12683634828835214 0.04421334651444227 0.06371237617660483
0 0.7327514683901257 0.13472794035283606 0.03537067721155391 0.050969900941283855
0 0.817211357718385 0.1392663354437942 0.028950898555035565 0.04662137784812644
0 0.6849196910517182 0.13541704108307384 0.04187534519633142 0.05740175736777461
0 0.8381295803799775 0.14195585686542994 0.048464902509368336 0.06591694712759863
0 0.7943795803799776 0.14068286187999485 0.041875345196331654 0.057401757367774545
0 0.3255942252978143 0.024039867510851007 0.02618845059562863 0.029894092372629567
0 0.48292833662861057 0.029658254244200908 0.0325233399238878 0.03215928213245363
0 0.5392561363749034 0.13534039113162363 0.028781119898517223 0.04245471118145983
0 0.45892755863114765 0.027919471275986464 0.02618845059562863 0.02989409237262956
0 0.20267755863114764 0.02046335778986676 0.02618845059562863 0.029894092372629567
0 0.8897654723444585 0.1580243510151042 0.04170556653981284 0.05323509070110788
0 0.4453434473003514 0.026483782351923228 0.026103561267369457 0.027810759039296227
0 0.398510891964481 0.026161525819909458 0.02618845059562863 0.029894092372629567
0 0.23913589196448098 0.021524186944395986 0.03243845059562863 0.030075948799120285
0 0.3410618069959027 0.14830129488833554 0.05930601581733074 0.0766367078384165
0 0.2744375849933656 0.14740315967243448 0.03928267589344294 0.04484113855894437
0 0.21427558631147653 0.1518952142163575 0.05446023452459059 0.05984880355408938
0 0.05698391964480987 0.14731849414967427 0.03396645850429404 0.0675759487991203
0 0.4561544762987912 0.1641353293739988 0.03928267589344294 0.04484113855894437
0 0.11569925495530956 0.15839082079692102 0.050887793155738235 0.07431089926976225
0 0.9763776791887203 0.18667262646147123 0.04724464162255941 0.0806821368874227
0 0.5392207812927402 0.03233662874928409 0.022106673257221134 0.031856188088302415
0 0.0856607002784946 0.16167851473554917 0.0466362371608124 0.0721063283187684
0 0.7606607002784945 0.18131900879654742 0.048464902509368336 0.06591694712759863
0 0.15270936892232762 0.1729933166181169 0.06632001977166345 0.09556856426490726
0 0.8747117029147164 0.19712273387779558 0.04421334651444227 0.06371237617660483
0 0.4310465922429756 0.18629426093028745 0.061728906463700876 0.08503065998058013
0 0.5675049255763089 0.19026479290866832 0.05505445982240502 0.07443213688742271
0 0.37684811528512896 0.030733361660525257 0.028696230570257934 0.04037137784812647
0 0.5069715592902031 0.032438703879082015 0.022106673257221134 0.031856188088302415
0 0.23838070357377183 0.18172868778015683 0.052631569176034884 0.06603818474525909
0 0.26667548223029025 0.18671370836603174 0.04421334651444227 0.06371237617660483
0 0.20217703822521607 0.1869178586256276 0.04646645850429406 0.06793966165210173
0 0.6992218168817346 0.20554211119830684 0.05505445982240502 0.07443213688742271
0 0.0851814486184623 0.022246728424291446 0.028696230570257934 0.04037137784812648
0 0.28418222661592524 0.02907749133424618 0.026103561267369457 0.027810759039296234
0 0.6214788188589009 0.21264390586717277 0.046636237160812284 0.07210632831876845
0 0.3064904888208447 0.2190851563293912 0.05679823584270143 0.0661594223629196
0 0.45566104547482605 0.2286277344940868 0.06406690778181172 0.09134127878941035
0 0.812123268795474 0.24420188413739144 0.0484649025093681 0.06591694712759863
0 0.07570738012627025 0.22381480188256772 0.05263156917603483 0.06603818474525909
0 0.16035122727498066 0.028595672208846807 0.03277800790866537 0.03840928213245363
0 0.23350838276249206 0.24089152194925098 0.0550544598224049 0.07443213688742271
0 0.785634160759955 0.2579971729559316 0.05756223979703421 0.08490942236291961
0 0.9013440500882142 0.2634448501793434 0.07924446641295949 0.1063489437845553
0 0.9795114947523438 0.2667597221771441 0.03537067721155391 0.05096990094128392
0 0.17889427472697303 0.2538684568485829 0.06598046245862671 0.08723523093157391
0 0.26772778326990654 0.03380087419693758 0.019683782610851117 0.02346223594613884
0 0.6834801172622953 0.04901932655857076 0.025933782610851115 0.023644092372629575
0 0.6654799420526951 0.27114794871044434 0.06406690778181172 0.0913412787894103
0 0.6050632753860284 0.26939000325436724 0.04612690119125726 0.059606328318768456
0 0.9479413873758802 0.28352846397360865 0.052631569176035 0.06603818474525909
0 0.24372700527244362 0.03206209122872313 0.02652800790866543 0.0382274257059629
0 0.6073535612673695 0.04472340670293361 0.028611341241998645 0.03828804451479314
0 0.5396876725981657 0.043794962082617434 0.024529563903591147 0.04025014023046598
0 0.11311894600702786 0.2738036549660151 0.052631569176034856 0.06603818474525909
0 0.11885433926483238 0.03154996269890865 0.035116009226776275 0.04471990094128386
0 0.7995720085677208 0.0638420037819825 0.025679114626073602 0.01739409237262956
0 0.5564392285930917 0.04636324588659269 0.02652800790866555 0.03822742570596291
0 0.535715505297231 0.30378729708747243 0.08124291041803365 0.10432622926005225
0 0.5931345059562864 0.30857931433030406 0.05930601581733086 0.0766367078384165
0 0.06064833992388783 0.03297763605166188 0.016196230570257934 0.04000766499514503
0 0.7829477865651838 0.06439871997800722 0.025933782610851115 0.023644092372629575
0 0.7535264519137395 0.057300056654383855 0.02368067062099944 0.01941680689713266
0 0.5700233399238878 0.047798934810655926 0.022276451913739472 0.03602285475496909
0 0.3134779532566378 0.31396775120930326 0.07524757840281117 0.1103943728335615
0 0.2229802872490266 0.31445583302518776 0.059815351786885886 0.0891367078384165
0 0.2743190665646004 0.3232326605081953 0.09093447300351395 0.13790203782870664
0 0.3910281778953967 0.3276689804693555 0.06874291041803365 0.10396251640707087
0 0.7650714005569892 0.3406333899877172 0.06823357444847838 0.09146251640707087
0 0.9642119193152822 0.37157403325308086 0.07157616136943569 0.11272018140221587
0 0.062093184485951164 0.3493108992697623 0.08702247432162483 0.14403080021104606
0 0.07127722991120247 0.038489063429146424 0.028950898555035475 0.046621377848126484
0 0.6678108537888396 0.3794206632349474 0.08392046904918118 0.11897018140221588
0 0.1908548544478951 0.3686639560128221 0.09276313835206966 0.13171265663753678
0 0.4900272299112025 0.050673444004024966 0.026528007908665312 0.03822742570596291
0 0.5707855250688945 0.39844657921992604 0.09034024770569953 0.12331870449537329
0 0.8051605250688944 0.40526619521332824 0.08392046904918118 0.11897018140221575
0 0.7714894532318505 0.06406531652944089 0.01985356126736946 0.027628902612805505
0 0.11034586367467138 0.41001951306402756 0.10870470093755005 0.1654703216326818
0 0.9840018135864573 0.4367635546747166 0.031996372827085416 0.1388336137942653
0 0.42040534190105416 0.052809380574878544 0.035116009226776275 0.044719900941283856
0 0.45981353297755984 0.432673163543093 0.08473046245862671 0.08778080021104605
0 0.7257410092267764 0.06481503606850893 0.028781119898517223 0.042454711181459805
0 0.8649564269192072 0.46839154578949316 0.08842669302888453 0.12742475235320966
0 0.8289933432191651 0.07094066710560588 0.030185338605776952 0.025848663323623396
0 0.20560087685578038 0.4752170500569733 0.08392046904918124 0.11897018140221575
0 0.3290357878832947 0.05743381965301458 0.028781119898517105 0.042454711181459805
0 0.8876237892014056 0.07992966041951931 0.030185338605776952 0.025848663323623396
0 0.693619121216628 0.06804211119830685 0.0262733399238878 0.031977425705962875
0 0.6395797885423502 0.06959102216872057 0.019683782610851117 0.023462235946138853
0 0.047221554067334234 0.5205494017770447 0.05895936892232762 0.17026547022075605
0 0.4118243373372408 0.5571690505845885 0.11720781292740175 0.16987946353466937
0 0.858669345855387 0.08428933042922925 0.035031119898517225 0.042636567607950523
0 0.6752511231937943 0.07687154191883466 0.022276451913739472 0.03602285475496909
0 0.49534689926366565 0.5897718268667164 0.14190715548751137 0.21429627043180208
0 0.182542789860461 0.06253519363048256 0.041705566539813076 0.05323509070110791
0 0.5535034571861831 0.07645034160226553 0.028781119898517223 0.042454711181459805
0 0.504630013181109 0.0771091329280882 0.028781119898517105 0.042454711181459805
0 0.4348383465144423 0.0750784028322751 0.0262733399238878 0.031977425705962875
0 0.766473800454923 0.6559249865391509 0.14348115285128954 0.2018568892406324
0 0.28704901384016446 0.07389946740532796 0.026528007908665312 0.03822742570596291
0 0.8192982358427014 0.08834590639478801 0.03511600922677616 0.044719900941283856
0 0.2961304459822405 0.01589953752056096 0.013094225297814314 0.014947046186314783
0 0.12979979183762735 0.0703644140053114 0.04421334651444232 0.06371237617660483
0 0.6538005698350903 0.0866517110927838 0.026528007908665312 0.03822742570596291
0 0.11325682154469735 0.7367997523532097 0.14539470752810454 0.197750841382796
0 0.7811385711532012 0.09659945843142853 0.02652800790866555 0.03822742570596291
0 0.9540976824839975 0.10267248623100525 0.04162067721155391 0.0511517573677746
0 0.6854325718122567 0.09693599322523742 0.0262733399238878 0.03197742570596291
0 0.4803940171354417 0.09513170722212531 0.028781119898517105 0.04245471118145983
0 0.059603128466237956 0.08392837450508318 0.022700898555035477 0.04643952142163575
0 0.607477350468775 0.09882945456077004 0.03511600922677616 0.044719900941283856
0 0.8940630177944972 0.11028954077492824 0.0394524545499614 0.04900780522561101
0 0.46172890646370085 0.09666947127598645 0.0262733399238878 0.031977425705962875
0 0.10964557313036755 0.08642489258367565 0.035200898555035505 0.04680323427461719
0 0.5378130177944971 0.09992372446495694 0.028781119898517223 0.042454711181459805