0 0.3155556114866743 0.42263182256745396 0.034788365395489504 0.04244250861185191
0 0.03177585588993333 0.46286367591180555 0.032850535268371776 0.046560685156944476
0 0.7864716090678762 0.3763474134981025 0.026527783665263864 0.044331881458888965
0 0.25794979418441905 0.4421074324967132 0.03062169872882284 0.04234552836870383
0 0.4260086539548949 0.4262434656775466 0.03939154168080303 0.05503948885499999
0 0.5690675137253707 0.40979761739949117 0.037308208347469694 0.054990998733426014
0 0.8873313967267734 0.37349085106111185 0.030767201935038457 0.04651219503537038
0 0.8304034880756459 0.3825740393844914 0.041693129823459664 0.061337978976574094
0 0.6418386771858218 0.4073281049879172 0.037308208347469694 0.054990998733426014
0 0.523743441613792 0.42331416805819494 0.04585979649012633 0.061434959219722175
0 0.7168023013842678 0.4080320826979173 0.03493386860170489 0.04660917527851846
0 0.27954701935038434 0.46446733371245397 0.03924603847458741 0.050872822188333326
0 0.06706025092878093 0.48970542958444446 0.03716270514125405 0.05082433206675934
0 0.6849107685346941 0.41873881914685235 0.045641541680803026 0.05518495921972218
0 0.3660417284852716 0.46752134042444476 0.03299603847458741 0.05072735182361114
0 0.22323749932567308 0.49125885536916686 0.04421297277543997 0.0738864690981482
0 0.8308532292726892 0.4252581276570377 0.041693129823459664 0.061337978976574094
0 0.9733168225618328 0.4088607695005564 0.0533663548763343 0.07214256661583344
0 0.3926654079768008 0.4847941336107873 0.03314154168080303 0.054894018490277814
0 0.7284921211053211 0.4447328666391209 0.03335979649012633 0.06114401849027781
0 0.5163327348977028 0.4793459625111115 0.037308208347469694 0.054990998733426014
0 0.635542388739507 0.46546747783495424 0.041693129823459664 0.061337978976574094
0 0.7570172549224142 0.4568458166137043 0.04392196636300885 0.06555313576481486
0 0.14347890718938316 0.5320760739611112 0.05404762661724417 0.05746225303935191
0 0.7085681828108353 0.4702896320900469 0.05082673079097901 0.08444860612953704
0 0.4237467605474278 0.5104972403736114 0.043921966363008616 0.06555313576481486
0 0.4652315482063249 0.5062587094717597 0.03939154168080303 0.05503948885499999
0 0.581352577849683 0.4933491562799079 0.04392196636300885 0.06555313576481486
0 0.2748744103955988 0.5392976182869447 0.0498809599505775 0.05736527279620371
0 0.8070304865008107 0.48819366780402845 0.06274471796611654 0.06807288019231486
0 0.6402679240078787 0.5113735463506487 0.040046306108773425 0.07378948885499999
0 0.08405761874306845 0.5889789487080094 0.04823413623589099 0.06981678267462949
0 0.9631713590961489 0.48870542692208413 0.04808863302967552 0.06565011600796306
0 0.5727183254591577 0.5441483723387042 0.05068122758476339 0.08028193946287038
0 0.8962269175954476 0.5090044979709266 0.06986773720341025 0.09321835055703716
0 0.517982877546025 0.5564050507836579 0.03975529969634207 0.06545615552166666
0 0.6894577437289321 0.5489471524801857 0.05908731252120442 0.0825592332825001
0 0.49414690319575 0.5891565026581023 0.04651456091809673 0.08018495921972217
0 0.19254968686101395 0.6258511899690743 0.05908731252120448 0.0825592332825001
0 0.8534722958157995 0.5662952936904174 0.061607155473184606 0.09510772340407408
0 0.4306912197105877 0.6199449755559726 0.05097223399719463 0.08861527279620371
0 0.3176951900672295 0.6329272639301854 0.0482341362358909 0.06981678267462972
0 0.9613095995057748 0.5844175349514823 0.06686509618646852 0.12645470364722228
0 0.9871461987853681 0.5863077787456952 0.025707602429263687 0.09476829255305574
0 0.10041345370778228 0.6996865561041204 0.055211652266969044 0.09079558637268524
0 0.7686641051307885 0.6413420419176394 0.061607155473184606 0.09510772340407432
0 0.5979167549789594 0.6696332735544449 0.051190488806517935 0.0948652727962037
0 0.2177878111160054 0.8418883560024538 0.061316149060753486 0.08677439007074075
0 0.2961112406358072 0.9652154468081482 0.060952391045214445 0.06956910638370364
0 0.23455028529664446 0.159500580039815 0.01753968590396037 0.025387920972592563
0 0.35386906654311034 0.1487470953636577 0.01753968590396037 0.025387920972592563
0 0.3197486971539877 0.15523867502435212 0.017394182697744752 0.021221254305925957
0 0.38404102407488977 0.14840853545981514 0.017394182697744752 0.021221254305925898
0 0.4041964487570955 0.15928585828143552 0.017394182697744752 0.021221254305925957
0 0.3070072981215069 0.17784015590078728 0.017248679491529136 0.017054587639259287
0 0.6958862596469195 0.1369320536959265 0.01753968590396037 0.025387920972592622
0 0.23500002649368784 0.2021846683123613 0.024153443919499414 0.03595005800398153
0 0.8144180048375962 0.13344599062564882 0.01976852244350932 0.02960307776083333
0 0.7431977692655665 0.15052308143134321 0.01753968590396037 0.025387920972592622
0 0.5649768734393011 0.17343626430930603 0.01991402564972494 0.0337697444275
0 0.5380754191137374 0.17801422606217637 0.024153443919499296 0.03595005800398153
0 0.6719411578919827 0.16655850557037094 0.013300267634186014 0.02320760739611115
0 0.5901587524470707 0.17922647910152828 0.01991402564972494 0.0337697444275
0 0.6492791218361933 0.17331678089972277 0.01753968590396037 0.025387920972592622
0 0.4814021410734871 0.1943890810522226 0.024007940713283795 0.031783391337314865
0 0.5270899712006049 0.19128919706018563 0.024007940713283795 0.031783391337314865
0 0.6257572981215068 0.1852591445016209 0.01976852244350932 0.02960307776083333
0 0.7076852067726345 0.17675783763713024 0.024007940713283916 0.031783391337314865
0 0.5615377228037126 0.19417261739949118 0.01991402564972494 0.0337697444275
0 0.38126986944566804 0.21807897682254662 0.01976852244350932 0.02960307776083333
0 0.7471594127013061 0.17455414994703766 0.017394182697744752 0.021221254305925898
0 0.26629963387363825 0.2341377750751854 0.01753968590396037 0.025387920972592622
0 0.35135254252476594 0.22570920339305586 0.01753968590396037 0.025387920972592563
0 0.30178905214341273 0.23704544047527804 0.01976852244350932 0.02960307776083333
0 0.8490608670268699 0.17172183257083404 0.024153443919499296 0.03595005800398153
0 0.23448085262717236 0.24692784485745392 0.01753968590396037 0.025387920972592563
0 0.5580621963665702 0.21386730382300972 0.01976852244350932 0.02960307776083333
0 0.01395175728466681 0.2803053135764815 0.009570110586166065 0.03561062715296295
0 0.34263230695273617 0.2442409978459725 0.01753968590396037 0.025387920972592622
0 0.6193750264936878 0.21113109574277827 0.024007940713283916 0.031783391337314865
0 0.5821296571045651 0.2175499402211116 0.01976852244350932 0.02960307776083333
0 0.4619147123976482 0.23244584650314853 0.01753968590396037 0.025387920972592622
0 0.3790178886829617 0.24300624164018547 0.024007940713283795 0.031783391337314865
0 0.27959990150782416 0.2573453824712965 0.01976852244350932 0.02960307776083333
0 0.3179233133651674 0.25199244972041696 0.01991402564972494 0.0337697444275
0 0.5657903726518837 0.22653701924851902 0.01753968590396037 0.025387920972592563
0 0.7441567716843643 0.20779050303722285 0.024007940713283916 0.031783391337314865
0 0.6031812452472219 0.22428484143685232 0.01991402564972494 0.0337697444275
0 0.7120833598270212 0.21328890615282467 0.02429894712571515 0.040116724670648196
0 0.6571660329061191 0.220337251264445 0.024153443919499296 0.03595005800398153
0 0.8179332260099282 0.20430356901976918 0.01991402564972494 0.0337697444275
0 0.094596600236647 0.2946721832570834 0.03457011058616608 0.03619250861185179
0 0.4626786042302802 0.2543208465031485 0.01991402564972494 0.0337697444275
0 0.5062467252225107 0.25013080572287083 0.02386243750706818 0.027616724670648195
0 0.9240013470021587 0.20156823188671372 0.024007940713283916 0.031783391337314865
0 0.6141071731356433 0.23911062537805605 0.02429894712571515 0.040116724670648196
0 0.31355162346757387 0.27582955774981505 0.02429894712571503 0.040116724670648196
0 0.4141567805155937 0.26568132864615773 0.02429894712571503 0.040116724670648134
0 0.7583532027790014 0.22685568882745433 0.024007940713283916 0.031783391337314865
0 0.48265214990471633 0.25998983599143555 0.026527783665263982 0.044331881458888965
0 0.38528112026135825 0.2733358002774541 0.01753968590396037 0.025387920972592563
0 0.36466604173734835 0.2791008990617133 0.01753968590396037 0.025387920972592563
0 0.7367328333898787 0.23363820921759318 0.024153443919499296 0.03595005800398153
0 0.44447424125358875 0.26950943540898187 0.024153443919499414 0.03595005800398153
0 0.7277215914054177 0.24383667033717651 0.02386243750706806 0.027616724670648195
0 0.8790410329061191 0.22550144921208404 0.01976852244350932 0.02960307776083333
0 0.6768618037465206 0.247856995691945 0.030767201935038457 0.04651219503537038
0 0.688320137079854 0.24812369136060244 0.020059528855940555 0.037936411094166664
0 0.6614186827542902 0.25270165311347276 0.024007940713283916 0.031783391337314865
0 0.269596600236647 0.29874535346930575 0.015601855776842654 0.029506097517685247
0 0.5081250353249172 0.27411338411699115 0.02429894712571503 0.040116724670648196
0 0.4127645874117845 0.28542450519125034 0.017394182697744752 0.021221254305925898
0 0.3350760970304314 0.2961061256322225 0.026527783665263982 0.044331881458888965
0 0.6045999015078242 0.2649098414368523 0.034570110586165964 0.03619250861185191
0 0.7580754279449666 0.24870644376666728 0.030403443919499295 0.03609552836870371
0 0.7790542644845156 0.25335801164907473 0.024007940713283916 0.031783391337314865
0 0.47429567234822567 0.288938297111019 0.026527783665263982 0.044331881458888965
0 0.8216170946116333 0.2501853924746766 0.02429894712571515 0.040116724670648134
0 0.5583432901342406 0.281527147034769 0.01991402564972494 0.0337697444275
0 0.6362136595233632 0.27605385992713016 0.02386243750706806 0.027616724670648195
0 0.7378968590396036 0.2669715425509266 0.01753968590396037 0.025387920972592563
0 0.9141071731356433 0.246093202884723 0.020059528855940555 0.037936411094166664
0 0.4186276851730881 0.30429573049518555 0.030257940713283797 0.03192886170203704
0 0.3730489824506321 0.3105206144872225 0.030767201935038457 0.04651219503537038
0 0.3254596979979506 0.31878034169101876 0.026673286871479598 0.04849854812555563
0 0.796193816571383 0.267287599288334 0.024007940713283916 0.031783391337314865
0 0.9631746338736383 0.25035772074171375 0.020205032062156174 0.04210307776083333
0 0.497721600236647 0.30405502178166705 0.026527783665263982 0.044331881458888965
0 0.7714484471822604 0.2739973844961118 0.024153443919499296 0.03595005800398153
0 0.7186144535946916 0.28109421972930615 0.02667328687147948 0.04849854812555563
0 0.5445602244350931 0.3041043828504171 0.024153443919499296 0.03595005800398141
0 0.8960846891667213 0.26649012512388964 0.01976852244350932 0.02960307776083333
0 0.4006052012041662 0.3246926527343522 0.03299603847458741 0.05072735182361114
0 0.527106521712637 0.31098388348370415 0.03062169872882284 0.042345528368703714
0 0.5936276851730881 0.3083689007074079 0.026527783665263864 0.044331881458888965
0 0.30241075970346487 0.3442643719595836 0.03062169872882284 0.042345528368703714
0 0.6538260970304315 0.3035251142330561 0.030257940713283915 0.03192886170203704
0 0.7532804600071228 0.29022764006861174 0.03493386860170512 0.04660917527851846
0 0.6290443518397547 0.3091932327741672 0.024007940713283916 0.031783391337314865
0 0.7005192180226618 0.2994078086351395 0.037308208347469694 0.054990998733426014
0 0.4622090377437152 0.3302897779874541 0.030767201935038457 0.04651219503537038
0 0.4260053350212592 0.33673286752657444 0.03299603847458741 0.05072735182361114
0 0.2778836451236656 0.35722415716736133 0.03299603847458741 0.05072735182361114
0 0.09995375570983166 0.3884706733786575 0.03493386860170512 0.04660917527851858
0 0.5718750441561463 0.3411688427034264 0.037526463156793 0.06124099873342601
0 0.6433862861406074 0.3324250852310654 0.027883600967519347 0.02354703824712961
0 0.4993948871081265 0.3519716884483337 0.03314154168080303 0.054894018490277814
0 0.7389649888630634 0.32736396415680613 0.03939154168080303 0.05503948885499999
0 0.40112769400431747 0.3694600743402318 0.04535053526837179 0.046851625886388956
0 0.1265410593998069 0.40470179989833344 0.024007940713283795 0.031783391337314865
0 0.14726526532847853 0.4020617011140742 0.026673286871479598 0.04849854812555563
0 0.8138558614584016 0.3259846085334729 0.03493386860170512 0.04660917527851846
0 0.53711314191745 0.3590945106366671 0.03314154168080303 0.054894018490277814
0 0.32771499769429263 0.3833636750243521 0.03299603847458741 0.05072735182361114
0 0.8958201459110832 0.31852496833564886 0.03939154168080303 0.05503948885499999
0 0.7881052012041662 0.3337118153471303 0.034788365395489504 0.04244250861185191
0 0.04285719962933108 0.42252961664125005 0.03299603847458738 0.05072735182361114
0 0.20452055619359127 0.40235351279069465 0.026891541680803027 0.05474854812555563
0 0.26881288311449336 0.3955233732261576 0.030767201935038457 0.04651219503537038
0 0.47620044560742525 0.37328905205023183 0.030767201935038457 0.04651219503537038
0 0.6824372140290287 0.34790548581351904 0.037308208347469694 0.054990998733426014
0 0.019226248509982877 0.43134698024314816 0.00935185577684264 0.029360627152962948
0 0.23182214433624804 0.40923388437115754 0.03573413623589102 0.06952584194518513
0 0.6484987236476755 0.3596053988075468 0.03924603847458741 0.050872822188333326
0 0.3679167196540423 0.4019933206675929 0.01976852244350932 0.02960307776083333
0 0.18143524209755166 0.4267958763925927 0.04406746956922435 0.06971980243148153
0 0.06430892158908078 0.44072285119032417 0.03716270514125405 0.05082433206675934
0 0.09555892158908078 0.4414502030139352 0.033141541680802994 0.054894018490277814
0 0.7672487236476755 0.3623693357372692 0.026527783665263864 0.044331881458888965
0 0.13190812751775238 0.43917378014148156 0.03299603847458738 0.05072735182361114
0 0.7134458149965479 0.3715252592430099 0.04549603847458741 0.051018292553055504