0 0.10047383016165937 0.2135676536218056 0.04467468376037544 0.06555313576481486
0 0.1925514502334086 0.20218379736518532 0.037745454094054116 0.050824332066759285
0 0.4648830479728605 0.15129282674629665 0.030816224427732783 0.03609552836870371
0 0.7981878149982734 0.0914156480471766 0.030719191618258417 0.034012195035370375
0 0.5878225368067118 0.13230298897995418 0.033384721808438655 0.046560685156944476
0 0.6930051759024926 0.1118593185135654 0.040022853046336355 0.05503948885500002
0 0.04647840694675699 0.2383243320667593 0.037745454094054096 0.050824332066759285
0 0.5477797336635587 0.1438574316092597 0.031107322856156118 0.042345528368703714
0 0.8489383832365166 0.08635365602574145 0.026649557761065996 0.03599854812555557
0 0.7438527769502102 0.10888065982546359 0.031107322856156118 0.04234552836870374
0 0.9038071017366892 0.0803469775807878 0.03614728480809314 0.06119250861185188
0 0.08402692335149424 0.24023882092175933 0.037745454094054116 0.05082433206675934
0 0.3459903708290167 0.19014706636166695 0.037745454094054054 0.050824332066759285
0 0.014018368898693947 0.2562984901215741 0.006689519713003056 0.054263646909814806
0 0.647246053211449 0.13472662411148204 0.037745454094054054 0.050824332066759285
0 0.30614163330481253 0.20586817565763915 0.037745454094054054 0.050824332066759285
0 0.490998925281817 0.1758330415385189 0.03585618637966969 0.05494250861185191
0 0.5840696956154956 0.163431763676019 0.03357878742738739 0.05072735182361114
0 0.8017751568784611 0.12375580483541733 0.03774545409405429 0.050824332066759285
0 0.41835053487638907 0.20223664222263923 0.03357878742738739 0.05072735182361114
0 0.8485046076642493 0.12172183257083405 0.03755138847510532 0.04665766540009262
0 0.07028257485477486 0.10152743882958339 0.031107322856156177 0.042345528368703714
0 0.4618094364479656 0.19700493477569483 0.037745454094054054 0.050824332066759285
0 0.2092209889704432 0.24731489488287053 0.044286552522477506 0.057219802431481524
0 0.7446062172588214 0.14739808143134323 0.024372158808783694 0.0317833913373148
0 0.5601855729244521 0.18680821555046342 0.030816224427732665 0.03609552836870371
0 0.6602083950916368 0.1672849864468061 0.03338472180843842 0.046560685156944476
0 0.24667247256570596 0.24714605040453724 0.030816224427732783 0.03609552836870371
0 0.2675058058990392 0.247630951620278 0.026843623380014964 0.040165214792222174
0 0.27667525199861864 0.0647097843203243 0.031107322856156236 0.04234552836870373
0 0.21793096526020278 0.07686948252212981 0.03755138847510515 0.04665766540009262
0 0.37198639316131404 0.23445470275976882 0.026843623380014964 0.0401652147922223
0 0.056584025088183484 0.29891071415893516 0.04002285304633638 0.05503948885499999
0 0.8549258511160135 0.14788472454143592 0.030719191618258417 0.034012195035370375
0 0.5732562814998273 0.020626450099537518 0.029845896332988057 0.015262195035370392
0 0.01778828811635897 0.11383260739611112 0.026843623380015055 0.04016521479222224
0 0.3455337730895648 0.2473659978459725 0.03614728480809314 0.061192508611851854
0 0.5220092153284988 0.21609523657388935 0.03188358533195199 0.05901219503537038
0 0.16840479542186212 0.28694584739060197 0.023984027570885875 0.023450058003981412
0 0.906815118830398 0.14493031091412112 0.037745454094054054 0.050824332066759285
0 0.714012624757958 0.18310481788027838 0.033384721808438655 0.046560685156944476
0 0.7594578268533936 0.17583826722157472 0.026843623380014964 0.0401652147922223
0 0.4005480408039492 0.24448431940101886 0.040022853046336355 0.05503948885499999
0 0.5645719994476203 0.21396428406615786 0.031107322856156354 0.042345528368703714
0 0.2666353826841369 0.2736241281653706 0.031107322856156236 0.042345528368703714
0 0.154075377997928 0.09099128875333345 0.02912102233229733 0.044380371580463006
0 0.5525199809759684 0.022224882217130093 0.02587329528527012 0.01933188145888891
0 0.021387118278018338 0.32514547036472224 0.015022853046336392 0.05445760739611115
0 0.667017769781299 0.2017812117507413 0.031107322856156118 0.042345528368703714
0 0.5071604778042945 0.23239822732875043 0.03614728480809314 0.06119250861185191
0 0.465228406946757 0.24807084650314853 0.040022853046336355 0.05503948885499999
0 0.22286256051695222 0.29445659055152795 0.03755138847510515 0.046657665400092675
0 0.11971473834976756 0.3139070844728241 0.037745454094054116 0.05082433206675934
0 0.8121233570435737 0.18955052026092659 0.04467468376037544 0.06555313576481486
0 0.37695501654132907 0.2741107712754633 0.040022853046336355 0.05503948885499999
0 0.1719436208973126 0.31824433751217607 0.033578787427387444 0.05072735182361114
0 0.8547346575674326 0.18846123441986182 0.03614728480809314 0.06119250861185191
0 0.32261997849326607 0.29157578305375026 0.03585618637966969 0.05494250861185191
0 0.6198060270185063 0.23814169389375053 0.04031395147475981 0.06128948885499999
0 0.5281165381846549 0.25785888348370417 0.03357878742738739 0.05072735182361114
0 0.06506577970609644 0.34697285119032417 0.02417809318983486 0.027616724670648077
0 0.5755480408039492 0.24855748961324123 0.030816224427732665 0.03609552836870371
0 0.7262243983999025 0.2218889351548154 0.026843623380014964 0.04016521479222224
0 0.9327141083532209 0.18715461397888966 0.037745454094054054 0.050824332066759285
0 0.42540536366010534 0.2866843774050004 0.029315087951246235 0.04854703824712961
0 0.4368636969934387 0.28695107307365775 0.03585618637966969 0.05494250861185191
0 0.7783077317332359 0.2231011881941673 0.03774545409405429 0.050824332066759285
0 0.6906878767565768 0.24083202469393578 0.040022853046336355 0.05503948885499999
0 0.28458917011152435 0.32398780407717614 0.037357322856156235 0.04249099873342601
0 0.2229139489920574 0.3402414337632872 0.03357878742738739 0.05072735182361114
0 0.03129867080049587 0.38156518579023146 0.03018838323651658 0.06729703824712961
0 0.06865312158628416 0.3793130079785649 0.031107322856156205 0.042345528368703714
0 0.49558516156467 0.2966421298110652 0.026649557761066114 0.03599854812555563
0 0.395707888611697 0.31929035891472257 0.037745454094054054 0.05082433206675934
0 0.1678283427057511 0.3639322004807871 0.033384721808438475 0.046560685156944476
0 0.5289184948980032 0.29741797175625045 0.03614728480809314 0.06119250861185191
0 0.5931136969934386 0.29058783219171347 0.04031395147475981 0.06128948885499999
0 0.8356250926374552 0.247327088143334 0.04656395147475981 0.06143495921972223
0 0.11725460766424935 0.10470179989833343 0.03755138847510515 0.04665766540009262
0 0.7449287540655333 0.266026856127408 0.040022853046336355 0.055039488855000054
0 0.3272261648729357 0.345790939841991 0.03585618637966969 0.05494250861185191
0 0.13149273641944484 0.3880593782924538 0.024178093189834875 0.027616724670648195
0 0.43880435318292826 0.32861773974032443 0.026649557761066114 0.03599854812555563
0 0.9505708629711338 0.2354349565573619 0.029121022332297266 0.04438037158046294
0 0.6442038800648426 0.29281750683694496 0.034160984284234294 0.06322735182361114
0 0.48567935318292826 0.3297087674757411 0.03357878742738739 0.05072735182361114
0 0.30021704218189227 0.3690946565340743 0.037745454094054054 0.05082433206675934
0 0.897374524399212 0.2550075467297692 0.033578787427387624 0.05072735182361114
0 0.24772275544347633 0.38139982510060205 0.040022853046336355 0.05503948885499999
0 0.1909647692289193 0.3915246800906483 0.033578787427387444 0.05072735182361114
0 0.6777312790171249 0.2977600154487969 0.03585618637966969 0.05494250861185191
0 0.08081637882349141 0.4170554585864352 0.03585618637966972 0.05494250861185191
0 0.912103406946757 0.2584719775807878 0.03168951971300326 0.05484552836870371
0 0.5134703280947447 0.03276190324055599 0.03319065618948945 0.0423940184902778
0 0.3174458012128304 0.06878034169101879 0.026843623380015082 0.04016521479222224
0 0.789455016541329 0.2837118153471303 0.033578787427387624 0.05072735182361114
0 0.14222619575208748 0.4174442505062038 0.033578787427387444 0.05072735182361114
0 0.800308330850631 0.2933292659550007 0.029315087951246235 0.04854703824712961
0 0.6131792296663214 0.028839429076111627 0.034691792665976114 0.02994250861185188
0 0.4536843746896622 0.04489735638157445 0.03585618637966969 0.05494250861185188
0 0.36528553956259796 0.3810145169695373 0.029315087951246235 0.04854703824712961
0 0.4482792580627706 0.37566245516583374 0.03357878742738739 0.05072735182361114
0 0.18953784339472263 0.42791027824162053 0.040022853046336355 0.05503948885499999
0 0.2874773322285739 0.4083385590163891 0.03338472180843842 0.046560685156944476
0 0.04511148579876922 0.4547243030647685 0.03585618637966972 0.05494250861185179
0 0.6618665690638067 0.3369311827487505 0.03585618637966969 0.05494250861185179
0 0.39796533746716256 0.3900994471872688 0.040022853046336355 0.05503948885499999
0 0.5547946622536415 0.36149302976023195 0.03585618637966969 0.05494250861185179
0 0.33941511634769556 0.406425812055741 0.031107322856156118 0.042345528368703714
0 0.0723888847510515 0.4595213413118982 0.033578787427387444 0.05072735182361114
0 0.5149459247294373 0.3772141390562041 0.03774545409405417 0.05082433206675934
0 0.710122850563634 0.34533812221162097 0.035856186379669926 0.05494250861185191
0 0.6205652114678532 0.36614546858981534 0.030816224427732665 0.03609552836870371
0 0.28457209208507545 0.43532491210657426 0.03357878742738739 0.05072735182361114
0 0.8777084568499401 0.3242658220591211 0.044286552522477506 0.057219802431481524
0 0.8222832357304733 0.34066492210995436 0.03585618637966969 0.05494250861185191
0 0.7345663479443397 0.35631242527638946 0.031107322856156354 0.042345528368703714
0 0.7801085828492497 0.35112920795101915 0.033578787427387624 0.05072735182361114
0 0.9399658748262542 0.32051219237301004 0.04002285304633659 0.05503948885499999
0 0.6811759437534689 0.37171834878213017 0.040702082712657746 0.06962282218833332
0 0.4125999048798424 0.05642755395009293 0.040022853046336355 0.055039488855000034
0 0.36984320953753047 0.43418800709111144 0.03585618637966969 0.05494250861185179
0 0.174012748274565 0.47437311220824085 0.04467468376037544 0.06555313576481486
0 0.23493740115578873 0.4643452374613428 0.037745454094054116 0.05082433206675934
0 0.33505725613244786 0.44690534169101875 0.026843623380015082 0.0401652147922223
0 0.4703511957520875 0.4250814446541208 0.03357878742738739 0.05072735182361114
0 0.4271832382131757 0.05676698480111146 0.03357878742738739 0.05072735182361114
0 0.13927531127421972 0.4881321134748149 0.04031395147475981 0.06128948885499999
0 0.06723193989282332 0.5051849592197223 0.033384721808438475 0.046560685156944476
0 0.027092103940195702 0.5146560685156945 0.008481754617912961 0.04806213703138885
0 0.1126286255835215 0.4968767418943519 0.037745454094054116 0.05082433206675934
0 0.5594978814427857 0.4177915198818061 0.040022853046336355 0.05503948885499999
0 0.6328740179192721 0.40701291919768573 0.03774545409405429 0.05082433206675934
0 0.7382022062292646 0.38969424873129693 0.030719191618258417 0.034012195035370375
0 0.5814213978475229 0.4193423328250005 0.03357878742738739 0.05072735182361114
0 0.465217073061044 0.44889430762273186 0.040022853046336355 0.05503948885499999
0 0.5325857915612167 0.44317856990722265 0.03774545409405417 0.05082433206675934
0 0.2810390107503608 0.49351277507518543 0.03585618637966969 0.05494250861185179
0 0.33169254617912963 0.4863674497204169 0.03357878742738739 0.05072735182361114
0 0.8248060887768097 0.39483158877662106 0.031107322856156118 0.042345528368703714
0 0.23598193989282332 0.5091126590672224 0.033578787427387444 0.05072735182361114
0 0.702206214776119 0.4211130932096302 0.031107322856156354 0.042345528368703714
0 0.7095205492142117 0.019635886395972815 0.023207765095090118 0.006783391337314833
0 0.17733468596388188 0.5233556906023612 0.03755138847510515 0.046657665400092675
0 0.12806243203494047 0.5378169276845833 0.033578787427387444 0.05072735182361114
0 0.038407760129685234 0.5565409407294445 0.025439519713003053 0.05470005800398141
0 0.3766782784647453 0.49157665400092626 0.031689519713003024 0.05484552836870371
0 0.9295292580627705 0.3868636732494452 0.04467468376037544 0.06555313576481486
0 0.7955195671334839 0.4139201486804636 0.04409248690352854 0.05305313576481486
0 0.3945806774170275 0.49615548670097254 0.040022853046336355 0.05503948885499999
0 0.4307964287266747 0.49179573049518555 0.04031395147475981 0.06128948885499999
0 0.9649944411341745 0.3887296719828711 0.03774545409405429 0.05082433206675934
0 0.9073888538718998 0.40299694857879703 0.04409248690352854 0.05305313576481486
0 0.7475315618948953 0.43361396415680614 0.04656395147475981 0.061434959219722175
0 0.5827085186082438 0.4693180877642134 0.04002285304633659 0.05503948885499999
0 0.8612415999429585 0.41753092084338034 0.03755138847510532 0.046657665400092675
0 0.6932450402515695 0.4521206426017598 0.037745454094054054 0.05082433206675934
0 0.6293894529892948 0.46624244883296345 0.040022853046336355 0.05503948885499999
0 0.24269428177301103 0.5415255510378242 0.0440924869035286 0.05305313576481486
0 0.29126448386844644 0.5343317355614817 0.04409248690352854 0.05305313576481486
0 0.4926428932979059 0.501559522414954 0.04685504990318326 0.0676849592197223
0 0.6682905301901803 0.028041083964491297 0.028247727047027146 0.02563037158046299
0 0.5432964287266747 0.49441419706018563 0.03338472180843842 0.046560685156944476
0 0.076176036390924 0.5855145178569908 0.031107322856156205 0.04234552836870383
0 0.187657191891442 0.5662579844219909 0.05073061814142647 0.061531939462870375
0 0.35391003308265817 0.538911439208704 0.031689519713003024 0.05484552836870383
0 0.6060390107503608 0.5010772340407412 0.03735732285615635 0.04249099873342601
0 0.13981473586706514 0.5890767998983334 0.02912102233229733 0.04438037158046294
0 0.9804767639903307 0.4307115244397693 0.037745454094054054 0.05082433206675934
0 0.9147319090136716 0.4489515072160656 0.046855049903183024 0.0676849592197223
0 0.6991582974887768 0.489717622844908 0.040022853046336355 0.05503948885499999
0 0.799326668870173 0.4733193937412506 0.04002285304633659 0.05503948885499999
0 0.34347054424880685 0.5605197435400465 0.03338472180843854 0.046560685156944476
0 0.6570321610122903 0.5012235753526394 0.035856186379669926 0.05494250861185191
0 0.8612929884180635 0.4633157640551396 0.04845321918914417 0.057316782674629724
0 0.4540555822968699 0.5443639650442597 0.037163257237207266 0.038324332066759344
0 0.24160697077197504 0.5852028158554632 0.03357878742738739 0.05072735182361114
0 0.5625572870115997 0.5281596964268986 0.03585618637966969 0.05494250861185179
0 0.5151257843923054 0.5374610902973614 0.026649557761066114 0.03599854812555563
0 0.40890147862985793 0.5578805157029634 0.040022853046336355 0.05503948885499999
0 0.7574916308221101 0.4910753462489821 0.031107322856156118 0.042345528368703714
0 0.30267717286741047 0.578299941108565 0.037551388475105085 0.046657665400092675
0 0.5690182762612388 0.04133855812893566 0.029315087951246235 0.04854703824712966
0 0.13506874441391953 0.6212229962002779 0.033384721808438475 0.046560685156944476
0 0.06803964074690753 0.6342304005824537 0.04002285304633638 0.05503948885499999
0 0.6171606013209013 0.5387954395878246 0.04685504990318326 0.06768495921972241
0 0.5120749950345951 0.5613224433875467 0.04031395147475981 0.06128948885499999
0 0.20585356134251562 0.6218299936671298 0.037745454094054116 0.05082433206675934
0 0.02459766280602117 0.14832883270004632 0.03338472180843848 0.046560685156944476
0 0.35369601736689243 0.6013387040263429 0.040022853046336355 0.05503948885500023
0 0.989403628066224 0.48313428862412117 0.02119274386755213 0.04249099873342601
0 0.468399205676885 0.5842382391070374 0.040022853046336355 0.05503948885499999
0 0.6716183664159915 0.5463061827487505 0.03357878742738739 0.05072735182361114
0 0.42622455279566124 0.5947025249481023 0.040022853046336355 0.05503948885500023
0 0.17631568706864126 0.12168452330240755 0.031107322856156177 0.042345528368703714
0 0.7697519208687919 0.5309011301901858 0.040022853046336355 0.05503948885499999
0 0.9493523631077257 0.4997031041004637 0.051021716569849926 0.06778193946287038
0 0.8183221229642272 0.5237073147138432 0.031107322856156118 0.042345528368703714
0 0.12550255086533849 0.6615813005316205 0.04467468376037544 0.06555313576481486
0 0.2617896407469075 0.6387399818888428 0.04467468376037544 0.06555313576481486
0 0.782340183071404 0.019249707317732137 0.02301369947614115 0.0026167246706481667
0 0.5735590226054811 0.5856453235798615 0.03338472180843842 0.046560685156944476
0 0.19965494981762077 0.6674693665141668 0.03755138847510515 0.046657665400092675
0 0.7328598119631913 0.565420729607732 0.033384721808438655 0.046560685156944476
0 0.843396333606517 0.5482232844452785 0.040022853046336355 0.05503948885499999
0 0.6381423559388144 0.5871485173486578 0.0482591535701952 0.05315011600796282
0 0.6867125580342498 0.5799547018723153 0.03735732285615612 0.04249099873342601
0 0.317628687341825 0.6535666367772225 0.04656395147475981 0.06143495921972241
0 0.7528455442488069 0.5700480524293525 0.033384721808438655 0.046560685156944476
0 0.9869578577325453 0.5236865534417601 0.02608428453490935 0.06555313576481486
0 0.4641868946758489 0.6278427687423151 0.037551388475105085 0.046657665400092675
0 0.9026743007970427 0.5475219195768062 0.03735732285615635 0.04249099873342601
0 0.23217755583074334 0.11466042325157426 0.037357322856156235 0.042490998733425954
0 0.3734303970219595 0.08673199657939845 0.044286552522477506 0.057219802431481524
0 0.5406395147475982 0.6160952365738893 0.040022853046336355 0.05503948885499999
0 0.2157165974602559 0.6772080424259724 0.031107322856156236 0.04234552836870383
0 0.09449800495939259 0.7108054585864352 0.03755138847510515 0.046657665400092675
0 0.27454627433091605 0.10836280407717615 0.03357878742738739 0.05072735182361114
0 0.7868581072484615 0.5854072277078709 0.040022853046336355 0.05503948885500023
0 0.8644009103916147 0.5747256072668989 0.031107322856156354 0.04234552836870383
0 0.4128084852463895 0.6641062706421762 0.03585618637966969 0.05494250861185179
0 0.4282879360321778 0.6613449465539818 0.031107322856156118 0.04234552836870383
0 0.3694951328890247 0.6724629780891206 0.03585618637966969 0.05494250861185179
0 0.16448373724500823 0.7165965443258334 0.03585618637966969 0.05494250861185179
0 0.6988272988667198 0.616655485813519 0.031107322856156118 0.04234552836870383
0 0.765396932723912 0.6161238363705562 0.03357878742738739 0.05072735182361114
0 0.49519718472253066 0.6681049637776856 0.03585618637966969 0.05494250861185179
0 0.10750886324431755 0.744405487588426 0.03755138847510515 0.046657665400092675
0 0.6510333592470802 0.6405159679565282 0.040022853046336355 0.05503948885500023
0 0.8615441866528535 0.6027536270237507 0.029121022332297266 0.04438037158046294
0 0.8085759153570196 0.02402250050407475 0.02965183071403909 0.011095528368703726
0 0.22548260076852172 0.7305027578514817 0.040022853046336355 0.05503948885499999
0 0.5483221847225307 0.6693414618778245 0.044286552522477506 0.057219802431481524
0 0.8970093697242573 0.6046196257571766 0.044286552522477506 0.057219802431481524
0 0.34222060600711035 0.7124091163870836 0.037745454094054054 0.05082433206675934
0 0.5960447857702483 0.6662900680073617 0.03585618637966969 0.05494250861185179
0 0.28044835207816887 0.7265794127398614 0.037745454094054054 0.05082433206675934
0 0.6105310862941072 0.6645461655250469 0.033578787427387624 0.05072735182361114
0 0.4353398927455262 0.7010495051912503 0.04031395147475981 0.06128948885499999
0 0.9665584543672379 0.6010357114965749 0.04467468376037544 0.06555313576481486
0 0.8200972798426882 0.6288429128648154 0.03755138847510532 0.046657665400092675
0 0.09631880617222298 0.7722395468589816 0.03672948166494002 0.0736925086118518
0 0.755442607937433 0.6481488073685654 0.040022853046336355 0.05503948885500023
0 0.7090527719848054 0.6574744462998154 0.04685504990318326 0.06768495921972241
0 0.9862700890529995 0.6057842596221303 0.027459821894000907 0.06540766540009267
0 0.7110958963329881 0.031118464790093184 0.030525125999309448 0.029845528368703727
0 0.9486332332477708 0.6183076337357415 0.04913244885546556 0.07190011600796306
0 0.1589643553864347 0.7768192505062038 0.035856186379669745 0.05494250861185179
0 0.9202428290569 0.6342954387003711 0.03755138847510532 0.046657665400092675
0 0.11911561786223052 0.792540359802176 0.04486874937932441 0.06971980243148153
0 0.39135018279220796 0.739566055849954 0.04031395147475981 0.061289488855000226
0 0.6597576958886793 0.6937864383212505 0.03774545409405429 0.05082433206675934
0 0.22895008767205033 0.7826103362456021 0.04467468376037544 0.06555313576481486
0 0.5538730049593926 0.7214975303935189 0.04467468376037544 0.06555313576481486
0 0.7549914455471997 0.03526175734314878 0.03498289109439933 0.03619250861185188
0 0.2774232569580113 0.773333187435926 0.04845321918914417 0.05731678267462949
0 0.6818752779123656 0.6995039179311117 0.033384721808438655 0.046560685156944476
0 0.5055939012923806 0.7349413458698616 0.037745454094054054 0.05082433206675934
0 0.3375488251962545 0.7684894009615744 0.037163257237207266 0.038324332066759344
0 0.18815671629065395 0.8003905338141205 0.033384721808438475 0.046560685156944476
0 0.3017212051245053 0.7811824905006947 0.037357322856156235 0.04249099873342601
0 0.8731766355083189 0.6737809208433804 0.040022853046336355 0.05503948885499999
0 0.9340042555800683 0.661669712763149 0.04656395147475981 0.06143495921972241
0 0.8195436492937619 0.6839785110157877 0.03585618637966969 0.05494250861185179
0 0.7825288133411343 0.693522355494121 0.04656395147475981 0.061434959219722175
0 0.7353398927455262 0.7080320826979173 0.04656395147475981 0.06143495921972241
0 0.843047948166494 0.026905920843380334 0.027762562999654725 0.015213704913796321
0 0.9887073203734538 0.6724024361672231 0.022585359253092463 0.03401219503537049
0 0.5186330170937088 0.0765846384229171 0.03357878742738739 0.05072735182361114
0 0.6175859150778236 0.7489939007074079 0.040022853046336355 0.05503948885499999
0 0.1803827576469828 0.8345473282670371 0.04467468376037544 0.06555313576481486
0 0.4280539702195954 0.7903661428559263 0.038424683760375444 0.06540766540009267
0 0.34346208243346177 0.8060863812047224 0.04031395147475981 0.06128948885499999
0 0.6931909341018551 0.7413887901448617 0.044286552522477506 0.057219802431481524
0 0.6335020135062469 0.7556075766192135 0.04656395147475981 0.061434959219722175
0 0.8503113573167574 0.7190323727178248 0.044286552522477506 0.057219802431481524
0 0.13789418417015098 0.8606123690473149 0.0440924869035286 0.05305313576481486
0 0.303904443337681 0.8280574905006947 0.03614728480809314 0.06119250861185179
0 0.11323379900331167 0.8673221542550926 0.020981754617912962 0.04835307776083321
0 0.31744611000434764 0.828372676290926 0.031689519713003024 0.05484552836870383
0 0.9053256250311418 0.7161506942728711 0.037745454094054054 0.05082433206675934
0 0.48265728452889717 0.8010018860168522 0.037745454094054054 0.05082433206675934
0 0.0864441273772524 0.15809262461981488 0.02495435566563066 0.04428339133731486
0 0.3391296076642494 0.1098659978459725 0.026649557761065996 0.03599854812555557
0 0.24673550371804137 0.8516997670966205 0.033578787427387444 0.05072735182361114
0 0.563470636886262 0.7935180007582411 0.04486874937932441 0.06971980243148153
0 0.9933106346827555 0.7081827787456951 0.013378730634489007 0.06768495921972241
0 0.5080454157667951 0.8099171008090745 0.040022853046336355 0.05503948885499999
0 0.6579480741658034 0.051732721629167214 0.03614728480809314 0.06119250861185188
0 0.2669638180273432 0.8615354232515743 0.026649557761066114 0.03599854812555563
0 0.7578484780774782 0.7668260721862042 0.03755138847510532 0.046657665400092675
0 0.15557969533629967 0.8828752900199075 0.04467468376037544 0.06555313576481486
0 0.8218010981492275 0.754787599288334 0.03585618637966969 0.05494250861185179
0 0.4223405227420729 0.8464221823696298 0.04486874937932441 0.06971980243148153
0 0.46044554176610447 0.8379442496187504 0.04031395147475981 0.06128948885499999
0 0.9536076007685217 0.7474500553416211 0.037745454094054054 0.05082433206675934
0 0.6467811480524107 0.8173083605604172 0.04685504990318326 0.06768495921972241
0 0.07234595809129146 0.168169860435463 0.04002285304633638 0.05503948885499999
0 0.335085976836127 0.8943371071419447 0.040022853046336355 0.05503948885499999
0 0.2733137229071856 0.9085074034947224 0.044286552522477506 0.057219802431481524
0 0.8313730358385443 0.8039156480471766 0.04031395147475981 0.06128948885499999
0 0.23225176647303317 0.13859451152412058 0.03735732285615618 0.042490998733425954
0 0.5102543482175234 0.879684522414954 0.040022853046336355 0.05503948885500023
0 0.7722177956950458 0.8295927678548618 0.04656395147475981 0.06143495921972241
0 0.7176401756232966 0.8418494462998154 0.051021716569849926 0.06778193946287038
0 0.4030854085978838 0.9021630360931021 0.04913244885546556 0.07190011600796306
0 0.4546350614791075 0.8919169557991207 0.04031395147475981 0.06128948885499999
0 0.9272063691718776 0.8061461936395842 0.037551388475105085 0.046657665400092675
0 0.22801694209632975 0.9636421306985187 0.040022853046336355 0.05503948885499999
0 0.8796033143093017 0.029837831304259994 0.02587329528527012 0.01933188145888892
0 0.172756911496374 0.15697996466513903 0.037745454094054054 0.050824332066759285
0 0.6265782191891441 0.0707727914114357 0.03357878742738739 0.05072735182361114
0 0.3618236424040466 0.03859712436564845 0.03052512599930933 0.029845528368703727
0 0.5757623653112321 0.9457225593955096 0.04467468376037544 0.06555313576481486
0 0.6284764119061496 0.9604764791015282 0.05073061814142647 0.061531939462870375
0 0.4773801759024926 0.10684059093064854 0.031107322856156236 0.042345528368703714
0 0.4330251568784611 0.1151730533168059 0.037745454094054054 0.050824332066759285
0 0.7198430551417717 0.06253818021560245 0.03755138847510532 0.04665766540009262
0 0.7892951069752778 0.05687093262166733 0.030816224427732665 0.03609552836870373
0 0.6790496837603754 0.08031837778412093 0.03338472180843842 0.046560685156944476
0 0.5790268615931907 0.09984160688777827 0.03357878742738739 0.05072735182361114
0 0.29036821202023283 0.15763632320074097 0.040022853046336355 0.055039488855000054
0 0.3873145505921548 0.13908202558138918 0.040022853046336355 0.05503948885499999
0 0.8514069757373799 0.04999230293555627 0.031107322856156118 0.04234552836870373
0 0.3411187802584761 0.15257433117930583 0.03338472180843842 0.046560685156944476
0 0.5086244317617568 0.018081589664074502 0.02349886352351357 0.013033391337314832
0 0.23608169037690707 0.1761430016456946 0.04031395147475981 0.06128948885499999
0 0.1292038491856909 0.20487151532384268 0.033578787427387444 0.05072735182361114
0 0.884183806451419 0.06116056648662111 0.033384721808438655 0.046560685156944476