0 0.6801633712507159 0.5263958506541153 0.017394092372629663 0.025290917748803685
0 0.3879016634122994 0.5877187288988784 0.030075948799120292 0.031759106060406356
0 0.7048905866109798 0.5353344740309098 0.030197186416780635 0.03592577272707302
0 0.22376495557388285 0.6468051769497138 0.023583473563799372 0.023316678571271628
0 0.6160569728167145 0.5826951255454621 0.02131828380397517 0.017030313852671005
0 0.4172310240175942 0.6173997738125052 0.023704711181459833 0.027483345237938293
0 0.6430493779368026 0.5853473842036563 0.02131828380397517 0.01703031385267124
0 0.4138332393778581 0.626829320890406 0.027750140230466038 0.023389408008472636
0 0.32174224104937976 0.6430127018421593 0.03019718641678087 0.03592577272707302
0 0.7842805660251049 0.5620594323647924 0.03430323427461725 0.033915168830940465
0 0.7223069728167145 0.5808405248968391 0.030075948799120292 0.031759106060406356
0 0.16865869737034747 0.6800423262999923 0.023583473563799372 0.023316678571271628
0 0.3664429795028011 0.6453558603922496 0.017151617137308506 0.016957584415470232
0 0.08284800844628422 0.6950749464292776 0.02394718641678075 0.035816678571271625
0 0.35179902736063745 0.6476937467557861 0.0366290428432715 0.042284866882874424
0 0.5883068325862485 0.6060845335539348 0.0303790428432715 0.04217577272707303
0 0.6217310941328271 0.6023776980563276 0.03050028046093208 0.04634243939373969
0 0.6887008548436451 0.5907973603944463 0.0366290428432715 0.042284866882874424
0 0.2174957930860203 0.6833544220795483 0.026272994985435123 0.044186376623205584
0 0.2970261726056684 0.669472562772731 0.03019718641678087 0.03592577272707302
0 0.93118587542952 0.5584540530367937 0.03675028046093208 0.04645153354954109
0 0.19442757939727803 0.6889627673174866 0.04526547022075604 0.05284699242394287
0 0.8515948771010416 0.5744192456769442 0.04097756593642903 0.04860759632007519
0 0.8787994480520355 0.5697798376684718 0.04275780522561092 0.03822729437200915
0 0.25407536403701414 0.6785513728373737 0.05610646854923438 0.06761214935027861
0 0.805428140319142 0.5866776028194877 0.0561064685492345 0.06761214935027837
0 0.1367418904732148 0.7035044637456658 0.023825948799120294 0.03165001190460496
0 0.06863953488248489 0.7182279837668472 0.06217461212274366 0.06147124350607977
0 0.964428280549608 0.5609972175391865 0.03925794545607696 0.061071231601474804
0 0.40863605296107736 0.6623187169942735 0.043303374505083286 0.05697729437200915
0 0.6441021915200217 0.6207276861517225 0.04342461212274363 0.061143961038675816
0 0.7194355949685881 0.6079602229487728 0.041098803554089375 0.05277426298674186
0 0.3081511024904354 0.680730890153762 0.030075948799120292 0.031759106060406356
0 0.28088591273061136 0.6874536314955679 0.02394718641678075 0.035816678571271625
0 0.6691325009244369 0.6192496428618505 0.03050028046093208 0.04634243939373969
0 0.1645941058334787 0.7123885400445596 0.04526547022075604 0.05284699242394287
0 0.379045054632599 0.6774111563880132 0.04342461212274363 0.061143961038675816
0 0.11625310750500037 0.7278082619057034 0.0646822771178887 0.07609094155801349
0 0.7670794769955187 0.6164988344209624 0.07123537116203996 0.08661670238048155
0 0.34813960499771796 0.7018967781410531 0.05622770616689484 0.07177881601694504
0 0.8556817624710155 0.6128700005471098 0.036992755696253 0.05478486688287442
0 0.8953863334220092 0.6080124042270346 0.06456103950022841 0.07192427489134683
0 0.9534165727111914 0.6174108587728886 0.056470181402215755 0.0801121493502786
0 0.31981358608336463 0.7450778528161924 0.0761294635346695 0.11168943181768233
0 0.08015047145333848 0.7877832797626109 0.08820513187285778 0.09732428679595202
0 0.19813158942640788 0.7763536731616852 0.0908340344856633 0.11611065151455241