0 0.00484541347794479 0.11688503241367934 0.008430297163515923 0.017103398160692004
0 0.11716360629635243 0.09153090758302147 0.025145445745273894 0.02631019448207604
0 0.7594659035907961 0.05542215739305941 0.018895445745273777 0.025982645861557015
0 0.7662156212516665 0.8576146735998991 0.02101514051492567 0.032341828735063416
0 0.9617883642913844 0.8230861970428279 0.025169686702819643 0.030476861148742766
0 0.3168155849509214 0.9371561729225306 0.025145445745273894 0.0263101944820761
0 0.4312474122995944 0.9171195642987123 0.035659076242123194 0.043522775516274474
0 0.9108254807367409 0.8339528833085893 0.03568331719966882 0.047689442182940904
0 0.16599208690216555 0.9667404145933212 0.03146816861791084 0.03913774310259489
0 0.4989072637178365 0.9123346743543349 0.029360594327031937 0.034861893562422114
0 0.7839421353031591 0.8616677280247029 0.0314681686179109 0.03913774310259489
0 0.7246398581757961 0.8710560161297723 0.03568331719966882 0.047689442182940904
0 0.8026921353031592 0.86265037388626 0.02731362243001693 0.04100271068891554
0 0.6518686372544035 0.8922346155570506 0.027337863387562795 0.04516937735558244
0 0.8359891072001739 0.8581472998623613 0.02731362243001693 0.04100271068891554
0 0.31378754878110393 0.9536590652789376 0.03350302003615286 0.03091359264276813
0 0.9865778970169607 0.8359639077317437 0.026844205966078505 0.05580440976926179
0 0.15359511097173453 0.97937174430861 0.04194543767844164 0.04125651138278007
0 0.860989107200174 0.8594574943444374 0.025169686702819643 0.030476861148742766
0 0.3533587616356645 0.9536502065422248 0.03570755815721446 0.05185610884960757
0 0.2753307254658471 0.9662225154524038 0.04193331719966883 0.04801699080346016
0 0.615513327990639 0.9080322486040231 0.04195755815721422 0.052183657470126835
0 0.6034461926874798 0.08681677521341755 0.0314681686179109 0.03913774310259503
0 0.48445119541161774 0.9334453942397904 0.035634835284577566 0.03935610884960757
0 0.19942238406568144 0.9816963097389759 0.03565907624212314 0.03660738052204806
0 0.3835489142508386 0.9521083582080666 0.03146816861791078 0.03913774310259489
0 0.8870489545849999 0.8639472802632665 0.0293605943270317 0.034861893562422114
0 0.2441958700141889 0.9843764390164755 0.025145445745273894 0.0263101944820761
0 0.45229891425083857 0.9557113930337756 0.02931211241194056 0.026528560229088782
0 0.8611284927060615 0.8834158276777707 0.029360594327031937 0.034861893562422114
0 0.998124103821397 0.8542727468693619 0.003751792357205848 0.029603398160692032
0 0.3295640547657642 0.9805196034969019 0.025193927660365153 0.034643527815409435
0 0.5324284644721485 0.946373266997103 0.035574232890713375 0.028939442182940905
0 0.2588398057413863 0.9928182357150774 0.020942417642288724 0.01436352856984513
0 0.7779345448786157 0.9030068460708506 0.029251510018076486 0.016111893562422114
0 0.9589360750637729 0.8697974227325685 0.02508484335140982 0.015893527815409432
0 0.9142231915091295 0.8809916576188489 0.02931211241194044 0.026528560229088782
0 0.6437534725389807 0.9292978840630253 0.03137120478772838 0.022471076435928456
0 0.6042186211207388 0.9355567427997382 0.02508484335140982 0.015893527815409432
0 0.5889477027055563 0.10063582843220654 0.0272893814724713 0.03683604402224905
0 0.08234084308955412 0.19175813206674708 0.02519392766036518 0.03464352781540932
0 0.016818867159123126 0.20602720488463083 0.029336353369486198 0.03069522689575533
0 0.8646560562059702 0.057810892505129365 0.025145445745273776 0.02631019448207604
0 0.49018329703258806 0.1287829752739889 0.02101514051492567 0.032341828735063353
0 0.4146924176422887 0.04047739182776083 0.025157566224046708 0.02839352781540936
0 0.5162007227417091 0.12598109452615144 0.02101514051492567 0.032341828735063353
0 0.1802150880805159 0.18959806045487823 0.03146816861791078 0.039137743102595005
0 0.2707310037715605 0.17559751545240382 0.0272893814724713 0.03683604402224905
0 0.6161279998690721 0.11872187245445558 0.03149240957545629 0.043304409769261705
0 0.22395296760174307 0.18980756746517793 0.025193927660365153 0.03464352781540937
0 0.7052325742908789 0.04112506934856134 0.031298481915091256 0.009971076435928369
0 0.6702764858175796 0.11843562716562031 0.0272893814724713 0.03683604402224902
0 0.8762901364815096 0.08861973164274754 0.033527260993698606 0.03508025930943468
0 0.815994674602571 0.10628676164439715 0.025193927660365035 0.03464352781540937
0 0.5018294977869002 0.16167514774494043 0.025145445745273894 0.02631019448207604
0 0.8056083091328365 0.1109491806101988 0.025169686702819643 0.030476861148742707
0 0.6610226906053078 0.13877763756817513 0.0272893814724713 0.03683604402224905
0 0.7411583010660042 0.13048117819816907 0.02101514051492567 0.032341828735063353
0 0.7297484496477622 0.13821400572721754 0.02101514051492567 0.032341828735063353
0 0.7755151203478451 0.1291576956110236 0.018895445745273777 0.025982645861557015
0 0.3188415980985923 0.21144205487638287 0.025193927660365153 0.03464352781540937
0 0.5487590399413779 0.173506762398833 0.025193927660365035 0.03464352781540937
0 0.29700901977429717 0.217587301371233 0.0272893814724713 0.036836044022248986
0 0.6236802568293546 0.16389567917839443 0.02931211241194044 0.026528560229088664
0 0.8431810320054735 0.12541447233331285 0.0272893814724713 0.03683604402224905
0 0.09737263413748193 0.2696057455146248 0.02728938147247133 0.03683604402224911
0 0.3501643209712293 0.22557979797897793 0.03149240957545653 0.04330440976926167
0 0.333593923626949 0.062260926427680406 0.02936059432703182 0.034861893562422024
0 0.6882635901626879 0.16728034825709084 0.025193927660365035 0.03464352781540932
0 0.012113533694861974 0.2922125810341984 0.02105150195124416 0.038591828735063415
0 0.08287414415555837 0.28342479873341375 0.03146816861791084 0.039137743102595005
0 0.6279863090019087 0.1880723782587404 0.02101514051492567 0.032341828735063353
0 0.14842036104353498 0.27332239258219665 0.025193927660365153 0.034643527815409435
0 0.586452967601743 0.20880538745528035 0.0272893814724713 0.03683604402224905
0 0.6790400961473482 0.19283069199297895 0.0272893814724713 0.036836044022248986
0 0.5250794776198195 0.2201678260201768 0.02731362243001693 0.041002710688915714
0 0.22756278675265604 0.2733046751087708 0.025193927660365153 0.034643527815409435
0 0.7310688873262038 0.18618526383063738 0.02101514051492567 0.032341828735063353
0 0.8247098030172483 0.1723484931384225 0.025169686702819643 0.030476861148742707
0 0.38572643338316986 0.25243590682858563 0.0272893814724713 0.036836044022248986
0 0.5407408390561379 0.22723669757147433 0.0314681686179109 0.039137743102595005
0 0.7893779797019914 0.1850757176221481 0.02101514051492567 0.032341828735063353
0 0.2713249072314288 0.2776808487857372 0.0210393814724713 0.03650849540173008
0 0.0092067023127728 0.3295488067239389 0.014777260993698511 0.03409761344787773
0 0.8955007146748769 0.16876904417097122 0.02519392766036527 0.03464352781540932
0 0.3295915779315116 0.26927963591058124 0.029360594327031937 0.034861893562421996
0 0.019465108247596598 0.12389931252822368 0.02519392766036518 0.03464352781540937
0 0.10803777061899149 0.3128599932154898 0.02728938147247136 0.036836044022248986
0 0.04459912802189382 0.32723824890687986 0.018871204787728236 0.02181597919489041
0 0.9216332849323396 0.18575883008980043 0.02731362243001693 0.04100271068891566
0 0.44830521649519317 0.2692530597004424 0.03563483528457745 0.03935610884960769
0 0.008310481391380017 0.35449421528718567 0.012693927660365176 0.033988430574371384
0 0.6876097788167516 0.23389242348700431 0.018895445745273777 0.025982645861557015
0 0.5128461281528216 0.2653460621124721 0.02731362243001693 0.04100271068891566
0 0.31416656583126323 0.3028357643592837 0.02936059432703182 0.034861893562422114
0 0.4088309674708153 0.2859285851038219 0.018871204787728146 0.02181597919489041
0 0.44109839317993627 0.28345425297650356 0.02101514051492567 0.032341828735063416
0 0.47856809198300426 0.28021121136628424 0.02731362243001693 0.04100271068891566
0 0.20605140111584072 0.3346582549369542 0.025169686702819525 0.030476861148742766
0 0.3766847465494225 0.30923625056447374 0.03149240957545653 0.04330440976926179
0 0.006384714282093392 0.3814683657470127 0.008503020036152864 0.029603398160692032
0 0.28931201157653713 0.32652556987720766 0.02731362243001693 0.041002710688915776
0 0.6180423410073821 0.2687764638912088 0.025169686702819643 0.030476861148742766
0 0.5899718831618599 0.2766774950988732 0.0314681686179109 0.03913774310259512
0 0.013664260469987234 0.37976717247095154 0.023110594327031844 0.03453434494190309
0 0.561877184358792 0.28041185963987103 0.025193927660365035 0.03464352781540932
0 0.780348413347017 0.2439593946913696 0.02519392766036527 0.03464352781540937
0 0.07088926450340337 0.37131136815904237 0.02519392766036518 0.034643527815409435
0 0.41836353369486196 0.3135032413679338 0.025193927660365153 0.034643527815409435
0 0.8365741723894712 0.242740665609374 0.025193927660365035 0.03464352781540937
0 0.2509339713733036 0.35263068671734044 0.02933635336948619 0.030695226895755448
0 0.4673521682251273 0.32127737222866604 0.02519392766036527 0.034643527815409435
0 0.5547612646343312 0.31023805291593215 0.0272893814724713 0.03683604402224911
0 0.7701074936225561 0.27362181365717125 0.018895445745273777 0.025982645861557074
0 0.31659533280962204 0.3623199472327901 0.025193927660365153 0.034643527815409435
0 0.11171425240315497 0.4078154341924159 0.025169686702819525 0.030476861148742766
0 0.7441991522223906 0.2951736944050088 0.018895445745273777 0.025982645861557074
0 0.1751892564365711 0.39968717850102586 0.025169686702819525 0.030476861148742766
0 0.22412334881235876 0.3980863093617581 0.025193927660365153 0.034643527815409435
0 0.8420855176921253 0.29509695612647313 0.0293605943270317 0.034861893562422114
0 0.5164801882612802 0.3530098364227316 0.03149240957545653 0.04330440976926167
0 0.2730635014275329 0.39752710688915704 0.03146816861791078 0.03913774310259512
0 0.8005158148556412 0.3095799653230131 0.0272893814724713 0.03683604402224911
0 0.4551612404338344 0.373747274987628 0.0272893814724713 0.03683604402224911
0 0.9295491562558067 0.29343263681373927 0.02933635336948631 0.030695226895755448
0 0.6247892806370678 0.35452067917839436 0.025193927660365035 0.034643527815409435
0 0.6019453368430382 0.3658196675698247 0.02101514051492567 0.032341828735063416
0 0.36491058626019957 0.07535700286360877 0.018895445745273895 0.025982645861557015
0 0.04748847319361992 0.4658890984470529 0.03563483528457749 0.03935610884960769
0 0.8786953570101189 0.32304932307950074 0.029360594327031937 0.034861893562421996
0 0.20044378649080039 0.44474737298310185 0.025169686702819525 0.030476861148742766
0 0.08604226033905941 0.46999231494025345 0.025169686702819525 0.030476861148742766
0 0.4283795300542293 0.06618708050555201 0.025193927660365153 0.03464352781540937
0 0.7727423087400531 0.3685226631973443 0.02731362243001693 0.04100271068891566
0 0.8247650396795223 0.360835568368336 0.018895445745273777 0.025982645861557074
0 0.09249830847819741 0.5057365302274391 0.02519392766036518 0.034643527815409435
0 0.5512551640607835 0.42356135383558613 0.035634835284577566 0.03935610884960781
0 0.7197869954428725 0.39490516658959934 0.020942417642288547 0.019841828735063415
0 0.8508551882612801 0.3705336876204985 0.0314681686179109 0.03913774310259512
0 0.011369513265925653 0.5223117314940253 0.016921196720895967 0.044623462988050734
0 0.41188999934536086 0.4537461013106617 0.02933635336948631 0.03069522689575533
0 0.46703773028483014 0.44622278079191285 0.02936059432703182 0.034861893562422114
0 0.24341271011774943 0.49177728855664843 0.02936059432703182 0.034861893562422114
0 0.49204985076360297 0.44961630860732227 0.0272893814724713 0.036836044022248986
0 0.5459424176422888 0.04735591285865999 0.0293605943270317 0.034861893562422024
0 0.6231362243001698 0.4283698296382214 0.02933635336948631 0.03069522689575533
0 0.9549854934916285 0.36974283129581537 0.02933635336948631 0.030695226895755448
0 0.11444603135083437 0.5193829503992556 0.02519392766036518 0.034643527815409435
0 0.7188544130851613 0.41360057515284615 0.02933635336948631 0.030695226895755448
0 0.8020726018701528 0.39817622342643294 0.0314681686179109 0.03913774310259512
0 0.19559906752065176 0.5069744157993361 0.035659076242123194 0.043522775516274356
0 0.6574930435820104 0.42704634705107597 0.0293605943270317 0.034861893562422114
0 0.27675210369046915 0.4945658811994165 0.02101514051492567 0.032341828735063416
0 0.8843036661429553 0.3920722802632665 0.025145445745273776 0.0263101944820761
0 0.03231799114760081 0.5431952268957553 0.02516968670281954 0.030476861148742766
0 0.43285059770580886 0.476712930045725 0.025169686702819525 0.030476861148742766
0 0.3142763446480148 0.5006978395891972 0.0314681686179109 0.03913774310259512
0 0.7126953166759574 0.4288980265323271 0.025193927660365035 0.034643527815409435
0 0.7023331921637687 0.4377271121647955 0.03347877907860711 0.026746925976101347
0 0.41417938081783223 0.48927195085083464 0.018895445745273895 0.025982645861557074
0 0.5993657583878153 0.4594058932595652 0.0314681686179109 0.039137743102595005
0 0.8625680516488429 0.4148841934247834 0.035659076242123194 0.043522775516274356
0 0.7408687985910487 0.4387053286579961 0.025169686702819643 0.030476861148742766
0 0.12400889877181312 0.5521659399967008 0.018895445745273864 0.025982645861557074
0 0.3847325541237983 0.0816025734952523 0.02731362243001693 0.041002710688915714
0 0.7783506178728896 0.4375456203811101 0.035634835284577566 0.03935610884960781
0 0.37159831251161357 0.5089087019439548 0.03149240957545653 0.04330440976926167
0 0.6462346981484288 0.4608208412467911 0.025169686702819643 0.030476861148742766
0 0.8886278990336687 0.41937397934361254 0.02728938147247154 0.03683604402224911
0 0.048094497132261105 0.5700557651137196 0.03563483528457749 0.03935610884960781
0 0.7294831881303524 0.45060482285371123 0.018895445745273777 0.025982645861557074
0 0.8677689357271975 0.05589133348205554 0.03137120478772838 0.02247107643592837
0 0.33999542961160933 0.08863014171486606 0.025145445745273894 0.02631019448207604
0 0.9219551721276157 0.42007923865304725 0.035659076242123194 0.043522775516274356
0 0.17712177829304032 0.5528667699377791 0.03352726099369849 0.0350802593094348
0 0.306112698017501 0.5294277747618386 0.02933635336948631 0.030695226895755448
0 0.5079293808178322 0.49418518015861973 0.025193927660365153 0.034643527815409435
0 0.7086983367121105 0.45784632745198117 0.03568331719966882 0.04768944218294102
0 0.42369376632371974 0.5137216071149465 0.03149240957545653 0.04330440976926179
0 0.6660748467301867 0.4701914118784346 0.025169686702819643 0.030476861148742648
0 0.9761036580761231 0.419792993364212 0.01687271480580487 0.0362901296547174
0 0.24169299114760082 0.5541681056831422 0.03565907624212314 0.04352277551627424
0 0.0752566135776178 0.5850168091359687 0.03568331719966877 0.047689442182940904
0 0.5673043808178323 0.4972968920535504 0.0314681686179109 0.03913774310259512
0 0.30672269867214014 0.09729988240543136 0.0272893814724713 0.03683604402224905
0 0.7524907583878152 0.4674308344622809 0.0272893814724713 0.036836044022248986
0 0.024311910741133716 0.5990084954017301 0.02938483528457749 0.03902856022908878
0 0.6120657462875668 0.4944359905006033 0.035659076242123194 0.043522775516274474
0 0.3572149670780318 0.5425194218294105 0.02933635336948619 0.030695226895755448
0 0.6838740836543163 0.4867444663032385 0.037706048139137964 0.037381958389780694
0 0.5205808868024925 0.5208819440663245 0.025169686702819525 0.030476861148742766
0 0.3104490513869872 0.5588128071755178 0.03149240957545653 0.04330440976926155
0 0.8274786379090424 0.46927808457517567 0.03568331719966882 0.04768944218294114
0 0.050836313035324834 0.14637038896415205 0.02519392766036518 0.03464352781540937
0 0.13570964168060293 0.5944331124676523 0.02936059432703182 0.034861893562422114
0 0.12116873002297449 0.6009604990197747 0.02933635336948619 0.030695226895755448
0 0.41142405542040333 0.5526498432072418 0.03149240957545653 0.04330440976926155
0 0.19817934048367086 0.5925002653395091 0.025193927660365153 0.034643527815409435
0 0.2897187421232229 0.5754293117737878 0.02101514051492567 0.032341828735063416
0 0.5373081558630233 0.5321720737210418 0.025193927660365035 0.03464352781540932
0 0.3791990513869872 0.562415842001227 0.02519392766036527 0.034643527815409435
0 0.26685055737164753 0.5825616334985514 0.0314681686179109 0.03913774310259489
0 0.8525392403029066 0.48100494572391833 0.03149240957545629 0.04330440976926179
0 0.7100187743905519 0.505817585555401 0.035659076242123194 0.043522775516274356
0 0.767286200099673 0.5046534479101585 0.03149240957545653 0.04330440976926179
0 0.06302932435000633 0.6312367118949306 0.04193331719966879 0.04801699080346016
0 0.369908894738397 0.5765078524037819 0.0210393814724713 0.03650849540173008
0 0.8354651485817579 0.052115665609374 0.025096963830182516 0.017976861148742706
0 0.7361089229723099 0.5155157048075636 0.0314681686179109 0.03913774310259512
0 0.6268793687175839 0.5347836039484809 0.02931211241194044 0.026528560229088782
0 0.43547329234453286 0.5695304462525647 0.02936059432703182 0.034861893562422114
0 0.30336343285945855 0.5938473337849124 0.02936059432703182 0.034861893562422114
0 0.18791417980166447 0.617996017638644 0.03563483528457745 0.03935610884960757
0 0.49815907624212313 0.06776137343468092 0.025193927660365153 0.03464352781540937
0 0.4719376859172526 0.5724828132055922 0.03352726099369849 0.0350802593094348
0 0.037102802231681484 0.6496635926427682 0.031516650533002115 0.04747107643592822
0 0.13073765768333964 0.6347851552838865 0.02936059432703185 0.034861893562422114
0 0.3419293404836709 0.6000338836114463 0.0314681686179109 0.03913774310259512
0 0.37938085856857956 0.593665842001227 0.018871204787728264 0.02181597919489041
0 0.1578088705379002 0.6341211993061354 0.0272893814724713 0.03683604402224887
0 0.6873263365811826 0.5431582406134979 0.029360594327031937 0.034861893562422114
0 0.6197270875568047 0.5583597972245421 0.016739389539303793 0.013373462988050732
0 0.9796710555513312 0.49599843434113816 0.03149240957545629 0.04330440976926179
0 0.8267763446480149 0.5275568264717558 0.0293605943270317 0.034861893562421996
0 0.6437036016082972 0.5627404002698649 0.03568331719966882 0.04768944218294114
0 0.5355278344990105 0.5841462241808687 0.0272893814724713 0.03683604402224887
0 0.5709081397293587 0.5797523330304766 0.02519392766036527 0.034643527815409435
0 0.25468387053790015 0.6391982029241802 0.02731362243001699 0.041002710688915776
0 0.47211343285945856 0.6026911465389255 0.02936059432703182 0.034861893562422114
0 0.3857884247926263 0.6210767239550793 0.025193927660365153 0.034643527815409435
0 0.06330203512239486 0.6781117118949306 0.033527260993698516 0.0350802593094348
0 0.6749839028052292 0.5695864767057934 0.0314681686179109 0.03913774310259489
0 0.6167293525839193 0.5800710229142825 0.0272893814724713 0.03683604402224887
0 0.9049074048874012 0.5326928508949101 0.025145445745273776 0.0263101944820761
0 0.42950812359569424 0.618161230965379 0.0314681686179109 0.03913774310259512
0 0.11742628011335664 0.6736587999394286 0.03149240957545647 0.04330440976926155
0 0.5543505573716475 0.5976288700424258 0.03149240957545653 0.04330440976926179
0 0.3348658793902993 0.10189885119776691 0.012621204787728265 0.021488430574371324
0 0.3088565974439533 0.6430786243020116 0.03149240957545653 0.04330440976926155
0 0.17988385843765176 0.669642619477952 0.03149240957545647 0.04330440976926179
0 0.4586747902623609 0.6196897911944677 0.029360594327031937 0.034861893562422114
0 0.22775204318922712 0.6638204922352645 0.02731362243001699 0.04100271068891554
0 0.5294414609624437 0.6119436755603497 0.03352726099369849 0.0350802593094348
0 0.7458818152484246 0.04742080204860156 0.025096963830182516 0.017976861148742692
0 0.14866813635058174 0.1369186506856165 0.03563483528457751 0.03935610884960769
0 0.7541566297112823 0.5747770925657008 0.035634835284577566 0.03935610884960757
0 0.8852369430084629 0.5524889469299332 0.0314681686179109 0.03913774310259489
0 0.6126960111837536 0.6027693238339364 0.025145445745273776 0.0263101944820761
0 0.16434976202844792 0.6844487479266544 0.027337863387562677 0.045169377355582206
0 0.9788778586995074 0.5386521762377183 0.0293605943270317 0.034861893562422114
0 0.3609702319742186 0.6510165294730031 0.0272893814724713 0.03683604402224887
0 0.18820298776882377 0.13065979194890356 0.0210393814724713 0.036508495401730026
0 0.9310642161024097 0.5538493034804061 0.035634835284577566 0.03935610884960757
0 0.6980581356959427 0.5978708216476962 0.03149240957545653 0.04330440976926155
0 0.8281149630446156 0.5786530845751757 0.01887120478772838 0.02181597919489041
0 0.058336111364517995 0.7195054213778314 0.03146816861791084 0.03913774310259489
0 0.7199513164141019 0.6021422418195129 0.03565907624212296 0.04352277551627424
0 0.3361156777194925 0.6747063349909274 0.02936059432703182 0.034861893562422114
0 0.6170081235956942 0.6279876895809492 0.031516650533002157 0.04747107643592822
0 0.4734581114954458 0.654829071309012 0.02936059432703182 0.034861893562422114
0 0.26333839655871333 0.6948432677515388 0.03565907624212314 0.043522775516274474
0 0.4649227067389724 0.08268111412524622 0.02936059432703182 0.034861893562422024
0 0.7668566176110339 0.6098071898067388 0.0272893814724713 0.03683604402224911
0 0.1343898985099575 0.725573929594146 0.03146816861791084 0.03913774310259512
0 0.9868771843587919 0.5713805743984104 0.02624563128241609 0.03683604402224911
0 0.9156270835233885 0.585322098595775 0.03149240957545629 0.04330440976926155
0 0.6649429709805202 0.633623895671595 0.025169686702819643 0.030476861148742766
0 0.43400204318922714 0.6746295967123916 0.03149240957545653 0.04330440976926179
0 0.5557073564864077 0.6518501281458456 0.03149240957545629 0.04330440976926179
0 0.8917293525839193 0.5944831622171188 0.02519392766036527 0.034643527815409435
0 0.7565066135776177 0.6207196087725405 0.0272893814724713 0.03683604402224887
0 0.5380475050681656 0.6592554070543751 0.03149240957545653 0.04330440976926155
0 0.4704664367619468 0.6775819636654192 0.029360594327031937 0.034861893562422114
0 0.8064884328594585 0.6202149977366924 0.0314681686179109 0.03913774310259489
0 0.18648535232206365 0.7303868347651377 0.0315166505330021 0.04747107643592822
0 0.8335414649958598 0.6164260417589416 0.023146955763350262 0.040784344941902854
0 0.3768679427466072 0.6987104010243008 0.0272893814724713 0.03683604402224887
0 0.11161261734917828 0.7483312513189095 0.033478779078607225 0.026746925976101465
0 0.6546353886228089 0.6518279813040633 0.035659076242123194 0.04352277551627424
0 0.6889740271864905 0.6473794987169178 0.03149240957545653 0.04330440976926179
0 0.6348982641106199 0.6601657440057532 0.0272893814724713 0.03683604402224887
0 0.5267103765225605 0.6794882345834237 0.02733786338756256 0.045169377355582206
0 0.08357852093997448 0.7624822825265741 0.027337863387562618 0.04516937735558244
0 0.06694821570962627 0.7678588195385233 0.03146816861791084 0.03913774310259489
0 0.4664391556011677 0.70132193125174 0.0314681686179109 0.03913774310259489
0 0.35200732825249464 0.7213585398755581 0.02936059432703182 0.034861893562422114
0 0.2823247458947834 0.7364509136130958 0.03149240957545653 0.04330440976926155
0 0.42068460537985775 0.7124615747012671 0.02519392766036527 0.034643527815409435
0 0.8940187340563907 0.6300090117572918 0.025193927660365035 0.034643527815409435
0 0.21471943663101906 0.7506108035574732 0.02731362243001699 0.041002710688915776
0 0.9772551035595413 0.6177096600308787 0.02731362243001693 0.04100271068891554
0 0.34740830106600423 0.1098456151054716 0.025169686702819525 0.030476861148742707
0 0.49567854514047127 0.7153504914808285 0.0314681686179109 0.03913774310259489
0 0.6282946867028195 0.062085303028826914 0.029360594327031937 0.034861893562422044
0 0.15760351690655833 0.7778166078693824 0.03146816861791078 0.03913774310259489
0 0.11079517953980886 0.7868183265488232 0.03151665053300213 0.04747107643592822
0 0.3157368623401401 0.7517395062558639 0.02731362243001693 0.04100271068891554
0 0.9368058505017473 0.6457889273308385 0.02731362243001693 0.04100271068891554
0 0.00484541347794479 0.11688503241367934 0.008430297163515923 0.017103398160692004
0 0.7807679588802717 0.6740585451511966 0.035659076242123194 0.04352277551627424
0 0.9922976260706496 0.6435831230189294 0.015404747858700793 0.034315979194890406
0 0.3772012559128598 0.7560020676909676 0.0272893814724713 0.03683604402224887
0 0.6789027941648491 0.7062085843493862 0.031516650533002157 0.04747107643592822
0 0.47606868565539695 0.7455632541825185 0.0314681686179109 0.03913774310259512
0 0.23577699882164965 0.7902442989592032 0.035659076242123194 0.04352277551627424
0 0.007328722610781304 0.18574421528718568 0.012669686702819531 0.029821763907704715
0 0.9161179629136879 0.669697098595775 0.03149240957545653 0.04330440976926155
0 0.14945199075481735 0.8086298763753571 0.025145445745273894 0.0263101944820761
0 0.20876032812156683 0.8002832549369543 0.025193927660365153 0.034643527815409435
0 0.2836573040519978 0.7865055050498491 0.02931211241194056 0.026528560229088782
0 0.4386838302037388 0.7633896291260709 0.03149240957545653 0.04330440976926155
0 0.08187092244859867 0.8269564329864011 0.02731362243001699 0.04100271068891554
0 0.5073429266129427 0.7513676639517802 0.02933635336948619 0.030695226895755448
0 0.7070883965587134 0.7180992198083883 0.025193927660365035 0.034643527815409435
0 0.19424365742148403 0.8109773081557433 0.02101514051492567 0.032341828735063416
0 0.72375506322538 0.718972682796439 0.025169686702819643 0.030476861148742766
0 0.07568152484246278 0.8370455510325487 0.02103938147247133 0.03650849540173008
0 0.5531944406644352 0.7568946871689195 0.0272893814724713 0.03683604402224911
0 0.11420501079097022 0.8359404341924159 0.025145445745273894 0.0263101944820761
0 0.8424080993951973 0.7085294399196336 0.02731362243001693 0.04100271068891554
0 0.3732709385822632 0.7964087019439549 0.0314681686179109 0.03913774310259489
0 0.3046300228912186 0.8115556671182457 0.031516650533002157 0.047471076435928454
0 0.5054050390248831 0.7762584810782739 0.03553787145439481 0.022689442182940903
0 0.8050171837041529 0.7253141481965194 0.029457558157214455 0.051528560229088784
0 0.2848747176608704 0.8167684298199355 0.02733786338756256 0.045169377355582206
0 0.6052717137583822 0.7585825923399112 0.025169686702819643 0.030476861148742766
0 0.22455501482438636 0.8302687931549184 0.025145445745273894 0.0263101944820761
0 0.15278303889395536 0.8442103173522831 0.02728938147247136 0.03683604402224887
0 0.9882582244310977 0.6933647572719167 0.023483551137804662 0.047252710688915775
0 0.6594020189887303 0.755171347051076 0.0314681686179109 0.03913774310259489
0 0.1986224324666751 0.8476540072360893 0.025169686702819525 0.030476861148742766
0 0.13101712320291078 0.8618138971804666 0.025193927660365153 0.034643527815409435
0 0.9216353684557281 0.723095055779541 0.03347877907860711 0.026746925976101465
0 0.7094323201856624 0.7630000693485612 0.0314681686179109 0.03913774310259489
0 0.9476649146436221 0.7223765083650368 0.03149240957545629 0.04330440976926179
0 0.8833878754878111 0.05566853836668639 0.016775750975622117 0.019623462988050674
0 0.2455034927060615 0.8511522885566485 0.03149240957545647 0.04330440976926155
0 0.2694436453212356 0.8492828916019713 0.02731362243001693 0.04100271068891554
0 0.3547572879183332 0.8360510560823978 0.016872714805804635 0.0362901296547174
0 0.1993461886540637 0.07709363108652174 0.018871204787728264 0.02181597919489035
0 0.5659610911974373 0.8033831177432909 0.0272893814724713 0.03683604402224911
0 0.6585421595036559 0.7863667556143227 0.02728938147247154 0.03683604402224887
0 0.9030126334828429 0.743987409917984 0.035659076242123194 0.043522775516274474
0 0.8853285411070552 0.7472260221598468 0.02101514051492567 0.032341828735063416
0 0.09265726371783645 0.8910440140205994 0.03146816861791084 0.03913774310259512
0 0.615912609282346 0.7976701733741095 0.02731362243001693 0.04100271068891554
0 0.18109590631493414 0.8779759528112854 0.02731362243001699 0.041002710688915776
0 0.37354970959403816 0.8443253686106215 0.031516650533002157 0.04747107643592822
0 0.22478530392107 0.8698521264882518 0.02731362243001699 0.041002710688915776
0 0.5920027578641041 0.80474790366212 0.020942417642288783 0.019841828735063415
0 0.49527320360937793 0.8246709000440755 0.0272893814724713 0.03683604402224887
0 0.8541815651766241 0.763296612390585 0.04193331719966883 0.04801699080346016
0 0.44224516743956044 0.8385534034363306 0.031516650533002157 0.04747107643592822
0 0.2403408632566348 0.14276436378656196 0.02936059432703182 0.034861893562421996
0 0.12083680587231417 0.901892982812935 0.02933635336948619 0.030695226895755448
0 0.20509060108458593 0.8854815558566084 0.03149240957545647 0.04330440976926155
0 0.4755603200547346 0.8371753294124319 0.03568331719966882 0.04768944218294114
0 0.29666636416045644 0.8746606022908872 0.03568331719966882 0.047689442182940904
0 0.14792013920564748 0.9033123601685173 0.03146816861791078 0.03913774310259489
0 0.34140348867264536 0.8676330340712733 0.03570755815721446 0.05185610884960757
0 0.8500424216757049 0.051838279057251684 0.029251510018076486 0.016111893562422028
0 0.9915710918520764 0.7497785315821762 0.016857816295847292 0.030258495401730083
0 0.7398467016581338 0.7999998876810698 0.0293605943270317 0.034861893562422114
0 0.5266504686364926 0.8481836431466704 0.03568331719966882 0.047689442182940904
0 0.6722838140700742 0.821451444292114 0.0272893814724713 0.03683604402224887
0 0.41637924771509977 0.8673969508508347 0.031516650533002157 0.04747107643592822
0 0.17193301469345854 0.9139429632138402 0.02731362243001699 0.041002710688915776
0 0.9625512599462759 0.7752241218129146 0.0314681686179109 0.03913774310259489
0 0.7690557900005053 0.8088201145768252 0.02731362243001693 0.041002710688915776
0 0.9344929225795264 0.7852084863539124 0.02731362243001693 0.04100271068891554
0 0.5922391072001739 0.84537290366212 0.03352726099369837 0.0350802593094348
0 0.1324527054296942 0.9295768219505531 0.033527260993698516 0.0350802593094348
0 0.7004754767033248 0.8343837464177829 0.01692119672089589 0.044623462988050734
0 0.4997125810484331 0.8717642657910881 0.03149240957545653 0.04330440976926155
0 0.6453641072001741 0.8481570669365316 0.02101514051492567 0.032341828735063416
0 0.559026978654569 0.864459311019352 0.02731362243001693 0.041002710688915776
0 0.823252757864104 0.8168672026213233 0.03149240957545629 0.04330440976926179
0 0.9916498749640998 0.7851951982488429 0.016700250071800347 0.046925162068396746
0 0.71092850480631 0.8411796607853146 0.025169686702819643 0.030476861148742766
0 0.36556180990573034 0.9032636371165962 0.02931211241194044 0.026528560229088782
0 0.2698921030358301 0.9263662249353046 0.02936059432703182 0.034861893562422114
0 0.8763716976247177 0.8186096992290681 0.03988634530265405 0.05415780792995359
0 0.35521180587231416 0.9141760560823978 0.02933635336948619 0.030695226895755448
0 0.6163307658000083 0.8695451733741095 0.0314681686179109 0.03913774310259489
0 0.33025422754801903 0.9201575282669884 0.02933635336948619 0.030695226895755448
0 0.6673481915091294 0.8680534871083481 0.02728938147247154 0.03683604402224887
0 0.9315921514368237 0.8235863787103194 0.035634835284577566 0.03935610884960757
0 0.24397164115689166 0.9458347723498088 0.03352726099369849 0.0350802593094348
0 0.2086155768840891 0.9543953301668677 0.02936059432703182 0.034861893562422114