0 0.6380543612073507 0.22082128153300978 0.01102336841114564 0.010659117274537049
0 0.6608496875251216 0.2192713395369913 0.00477336841114564 0.010513646909814807
0 0.4483394138240692 0.23200943540898186 0.010659347364458208 0.004409117274537048
0 0.5167860629518297 0.228401276087593 0.0044093473644582085 0.004263646909814867
0 0.6236530383973611 0.22360685068199126 0.01102336841114564 0.010659117274537049
0 0.3903701015374233 0.2369017120049077 0.010659347364458208 0.004409117274537048
0 0.48167274715740255 0.23278527735416704 0.0044093473644582085 0.004263646909814867
0 0.5303883997929443 0.22975812854449115 0.0044093473644582085 0.004263646909814807
0 0.5417860629518297 0.22898315754648194 0.004409347364458445 0.004263646909814807
0 0.674573364715132 0.22271152532722277 0.00477336841114564 0.010513646909814867
0 0.687073364715132 0.22300246605666724 0.00477336841114564 0.010513646909814807
0 0.6124980559362673 0.22854848834666716 0.01102336841114564 0.010659117274537049
0 0.3551354453941003 0.23920237993814844 0.0044093473644582085 0.004263646909814807
0 0.705823364715132 0.2234388771508339 0.00477336841114564 0.010513646909814867
0 0.412427112060767 0.24053585828143553 0.00477336841114564 0.010513646909814807
0 0.4042151190763294 0.24242523112847256 0.010659347364458208 0.004409117274537048
0 0.3938591225841107 0.24322444718726882 0.0044093473644582085 0.004263646909814807
0 0.3794577997741211 0.2460100163362503 0.010659347364458208 0.004409117274537048
0 0.3422611506463606 0.2503455274812503 0.01102336841114564 0.010659117274537049
0 0.33398848748747506 0.25119323366162066 0.0044093473644582085 0.004263646909814807
0 0.07723160665792081 0.379409988221713 0.03992680697791598 0.042539488854999995
0 0.27901158911901464 0.378905196681065 0.07323959290914459 0.0786835073452778
0 0.5344728768511919 0.37132781496800965 0.017880070155624612 0.021221254305925898
0 0.3965379119290043 0.3785198885500003 0.017880070155624612 0.021221254305925898
0 0.8759071365211194 0.35742943996694515 0.0651489402736028 0.08265621352564818
0 0.542927550533421 0.37360510878763925 0.007099382442270515 0.014728803698055515
0 0.4184735821034522 0.38007070149319483 0.03992680697791589 0.042539488854999995
0 0.2245312978790561 0.39012020845935197 0.017880070155624612 0.021221254305925898
0 0.7050635294867337 0.3711373382704172 0.10815035077812306 0.10654268262379638
0 0.2445049750690665 0.3937058646143058 0.017880070155624612 0.021221254305925898
0 0.46044359964235837 0.3862488372580096 0.01102336841114564 0.010659117274537049
0 0.10877468382910793 0.4030297616512038 0.049109522753519916 0.057316782674629724
0 0.324591968053504 0.3934894009615743 0.01102336841114564 0.010659117274537049
0 0.5382652487701188 0.38285888348370406 0.017880070155624612 0.021221254305925898
0 0.5476402487701189 0.38307708903078747 0.01102336841114564 0.010659117274537049
0 0.629689234738994 0.3808257821662968 0.017880070155624612 0.021221254305925898
0 0.4399136171812645 0.3909722693756022 0.02044876488454115 0.02960307776083333
0 0.15454734698799336 0.40305487765916675 0.02044876488454115 0.02960307776083333
0 0.19817600663909754 0.40198983687888906 0.02706278593122858 0.03599854812555563
0 0.14020669435245162 0.4068821134748149 0.020206084186749608 0.025436411094166663
0 0.17544135049577456 0.4045814455415742 0.020206084186749608 0.025436411094166663
0 0.052949375050243226 0.4090121950353704 0.06318694728916528 0.08469105673740743
0 0.48985294700681664 0.3910943656267134 0.020206084186749608 0.02543641109416678
0 0.5947579294679104 0.38833478343287087 0.017880070155624612 0.021221254305925898
0 0.8488741996611816 0.3755248233256951 0.038571515737957425 0.054990998733426014
0 0.4650349575301603 0.3936374841678244 0.011266049108937182 0.014825783941203714
0 0.9578245084400463 0.3707788880416674 0.011266049108937182 0.014825783941203714
0 0.18696035400355585 0.40588980787689827 0.011508729806728842 0.01899245060787038
0 0.24204734698799335 0.40509146276527797 0.0112660491089373 0.014825783941203714
0 0.45155396103794154 0.39436396504425963 0.020206084186749487 0.025436411094166663
0 0.34156198559241013 0.3990856552675003 0.013834743837853835 0.02320760739611103
0 0.3873346487512956 0.39911077127546324 0.024615431551207816 0.02970005800398141
0 0.9672601786144942 0.3720387602554175 0.011023368411145876 0.010659117274537049
0 0.910332532994515 0.3769552819121304 0.02437275085341639 0.025533391337314863
0 0.32109267330576424 0.4048507540517595 0.02204673682229128 0.021318234549074097
0 0.6500876031501396 0.3917031049879172 0.017880070155624612 0.021221254305925898
0 0.3585926733057642 0.40572357624009286 0.031229452597895245 0.03609552836870371
0 0.5318836347201706 0.3983141680581949 0.028903438566770252 0.031880371580462946
0 0.6065196136734834 0.39380981243486163 0.011266049108937182 0.014825783941203714
0 0.9800028593122858 0.3764963676515286 0.01763738945783307 0.01705458763925923
0 0.9871345209055131 0.37579413183588045 0.02573095818897381 0.08832433206675934
0 0.823378564564546 0.3842936968060192 0.03563879996235357 0.04035917527851858
0 0.8048105750878897 0.38698228571185245 0.02437275085341639 0.025533391337314745
0 0.937597876851192 0.38071065349259336 0.01150872980672896 0.01899245060787038
0 0.6346446136734833 0.3944644290761116 0.020206084186749726 0.025436411094166663
0 0.6211636171812646 0.3951909099525468 0.031229452597895127 0.03609552836870371
0 0.9479538733434106 0.379911437433797 0.020206084186749726 0.02543641109416678
0 0.374399683829108 0.40921225215189844 0.024372750853416156 0.025533391337314745
0 0.33413870487579533 0.41451669478120395 0.024372750853416274 0.025533391337314863
0 0.9225795785956711 0.3907636442474544 0.020206084186749726 0.02543641109416678
0 0.7818836347201706 0.40413298264708397 0.0651489402736028 0.08265621352564818
0 0.5776460241780037 0.4160233723387042 0.06539162097139434 0.08682288019231497
0 0.959826624196827 0.4051538880416674 0.02866075786897871 0.027713704913796277
0 0.4267154241591805 0.4322752601304633 0.053518870117978186 0.06158042958444447