0 0.5159053769040034 0.2945210007086302 0.10994450022578957 0.1541595770847002
0 0.04226645296271379 0.2897920118629981 0.08453290592542757 0.1469757944738492
0 0.7719458698937037 0.34879727741276956 0.09613430574371336 0.12865024111514506
0 0.36378074023898627 0.34886808040476486 0.1055594678121101 0.14982313176151518
0 0.8819848258714545 0.3804221898079695 0.1112635534445784 0.13966113307962616
0 0.6315525237457857 0.39840291508099646 0.11180946781211011 0.15007779974629282
0 0.878684202472601 0.08486651918697014 0.08244215287185667 0.06572579447384917
0 0.2577712528277813 0.43954261465086086 0.08670028493860388 0.1469757944738492
0 0.7649241700589218 0.08440671746351101 0.07925813206674709 0.0843060158173308
0 0.027677970752786253 0.49427878590612834 0.055355941505572506 0.15939090514559004
0 0.16140529323198574 0.5055567062099937 0.08988430574371348 0.12839557313036754
0 0.07846738806099401 0.5543718004053482 0.10566865068561651 0.1519064650948484
0 0.1949201183490045 0.5831263807853256 0.1114819191915912 0.1438277997462928
0 0.8208526021421647 0.6107189572605451 0.11564858585825798 0.14399757840281116
0 0.4846716553609538 0.6116351087441492 0.11432953263946881 0.15849602240788532
0 0.3220078810506943 0.6081387411399324 0.10588701643262913 0.15607313176151508
0 0.5945468370284452 0.6463850211393491 0.10194757424968799 0.12057157576658947
0 0.4892144813811306 0.0867429927999648 0.10490437057107217 0.1373231317615152
0 0.6755829006497891 0.6736964829389204 0.09657103723773872 0.1369835744484784
0 0.9211978682361097 0.6878800903401713 0.08845606965141807 0.14081068380210837
0 0.621451556611044 0.09317513181108993 0.08933839137618188 0.11797890646370088
0 0.13444730891017906 0.08377014032923605 0.11432953263946886 0.15849602240788527
0 0.21152632519408604 0.8040640533834915 0.1131196622941862 0.1750777997462928
0 0.6478799050222696 0.843765812317921 0.11454789838648148 0.162662689074552
0 0.3307765068615775 0.8391959677558577 0.10523191919159108 0.14357313176151507
0 0.9044663123795015 0.8876254223553938 0.08307953263946881 0.1572226824839973
0 0.43380118272478413 0.8851495454996134 0.11740437057107206 0.13783246773107033
0 0.7963557741615372 0.8988786219500455 0.12255368309929579 0.15675224638758867
0 0.5317267081281637 0.926756999365732 0.12430946781211011 0.14648600126853614
0 0.13205868611703925 0.9260929268944198 0.12376355344457851 0.14017046904918118
0 0.2735437486810904 0.11866683665339796 0.1052319191915912 0.14357313176151518
0 0.9717333725315228 0.1418964282868928 0.04603398160692009 0.08503111989851711
0 0.3967378018998794 0.138301085018153 0.10051933815739282 0.13298668643833017
0 0.04438594075113666 0.1489972332064797 0.08155097241038016 0.1280560158173308
0 0.8144785798281835 0.05510917201347235 0.044514280114544155 0.016366009226776303