0 0.32901451913739543 0.34684465830898126 0.006674446641295854 0.010562137031388847
0 0.9800561858040621 0.33169149531708253 0.013179114626073367 0.016957607396111147
0 0.899932741798988 0.3356416983310178 0.013179114626073367 0.01695760739611103
0 0.91776840912471 0.3383545322976381 0.010841113307962521 0.010659117274537049
0 0.5708509644605805 0.3453864708730551 0.008927558631147766 0.014777293819629615
0 0.8511017424580434 0.3399062161880086 0.013179114626073603 0.016957607396111147
0 0.937644965119636 0.3399772094760178 0.010841113307962757 0.010659117274537049
0 0.9994455375661606 0.33849826076800843 0.001108924867678714 0.010513646909814867
0 0.956394965119636 0.33954079838185103 0.013179114626073367 0.01695760739611103
0 0.3553532984529692 0.35353019845597194 0.013179114626073603 0.01695760739611103
0 0.9252298544478952 0.3423514835387955 0.013179114626073367 0.016957607396111147
0 0.8668965211145618 0.34370920694286966 0.013179114626073367 0.016957607396111147
0 0.32731318778122837 0.3562681484305553 0.006674446641295854 0.010562137031388847
0 0.3440222991120247 0.3569218941246293 0.01084111330796264 0.010659117274537049
0 0.9937375932315587 0.3428346428601844 0.012524813536882581 0.01695760739611103
0 0.760731410442821 0.34826553647648084 0.013179114626073367 0.016957607396111147
0 0.829481410442821 0.3466653624645364 0.013179114626073367 0.01695760739611103
0 0.7555230771094876 0.34838676178041605 0.013179114626073367 0.016957607396111147
0 0.801356410442821 0.3473199791057864 0.013179114626073367 0.016957607396111147
0 0.7909821884402838 0.3486040963803234 0.010841113307962757 0.010659117274537049
0 0.9118579664377469 0.34683333599569366 0.013179114626073367 0.01695760739611103
0 0.5796936337634688 0.35769251038675876 0.0066744466412960906 0.010562137031388847
0 0.6859436337634688 0.35521951418648096 0.0066744466412960906 0.010562137031388847
0 0.8827761890993393 0.3495955310310641 0.010841113307962757 0.010659117274537049
0 0.6130269670968022 0.35691666844157355 0.008927558631147766 0.014777293819629615
0 0.846317855766006 0.35044410815861043 0.013179114626073367 0.016957607396111147
0 0.5474868564250615 0.3605274406044903 0.006674446641295854 0.010562137031388847
0 0.7068618564250614 0.35681794630407354 0.013179114626073603 0.01695760739611103
0 0.8922360784275986 0.3514606588173141 0.013179114626073603 0.01695760739611103
0 0.5172360784275986 0.3601888807006477 0.008927558631147647 0.014777293819629615
0 0.7454035230917281 0.3559208790549531 0.013179114626073603 0.016957607396111147
0 0.5631967457533207 0.36224709802601807 0.013179114626073367 0.016957607396111147
0 0.7746550790866541 0.3573253506862494 0.013179114626073367 0.01695760739611103
0 0.8163217457533207 0.35635554825476784 0.013179114626073367 0.016957607396111147
0 0.3111134124199873 0.3681144027364812 0.013179114626073485 0.016957607396111147
0 0.3225717457533206 0.3678477070678238 0.013179114626073485 0.016957607396111147
0 0.7143233017482465 0.3608148975452309 0.013179114626073367 0.016957607396111147
0 0.3831157464123761 0.36956649354217563 0.008927558631147647 0.014777293819629615
0 0.7289066350815799 0.3604754666942124 0.010841113307962757 0.010659117274537049
0 0.5966149684149132 0.3635545894141662 0.008927558631147766 0.014777293819629615
0 0.2508240797457094 0.37264561626212944 0.013179114626073485 0.016957607396111147
0 0.41640663508157977 0.36774898493032376 0.013179114626073603 0.01695760739611103
0 0.4341149684149131 0.3673368188969441 0.006674446641295854 0.010562137031388847
0 0.44765663508157977 0.3670216331067126 0.013179114626073603 0.01695760739611103
0 0.7602839690739686 0.36287311487060125 0.013179114626073367 0.016957607396111147
0 0.7935748577431724 0.3610556062587494 0.013179114626073367 0.01695760739611103
0 0.6196589690739686 0.36614619807685134 0.013179114626073367 0.01695760739611103
0 0.460241524409839 0.36881402571060146 0.008927558631147647 0.014777293819629615
0 0.9154498577431724 0.3582189341466659 0.013179114626073367 0.016957607396111147
0 0.366491524409839 0.3709960811814349 0.013179114626073485 0.01695760739611103
0 0.39982485774317233 0.37022023923624964 0.013179114626073485 0.016957607396111147
0 0.5300756357406352 0.36823127330453664 0.013179114626073485 0.016957607396111147
0 0.34370219173556116 0.3746544725187497 0.013179114626073603 0.016957607396111147
0 0.4676180804047648 0.37072764361842553 0.013179114626073485 0.01695760739611103
0 0.9874521917355611 0.3596710249523603 0.013179114626073367 0.016957607396111147
0 0.29582796973302405 0.37681141198162016 0.008927558631147766 0.014777293819629615
0 0.8187870810638203 0.36568205813319377 0.010841113307962757 0.010659117274537049
0 0.5760787477304868 0.3713311572965736 0.008927558631147766 0.014777293819629615
0 0.5896204143971535 0.37101597150634213 0.013179114626073367 0.01695760739611103
0 0.2864529697330241 0.37702961752870345 0.008927558631147766 0.014777293819629615
0 0.8417461923946166 0.36619033346254565 0.013179114626073367 0.016957607396111147
0 0.272953747730487 0.37838646998560166 0.013179114626073485 0.01695760739611103
0 0.6876219703920795 0.3708202691256938 0.006674446641295854 0.010562137031388847
0 0.9972870398728547 0.3635225058287955 0.005425920254290635 0.016957607396111147
0 0.3001219703920795 0.37983943173847196 0.006674446641295973 0.010562137031388847
0 0.35845530372541284 0.37848170833439787 0.008927558631147647 0.014777293819629615
0 0.5115803037254129 0.37491768439870327 0.013179114626073485 0.016957607396111147
0 0.5459553037254127 0.37411759739273104 0.008927558631147766 0.014777293819629615
0 0.7251219703920795 0.36994744693736054 0.013179114626073603 0.016957607396111147
0 0.43245608172287575 0.37780197568518487 0.006674446641295973 0.010562137031388847
0 0.599165193053672 0.37496443262592544 0.006674446641295854 0.010562137031388847
0 0.7335826377178016 0.37287848645106425 0.010841113307962757 0.010659117274537049
0 0.7471243043844683 0.3725633006608327 0.013179114626073367 0.016957607396111147
0 0.2825409710511349 0.3833765977718516 0.008927558631147647 0.014777293819629615
0 0.3722091937127275 0.3833748558774997 0.008927558631147647 0.014777293819629615
0 0.8930425270460608 0.37125232548398074 0.013179114626073367 0.01695760739611103
0 0.9045008603793941 0.37098562981532335 0.013179114626073367 0.016957607396111147
0 0.9420008603793941 0.37011280762698995 0.010841113307962757 0.010659117274537049
0 0.43991752704606074 0.38179892692634226 0.013179114626073603 0.016957607396111147
0 0.9253341937127274 0.37050072859958255 0.010841113307962757 0.010659117274537049
0 0.8775024163743199 0.37369933472911965 0.013179114626073367 0.01695760739611103
0 0.9493774163743199 0.3720264255348141 0.013179114626073367 0.016957607396111147
0 0.22958574970765333 0.38877976253865726 0.013179114626073485 0.016957607396111147
0 0.8566266383768572 0.3731425692781938 0.013348893282591708 0.021124274062777695
0 0.45875241637432 0.3834458491655089 0.006674446641295973 0.010562137031388847
0 0.49208574970765334 0.3826700072203237 0.013179114626073485 0.016957607396111147
0 0.7067539723692458 0.3797588580315272 0.013179114626073367 0.016957607396111147
0 0.4213373057025792 0.38640200468717556 0.013348893282591945 0.021124274062777695
0 0.33800397236924584 0.38834160955013863 0.013179114626073485 0.016957607396111147
0 0.8349638616975049 0.37886004888805486 0.010841113307962757 0.010659117274537049
0 0.32458963969496796 0.3917817953403701 0.013179114626073485 0.01695760739611103
0 0.8099638616975049 0.37944193034694373 0.010841113307962757 0.010659117274537049
0 0.9151721950308382 0.37699317920745296 0.010841113307962757 0.010659117274537049
0 0.7798828623565605 0.38327003710976787 0.013179114626073603 0.01695760739611103
0 0.6236328623565605 0.3869067962278236 0.013348893282591945 0.021124274062777816
0 0.7152995290232271 0.38477323087856424 0.013179114626073603 0.016957607396111147
0 0.6091344183514863 0.3893295604121754 0.013179114626073367 0.016957607396111147
0 0.24038441835148633 0.39791231193078686 0.013179114626073485 0.016957607396111147
0 0.6966344183514863 0.3872929753060642 0.0066744466412960906 0.010562137031388847
0 0.444551085018153 0.39316028001652736 0.006674446641295854 0.010562137031388847
0 0.45817764101307884 0.39492842755962926 0.013179114626073603 0.01695760739611103
0 0.3477609743464122 0.3974984040030553 0.013348893282591945 0.021124274062777816
0 0.5769276410130788 0.39216449062990694 0.008927558631147766 0.014777293819629615
0 0.5602609743464122 0.39255241160249954 0.008927558631147766 0.014777293819629733
0 0.7550950856772085 0.3890602519019902 0.013179114626073367 0.01695760739611103
0 0.9258435296822827 0.38300072859958256 0.013179114626073367 0.016957607396111147
0 0.5905541970080047 0.39393263817300883 0.013179114626073367 0.01695760739611103
0 0.8759708636746714 0.3872894915173604 0.017345781292740035 0.01705458763925923
0 0.5467617523438751 0.3939092640593977 0.019683782610851117 0.02335307776083333
0 0.2780541970080047 0.40120615640912016 0.013179114626073485 0.016957607396111147
0 0.43947008567720847 0.3964065053204626 0.013179114626073485 0.016957607396111147
0 0.7353458636746714 0.39056257472361045 0.013179114626073367 0.01695760739611103
0 0.8364299750054677 0.3892524704939345 0.013179114626073367 0.01695760739611103
0 0.9146398643337269 0.38951742426824 0.013179114626073367 0.016957607396111147
0 0.3895974196695972 0.4006952682382404 0.013179114626073485 0.016957607396111147
0 0.7198906423311898 0.3950929173020827 0.013348893282591945 0.021124274062777695
0 0.5261830869953193 0.40064416527513846 0.008927558631147647 0.014777293819629615
0 0.681348975664523 0.39598998455120316 0.010841113307962757 0.010659117274537049
0 0.8084323089978563 0.3930320871351845 0.013179114626073367 0.016957607396111147
0 0.36780730899785646 0.40328774784810156 0.008927558631147766 0.014777293819629615
0 0.6991421983261156 0.39766115185115686 0.010841113307962521 0.010659117274537049
0 0.9658513096569119 0.3924960829563418 0.013179114626073603 0.016957607396111147
0 0.48872553165944893 0.40255865413013847 0.01084111330796264 0.010659117274537049
0 0.35551953231850436 0.40878702191087934 0.013179114626073603 0.016957607396111147
0 0.5076028656518378 0.4052472430359718 0.013348893282591945 0.021124274062777816
0 0.42218619898517107 0.4072353380205089 0.008927558631147647 0.014777293819629733
0 0.45447786565183773 0.40648374113611074 0.008927558631147647 0.014777293819629733
0 0.9565187543210415 0.3937559551700918 0.013179114626073603 0.016957607396111147
0 0.5910210883134303 0.40539097150634207 0.010841113307962757 0.010659117274537049
0 0.7597710883134302 0.40146327165884194 0.013179114626073367 0.01695760739611103
0 0.7858551996442266 0.40189881180583265 0.010841113307962757 0.010659117274537049
0 0.4441460883134302 0.4088095250773145 0.013179114626073603 0.01695760739611103
0 0.8577726443083561 0.4012675692781938 0.008927558631147766 0.014777293819629733
0 0.9473559776416894 0.3991824940505085 0.013179114626073367 0.016957607396111147
0 0.7348984223058191 0.4051701531177309 0.013179114626073367 0.01695760739611103
0 0.8223559776416894 0.402091901344953 0.013179114626073367 0.01695760739611103
0 0.43389920030328194 0.4132186423518515 0.013179114626073485 0.01695760739611103
0 0.6953575336366152 0.407133132094305 0.013179114626073367 0.016957607396111147
0 0.5340265342956708 0.41401611651629583 0.013179114626073367 0.016957607396111147
0 0.5934015342956708 0.4126341480514347 0.013179114626073367 0.016957607396111147
0 0.4933590896315412 0.4139200072203237 0.013179114626073603 0.016957607396111147
0 0.6163182009623375 0.41210075671411983 0.0066744466412960906 0.010562137031388847
0 0.36431975695726326 0.42005139475791636 0.006674446641295973 0.010562137031388847
0 0.3236947569572633 0.4209969521286109 0.008927558631147647 0.014777293819629615
0 0.4132780902905966 0.41891187690092563 0.013179114626073485 0.01695760739611103
0 0.39873720162139287 0.42029297441861074 0.008927558631147647 0.014777293819629733
0 0.4643197569572633 0.4177238689223607 0.013348893282591945 0.021124274062777695
0 0.4549447569572633 0.4179420744694441 0.013179114626073485 0.01695760739611103
0 0.9404463129521891 0.4087272094760177 0.013179114626073367 0.01695760739611103
0 0.7216963129521891 0.4138186722412957 0.010841113307962757 0.010659117274537049
0 0.7446129796188558 0.41328528090398087 0.013179114626073367 0.01695760739611103
0 0.6769470909496521 0.415902876521805 0.010841113307962757 0.010659117274537049
0 0.9270319802779113 0.41216739526624924 0.013179114626073367 0.016957607396111147
0 0.7978653136112447 0.41517378280384193 0.0066744466412960906 0.010562137031388847
0 0.556198646944578 0.4207986369064347 0.013179114626073367 0.01695760739611103
0 0.3906160916087075 0.42569526823824044 0.013179114626073485 0.016957607396111147
0 0.7917002029395038 0.4174025865018975 0.010841113307962757 0.010659117274537049
0 0.6218660916087074 0.420312864743518 0.008927558631147766 0.014777293819629615
0 0.5760752029395039 0.42242131408481437 0.013179114626073367 0.01695760739611103
0 0.8708668696061704 0.4155599618820826 0.013179114626073367 0.016957607396111147
0 0.5197827582753741 0.4226888807006477 0.008927558631147647 0.014777293819629615
0 0.8604926476036333 0.41684407915661964 0.013179114626073367 0.016957607396111147
0 0.8928267589344296 0.4171341489388881 0.013179114626073367 0.016957607396111147
0 0.44386842560109635 0.42758377013810145 0.013179114626073603 0.01695760739611103
0 0.7678692035985591 0.4210852228999994 0.013348893282591708 0.021124274062777816
0 0.8459517589344296 0.41822517667430487 0.013179114626073367 0.016957607396111147
0 0.5969934256010964 0.42401974620240696 0.013179114626073367 0.01695760739611103
0 0.5689957595934849 0.42779936284365694 0.013179114626073367 0.016957607396111147
0 0.9804116482626888 0.4171808971661103 0.013179114626073367 0.01695760739611103
0 0.7168699815960221 0.4233148975452309 0.013179114626073367 0.016957607396111147
0 0.5439533149293555 0.4273395776358792 0.013179114626073367 0.016957607396111147
0 0.9095783149293555 0.41882956129962884 0.013179114626073367 0.01695760739611103
0 0.9242040929268183 0.41953179711527705 0.013179114626073367 0.01695760739611103
0 0.37416164826268883 0.43129152254416636 0.013179114626073603 0.016957607396111147
0 0.49712075959348506 0.42947227203796257 0.01084111330796264 0.010659117274537049
0 0.40970564892174427 0.43359219047740705 0.013179114626073485 0.01695760739611103
0 0.6794548709242814 0.42627105306689755 0.013179114626073603 0.01695760739611103
0 0.689871537590948 0.4260286024590272 0.008927558631147766 0.014777293819629733
0 0.5325798709242814 0.42968960663787 0.010841113307962521 0.010659117274537049
0 0.3889572049166701 0.4361604250264811 0.013179114626073603 0.01695760739611103
0 0.5014147602525405 0.43250029179481436 0.004336445323185009 0.004263646909814867
0 0.42541553825000344 0.43531184789893484 0.008927558631147647 0.014777293819629615
0 0.7868738715833369 0.42689881180583267 0.013179114626073367 0.01695760739611103
0 0.9670822049166701 0.42270441628967514 0.013348893282591945 0.021124274062777816
0 0.40249887158333675 0.4358452392362497 0.013179114626073603 0.016957607396111147
0 0.34520720491667006 0.43717871757953675 0.013179114626073603 0.016957607396111147
0 0.7473754275782627 0.4299034574490735 0.010841113307962757 0.010659117274537049
0 0.6172095389090588 0.43397575671411986 0.013179114626073367 0.016957607396111147
0 0.46104442823731806 0.4396958491655089 0.013179114626073485 0.01695760739611103
0 0.36104442823731814 0.44202337500106453 0.013348893282591945 0.021124274062777816
0 0.7266269835731886 0.4324716919981475 0.013179114626073367 0.01695760739611103
0 0.7037952062347811 0.4350884166687957 0.013179114626073367 0.016957607396111147
0 0.9433785395681143 0.429512052687777 0.013179114626073367 0.016957607396111147
0 0.5027535395681144 0.43976771340069404 0.006674446641295854 0.010562137031388847
0 0.499670984232244 0.4408821152497218 0.006674446641295854 0.010562137031388847
0 0.5789225402271697 0.44112282396324026 0.008927558631147766 0.014777293819629615
0 0.662255873560503 0.43918321910027724 0.013179114626073367 0.016957607396111147
0 0.5217157628887623 0.4445396356398607 0.004336445323185009 0.004263646909814867
0 0.9311756522170215 0.4370946600838881 0.013348893282591945 0.021124274062777695
0 0.39059309688115107 0.4507195132990275 0.013179114626073603 0.016957607396111147
0 0.6093006522170216 0.4445863838670828 0.0066744466412960906 0.010562137031388847
0 0.4125529862094103 0.452293700355833 0.008927558631147647 0.014777293819629615
0 0.45626054154528073 0.45023374113611075 0.008927558631147647 0.014777293819629733
0 0.4875529862094103 0.4505480559791663 0.008927558631147647 0.014777293819629615
0 0.8625105415452807 0.4407781674291659 0.013348893282591708 0.021124274062777816
0 0.6875529862094102 0.445893004308055 0.0066744466412960906 0.010562137031388847
0 0.5906779862094103 0.4481477949612495 0.008927558631147766 0.014777293819629615
0 0.46059698686846573 0.4543034275596292 0.008927558631147647 0.014777293819629733
0 0.6178462088710027 0.44960075671411986 0.008927558631147766 0.014777293819629615
0 0.6782628755376694 0.4481945431884717 0.013179114626073367 0.016957607396111147
0 0.43759543087353986 0.4527534855636108 0.008927558631147647 0.014777293819629615
0 0.5606818761967249 0.454059235057407 0.008927558631147766 0.014777293819629615
0 0.8179310981992619 0.44702903837634195 0.013179114626073367 0.01695760739611103
0 0.9429310981992619 0.4441196310818974 0.013179114626073367 0.016957607396111147
0 0.5096826541941879 0.45628890970263847 0.013179114626073603 0.016957607396111147
0 0.7503076541941878 0.4506883006608327 0.013179114626073367 0.016957607396111147
0 0.8555159875275211 0.44823954952134193 0.013179114626073367 0.016957607396111147
0 0.7346826541941878 0.4510519765726383 0.013179114626073367 0.016957607396111147
0 0.3253076541941879 0.4605802854619442 0.013348893282591945 0.021124274062777816
0 0.9846826541941878 0.4452331619837492 0.010841113307962757 0.010659117274537049
0 0.7118084321916508 0.45262703457661974 0.013179114626073603 0.01695760739611103
0 0.9138493208608545 0.44688182611726773 0.010841113307962757 0.010659117274537049
0 0.5430159875275211 0.4555130677574533 0.008927558631147766 0.014777293819629733
0 0.8315576541941877 0.4487971859194438 0.013179114626073367 0.016957607396111147
0 0.5055159875275212 0.4563858899457866 0.006674446641295854 0.010562137031388847
0 0.5794743208608544 0.45466449062990694 0.008927558631147766 0.014777293819629615
0 0.9221826541941878 0.44668786563097146 0.013179114626073367 0.016957607396111147
0 0.7899758768557804 0.4518503216842586 0.013179114626073603 0.016957607396111147
0 0.884767543522447 0.44964402115263813 0.013179114626073603 0.01695760739611103
0 0.7410175435224471 0.4529898395412494 0.013179114626073603 0.01695760739611103
0 0.4108092101891137 0.4606755238107404 0.013179114626073485 0.01695760739611103
0 0.52126832151991 0.45914721403398107 0.008927558631147647 0.014777293819629615
0 0.7212258768557803 0.45345049569620316 0.013348893282591945 0.021124274062777695
0 0.8702690995173729 0.4520667853369901 0.013348893282591945 0.021124274062777695
0 0.5379774328507063 0.4598009597280551 0.008927558631147766 0.014777293819629733
0 0.9870206555122988 0.45143467186217506 0.013179114626073367 0.01695760739611103
0 0.6078539888456321 0.4602598739886569 0.013179114626073367 0.016957607396111147
0 0.4828539888456321 0.4631692812831015 0.013179114626073603 0.016957607396111147
0 0.5943972115072247 0.46265839311222173 0.013179114626073367 0.01695760739611103
0 0.7694396561713541 0.45962688956666603 0.013179114626073367 0.016957607396111147
0 0.2943972115072246 0.46964097061888865 0.017345781292740153 0.01705458763925923
0 0.6904427681612059 0.4656361808531476 0.013179114626073367 0.01695760739611103
0 0.8175261014945393 0.46267828343712897 0.013348893282591945 0.021124274062777816
0 0.6999026574894651 0.4675013086393976 0.013179114626073603 0.016957607396111147
0 0.5541117688202614 0.47193728381624955 0.013179114626073603 0.01695760739611103
0 0.9811951021535947 0.461996808893564 0.013179114626073603 0.016957607396111147
0 0.4321943241561318 0.47373228926166633 0.019683782610851117 0.02335307776083333
0 0.8530276574894651 0.463937284703703 0.013348893282591945 0.021124274062777816
0 0.5135716581485206 0.47496617452027734 0.008927558631147647 0.014777293819629733
0 0.900114880810113 0.46805459030161967 0.013179114626073367 0.01695760739611103
0 0.7146557694793169 0.47132854445504574 0.010841113307962757 0.010659117274537049
0 0.6771557694793169 0.4722013666433791 0.013179114626073367 0.01695760739611103
0 0.7771557694793169 0.4698738408078234 0.010841113307962757 0.010659117274537049
0 0.5199914368050389 0.4789873708222218 0.013179114626073485 0.016957607396111147
0 0.47207477013837224 0.48010264361842553 0.013348893282591945 0.021124274062777695
0 0.9262414368050389 0.46953179711527704 0.013179114626073367 0.01695760739611103
0 0.7356164368050389 0.47396864323930493 0.013179114626073367 0.016957607396111147
0 0.9710331034717056 0.4684892595014344 0.013179114626073367 0.016957607396111147
0 0.8324914368050389 0.4717138525861104 0.013179114626073367 0.016957607396111147
0 0.6638687707974278 0.47876655243361055 0.010841113307962757 0.010659117274537049
0 0.7888263261332981 0.47481547847249933 0.0066744466412960906 0.010562137031388847
0 0.722202104130761 0.47740882902953646 0.013179114626073367 0.01695760739611103
0 0.5597445487948906 0.482232725178981 0.0066744466412960906 0.010562137031388847
0 0.5868278821282239 0.48160235359851805 0.013179114626073367 0.016957607396111147
0 0.9629119934590202 0.47389155332106403 0.013179114626073367 0.01695760739611103
0 0.494289327451409 0.48792683067523107 0.013179114626073485 0.016957607396111147
0 0.6015385494539461 0.48438792274749953 0.013179114626073603 0.016957607396111147
0 0.4213302161206128 0.4885823182636571 0.013179114626073485 0.01695760739611103
0 0.8088302161206128 0.479563155650879 0.013348893282591945 0.021124274062777695
0 0.4390385494539461 0.48817015223027743 0.013179114626073485 0.016957607396111147
0 0.5526651054488719 0.48761077393782365 0.0066744466412960906 0.010562137031388847
0 0.5297484387822052 0.48814416527513843 0.026103561267369457 0.027665214792222295
0 0.9938498850691863 0.4762892014974529 0.012300229861627562 0.01695760739611103
0 0.5734984387822053 0.48712587272208285 0.008927558631147766 0.014777293819629615
0 0.7662916614437978 0.4847238698098142 0.013179114626073367 0.016957607396111147
0 0.8881666614437977 0.48188719769773075 0.013179114626073367 0.016957607396111147
0 0.6850416614437977 0.48661498455120317 0.013179114626073367 0.016957607396111147
0 0.8444166614437978 0.48290549025078633 0.013179114626073367 0.01695760739611103
0 0.6986682174387236 0.488383132094305 0.013179114626073367 0.016957607396111147
0 0.3747523287695199 0.49696501266574045 0.019683782610851117 0.02335307776083333
0 0.4861682174387237 0.4933291244948607 0.013179114626073485 0.016957607396111147
0 0.8580432174387236 0.48467363779388817 0.013179114626073367 0.016957607396111147
0 0.9508788847644458 0.48564082738384184 0.004336445323185009 0.004263646909814867
0 0.9144205514311124 0.48648940451138817 0.013179114626073367 0.016957607396111147
0 0.9768781067669827 0.4839930341974992 0.013179114626073367 0.016957607396111147
0 0.6633788847644458 0.4923324641610643 0.013179114626073367 0.016957607396111147
0 0.8676304407593717 0.4896637655801382 0.013179114626073367 0.016957607396111147
0 0.8092971074260383 0.49102148898421233 0.008927558631147766 0.014777293819629733
0 0.47283877409270497 0.4988526436184255 0.013179114626073485 0.01695760739611103
0 0.6061296627619086 0.49470760917101797 0.013179114626073367 0.01695760739611103
0 0.3989653300876308 0.5026573762676386 0.013348893282591945 0.021124274062777816
0 0.8260486634209642 0.49271690134495305 0.010841113307962521 0.010659117274537049
0 0.6489653300876308 0.49683856167874946 0.013348893282591945 0.021124274062777816
0 0.42409266408001955 0.5052004948087496 0.013179114626073603 0.016957607396111147
0 0.44905021941588996 0.5035769466831941 0.013179114626073603 0.016957607396111147
0 0.31884188608255665 0.5066075792815738 0.019683782610851117 0.02335307776083333
0 0.8491775534082788 0.49739184334097153 0.013179114626073367 0.016957607396111147
0 0.43459422007494547 0.5070413775342126 0.013179114626073485 0.016957607396111147
0 0.7731358867416122 0.4991617327784253 0.013179114626073367 0.016957607396111147
0 0.9377192200749456 0.49533101317407335 0.013179114626073367 0.01695760739611103
0 0.8117624427365381 0.5003479988626383 0.013179114626073367 0.016957607396111147
0 0.799262442736538 0.5006389395920827 0.013179114626073367 0.01695760739611103
0 0.9963364427117507 0.49598388792097137 0.0073271145764986535 0.01695760739611103
0 0.4909291094032046 0.5078154775850459 0.008927558631147647 0.014777293819629615
0 0.4075957760698713 0.5097550824480089 0.013179114626073485 0.01695760739611103
0 0.6806822213930563 0.5075695431884717 0.013348893282591945 0.021124274062777816
0 0.47551633272385263 0.5133874868301848 0.01084111330796264 0.010659117274537049
0 0.5723913327238527 0.5111326961769903 0.013179114626073603 0.016957607396111147
0 0.5859329993905191 0.5108175103867587 0.008927558631147766 0.014777293819629733
0 0.8474762220521118 0.5068153334625456 0.013179114626073603 0.016957607396111147
0 0.6995595553854451 0.510258132094305 0.013348893282591945 0.021124274062777816
0 0.6006436667162414 0.5136030795357402 0.013179114626073367 0.01695760739611103
0 0.056936111380370996 0.5273006679332408 0.039452454549961345 0.04878948885499999
0 0.8048952227111672 0.5109343809548142 0.013179114626073367 0.01695760739611103
0 0.8308944447137044 0.5092865877684716 0.013179114626073367 0.01695760739611103
0 0.7570210007086302 0.5130913204176846 0.013179114626073367 0.016957607396111147
0 0.7164384453727597 0.5150785444550458 0.013348893282591708 0.021124274062777816
0 0.9612301120394264 0.5093809551700919 0.013179114626073367 0.016957607396111147
0 0.9996524437003338 0.5072967508895825 0.0006951125993325036 0.021124274062777695
0 0.5008134453727597 0.5200972720379625 0.013179114626073485 0.016957607396111147
0 0.7956475567035561 0.5142775865018975 0.013179114626073367 0.01695760739611103
0 0.9799801120394264 0.5089445440759252 0.013348893282591708 0.021124274062777695
0 0.7748142233702228 0.5147624877176382 0.013179114626073367 0.01695760739611103
0 0.43323244603181527 0.52479820098912 0.013179114626073603 0.01695760739611103
0 0.7374415573626114 0.5187603099059717 0.013179114626073367 0.016957607396111147
0 0.47073244603181524 0.5239253788007866 0.006674446641295854 0.010562137031388847
0 0.5426074460318152 0.5222524696064811 0.008927558631147766 0.014777293819629615
0 0.5863574460318153 0.5212341770534255 0.0066744466412960906 0.010562137031388847
0 0.9895673353600745 0.5139346718621751 0.013179114626073367 0.01695760739611103
0 0.8855280026857966 0.5194841779408789 0.013179114626073603 0.016957607396111147
0 0.39490300268579653 0.5309036015715738 0.013348893282591945 0.021124274062777816
0 0.5604855580216669 0.5260069702397681 0.013179114626073603 0.016957607396111147
0 0.9199878920140558 0.52076742426824 0.013179114626073367 0.016957607396111147
0 0.8512378920140559 0.5223675982801844 0.013179114626073367 0.01695760739611103
0 0.9408212253473891 0.5202825230524992 0.013179114626073367 0.016957607396111147
0 0.4753235593397778 0.5342450652243051 0.013179114626073485 0.01695760739611103
0 0.8367818926731111 0.5258320291312031 0.013179114626073367 0.01695760739611103
0 0.8627811146756483 0.5241842359448604 0.013179114626073367 0.01695760739611103
0 0.4252811146756482 0.5343671614754163 0.010841113307962521 0.010659117274537049
0 0.5087417820013704 0.5355525566124533 0.013348893282591945 0.021124274062777934
0 0.7649493373372408 0.5285466049921753 0.013348893282591708 0.021124274062777816
0 0.5796175599988334 0.5349455591456014 0.013348893282591708 0.021124274062777695
0 0.8129933379962961 0.5305563321959715 0.013179114626073367 0.01695760739611103
0 0.9547448939912221 0.5293423372622678 0.013348893282591945 0.021124274062777695
0 0.04224489399122207 0.550581010511713 0.04187534519633143 0.05717131230990731
0 0.4609524493270925 0.539792829408657 0.010841113307962521 0.010659117274537049
0 0.8692857826604258 0.5302887655801382 0.013179114626073367 0.016957607396111147
0 0.9954318350057593 0.5283482897699991 0.009136329988481387 0.016957607396111147
0 0.42982978331948124 0.5436451812322682 0.013179114626073485 0.01695760739611103
0 0.5433290053220183 0.5399608029398144 0.008927558631147766 0.014777293819629733
0 0.7872487839785367 0.5384541253823142 0.013179114626073367 0.01695760739611103
0 0.9767896726477405 0.5329998576524067 0.013179114626073367 0.016957607396111147
0 0.6684987839785367 0.5412180623120366 0.013179114626073367 0.01695760739611103
0 0.732082895309333 0.5407807802706939 0.013179114626073367 0.01695760739611103
0 0.6779162286426664 0.5420415234316197 0.013179114626073367 0.01695760739611103
0 0.934293562635055 0.5392022384780085 0.013348893282591708 0.021124274062777695
0 0.9207518959683884 0.53951742426824 0.010841113307962757 0.010659117274537049
0 0.4967935626350551 0.5493851640085644 0.013179114626073485 0.01695760739611103
0 0.559293562635055 0.5479304603613422 0.019683782610851117 0.023353077760833448
0 0.7978352293017217 0.5423783414411105 0.013179114626073367 0.01695760739611103
0 0.7468784519633141 0.5456496827530086 0.013179114626073367 0.01695760739611103
0 0.6552117852966475 0.5477832481022681 0.013179114626073367 0.01695760739611103
0 0.6979201186299808 0.5467892006099995 0.013348893282591708 0.021124274062777695
0 0.7709216746249067 0.54717537968824 0.013179114626073367 0.01695760739611103
0 0.82300500795824 0.5459631266488881 0.013179114626073367 0.01695760739611103
0 0.8719633412915734 0.5448236087918974 0.013179114626073367 0.01695760739611103
0 0.8927966746249066 0.5443387075761567 0.013179114626073367 0.01695760739611103
0 0.9720906752839622 0.5456210829563417 0.013179114626073603 0.01695760739611103
0 0.5928815639531659 0.5534046184161571 0.013179114626073603 0.01695760739611103
0 0.8075073419506289 0.5494518025606939 0.013179114626073603 0.01695760739611103
0 0.992881563953166 0.5440945150739344 0.013179114626073603 0.01695760739611103
0 0.6367588979455547 0.5555113258631013 0.013179114626073367 0.01695760739611103
0 0.5450497866147586 0.5566032245456941 0.008927558631147766 0.014777293819629733
0 0.9576771206071473 0.550127180474027 0.013179114626073367 0.01695760739611103
0 0.8524687872738139 0.5525759316135179 0.013179114626073367 0.01695760739611103
0 0.9034680092763511 0.5503462569682862 0.013179114626073367 0.01695760739611103
0 0.6483021206071472 0.5573279635277774 0.013348893282591708 0.021124274062777695
0 0.9473453432687398 0.5524529644152307 0.013348893282591708 0.021124274062777695
0 0.4077620099354065 0.5650119059029163 0.013348893282591945 0.021124274062777695
0 0.9223453432687397 0.5530348458741197 0.013348893282591708 0.021124274062777695
0 0.4787226772611286 0.5664882417693977 0.013179114626073603 0.01695760739611103
0 0.3453893439277953 0.5695916095501387 0.013348893282591945 0.021124274062777695
0 0.4703893439277953 0.566682202255694 0.013179114626073603 0.01695760739611103
0 0.7474302325969989 0.5591913494196753 0.013179114626073367 0.01695760739611103
0 0.708931010594462 0.5611300833354623 0.013179114626073367 0.01695760739611103
0 0.6870135659303322 0.5605975629453236 0.013179114626073367 0.01695760739611103
0 0.42668178859192485 0.5687421614754163 0.013179114626073603 0.01695760739611103
0 0.7277658999227211 0.5627770055746291 0.013179114626073603 0.01695760739611103
0 0.8049341225843136 0.5630662044097217 0.013179114626073603 0.01695760739611103
0 0.3674341225843136 0.5732491299402774 0.013179114626073485 0.01695760739611103
0 0.49972578925098027 0.5701700072203236 0.013179114626073485 0.01695760739611103
0 0.4361841225843136 0.571648955928333 0.013348893282591945 0.021124274062777695
0 0.6675190119125728 0.5683498857669439 0.013348893282591945 0.021124274062777695
0 0.5841856785792394 0.570289490629907 0.008927558631147766 0.014777293819629733
0 0.7571447899100359 0.5673064772059253 0.013179114626073367 0.01695760739611103
0 0.9404781232433692 0.5630393465074067 0.013179114626073367 0.01695760739611103
0 0.8664773452459061 0.5637190791566197 0.013179114626073367 0.01695760739611103
0 0.823853901240832 0.5667964599822215 0.013179114626073367 0.01695760739611103
0 0.7395213459049617 0.5698019765726383 0.013348893282591708 0.021124274062777695
0 0.5562729018998875 0.5761524406044903 0.008927558631147766 0.014777293819629733
0 0.8531054572357578 0.5682009316135179 0.013179114626073367 0.01695760739611103
0 0.4604395685665541 0.5783829861968978 0.013179114626073485 0.01695760739611103
0 0.8854395685665541 0.5684910013957863 0.013348893282591708 0.021124274062777695
0 0.78031612456148 0.5730230858686105 0.013179114626073367 0.01695760739611103
0 0.8960260138897392 0.5724152174545826 0.013348893282591945 0.021124274062777695
0 0.8054010138897392 0.574524537743055 0.013179114626073367 0.01695760739611103
0 0.42519268055640586 0.5833739849303238 0.013348893282591945 0.021124274062777695
0 0.5679434585538686 0.5810940782691661 0.008927558631147766 0.014777293819629733
0 0.36277756988466503 0.5869120219108794 0.013348893282591945 0.021124274062777695
0 0.6679859032179983 0.5798082191002772 0.013179114626073603 0.01695760739611103
0 0.5846950145487947 0.5827894906299069 0.008927558631147766 0.014777293819629733
0 0.6274457925462575 0.582837109804305 0.0066744466412960906 0.010562137031388847
0 0.83273901520785 0.580144166162592 0.013179114626073367 0.01695760739611103
0 0.9337806818745167 0.5777923952662493 0.010841113307962757 0.010659117274536811
0 0.6431556818745167 0.5845567672258328 0.013179114626073367 0.01695760739611103
0 0.8650306818745167 0.5793925692781937 0.008927558631147766 0.014777293819629733
0 0.6932830158669055 0.5865180043080549 0.013179114626073367 0.01695760739611103
0 0.7046989045361092 0.585209641972731 0.013348893282591708 0.021124274062777695
0 0.45994968253357216 0.5919488979243516 0.01084111330796264 0.010659117274537049
0 0.4870754605310351 0.5923601930105552 0.013179114626073485 0.01695760739611103
0 0.9808679051951648 0.5819097008641658 0.019683782610851117 0.023353077760833212
0 0.9183679051951648 0.583364404511388 0.013179114626073367 0.01695760739611103
0 0.9949941186051935 0.5857126916190271 0.010011762789613006 0.021124274062777695
0 0.664413461849146 0.5944885326767587 0.013348893282591945 0.021124274062777695
0 0.6477043505183497 0.5938347869826847 0.013179114626073603 0.01695760739611103
0 0.7404126838516831 0.5916769765726383 0.013348893282591945 0.021124274062777695
0 0.6279126838516831 0.5942954431376385 0.010841113307962521 0.010659117274537049
0 0.6822066845107385 0.5961596999767125 0.013348893282591945 0.021124274062777695
0 0.4009991291748681 0.6037475330558794 0.013348893282591945 0.021124274062777695
0 0.4624999071723311 0.6033587411361107 0.013179114626073485 0.01695760739611103
0 0.9541665738389978 0.5919150724446288 0.019683782610851117 0.023353077760833448
0 0.9998301749296471 0.5907028194052769 0.0003396501407057902 0.01695760739611103
0 0.8281249071723311 0.5948487247998604 0.013179114626073367 0.01695760739611103
0 0.4968324625082014 0.6015169874634717 0.013179114626073603 0.01695760739611103
0 0.763626463167257 0.59843525190199 0.013179114626073367 0.01695760739611103
0 0.7469597965005903 0.5988231728745829 0.013179114626073367 0.01695760739611103
0 0.7199613524955162 0.601536877788379 0.013179114626073367 0.01695760739611103
0 0.9230863524955162 0.5968090909349065 0.013179114626073367 0.01695760739611103
0 0.6491280191621828 0.6031855419218976 0.013179114626073367 0.01695760739611103
0 0.7794212418237753 0.6022382426568512 0.013179114626073367 0.01695760739611103
0 0.3138386864879049 0.6141174514953237 0.019683782610851117 0.023353077760833212
0 0.7035069091494974 0.607133132094305 0.013348893282591945 0.021124274062777695
0 0.8472144644853679 0.6027456470390271 0.019683782610851117 0.023353077760833448
0 0.8982561311520345 0.6015576390604622 0.013179114626073603 0.01695760739611103
0 0.9368826871469603 0.6027439051446752 0.010841113307962757 0.010659117274537049
0 0.9120100211393491 0.606450786603564 0.013179114626073367 0.01695760739611103
0 0.8663040217984045 0.6106425692781937 0.013179114626073367 0.01695760739611103
0 0.40597224445999713 0.6234422194793978 0.013179114626073603 0.01695760739611103
0 0.7518904671215896 0.6174761926314346 0.01734578129274027 0.017054587639259468
0 0.7425154671215897 0.6176943981785179 0.010841113307962521 0.010659117274537049
0 0.9018904671215896 0.6139849038781011 0.013348893282591945 0.021124274062777695
0 0.9727238004549229 0.6123362397445825 0.01734578129274027 0.01705458763925923
0 0.7852238004549229 0.6167003506862493 0.019683782610851117 0.023353077760833212
0 0.4770178011139784 0.6270018886792125 0.013179114626073485 0.01695760739611103
0 0.5519753564498487 0.6242145776358792 0.013179114626073603 0.01695760739611103
0 0.8290586897831821 0.6177653914665271 0.013179114626073603 0.01695760739611103
0 0.9135610237755709 0.6189265415427769 0.013179114626073367 0.01695760739611103
0 0.41043602377557087 0.6306369059029163 0.013179114626073603 0.01695760739611103
0 0.9952585115582576 0.6190945150739343 0.009482976883484658 0.010659117274537049
0 0.36152013510636716 0.6328180904265738 0.013348893282591945 0.021124274062777695
0 0.9460224690987559 0.6223416113250456 0.013179114626073367 0.01695760739611103
0 0.7397724690987559 0.627142133360879 0.010841113307962757 0.010659117274537049
0 0.43973002443462644 0.6330830442008792 0.013348893282591945 0.021124274062777695
0 0.6606906917603484 0.6310680913140272 0.013179114626073367 0.01695760739611103
0 0.6419406917603484 0.631504502408194 0.013179114626073367 0.01695760739611103
0 0.902357358427015 0.6254432372114345 0.010841113307962757 0.010659117274537049
0 0.34098391442194104 0.6405946583089812 0.013348893282591945 0.021124274062777695
0 0.8128589144219409 0.629611645772453 0.013179114626073367 0.01695760739611103
0 0.9358180257527373 0.6277923952662493 0.010841113307962521 0.010659117274536811
0 0.846234692419404 0.6298774704939345 0.013179114626073603 0.01695760739611103
0 0.4201505810886077 0.6387520336891664 0.009097337287666107 0.018943960486296398
0 0.40148547041686683 0.6412717781166664 0.01084111330796264 0.010659117274537049
0 0.9129862484143297 0.6304091199368974 0.008927558631147766 0.014777293819629733
0 0.8296953597451261 0.6333903914665271 0.010841113307962757 0.010659117274537049
0 0.9016128044092556 0.6327591489388882 0.010841113307962757 0.010659117274537049
0 0.7673226937375148 0.6379700951137494 0.013179114626073367 0.01695760739611103
0 0.8069909163991072 0.6391321161371751 0.013179114626073367 0.01695760739611103
0 0.861157583065774 0.6378713729762493 0.013179114626073367 0.01695760739611103
0 0.9939506795430353 0.6347195150739343 0.012098640913929396 0.017054587639259468
0 0.35811747239403324 0.651665070669722 0.01734578129274027 0.017054587639259468
0 0.7769523617222924 0.6440018895666662 0.019683782610851117 0.023353077760833212
0 0.9279940283889591 0.6404863557525454 0.013348893282591945 0.021124274062777695
0 0.9572880290480145 0.6429324940505086 0.019683782610851117 0.023353077760833212
0 0.8854130290480146 0.6446054032448141 0.013348893282591945 0.021124274062777695
0 0.8916630290480145 0.644459932880092 0.013179114626073603 0.01695760739611103
0 0.9009955843838849 0.6432000606663418 0.013179114626073603 0.01695760739611103
0 0.8552895850429404 0.6473918433409714 0.013179114626073367 0.01695760739611103
0 0.9740395850429403 0.6446279064112493 0.019683782610851117 0.023353077760833212
0 0.7627510303661253 0.6537163204176846 0.013348893282591708 0.021124274062777695
0 0.7075851416969218 0.6560429753060643 0.013348893282591708 0.021124274062777695
0 0.9440859196943846 0.6515810131740734 0.019683782610851117 0.023353077760833212
0 0.7181715870201067 0.6599671913648605 0.013179114626073603 0.01695760739611103
0 0.7411731430150326 0.661517133360879 0.01734578129274027 0.017054587639259468
0 0.42892781099981014 0.6750406515969904 0.0262733399238878 0.03183188145888896
0 0.9102202556639398 0.6648811001800455 0.017345781292740035 0.01705458763925923
0 0.8623460336614027 0.667038039642916 0.019683782610851117 0.023353077760833212
0 0.9986266821792571 0.6647096428601844 0.0027466356414857767 0.027519744427499878
0 0.7760150343204582 0.67217537968824 0.019683782610851117 0.023353077760833212
0 0.31464159031538397 0.6849992749502313 0.01985356126736946 0.027519744427499878
0 0.4563931463103098 0.6837852800165275 0.019683782610851117 0.023353077760833212
0 0.8920220362976246 0.6788591779408789 0.019683782610851117 0.023353077760833448
0 0.41702203629762447 0.6899149256597681 0.02652800790866543 0.038081881458888724
0 0.9515243702900132 0.6806022094760178 0.020023339923887797 0.03168641109416655
0 0.8984842596182724 0.6839220409094899 0.019683782610851117 0.023353077760833212
0 0.9319024822798649 0.6852295322976382 0.030440006590554465 0.03192886170203716
0 0.7330714829389203 0.6929853389079624 0.017345781292740035 0.01705458763925923
0 0.9736540382747908 0.6863430631994899 0.019683782610851117 0.023353077760833448
0 0.8696147056005129 0.6918925692781938 0.023850449277517782 0.023450058003981648
0 0.8466555942697167 0.6913842939488418 0.019683782610851117 0.023353077760833212
0 0.28532459492877216 0.7075773817130553 0.020023339923887797 0.03168641109416655
0 0.2978245949287721 0.7072864409836109 0.026103561267369457 0.02766521479222206
0 0.6977821502646425 0.6969346709747216 0.013179114626073367 0.01695760739611103
0 0.7573693735852906 0.7007610358431937 0.02368067062099944 0.019283391337314982
0 0.9084110402519572 0.6972455020290733 0.013348893282591945 0.021124274062777695
0 0.36778604025195716 0.7098286885775461 0.02652800790866543 0.038081881458888724
0 0.8250777069186238 0.6991851068920364 0.023850449277517782 0.023450058003981412
0 0.443912596246883 0.7101421324734256 0.017345781292740153 0.017054587639259468
0 0.9983277971348582 0.6991331329817584 0.0033444057302835025 0.023353077760833212
0 0.9649581529008643 0.7032279354132399 0.026103561267369457 0.02766521479222206
0 0.7941248195675309 0.7072041253823141 0.017345781292740035 0.01705458763925923
0 0.7129597088957901 0.7111785734570365 0.017345781292740035 0.01705458763925923
0 0.689086264890716 0.7138195431884716 0.013348893282591945 0.021124274062777695
0 0.9797961542189753 0.7091385045622214 0.023850449277517782 0.023450058003981412
0 0.9527128208856419 0.7097688761426845 0.02368067062099944 0.019283391337314982
0 0.4788393768805677 0.7228837121341201 0.026103561267369457 0.02766521479222206
0 0.7247575995421602 0.7192452111217125 0.013348893282591945 0.021124274062777695
0 0.7634266002012157 0.721473143872592 0.019683782610851117 0.023353077760833212
0 0.35613493353454906 0.7309529626403237 0.032947786565183775 0.04239401849027781
0 0.7749698228628081 0.7232897815372679 0.019683782610851117 0.023353077760833212
0 0.9987097991120246 0.7178346428601844 0.0025804017759507285 0.023450058003981648
0 0.43330315619614157 0.7312421614754163 0.02652800790866543 0.03808188145888896
0 0.7948888235218637 0.7259541253823142 0.019683782610851117 0.023353077760833212
0 0.8282646015193266 0.7262199501037956 0.026103561267369457 0.027665214792222295
0 0.8117252688450487 0.7297328710763883 0.019683782610851117 0.023353077760833212
0 0.7065169355117153 0.732181622215879 0.01985356126736946 0.027519744427499878
0 0.9588549368298263 0.7325643175054158 0.02652800790866555 0.038081881458888724
0 0.8796882701631596 0.7344069421252307 0.026103561267369457 0.02766521479222206
0 0.8673156041555484 0.7378228828546753 0.017345781292740035 0.017054587639259468
0 0.4736504934838076 0.7490708491655089 0.02652800790866543 0.03808188145888896
0 0.9891110784275985 0.737021053954351 0.021777843144802963 0.03183188145888896
0 0.6559421601504742 0.7448279635277774 0.020023339923887797 0.03168641109416655
0 0.7570687161454001 0.7445595259647679 0.026103561267369457 0.02766521479222206
0 0.9779444941428631 0.7404612397445826 0.02652800790866555 0.03808188145888896
0 0.6238627168044555 0.7507878937455087 0.019683782610851117 0.023353077760833212
0 0.4438241621276406 0.759148955928333 0.01985356126736946 0.027519744427499878
0 0.8441212747765477 0.7571305192527772 0.020023339923887797 0.03168641109416655
0 0.6431644974381404 0.7638931493180087 0.022276451913739472 0.03590156788240743
0 0.48170616410480693 0.7676511337399996 0.022276451913739472 0.03590156788240743
0 0.46503949743814027 0.7680390547125922 0.026528007908665312 0.038081881458888724
0 0.7233728307714736 0.7620262796374069 0.02818689460070279 0.027713704913796277
0 0.7651243867663996 0.7631398105392587 0.020023339923887797 0.03168641109416655
0 0.8839168314305291 0.7614175402762029 0.01985356126736946 0.027519744427499878
0 0.8162509427613254 0.764035135894027 0.02652800790866555 0.03808188145888896
0 0.993160136070163 0.7597680051955085 0.013679727859674055 0.03808188145888896
0 0.5965441654229179 0.7712341770534255 0.013348893282591945 0.021124274062777695
0 0.49037905475117705 0.7757905065870366 0.0262733399238878 0.03183188145888896
0 0.5070881660819733 0.7764442522811107 0.026697786565183772 0.04224854812555539
0 0.8507957214178438 0.7674017155547216 0.019683782610851117 0.023353077760833212
0 0.9726707214178437 0.7645650434426382 0.026103561267369457 0.02766521479222206
0 0.30300638874356584 0.7832796175287035 0.032947786565183775 0.042394018490277574
0 0.5364246114051583 0.7799320572457404 0.01985356126736946 0.027519744427499878
0 0.9322579447384917 0.7707189341466659 0.023850449277517782 0.023450058003981412
0 0.9000511674000843 0.7735538643643974 0.036944674575332216 0.038324332066759344
0 0.5208845007334175 0.7823790664908792 0.02652800790866543 0.038081881458888724
0 0.4492217240540655 0.7892603090185182 0.026697786565183772 0.04224854812555563
0 0.6097232800489913 0.7876099029906477 0.01734578129274027 0.017054587639259468
0 0.5996037260312318 0.7951440202651848 0.0262733399238878 0.031831881458888725
0 0.8320651713544169 0.7939040383763419 0.026103561267369457 0.02766521479222206
0 0.6862318380210836 0.7972983468865273 0.03537067721155391 0.05077584194518513
0 0.730151616677602 0.8004467210001384 0.028950898555035565 0.046463704913796276
0 0.7073198393391945 0.8030634456707866 0.02669778656518389 0.04224854812555539
0 0.5315752853214349 0.8144525276104626 0.022276451913739472 0.03590156788240743
0 0.9763219183514863 0.8093082199877307 0.04735616329702737 0.051066782674629725
0 0.6131223979703421 0.8198530795357402 0.02652800790866555 0.038081881458888724
0 0.6559156206319346 0.8209423653768051 0.03537067721155391 0.05077584194518513
0 0.8227096212909901 0.820188155650879 0.03294778656518389 0.04239401849027781
0 0.9455838432935271 0.8162855718113418 0.03711445323185056 0.04249099873342601
0 0.7540445106192493 0.8238716629961568 0.03294778656518389 0.04239401849027781
0 0.6041293999475085 0.8294462850828236 0.022276451913739472 0.03590156788240743
0 0.6426710666141752 0.8285492178337033 0.02669778656518389 0.04224854812555539
0 0.8791293999475085 0.8230455890350455 0.034691562585480305 0.03410917527851846
0 0.5824241786040268 0.834122098026018 0.028950898555035565 0.046463704913796276
0 0.9900643109750227 0.8389831619837492 0.019871378049954556 0.040504645643240876
0 0.8061048492250262 0.847683655017592 0.03520089855503557 0.04660917527851846
0 0.7366102952072668 0.8565997407569902 0.02669778656518389 0.04224854812555563
0 0.9473240745228405 0.8589939051446751 0.03711445323185056 0.04249099873342601
0 0.8672006305177664 0.8629441081586103 0.030440006590554465 0.03192886170203716
0 0.6614175218231918 0.8792029635277774 0.0462966798477756 0.06351829255305574
0 0.9918063145998277 0.8825876916190271 0.01638737080034455 0.05944860612953704
0 0.9172625251184692 0.8888879236349528 0.050293567857923924 0.05944860612953704
0 0.8466414151057838 0.8957449211018049 0.04646645850429394 0.06768495921972241
0 0.36677263908548724 0.9152552274579626 0.041535787883294734 0.04883797897657397
0 0.980357706234781 0.9040998866543973 0.03928458753043789 0.04878948885499999
0 0.8827371963985241 0.9115872557017123 0.03469156258548054 0.03410917527851846
0 0.9995745975402066 0.9168172212543049 0.0008508049195867784 0.02994250861185179
0 0.9548668643833016 0.9161643465074066 0.05186756522170223 0.04699709625111126
0 0.9000829776912641 0.9278660013957863 0.043194674575332215 0.03846980243148153
0 0.8089256469941527 0.9424995667450456 0.0387733399238878 0.03212282218833332
0 0.8362636483122635 0.9481191951645827 0.044344225297814434 0.015601625886389078
0 0.9149971456016797 0.14239997366036963 0.004336445323185009 0.004263646909814867
0 0.973330478935013 0.14104225025629546 0.002253111989851675 0.004215156788240766
0 0.928581256932476 0.14312645453680478 0.004336445323185009 0.004263646909814807
0 0.8911661462607351 0.14608261005847148 0.006674446641295854 0.010562137031388847
0 0.7942487015966055 0.14729573404499932 0.006674446641295854 0.010562137031388847
0 0.8650820349299388 0.14564706991148077 0.006674446641295854 0.010562137031388908
0 0.9058343689223276 0.1478265125407863 0.0066744466412960906 0.010562137031388908
0 0.9672927022556609 0.14639605395435104 0.010841113307962757 0.010659117274537049
0 0.8277093689223276 0.1496448920998141 0.010841113307962757 0.010659117274537049
0 0.9600010355889943 0.14656576937986035 0.013179114626073367 0.016957607396111147
0 0.9391677022556609 0.14705067059560106 0.0066744466412960906 0.010562137031388908
0 0.9517950362480498 0.1498847298661566 0.0066744466412960906 0.010562137031388908
0 0.8569609249172534 0.15104936373111041 0.0066744466412960906 0.010562137031388908
0 0.8361275915839201 0.15153426494685115 0.004336445323185009 0.004263646909814807
0 0.9465442582505867 0.14896428850342514 0.004336445323185009 0.004263646909814807
0 0.9725859249172534 0.14835816198374918 0.004591113307962758 0.010513646909814807
0 0.8216715922429756 0.15499869579786968 0.0066744466412960906 0.010562137031388908
0 0.8820882589096423 0.15359248227222147 0.010841113307962757 0.010659117274537049
0 0.8893374809121792 0.15238110018004558 0.013179114626073367 0.016957607396111147
0 0.7602132589096423 0.15642915438430494 0.010841113307962757 0.010659117274537049
0 0.8404215922429756 0.154562284703703 0.013179114626073367 0.016957607396111147
0 0.7717564815712348 0.15824579204898087 0.013179114626073367 0.016957607396111147
0 0.8634231482379014 0.15611222669972152 0.013179114626073367 0.016957607396111147
0 0.8956723702404384 0.15431896314865667 0.013179114626073367 0.016957607396111147
0 0.3770497042328273 0.16951800342060153 0.013179114626073485 0.016957607396111147
0 0.6249239262353643 0.16270601228661985 0.010841113307962757 0.010659117274537049
0 0.7895497042328273 0.15991695934893452 0.013179114626073367 0.016957607396111147
0 0.7353830375661606 0.1611777025098605 0.004336445323185009 0.004263646909814807
0 0.8218413708994939 0.15916536246453636 0.006674446641295854 0.010562137031388908
0 0.849966370899494 0.15851074582328634 0.013179114626073367 0.016957607396111147
0 0.6635929268944198 0.16493394503749945 0.006674446641295854 0.010562137031388908
0 0.9719262602277532 0.15775740704453625 0.010841113307962521 0.010659117274537049
0 0.3917603715585494 0.172303572569583 0.01084111330796264 0.010659117274537049
0 0.6792179268944198 0.1645702691256939 0.010841113307962521 0.010659117274537049
0 0.7479679268944198 0.16297009511374938 0.006674446641295854 0.010562137031388908
0 0.41880126022775316 0.17063153432245334 0.006674446641295973 0.010562137031388908
0 0.4864671488969569 0.16801393870462925 0.006674446641295973 0.010562137031388847
0 0.4979679268944198 0.16878890970263846 0.01084111330796264 0.010659117274537049
0 0.3813861495560123 0.17358768984412004 0.006674446641295854 0.010562137031388847
0 0.5116369275534752 0.171598723912407 0.004336445323185009 0.004263646909814867
0 0.8105952608868087 0.1646403914665271 0.013179114626073367 0.016957607396111147
0 0.8387202608868087 0.1639857748252771 0.010841113307962757 0.010659117274537049
0 0.6303869275534753 0.16883478698268467 0.004336445323185009 0.004263646909814807
0 0.9188861495560123 0.16107723847800848 0.013179114626073367 0.016957607396111147
0 0.31476192755347526 0.17618104040115715 0.008927558631147766 0.014777293819629615
0 0.3626785942201419 0.1750657676049534 0.004336445323185009 0.004263646909814807
0 0.6459694828893456 0.16742944440421242 0.013179114626073367 0.016957607396111147
0 0.9637202608868087 0.16107636753083251 0.010841113307962757 0.010659117274537049
0 0.3522194828893456 0.1742665515461571 0.004336445323185009 0.004263646909814807
0 0.463677816222679 0.17167233004194404 0.008927558631147647 0.014777293819629615
0 0.2876361495560123 0.17576974531495348 0.008927558631147647 0.014777293819629615
0 0.8751361495560123 0.16209553103106408 0.010841113307962757 0.010659117274537049
0 0.47213848354840116 0.17460336955564776 0.008927558631147647 0.014777293819629615
0 0.27422181688173447 0.17920993110518496 0.008927558631147647 0.014777293819629615
0 0.7762627055509381 0.16648214513916598 0.013179114626073367 0.016957607396111147
0 0.3335968168817345 0.1778279626403238 0.006674446641295973 0.010562137031388847
0 0.2783884835484011 0.1791129508620368 0.006674446641295973 0.010562137031388908
0 0.5794301502150678 0.17210612829458286 0.0066744466412960906 0.010562137031388908
0 0.29609681688173445 0.17870078482865717 0.008927558631147647 0.014777293819629615
0 0.4502210388842715 0.1740708491655089 0.006674446641295854 0.010562137031388847
0 0.5564710388842715 0.17159785296523103 0.010671334651444415 0.006492450607870381
0 0.9356377055509382 0.16277265083874923 0.013179114626073367 0.016957607396111147
0 0.42001270555093817 0.174773955928333 0.004336445323185009 0.004263646909814867
0 0.20022103888427153 0.179889663754398 0.006674446641295973 0.010562137031388847
0 0.32951503954332695 0.1800082762168053 0.006674446641295973 0.010562137031388908
0 0.40972337287666033 0.17814140653620336 0.01084111330796264 0.010659117274537049
0 0.2159733728766603 0.18265098784259243 0.013179114626073485 0.016957607396111147
0 0.30868170620999363 0.18049317743254606 0.006674446641295973 0.010562137031388908
0 0.4284733728766603 0.1777049954420367 0.01084111330796264 0.010659117274537049
0 0.4420574842074566 0.17843147631847187 0.010841113307962521 0.010659117274537049
0 0.8899317062099937 0.16696443351337892 0.013179114626073367 0.016957607396111147
0 0.9545150395433271 0.16546123974458254 0.010841113307962757 0.010659117274537049
0 0.3659733728766603 0.17915969908925894 0.006674446641295973 0.010562137031388847
0 0.5961392615458639 0.17275987398865691 0.010841113307962757 0.010659117274537049
0 0.4940983728766603 0.1761775566124533 0.006674446641295973 0.010562137031388847
0 0.7836817062099937 0.16943742971365677 0.010841113307962757 0.010659117274537049
0 0.29939159553825284 0.1827947163129627 0.004336445323185009 0.004263646909814807
0 0.6410582622049196 0.17484233637481428 0.010841113307962757 0.010659117274537049
0 0.8004332622049195 0.17113284207439747 0.010841113307962757 0.010659117274537049
0 0.5462665955382529 0.17704863690643474 0.010841113307962757 0.010659117274537049
0 0.3962665955382529 0.1805399256597682 0.010841113307962521 0.010659117274537049
0 0.8118915955382529 0.17086614640574008 0.010841113307962757 0.010659117274537049
0 0.9108499288715862 0.16856286563097148 0.013179114626073367 0.016957607396111147
0 0.3245189295306416 0.18533783485407382 0.004336445323185009 0.004263646909814807
0 0.7213939295306416 0.1761004666942124 0.006674446641295854 0.010562137031388847
0 0.898477262863975 0.17197880636041593 0.010841113307962521 0.010659117274537049
0 0.22347726286397496 0.18768960575041646 0.008927558631147647 0.014777293819629615
0 0.5671848181998453 0.1786470690240273 0.0066744466412960906 0.010562137031388908
0 0.3515598181998454 0.18366579660694413 0.006674446641295854 0.010562137031388847
0 0.6286431515331787 0.17721661043759207 0.008927558631147766 0.014777293819629615
0 0.7620189295306417 0.17515490932351788 0.010841113307962521 0.010659117274537049
0 0.34535226286397497 0.18485293363833305 0.006674446641295973 0.010562137031388908
0 0.7495189295306416 0.17544585005296234 0.010841113307962521 0.010659117274537049
0 0.33189548552556747 0.1872514527618979 0.01084111330796264 0.010659117274537049
0 0.7391871521922341 0.17777163399416604 0.010841113307962521 0.010659117274537049
0 0.9693954855255674 0.17241347556023065 0.010841113307962521 0.010659117274537049
0 0.5496038188589009 0.18218423505740694 0.008927558631147766 0.014777293819629615
0 0.41323037485382663 0.18744367135384224 0.006674446641295854 0.010562137031388847
0 0.31635537485382664 0.18969846200703674 0.013179114626073603 0.016957607396111147
0 0.4757728195179563 0.18703063437328668 0.008927558631147647 0.014777293819629615
0 0.7277712635230303 0.17907999632949015 0.013179114626073367 0.016957607396111147
0 0.9267295968563637 0.1744491897191659 0.010841113307962757 0.010659117274537049
0 0.49031370818715997 0.18564953685560145 0.006674446641295854 0.010562137031388908
0 0.8549394861846229 0.17820543224680485 0.013179114626073367 0.016957607396111147
0 0.9153561528512896 0.17679921872115667 0.013179114626073367 0.016957607396111147
0 0.6538978195179562 0.18288472897870317 0.0066744466412960906 0.010562137031388908
0 0.9549394861846229 0.1758779064112492 0.0066744466412960906 0.010562137031388908
0 0.6206069308487526 0.18470223759055504 0.013179114626073367 0.016957607396111147
0 0.4653985975154192 0.18831475164782369 0.008927558631147647 0.014777293819629615
0 0.7966485975154193 0.18060482231754565 0.0066744466412960906 0.010562137031388908
0 0.4987319308487525 0.18753890970263848 0.01084111330796264 0.010659117274537049
0 0.8674819308487526 0.17895615818402705 0.013179114626073367 0.016957607396111147
0 0.9644842648411412 0.17982636753083253 0.010841113307962757 0.010659117274537049
0 0.38740093150780797 0.1932581312068515 0.013179114626073485 0.016957607396111147
0 0.9436084868436784 0.1792696020799066 0.0066744466412960906 0.010562137031388847
0 0.6675668201770117 0.18569454318847167 0.0066744466412960906 0.010562137031388908
0 0.6728175981744745 0.18661498455120315 0.010841113307962757 0.010659117274537049
0 0.4436933761719376 0.19299056459101813 0.004336445323185009 0.004263646909814867
0 0.8156108208360671 0.1853767445567123 0.0066744466412960906 0.010562137031388908
0 0.8114441541694004 0.18547372479986043 0.013179114626073367 0.016957607396111147
0 0.8229024875027338 0.185207029131203 0.013179114626073367 0.016957607396111147
0 0.8042798214951226 0.1887684402253697 0.010841113307962521 0.010659117274537049
0 0.2989865988335301 0.19844396137374976 0.013348893282591945 0.021124274062777816
0 0.2906957101643263 0.19967958852671272 0.006674446641295973 0.010562137031388847
0 0.9052790434976596 0.18537500266236034 0.010841113307962521 0.010659117274537049
0 0.594862376830993 0.19260003077689766 0.010841113307962521 0.010659117274537049
0 0.3334040434976597 0.19868554103444416 0.01084111330796264 0.010659117274537049
0 0.6396540434976596 0.19155749316305506 0.013179114626073603 0.016957607396111147
0 0.794862376830993 0.1879449791057864 0.010841113307962521 0.010659117274537049
0 0.7835313774900484 0.1913366747744438 0.004336445323185009 0.004263646909814867
0 0.4293222661592522 0.19853832877537 0.013179114626073485 0.016957607396111147
0 0.5689055994925856 0.19528949062990694 0.006674446641295854 0.010562137031388847
0 0.9386972661592522 0.18668249405050846 0.013179114626073603 0.016957607396111147
0 0.4136972661592522 0.19890200468717556 0.006674446641295973 0.010562137031388847
0 0.5803639328259188 0.19502279496124952 0.004336445323185009 0.004263646909814807
0 0.9220305994925855 0.1870704150231011 0.010841113307962521 0.010659117274537049
0 0.9158654888208448 0.18929921872115665 0.010841113307962757 0.010659117274537049
0 0.2867412668183077 0.20498490210319423 0.008927558631147647 0.014777293819629615
0 0.6106571554875114 0.19640302153175876 0.013179114626073367 0.016957607396111147
0 0.31378215548751137 0.20331286385606456 0.006674446641295854 0.010562137031388847
0 0.476324600151641 0.20057230103995333 0.008927558631147647 0.014777293819629615
0 0.49919882215417805 0.1989972430359718 0.01067133465144418 0.006492450607870381
0 0.5503678228132335 0.20093423505740696 0.0066744466412960906 0.010562137031388908
0 0.7826594894799002 0.1955275865018975 0.010841113307962757 0.010659117274537049
0 0.7441178228132335 0.1964246537510179 0.0066744466412960906 0.010562137031388908
0 0.3670344894799002 0.20520136575592562 0.008927558631147647 0.014777293819629615
0 0.9462011561465667 0.19172111195833255 0.010841113307962757 0.010659117274537049
0 0.7223277121414926 0.19901713336087906 0.0066744466412960906 0.010562137031388847
0 0.455661045474826 0.20522386892236075 0.006674446641295973 0.010562137031388908
0 0.7931610454748259 0.19736846922736045 0.010841113307962757 0.010659117274537049
0 0.3536626014697519 0.2096832182128238 0.008927558631147766 0.014777293819629615
0 0.3630376014697519 0.20946501266574044 0.010841113307962521 0.010659117274537049
0 0.44849671280054815 0.20851858434787 0.008927558631147647 0.014777293819629615
0 0.9078292681364185 0.19678484587411962 0.013179114626073367 0.016957607396111147
0 0.34953837946721483 0.21082186512263862 0.008927558631147647 0.014777293819629615
0 0.5401209348030851 0.205343352331944 0.0066744466412960906 0.010562137031388908
0 0.9557883794672148 0.19671123974458254 0.010841113307962757 0.010659117274537049
0 0.4640792681364186 0.20711324176939777 0.008927558631147766 0.014777293819629615
0 0.9672042681364185 0.1954028774092585 0.013179114626073367 0.016957607396111147
0 0.7308308241313443 0.20298983954124938 0.008927558631147766 0.014777293819629615
0 0.28078837946721485 0.2124220391345831 0.008927558631147647 0.014777293819629615
0 0.39749749079801106 0.2107482589931015 0.013348893282591945 0.021124274062777816
0 0.9297467128005482 0.19731736626425847 0.010841113307962757 0.010659117274537049
0 0.6245808241313443 0.20546283574152727 0.008927558631147766 0.014777293819629615
0 0.7610391574646778 0.2022867327784253 0.013179114626073603 0.016957607396111147
0 0.9767066021288073 0.1983096718621751 0.013179114626073603 0.016957607396111147
0 0.5901633794672149 0.20522125608083286 0.0066744466412960906 0.010562137031388847
0 0.5527058241313444 0.2071357449358329 0.006674446641295854 0.010562137031388908
0 0.5068724907980111 0.2082025276104625 0.013179114626073485 0.016957607396111147
0 0.6663323801262703 0.20657636664337906 0.010841113307962521 0.010659117274537049
0 0.8309157134596036 0.2027456470390271 0.010841113307962521 0.010659117274537049
0 0.41320738012627023 0.21246791641462928 0.013179114626073485 0.016957607396111147
0 0.33295660212880734 0.21329311942856455 0.01084111330796264 0.010659117274537049
0 0.43820738012627025 0.21188603495574038 0.008927558631147647 0.014777293819629615
0 0.6507922694545295 0.209023375888518 0.013179114626073367 0.016957607396111147
0 0.5341256027878629 0.21173882269666625 0.010841113307962757 0.010659117274537049
0 0.4830839361211961 0.2129268306752311 0.006674446641295854 0.010562137031388847
0 0.6362513807853257 0.2104044734062032 0.0066744466412960906 0.010562137031388847
0 0.8050013807853257 0.20647677355870306 0.013179114626073367 0.016957607396111147
0 0.28725060278786274 0.2174849021031942 0.008927558631147647 0.014777293819629615
0 0.42275215878278866 0.2164163775342126 0.013179114626073485 0.016957607396111147
0 0.4717104921161219 0.21527685967722182 0.006674446641295854 0.010562137031388908
0 0.9498354921161221 0.20414837677597142 0.013179114626073367 0.016957607396111147
0 0.4446271587827886 0.2159072312576848 0.006674446641295854 0.010562137031388847
0 0.5852521587827887 0.2126341480514347 0.0066744466412960906 0.010562137031388847
0 0.9655029367802516 0.20482636753083253 0.010841113307962757 0.010659117274537049
0 0.3217104921161219 0.21876814843055528 0.006674446641295854 0.010562137031388847
0 0.5925438254494554 0.21246443262592543 0.0066744466412960906 0.010562137031388847
0 0.9373779367802515 0.20548098417208258 0.013179114626073367 0.016957607396111147
0 0.21550293678025156 0.2222828112974998 0.008927558631147647 0.014777293819629615
0 0.30621282610851075 0.22225682434236085 0.006674446641295973 0.010562137031388908
0 0.6624203814443812 0.21292334688652723 0.010841113307962757 0.010659117274537049
0 0.3155878261085107 0.22203861879527753 0.006674446641295973 0.010562137031388908
0 0.4978794927751774 0.2177957331575459 0.008927558631147647 0.014777293819629615
0 0.4645461594418441 0.2185715751027311 0.01084111330796264 0.010659117274537049
0 0.45096204811104784 0.21784509422629592 0.006674446641295973 0.010562137031388908
0 0.9207537147777145 0.20691057181134181 0.013179114626073367 0.016957607396111147
0 0.608296159441844 0.21522575671411986 0.013179114626073367 0.016957607396111147
0 0.5479643821034366 0.21871530357310137 0.013179114626073367 0.016957607396111147
0 0.5667568267675662 0.2193205591456014 0.013179114626073367 0.016957607396111147
0 0.7917143821034365 0.21304195934893452 0.010841113307962757 0.010659117274537049
0 0.8365060487701031 0.2119994217350919 0.013179114626073367 0.016957607396111147
0 0.27817271543676997 0.2249947743169442 0.006674446641295854 0.010562137031388908
0 0.2958810487701033 0.22458260828356458 0.010841113307962521 0.010659117274537049
0 0.7708810487701032 0.2135268605646753 0.0066744466412960906 0.010562137031388908
0 0.7844227154367699 0.2132116747744438 0.0066744466412960906 0.010562137031388847
0 0.15733938210343662 0.22780720136824062 0.008927558631147647 0.014777293819629615
0 0.7480917160958254 0.21718525190199012 0.01067133465144418 0.006492450607870381
0 0.5846349387574179 0.2230750597788884 0.004336445323185009 0.004263646909814807
0 0.8773432720907512 0.21626219769773075 0.013179114626073367 0.016957607396111147
0 0.7314674940932883 0.2186148395412494 0.010841113307962521 0.010659117274537049
0 0.3679682720907512 0.2281180324225923 0.013179114626073485 0.016957607396111147
0 0.5096349387574179 0.22482070415555513 0.013179114626073485 0.016957607396111147
0 0.273134160759955 0.22928266628754607 0.006674446641295973 0.010562137031388908
0 0.719094828085677 0.22203078027069387 0.013179114626073367 0.016957607396111147
0 0.8461781614190104 0.21907288285467524 0.013179114626073367 0.016957607396111147
0 0.3107614947523437 0.2315348440992127 0.008927558631147766 0.014777293819629615
0 0.29509405008821415 0.23085685334435163 0.008927558631147647 0.014777293819629615
0 0.8263864947523437 0.21953353900962896 0.013179114626073367 0.016957607396111147
0 0.3503448280856771 0.2306135317893053 0.008927558631147766 0.014777293819629615
0 0.4410971620780659 0.23162921150083296 0.008927558631147647 0.014777293819629615
0 0.4754297174139363 0.22978745782819404 0.013179114626073485 0.016957607396111147
0 0.8202213840806029 0.22176234270768452 0.013179114626073367 0.016957607396111147
0 0.6629297174139362 0.22542334688652724 0.004336445323185009 0.004263646909814867
0 0.33584638408060297 0.23303629597365713 0.006674446641295973 0.010562137031388847
0 0.8963054954113993 0.22103411993689742 0.013179114626073367 0.016957607396111147
0 0.5650130507472696 0.22770238260050882 0.008927558631147766 0.014777293819629615
0 0.3900130507472696 0.23177555281273116 0.006674446641295973 0.010562137031388908
0 0.4911396067421955 0.2315071152497218 0.006674446641295973 0.010562137031388847
0 0.6505570514063251 0.2288392876159717 0.010841113307962757 0.010659117274537049
0 0.7432229400755287 0.22563981053925863 0.010841113307962757 0.010659117274537049
0 0.8036396067421954 0.22423359701361045 0.0066744466412960906 0.010562137031388908
0 0.5817646067421954 0.2293977949612495 0.008927558631147766 0.014777293819629615
0 0.4244729400755288 0.23305879914009223 0.013179114626073485 0.016957607396111147
0 0.7880146067421954 0.224597272925416 0.013179114626073367 0.016957607396111147
0 0.3849744960704547 0.236063444783333 0.013179114626073603 0.016957607396111147
0 0.6318494960704546 0.23031736537680506 0.013179114626073367 0.016957607396111147
0 0.752682829403788 0.2275049383255086 0.013179114626073367 0.016957607396111147
0 0.401683607401251 0.23671719047740708 0.010841113307962521 0.010659117274537049
0 0.16105860740125091 0.24231779951921287 0.008927558631147647 0.014777293819629615
0 0.3735161627371213 0.23633014045199044 0.008927558631147647 0.014777293819629615
0 0.7694768300628435 0.23024201735291605 0.013179114626073603 0.016957607396111147
0 0.8882268300628434 0.2274780804231937 0.013179114626073603 0.016957607396111147
0 0.5361434967295101 0.23567291096921253 0.013179114626073603 0.016957607396111147
0 0.47160260806030635 0.23821777140467554 0.01084111330796264 0.010659117274537049
0 0.602767718732047 0.23307956041217542 0.013179114626073367 0.016957607396111147
0 0.8131843853987137 0.22818205813319375 0.013179114626073367 0.016957607396111147
0 0.5882268300628435 0.23446065792986062 0.008927558631147766 0.014777293819629615
0 0.35497838605776927 0.24197488487949045 0.006674446641295973 0.010562137031388908
0 0.9289791640552323 0.22965752305249923 0.013179114626073367 0.016957607396111147
0 0.709145052724436 0.23373156421189759 0.013179114626073603 0.016957607396111147
0 0.7414367193911027 0.23297996732749937 0.010841113307962521 0.010659117274537049
0 0.41539505272443594 0.24056867135384224 0.008927558631147647 0.014777293819629615
0 0.3664367193911026 0.24170818921083306 0.008927558631147647 0.014777293819629615
0 0.6164367193911027 0.23588937462194395 0.008927558631147766 0.014777293819629615
0 0.496645052724436 0.2386775566124533 0.013179114626073485 0.016957607396111147
0 0.5487283860577693 0.23746530357310142 0.010841113307962521 0.010659117274537049
0 0.5028950527244359 0.23853208624773106 0.008927558631147647 0.014777293819629615
0 0.9653950527244359 0.22776727925828624 0.010841113307962521 0.010659117274537049
0 0.2915216087193618 0.2455371669208331 0.008927558631147766 0.014777293819629615
0 0.7925632753860284 0.23387529268226787 0.013179114626073367 0.016957607396111147
0 0.4520656093784173 0.24492842755962924 0.013179114626073485 0.016957607396111147
0 0.4614406093784173 0.2447102220125459 0.013179114626073485 0.016957607396111147
0 0.31556483138095437 0.24706286385606457 0.008927558631147647 0.014777293819629615
0 0.2738981647142877 0.2480326662875461 0.008927558631147647 0.014777293819629615
0 0.9801906093784173 0.23263618174060105 0.013179114626073367 0.016957607396111147
0 0.5708156093784174 0.24216449062990694 0.004336445323185009 0.004263646909814867
0 0.5416489427117507 0.242843352331944 0.0066744466412960906 0.010562137031388908
0 0.5614406093784173 0.2423826961769903 0.008927558631147766 0.014777293819629615
0 0.3824012767041394 0.2496778466323608 0.010841113307962521 0.010659117274537049
0 0.3604838320400098 0.24914532624222194 0.008927558631147647 0.014777293819629615
0 0.48439972070921355 0.24521849734189777 0.013179114626073485 0.016957607396111147
0 0.4760663873758802 0.24541245782819404 0.013179114626073485 0.016957607396111147
0 0.9594421653733431 0.23520441628967514 0.013179114626073367 0.016957607396111147
0 0.5250671653733431 0.24531460663786994 0.008927558631147647 0.014777293819629615
0 0.3041913873758802 0.24941289285805532 0.006674446641295973 0.010562137031388908
0 0.985568721368269 0.23668162310333252 0.006929114626073366 0.016812137031388848
0 0.6616528326990652 0.24526350367476799 0.010841113307962757 0.010659117274537049
0 0.919943721368269 0.2382090619329159 0.013179114626073367 0.016957607396111147
0 0.6272353880349357 0.24502192401407358 0.013179114626073367 0.016957607396111147
0 0.3272353880349357 0.2520045015207405 0.013179114626073603 0.016957607396111147
0 0.41161038803493566 0.2500406515969904 0.013179114626073603 0.016957607396111147
0 0.9460702773631948 0.23968626874657328 0.010841113307962521 0.010659117274537049
0 0.4939444993657319 0.2491669584614811 0.013179114626073603 0.016957607396111147
0 0.22007105536065777 0.25762674278180536 0.006674446641295973 0.010562137031388908
0 0.589905166691454 0.2500614128690736 0.006674446641295854 0.010562137031388908
0 0.7232385000247874 0.24695804508833274 0.010841113307962521 0.010659117274537049
0 0.8534892780222504 0.24496907915661967 0.013179114626073367 0.016957607396111147
0 0.7899476113555838 0.24644802786462897 0.0066744466412960906 0.010562137031388908
0 0.28161427802225025 0.2582796175287035 0.008927558631147647 0.014777293819629615
0 0.3420309446889169 0.2568734040030553 0.006674446641295854 0.010562137031388847
0 0.5732809446889171 0.25149100050833284 0.008927558631147766 0.014777293819629615
0 0.8869075006838429 0.2462765705447678 0.010841113307962757 0.010659117274537049
0 0.6056150560197132 0.2517810702906013 0.008927558631147766 0.014777293819629615
0 0.47544916735050946 0.25585336955564775 0.010841113307962521 0.010659117274537049
0 0.42970072334543535 0.25900348556361075 0.006674446641295973 0.010562137031388908
0 0.49740905667876867 0.25742755661245326 0.006674446641295973 0.010562137031388847
0 0.8474090566787688 0.24928121618800858 0.013179114626073367 0.016957607396111147
0 0.8744923900121021 0.24865084460754558 0.008927558631147766 0.014777293819629615
0 0.705742390012102 0.25257854445504574 0.008927558631147766 0.014777293819629615
0 0.7776173900121021 0.2509056352607401 0.010841113307962757 0.010659117274537049
0 0.8380340566787687 0.2494994217350919 0.013179114626073367 0.016957607396111147
0 0.9620772793403612 0.24869759283476772 0.010841113307962757 0.010659117274537049
0 0.732953057337824 0.25507317287458275 0.010841113307962757 0.010659117274537049
0 0.6391606126736946 0.2562135616787495 0.0066744466412960906 0.010562137031388908
0 0.7964522793403612 0.25255255749990674 0.0066744466412960906 0.010562137031388847
0 0.31936894600702787 0.2636567953403701 0.006674446641295973 0.010562137031388908
0 0.3767455020019537 0.2644066503304164 0.006674446641295854 0.010562137031388908
0 0.31220461333275 0.26695151076587936 0.008927558631147647 0.014777293819629615
0 0.3705379466660833 0.2655937873618053 0.006674446641295854 0.010562137031388908
0 0.44862050200195375 0.26273374113611075 0.010841113307962521 0.010659117274537049
0 0.8122046133327498 0.2553138815881012 0.008927558631147766 0.014777293819629615
0 0.39345461333275 0.26506039602449044 0.006674446641295854 0.010562137031388847
0 0.9798705020019537 0.2503687601347214 0.013179114626073367 0.016957607396111147
0 0.29549550200195374 0.26629776507180536 0.006674446641295854 0.010562137031388847
0 0.6569538353352871 0.2578847289787032 0.010841113307962757 0.010659117274537049
0 0.5987053913302129 0.2613257857161106 0.013179114626073603 0.016957607396111147
0 0.2893728359943425 0.2695682354365276 0.006674446641295973 0.010562137031388847
0 0.8216645026610092 0.2571790093743512 0.013179114626073603 0.016957607396111147
0 0.4143728359943425 0.266658828142083 0.013179114626073485 0.016957607396111147
0 0.34978950266100917 0.26816202191087934 0.013179114626073485 0.016957607396111147
0 0.6216645026610091 0.2618340610454624 0.013348893282591945 0.021124274062777816
0 0.41758272532260166 0.26866942629305524 0.006674446641295973 0.010562137031388847
0 0.382166058655935 0.2694937583598145 0.013179114626073485 0.01695760739611103
0 0.8050827253226017 0.2596502636802771 0.013348893282591945 0.021124274062777816
0 0.391541058655935 0.26927555281273113 0.013179114626073485 0.016957607396111147
0 0.7613327253226018 0.26066855623333274 0.008927558631147766 0.014777293819629615
0 0.5802100593149905 0.2680121968102773 0.008927558631147766 0.014777293819629733
0 0.44266761465086085 0.27017087816749963 0.008927558631147766 0.014777293819629733
0 0.7999592813175276 0.2618548223175456 0.013348893282591708 0.021124274062777816
0 0.4593342813175275 0.269782957194907 0.013179114626073603 0.01695760739611103
0 0.7103759479841943 0.2639398975452309 0.013179114626073367 0.016957607396111147
0 0.7541683926483238 0.2639632716588419 0.013179114626073367 0.016957607396111147
0 0.9771275039791202 0.2598164953170825 0.004336445323185009 0.004263646909814807
0 0.9417108373124534 0.2606408273838418 0.010841113307962757 0.010659117274537049
0 0.28025250397912005 0.27603644098361085 0.006674446641295973 0.010562137031388847
0 0.6417108373124535 0.26762340489050873 0.013179114626073367 0.016957607396111147
0 0.8312941706457868 0.2632108038272678 0.013179114626073367 0.016957607396111147
0 0.33541839264832374 0.27370978609523117 0.013179114626073603 0.016957607396111147
0 0.5364600593149904 0.2690304893633329 0.0066744466412960906 0.010562137031388847
0 0.5646275039791201 0.2694175393887495 0.008927558631147766 0.014777293819629615
0 0.4970040599740459 0.27307680167324033 0.013179114626073485 0.016957607396111147
0 0.39904494864324963 0.27431417072055525 0.004336445323185009 0.004263646909814867
0 0.787629059974046 0.26631242971365676 0.013179114626073367 0.016957607396111147
0 0.47200405997404593 0.2736586831321292 0.013179114626073485 0.016957607396111147
0 0.653254059974046 0.26944004255518467 0.0066744466412960906 0.010562137031388847
0 0.36783739330737925 0.276083189210833 0.008927558631147647 0.014777293819629615
0 0.5230457266407126 0.27247067515356443 0.006674446641295973 0.010562137031388847
0 0.7408389493023051 0.26948679078240684 0.013179114626073367 0.016957607396111147
0 0.4325056159689718 0.27666332877537 0.013179114626073603 0.01695760739611103
0 0.9793806159689719 0.26393467186217506 0.010841113307962757 0.010659117274537049
0 0.5440063939664346 0.2751107739378236 0.008927558631147766 0.014777293819629615
0 0.5929222826356385 0.2729295894141662 0.008927558631147766 0.014777293819629615
0 0.4075056159689718 0.27724521023425897 0.008927558631147766 0.014777293819629733
0 0.3595889493023051 0.2783604830304627 0.013179114626073603 0.016957607396111147
0 0.6231306159689718 0.272226482651342 0.0066744466412960906 0.010562137031388847
0 0.9585472826356385 0.26441957307791586 0.013179114626073367 0.016957607396111147
0 0.6086321719638976 0.27464924683569397 0.013179114626073367 0.016957607396111147
0 0.8732579499613605 0.269532668062453 0.013179114626073603 0.01695760739611103
0 0.48779883863056434 0.27746167388699033 0.013179114626073485 0.016957607396111147
0 0.9899246166280272 0.2668172212543047 0.004591113307962521 0.010513646909814867
0 0.37429961662802724 0.28114605217944416 0.008927558631147647 0.014777293819629615
0 0.38480117262295305 0.2829869349049071 0.01084111330796264 0.010659117274537049
0 0.8462170612921568 0.2712047063095826 0.010841113307962521 0.010659117274537049
0 0.44946939528454555 0.2835670744694441 0.008927558631147766 0.014777293819629733
0 0.7557193952845457 0.27643902659805497 0.0066744466412960906 0.010562137031388847
0 0.4703027286178789 0.28308217325370333 0.010841113307962521 0.010659117274537049
0 0.705676950620416 0.2765611228491661 0.013179114626073367 0.016957607396111147
0 0.8775943952845456 0.2736023544859715 0.010841113307962757 0.010659117274537049
0 0.8193459512794715 0.27704341122337894 0.013348893282591708 0.021124274062777816
0 0.8610126179461381 0.2760736087918974 0.013179114626073367 0.016957607396111147
0 0.5652217292769344 0.28400087272208285 0.008927558631147766 0.014777293819629615
0 0.4172626179461381 0.2864020046871756 0.006674446641295973 0.010562137031388847
0 0.9516376179461382 0.27396428850342514 0.013179114626073367 0.016957607396111147
0 0.9776792846128048 0.2733581619837492 0.013179114626073367 0.016957607396111147
0 0.9840566186051934 0.27633769161902694 0.013179114626073367 0.016957607396111147
0 0.6538482852718601 0.284023375888518 0.0066744466412960906 0.010562137031388847
0 0.625850619264249 0.287802992529768 0.013179114626073367 0.016957607396111147
0 0.773724841266786 0.28331852723134193 0.013179114626073367 0.016957607396111147
0 0.8091415079334526 0.2824941951645827 0.013179114626073367 0.016957607396111147
0 0.36118239660265655 0.29187790463634233 0.006674446641295854 0.010562137031388847
0 0.3435165079334528 0.29333173733638856 0.006674446641295854 0.010562137031388847
0 0.3664331746001194 0.29279834599907384 0.008927558631147647 0.014777293819629733
0 0.4290180639283786 0.2934269756851849 0.008927558631147647 0.014777293819629733
0 0.5779339525975824 0.28891826532597176 0.008927558631147766 0.014777293819629615
0 0.6373089525975824 0.28753629686111054 0.013179114626073367 0.01695760739611103
0 0.3321430639283786 0.2956817663383794 0.008927558631147647 0.014777293819629733
0 0.621726397261712 0.2889416394395828 0.006674446641295854 0.010562137031388847
0 0.5967688419258416 0.29056518756513844 0.008927558631147766 0.014777293819629733
0 0.7436013972617119 0.2861049673274994 0.010841113307962521 0.010659117274537049
0 0.4842688419258415 0.2931836541301385 0.013179114626073485 0.01695760739611103
0 0.3133930639283786 0.29611817743254604 0.013179114626073485 0.016957607396111147
0 0.4656037312541007 0.29570339855763855 0.004336445323185009 0.004263646909814867
0 0.9238946199233045 0.2839939051446752 0.013179114626073603 0.01695760739611103
0 0.3759779532566378 0.2967468071186571 0.004336445323185009 0.004263646909814867
0 0.5843537312541007 0.2929394616279162 0.008927558631147766 0.014777293819629615
0 0.26451961992330447 0.2993410286228702 0.006674446641295973 0.010562137031388847
0 0.5499362865899712 0.29269788196722174 0.013179114626073603 0.016957607396111147
0 0.7926446199233045 0.28704878280384194 0.010841113307962521 0.010659117274537049
0 0.8437287312541008 0.28690244149194377 0.013179114626073367 0.016957607396111147
0 0.8509779532566379 0.2856910593997678 0.008927558631147766 0.014777293819629615
0 0.9813136205823599 0.2857854268013881 0.010841113307962757 0.010659117274537049
0 0.49173028724902657 0.2971806053712959 0.006674446641295854 0.010562137031388847
0 0.4000211759182303 0.29827250405388855 0.008927558631147766 0.014777293819629615
0 0.5177295092515636 0.2955328121849533 0.013179114626073603 0.016957607396111147
0 0.29585450925156365 0.30069701013259237 0.008927558631147766 0.014777293819629733
0 0.4031886205823599 0.29924143553819416 0.013179114626073603 0.01695760739611103
0 0.41473184324395246 0.30105807320287004 0.01084111330796264 0.010659117274537049
0 0.4386477319131562 0.29945877013810146 0.006674446641295973 0.010562137031388847
0 0.5355651765772858 0.2982456461515736 0.013179114626073367 0.01695760739611103
0 0.9543151765772857 0.2884991317151844 0.013179114626073367 0.01695760739611103
0 0.7282310652464896 0.29271864323930497 0.013179114626073367 0.016957607396111147
0 0.8011901765772858 0.292063155650879 0.013179114626073367 0.01695760739611103
0 0.8282310652464896 0.2903911174037493 0.013179114626073367 0.01695760739611103
0 0.3585667325722116 0.3044506398187034 0.013179114626073485 0.01695760739611103
0 0.3221083992388783 0.3052992169462498 0.013179114626073485 0.01695760739611103
0 0.7116917325722115 0.29623156421189756 0.008927558631147766 0.014777293819629615
0 0.4783583992388783 0.30166245782819406 0.006674446641295973 0.010562137031388847
0 0.7534008439030079 0.29630342844708274 0.013179114626073367 0.016957607396111147
0 0.27427662190047086 0.3084978230757868 0.006674446641295854 0.010562137031388847
0 0.9867766219004708 0.2919142014974529 0.013179114626073367 0.01695760739611103
0 0.641984955233804 0.2999393166179624 0.010841113307962757 0.010659117274537049
0 0.3534432885671375 0.30665519845597194 0.013179114626073603 0.01695760739611103
0 0.28781828856713754 0.30818263728555534 0.010841113307962521 0.010659117274537049
0 0.6096932885671374 0.3006909135023606 0.008927558631147766 0.014777293819629615
0 0.34523728922619296 0.30997415894226826 0.006674446641295973 0.010562137031388847
0 0.5608198445620632 0.3039137646926847 0.008927558631147766 0.014777293819629615
0 0.37123651122873 0.3083263657559256 0.006674446641295973 0.010562137031388847
0 0.7473206225595262 0.3006155654784716 0.013179114626073603 0.016957607396111147
0 0.935862289226193 0.2962272094760177 0.013179114626073603 0.01695760739611103
0 0.49007140055698917 0.3076457621595366 0.01084111330796264 0.010659117274537049
0 0.8442805118877854 0.30044410815861045 0.013179114626073367 0.016957607396111147
0 0.5849055118877854 0.30648112829458285 0.008927558631147766 0.014777293819629615
0 0.7651138452211188 0.30228673277842527 0.013179114626073367 0.016957607396111147
0 0.38807295655191504 0.3121051114499997 0.013179114626073603 0.01695760739611103
0 0.46090473389032255 0.3083246238615737 0.013179114626073485 0.01695760739611103
0 0.5453221785544521 0.30740244060449035 0.0066744466412960906 0.010562137031388847
0 0.7744888452211188 0.302068527231342 0.010841113307962757 0.010659117274537049
0 0.5171971785544521 0.3080570572457403 0.013179114626073485 0.01695760739611103
0 0.5755305118877855 0.3066993338416662 0.013179114626073367 0.016957607396111147
0 0.7005729565519151 0.30483159321388825 0.013179114626073367 0.01695760739611103
0 0.4183661792135076 0.3134853380205089 0.008927558631147647 0.014777293819629733
0 0.43394873454937793 0.3120799954420367 0.013179114626073603 0.01695760739611103
0 0.6037404012160447 0.3081280505337495 0.013179114626073367 0.01695760739611103
0 0.7818654012160446 0.303982145139166 0.013179114626073367 0.01695760739611103
0 0.8735320678827113 0.30184857978990665 0.013179114626073367 0.01695760739611103
0 0.44644873454937795 0.3117890547125922 0.009097337287666107 0.01894396048629628
0 0.27040706788271135 0.31588646998560166 0.013179114626073485 0.01695760739611103
0 0.7349904012160446 0.3050731728745827 0.013179114626073367 0.01695760739611103
0 0.5663252905443038 0.3110842060554162 0.008927558631147766 0.014777293819629615
0 0.5090336238776372 0.31241768439870327 0.013179114626073485 0.016957607396111147
0 0.6173669572109705 0.3098961980768513 0.013179114626073367 0.01695760739611103
0 0.6382427352084334 0.31045296352777724 0.0066744466412960906 0.010562137031388847
0 0.9872010685417668 0.3023308681641196 0.010841113307962757 0.010659117274537049
0 0.22374429120335926 0.32218583105435167 0.013179114626073485 0.016957607396111147
0 0.9487018465392296 0.3042696020799066 0.013179114626073367 0.016957607396111147
0 0.8904958471982851 0.30875232548398074 0.013348893282591945 0.021124274062777695
0 0.5248708471982851 0.31726234182023105 0.013179114626073603 0.016957607396111147
0 0.4832041805316185 0.3182321442517126 0.013179114626073603 0.016957607396111147
0 0.33737084719828514 0.32162645276189783 0.013179114626073603 0.01695760739611103
0 0.7124557365265444 0.31498156421189755 0.013179114626073603 0.016957607396111147
0 0.7468307365265443 0.3141814772059253 0.013179114626073603 0.01695760739611103
0 0.33328906985987766 0.3238067663383794 0.006674446641295973 0.010562137031388847
0 0.5385398478573405 0.32007215602999955 0.013179114626073603 0.016957607396111147
0 0.5614140698598776 0.31849709802601806 0.010841113307962521 0.010659117274537049
0 0.860372403193211 0.3115387655801382 0.013348893282591945 0.021124274062777816
0 0.3750830705189331 0.32596196390689786 0.013179114626073603 0.016957607396111147
0 0.8333739591881368 0.3142524704939345 0.013179114626073367 0.01695760739611103
0 0.5125406258548035 0.32171994921634217 0.01084111330796264 0.010659117274537049
0 0.4562906258548035 0.3230291824988422 0.013179114626073485 0.01695760739611103
0 0.9927489591881369 0.31054297619351773 0.013179114626073367 0.01695760739611103
0 0.4647512931805256 0.325960222012546 0.013179114626073603 0.01695760739611103
0 0.6387096265138591 0.3219112968611106 0.013179114626073367 0.01695760739611103
0 0.28662629318052557 0.3301061274071294 0.006674446641295854 0.010562137031388847
0 0.6074596265138591 0.3226386486847217 0.008927558631147766 0.014777293819629615
0 0.798084626513859 0.31820180256069375 0.013179114626073367 0.01695760739611103
0 0.26158384851639604 0.3296463421993516 0.008927558631147647 0.014777293819629733
0 0.7001255151830627 0.3194391716080087 0.013179114626073367 0.01695760739611103
0 0.3002528491754515 0.33187427495023125 0.01084111330796264 0.010659117274537049
0 0.5856695158421182 0.32523112829458284 0.009097337287666107 0.01894396048629628
0 0.7273361825087848 0.3219338000275457 0.013179114626073367 0.01695760739611103
0 0.40441951584211816 0.3294497688715275 0.013179114626073485 0.01695760739611103
0 0.7637945158421182 0.32108522289999936 0.013179114626073367 0.016957607396111147
0 0.6221278491754515 0.3243825511670365 0.013179114626073367 0.016957607396111147
0 0.43262940517037735 0.33087848556361077 0.008927558631147647 0.014777293819629615
0 0.7357544051703774 0.32382317287458273 0.013179114626073367 0.01695760739611103
0 0.37958929449863654 0.33419831699708297 0.013179114626073603 0.01695760739611103
0 0.5525059611653033 0.3301736369064347 0.010841113307962757 0.010659117274537049
0 0.7733392944986366 0.3250336840195827 0.010841113307962757 0.010659117274537049
0 0.25046507249609945 0.33824637120134243 0.013179114626073485 0.01695760739611103
0 0.38688096116530324 0.33402860157157377 0.013179114626073603 0.016957607396111147
0 0.4650908504935624 0.3342935553458793 0.013348893282591945 0.021124274062777695
0 0.28171507249609945 0.33751901937773127 0.006674446641295973 0.010562137031388847
0 0.9025484058294327 0.3230689631486567 0.013179114626073367 0.016957607396111147
0 0.5067575171602291 0.33332375291439775 0.008927558631147647 0.014777293819629733
0 0.5182158504935624 0.33305705724574025 0.013179114626073485 0.01695760739611103
0 0.2953840731551549 0.34032883358749977 0.006674446641295973 0.010562137031388847
0 0.5380924064884882 0.33467973442411997 0.013179114626073603 0.01695760739611103
0 0.7849674064884883 0.328933655017592 0.008927558631147766 0.014777293819629615
0 0.41009474048087696 0.34078687690092563 0.013179114626073603 0.01695760739611103
0 0.37051140714754366 0.34170818921083307 0.013179114626073603 0.016957607396111147
0 0.9882197404808771 0.32733086816411955 0.013179114626073367 0.01695760739611103
0 0.31222051847834 0.3441075792815738 0.01084111330796264 0.010659117274537049