0 0.9036818475157538 0.035947966231583584 0.004190907624212296 0.004385032413679335
0 0.8931742772582909 0.052118880599115264 0.004190907624212296 0.00438503241367935
0 0.9140257913097833 0.04790205186405191 0.012572722872637125 0.01315509724103802
0 0.8795780684371465 0.06220356927690645 0.012572722872636888 0.01315509724103802
0 0.904614429873465 0.05464337479483041 0.004190907624212296 0.00438503241367935
0 0.8931197351038132 0.061493880599115265 0.012572722872636888 0.01315509724103802
0 0.873291707000828 0.06878111789742544 0.010465148581757925 0.008879247700865012
0 0.8847500403341614 0.06818061209314061 0.012572722872636888 0.013155097241037991
0 0.8586598917524033 0.07787873134530313 0.004190907624212533 0.00438503241367935
0 0.8711598917524034 0.07722363410426512 0.010465148581757925 0.008879247700865012
0 0.8440220162645924 0.08801801145984749 0.004190907624212296 0.00438503241367935
0 0.8377538355464331 0.09147056008036648 0.004190907624212296 0.00438503241367935
0 0.867998530316085 0.08363740841452462 0.016763630496849185 0.01754012965471734
0 0.8293902010161678 0.09711562490772517 0.012572722872637125 0.01315509724103802
0 0.9086598917524034 0.07525834238115107 0.01888332526650108 0.023899312528223682
0 0.8888318636494182 0.08254557967946126 0.023049991933167747 0.024117678275236365
0 0.8429076267252887 0.10057260289660067 0.012572722872636888 0.013155097241037991
0 0.8376568717162506 0.10813722674703316 0.016763630496849185 0.01754012965471737
0 0.8522583857677432 0.10424794663248882 0.016763630496849185 0.01754012965471734
0 0.881412931955637 0.10480271973673344 0.012596963830182517 0.017321763907704686
0 0.8136136950315075 0.12397616312568935 0.012596963830182517 0.01732176390770466
0 0.7979583938345755 0.1300033680103202 0.008393935727197288 0.010853398160692003
0 0.7896008195436964 0.13460676617101222 0.004190907624212296 0.00438503241367935
0 0.9210144460071296 0.09960324514011305 0.01687271480580487 0.03629012965471734
0 0.8480008155102803 0.12009131237950148 0.016763630496849185 0.01754012965471734
0 0.8000053657315902 0.13614418513681387 0.004190907624212296 0.00438503241367935
0 0.7853735504831657 0.14524179858469158 0.012572722872637125 0.01315509724103805
0 0.8260470323982569 0.13477939921798468 0.016763630496849185 0.01754012965471734
0 0.8375235464497496 0.13105389341369983 0.01888332526650108 0.02389931252822371
0 0.8124811247740447 0.13965575456244253 0.012572722872636888 0.01315509724103805
0 0.8656606669285224 0.12749659128803095 0.01888332526650108 0.023899312528223682
0 0.9104947552708939 0.11785749284097809 0.035622714805804874 0.037272775516274385
0 0.8041053697650064 0.14738415272313457 0.012572722872636888 0.01315509724103805
0 0.7696697673711422 0.15960233680265573 0.012572722872637125 0.01315509724103805
0 0.7884137071317558 0.1596613576077654 0.012596963830182517 0.017321763907704717
0 0.8228250685680744 0.15160984019491083 0.016763630496849185 0.01754012965471734
0 0.7810917392681572 0.1652518309983709 0.016763630496849185 0.01754012965471734
0 0.7664417433015733 0.17747444444624857 0.012572722872637125 0.01315509724103805
0 0.8728250685680743 0.1489894512307588 0.025157566224046708 0.028393527815409315
0 0.7507864421046412 0.18350164933087942 0.012572722872636888 0.01315509724103805
0 0.8342349199863164 0.15934266772395933 0.016763630496849185 0.01754012965471734
0 0.7434887151985881 0.18492545605481828 0.012572722872637125 0.01315509724103805
0 0.812311438071225 0.1688224212291092 0.012596963830182517 0.017321763907704717
0 0.7330296268562165 0.1927630370890166 0.012572722872637125 0.01315509724103805
0 0.7538568999501635 0.1927128750206199 0.012596963830182517 0.017321763907704717
0 0.713165237316913 0.2063002743873268 0.008393935727197524 0.010853398160692033
0 0.8028515947198154 0.18389707749322104 0.02933635336948631 0.03069522689575539
0 0.7694818999501635 0.19189400346932242 0.01888332526650108 0.023899312528223682
0 0.9134197673711422 0.1520687185307186 0.03144392766036504 0.03497107643592834
0 0.7861546268562165 0.18997887381460507 0.01888332526650108 0.02389931252822374
0 0.7412902373169129 0.2048263055949913 0.016763630496849185 0.0175401296547174
0 0.7172955425472611 0.21233190864031418 0.010465148581757925 0.008879247700865041
0 0.7621356911290191 0.20165114352659458 0.016763630496849185 0.01754012965471734
0 0.9019068918833313 0.1620442243350034 0.02518180718159234 0.032560194482075984
0 0.6932766068200638 0.22400417835230366 0.012596963830182517 0.01732176390770466
0 0.7141281208715563 0.21978734961724028 0.008393935727197524 0.010853398160692033
0 0.736027361829102 0.2144742627787571 0.012596963830182517 0.01732176390770466
0 0.7089076670594501 0.22214364013433946 0.012596963830182517 0.017321763907704717
0 0.9394129521227176 0.15903726594522272 0.01687271480580487 0.03629012965471734
0 0.8257015987532313 0.19415439921798466 0.023049991933167747 0.024117678275236365
0 0.7307826670594502 0.22099721996252294 0.012621204787728147 0.021488430574371383
0 0.6681857032292676 0.2409393728343797 0.012572722872637125 0.01315509724103805
0 0.7224129722897984 0.22768395145654832 0.01888332526650108 0.02389931252822374
0 0.7004955506140934 0.2361220382950315 0.012572722872636888 0.01315509724103805
0 0.874678112804724 0.1884636016905858 0.0314681686179109 0.039137743102595005
0 0.6368569201172442 0.2561187826036414 0.008393935727197288 0.010853398160692033
0 0.8068485746836624 0.21284537841287504 0.025157566224046708 0.028393527815409315
0 0.6743811610747898 0.2499868242138607 0.004190907624212296 0.00438503241367935
0 0.8975644782744586 0.1924709234153494 0.03981362243001693 0.0416578079299537
0 0.7546622172807602 0.23328328358386674 0.02933635336948631 0.03069522689575533
0 0.6941546470232972 0.2520745869155505 0.012572722872636888 0.013155097241037991
0 0.7056311610747897 0.24834908111126566 0.016763630496849185 0.01754012965471734
0 0.6638917715354862 0.26303273858139237 0.012596963830182517 0.017321763907704717
0 0.6523970767658345 0.2698832443856772 0.012596963830182517 0.017321763907704717
0 0.7274940405960171 0.24928599427278245 0.016763630496849185 0.0175401296547174
0 0.6930766189203121 0.2583791783523037 0.012596963830182517 0.01732176390770466
0 0.6190152615174098 0.2799635036951119 0.004190907624212296 0.00438503241367935
0 0.8338713056231317 0.22184266772395933 0.037681807181592336 0.03321529172311403
0 0.6252592012780234 0.28067762174125954 0.004190907624212296 0.00438503241367935
0 0.6325629884234628 0.2782121483506541 0.008393935727197524 0.010853398160692033
0 0.7441546470232973 0.24945419795139845 0.01888332526650108 0.02389931252822374
0 0.6158599603204777 0.2853356113387048 0.008393935727197524 0.010853398160692033
0 0.6867902574839936 0.2649567269728227 0.012596963830182517 0.017321763907704717
0 0.7973463096565478 0.23521170134365352 0.035634835284577566 0.03935610884960769
0 0.6607001089022356 0.2746548462249852 0.012621204787728383 0.021488430574371383
0 0.6815395024749553 0.2725213508232552 0.012596963830182517 0.017321763907704717
0 0.5981031450720532 0.29459699909684195 0.012572722872637125 0.01315509724103805
0 0.653378141038637 0.2802453196155907 0.012596963830182517 0.017321763907704717
0 0.6387645065083716 0.2862179330634684 0.012596963830182517 0.017321763907704717
0 0.7190758639112739 0.2643060591001411 0.01888332526650108 0.023899312528223682
0 0.6460501129356518 0.2868774596728629 0.012596963830182517 0.017321763907704717
0 0.6700448077053037 0.27937185662754005 0.01890756622404671 0.028065979194890407
0 0.6335319322174925 0.29065755691390094 0.012572722872637125 0.01315509724103805
0 0.6105789041145075 0.2981085685224706 0.012596963830182517 0.017321763907704717
0 0.6251622374478408 0.2973442884079263 0.01888332526650108 0.02389931252822374
0 0.5907448157721359 0.30643747248744746 0.012572722872637125 0.01315509724103805
0 0.60218496838731 0.3089619666831626 0.012596963830182517 0.017321763907704717
0 0.5834107274297644 0.3141112792113863 0.008418176684743154 0.0150200648273587
0 0.6491145105417877 0.29713035202927 0.01888332526650108 0.02389931252822374
0 0.708568293653811 0.2804769734676728 0.01890756622404671 0.028065979194890407
0 0.6970735988841593 0.2873274792719576 0.01890756622404671 0.028065979194890407
0 0.750253141038637 0.27516831599754615 0.025157566224046708 0.028393527815409433
0 0.5781539121813398 0.3227175697284855 0.012572722872637125 0.01315509724103805
0 0.6386493619600296 0.3060095997301351 0.012621204787728383 0.021488430574371383
0 0.5937970928994989 0.318773698177188 0.012572722872636888 0.01315509724103805
0 0.5624925507450212 0.32978644127978296 0.008393935727197288 0.010853398160692033
0 0.9358879763232145 0.2279510402554822 0.04825604007230571 0.06084453942397907
0 0.5405569483511571 0.34134952811826624 0.004190907624212296 0.00438503241367935
0 0.61668951860862 0.32173935323528485 0.01890756622404671 0.028065979194890407
0 0.6333804262328324 0.31669922358056757 0.012621204787728383 0.021488430574371383
0 0.5530690688299299 0.33861109754389485 0.008393935727197524 0.010853398160692033
0 0.5905993700268619 0.3314374724874475 0.012596963830182517 0.017321763907704717
0 0.5582652816844905 0.3404214736934623 0.008393935727197524 0.010853398160692033
0 0.5645213419238769 0.3390522584062766 0.004190907624212533 0.00438503241367935
0 0.5217524061966794 0.35170717397982315 0.004190907624212296 0.00438503241367935
0 0.5759857354965966 0.3374100859353251 0.012572722872636888 0.01315509724103805
0 0.5499016471542251 0.34606653852082103 0.008393935727197288 0.010853398160692033
0 0.5968433097874756 0.3321515905335951 0.012596963830182517 0.017321763907704717
0 0.6792380005237112 0.3101305336967615 0.023049991933167747 0.024117678275236424
0 0.7480607233963482 0.29402749887105245 0.03562271480580463 0.03727277551627436
0 0.5425736190512399 0.3526986785780932 0.012596963830182517 0.017321763907704717
0 0.5144001371361486 0.36250598070376205 0.004190907624212296 0.00438503241367935
0 0.5592463459572931 0.3507835489233758 0.008393935727197288 0.010853398160692033
0 0.5686395266754523 0.34716722599259725 0.012572722872636888 0.01315509724103805
0 0.5331743780936943 0.35735666817553835 0.008393935727197524 0.010853398160692033
0 0.820020566747758 0.2756773564017505 0.037778771011774855 0.049881958389780816
0 0.6604152776510743 0.32361317955831853 0.025157566224046708 0.028393527815409315
0 0.5248168038028154 0.36196006633623035 0.012572722872636888 0.01315509724103805
0 0.8481516269871444 0.2731617209427483 0.04194543767844152 0.05010032413679338
0 0.5498349845209745 0.3575248718541543 0.012596963830182517 0.017321763907704717
0 0.5884251331027325 0.3471716553609538 0.012596963830182517 0.017321763907704717
0 0.5101849885543907 0.37105767978410803 0.004190907624212296 0.00438503241367935
0 0.5174766552210573 0.37067553972683587 0.004190907624212296 0.00438503241367935
0 0.7146061852752867 0.3166077581804872 0.031395445745273774 0.026637743102595125
0 0.4997319604514055 0.37785359415163977 0.010465148581757925 0.008879247700865041
0 0.5132796873574587 0.37610223880718185 0.008393935727197524 0.010853398160692033
0 0.49136226568175373 0.3845403256456651 0.012572722872636888 0.01315509724103805
0 0.5727152897513227 0.3625738602455846 0.016763630496849185 0.0175401296547174
0 0.5007312054423674 0.3850906693815533 0.004190907624212296 0.00438503241367935
0 0.6071266511876412 0.3545223428327301 0.01888332526650108 0.02389931252822374
0 0.5361963540241254 0.37490122719861224 0.01888332526650108 0.02389931252822374
0 0.5487024142635116 0.3732044632909075 0.01888332526650108 0.02389931252822374
0 0.5080168118696476 0.38575019599094773 0.008393935727197406 0.010853398160692033
0 0.560172868075618 0.3705206241532893 0.008393935727197288 0.010853398160692033
0 0.5872925628452695 0.36285124679770697 0.012621204787728383 0.021488430574371383
0 0.686384221445104 0.33474839363948933 0.025157566224046708 0.028393527815409433
0 0.6008402897513228 0.3610998914532491 0.01888332526650108 0.02389931252822374
0 0.5267849925878069 0.38164255012939063 0.012596963830182517 0.017321763907704717
0 0.490259996621223 0.3950115837490849 0.012572722872636888 0.01315509724103805
0 0.710336494539051 0.3345344572608332 0.0272893814724713 0.03683604402224911
0 0.502759996621223 0.39435648650804694 0.012572722872636888 0.01315509724103805
0 0.6373228640422017 0.3550225245002216 0.01890756622404671 0.028065979194890407
0 0.674871345957293 0.3447238994437742 0.02518180718159234 0.0325601944820761
0 0.7916834583692335 0.3136096585274194 0.05037573484195737 0.06720372229748542
0 0.5684637797332464 0.3773755593259306 0.016763630496849185 0.0175401296547174
0 0.6539955909482548 0.3531073948455042 0.02518180718159234 0.0325601944820761
0 0.4672766673213058 0.4076709286909879 0.008393935727197524 0.010853398160692033
0 0.4923069685182378 0.4011524008755786 0.012596963830182517 0.017321763907704717
0 0.5131645428091168 0.39589390547384856 0.012621204787728265 0.021488430574371383
0 0.6132736271180722 0.3719031275455444 0.01888332526650108 0.02389931252822374
0 0.7290561933421189 0.33876014473260946 0.025157566224046708 0.028393527815409433
0 0.48704409303042684 0.4108003580593444 0.012596963830182517 0.017321763907704717
0 0.4693175789789342 0.41485341248414825 0.008393935727197406 0.010853398160692033
0 0.47868651873954776 0.4154037562200364 0.016763630496849185 0.0175401296547174
0 0.5214554544667452 0.40274884064648986 0.016763630496849185 0.0175401296547174
0 0.44529258301235036 0.42756734886280445 0.012572722872636888 0.01315509724103805
0 0.49743651873954775 0.41442111035847945 0.016763630496849185 0.0175401296547174
0 0.5683607556636773 0.39508389265926397 0.023049991933167747 0.024117678275236424
0 0.4358812215760319 0.43430867179358296 0.012572722872636888 0.01315509724103805
0 0.47551909706384293 0.4228591971969626 0.012572722872636888 0.01315509724103805
0 0.5777175749455181 0.39771756972848554 0.02518180718159234 0.0325601944820761
0 0.9532084543358174 0.29368965249734497 0.0566863372358218 0.07794793758467099
0 0.4546312215760319 0.433326025932026 0.008393935727197524 0.010853398160692033
0 0.4577562215760319 0.43316225162176647 0.012572722872636888 0.01315509724103805
0 0.4681850087214714 0.43053300392090144 0.016763630496849185 0.0175401296547174
0 0.4441660729942739 0.44220527363289097 0.008393935727197406 0.010853398160692033
0 0.4869350087214714 0.4295503580593444 0.016739389539303554 0.013373462988050732
0 0.6058304544667453 0.39832693426948323 0.03358786338756256 0.045496925976101464
0 0.4566600127548875 0.4425918430585197 0.012596963830182635 0.017321763907704717
0 0.41596835012163696 0.4561792424252265 0.012596963830182517 0.017321763907704717
0 0.5505069765850702 0.42101194708406786 0.01888332526650108 0.02389931252822374
0 0.4326410770276901 0.4542641127705091 0.010465148581757925 0.008879247700865041
0 0.4076047155913715 0.4618243072525852 0.012596963830182517 0.017321763907704717
0 0.47749334608822086 0.44150001432345626 0.016763630496849303 0.0175401296547174
0 0.488963799900327 0.4388161751858381 0.012572722872636888 0.01315509724103805
0 0.5713524303971762 0.4178367850156712 0.0314681686179109 0.039137743102595005
0 0.42426532201865186 0.46199251093120114 0.012596963830182517 0.017321763907704717
0 0.5379584946699788 0.43000037765843924 0.02518180718159234 0.0325601944820761
0 0.45034335012163695 0.454377725012372 0.012596963830182517 0.017321763907704717
0 0.656872121133412 0.39565195386857804 0.035671196720895894 0.04560610884960769
0 0.44095622964286413 0.45695238127648374 0.012572722872636888 0.01315509724103805
0 0.4159077477277729 0.4665959090918932 0.012596963830182517 0.017321763907704717
0 0.39088350677022726 0.4720727702406358 0.012572722872636888 0.01315509724103805
0 0.4284198682065457 0.4638574785175218 0.008393935727197524 0.010853398160692033
0 0.8706743780936943 0.33966904266751197 0.05454240150862428 0.06742208804449809
0 0.5160350127548875 0.439480131163589 0.01890756622404671 0.028065979194890407
0 0.4638668360701444 0.4567930363345808 0.012596963830182635 0.017321763907704717
0 0.4920039565489172 0.45323573420891194 0.01890756622404671 0.028065979194890407
0 0.3991441172309236 0.4841360387466105 0.025157566224046708 0.028393527815409433
0 0.4846577477277728 0.462992874266184 0.01890756622404671 0.028065979194890407
0 0.37931002888855203 0.49246494271158736 0.012596963830182517 0.017321763907704717
0 0.4241441172309236 0.4828258442645345 0.027192417642288785 0.020169377355582323
0 0.4491865389066285 0.47422398311579184 0.025157566224046708 0.028393527815409433
0 0.7797827275606921 0.3902518309983709 0.04825604007230571 0.06084453942397907
0 0.5242107798641741 0.466126733002897 0.0272893814724713 0.03683604402224911
0 0.5773903220186518 0.45396756972848545 0.02933635336948631 0.03069522689575533
0 0.402141852203809 0.505847264436351 0.016763630496849185 0.0175401296547174
0 0.5085372979490829 0.4752789378875279 0.02518180718159234 0.0325601944820761
0 0.42923730601591514 0.5023445537474353 0.025157566224046708 0.028393527815409433
0 0.36769412933117196 0.5201487818492055 0.012572722872636888 0.01315509724103805
0 0.38437291647661154 0.5171919855278215 0.01888332526650108 0.02389931252822374
0 0.44798124577652865 0.5024035745525449 0.012596963830182517 0.017321763907704717
0 0.39896231004933125 0.5153860387466105 0.016763630496849185 0.0175401296547174
0 0.3624373140827474 0.5287550723663047 0.012596963830182635 0.017321763907704717
0 0.4604812457765287 0.501748477311507 0.025157566224046708 0.028393527815409433
0 0.42081912933117205 0.517364618574794 0.02518180718159234 0.0325601944820761
0 0.3342517116888833 0.540645707825307 0.012596963830182517 0.017321763907704717
0 0.38012746669792147 0.5309520179415009 0.01888332526650108 0.02389931252822374
0 0.31753050286773893 0.5508941708133577 0.012596963830182517 0.017321763907704717
0 0.3540312578767771 0.54169180386033 0.01890756622404671 0.028065979194890407
0 0.34567974382528455 0.5452535353543554 0.012596963830182635 0.017321763907704717
0 0.7003069886853185 0.44752578019161166 0.04196967863598739 0.05426699080346005
0 0.3373100490556328 0.5519402668483807 0.016763630496849185 0.0175401296547174
0 0.37067974382528457 0.5439433408722795 0.01888332526650108 0.02389931252822374
0 0.4040373181161635 0.5380297482295113 0.025157566224046708 0.028393527815409433
0 0.5917918481703929 0.48445328961394113 0.035634835284577566 0.03935610884960769
0 0.45097292051002763 0.5251564669089521 0.02518180718159234 0.032560194482075984
0 0.29137369165273047 0.5720506233988535 0.008393935727197524 0.010853398160692033
0 0.33098126594360944 0.5658094821355664 0.02933635336948631 0.030695226895755448
0 0.31010551093457117 0.5741929775372964 0.016763630496849303 0.0175401296547174
0 0.3664342940465945 0.5577033732859588 0.02518180718159234 0.0325601944820761
0 0.5239198883736264 0.516126733002897 0.03562271480580463 0.03727277551627436
0 0.4154471695344056 0.5457625757585599 0.023049991933167747 0.024117678275236424
0 0.6772388160339915 0.474768458466848 0.04194543767844152 0.05010032413679338
0 0.28087218163465394 0.5871798710997186 0.012621204787728265 0.021488430574371383
0 0.5770873100493312 0.5060509030618188 0.04194543767844152 0.05010032413679338
0 0.2923244547286009 0.5876210319621004 0.012596963830182635 0.017321763907704717
0 0.35384945069518475 0.5729418038603301 0.023049991933167747 0.024117678275236188
0 0.38408202498606375 0.5671919855278216 0.031443927660365155 0.03497107643592846
0 0.47272671572229946 0.544843380070469 0.0272893814724713 0.03683604402224911
0 0.3079252137710552 0.5909688270774694 0.03144392766036527 0.03497107643592822
0 0.4007547518921168 0.5652768558731043 0.025157566224046708 0.028393527815409433
0 0.3287585471043885 0.589876998342406 0.03144392766036527 0.03497107643592822
0 0.23904794874394059 0.6164468619031785 0.004190907624212296 0.00438503241367935
0 0.2943047639923652 0.6052201824219273 0.01888332526650108 0.02389931252822374
0 0.3568593061468429 0.5925696962167372 0.03553787145439481 0.022689442182940903
0 0.21709416563191725 0.6311349487416618 0.012596963830182576 0.017321763907704717
0 0.4986956595163291 0.5559785941516397 0.035634835284577566 0.03935610884960757
0 0.24104037848647775 0.6319626790296723 0.01888332526650108 0.02389931252822374
0 0.27963658730762214 0.6205677958698049 0.02101514051492567 0.032341828735063416
0 0.1972176556138408 0.6467555193733053 0.008393935727197465 0.010853398160692033
0 0.25145704515314443 0.6314167646621406 0.01888332526650108 0.02389931252822374
0 0.1909494748956816 0.6502080679938244 0.008393935727197406 0.010853398160692033
0 0.20867598894717415 0.6461550135690204 0.016763630496849244 0.0175401296547174
0 0.18675856727146925 0.6545931004075036 0.008393935727197465 0.010853398160692033
0 0.16484114559576438 0.6630311872459868 0.008393935727197465 0.010853398160692033
0 0.18361538655331 0.657881874717763 0.008393935727197406 0.010853398160692033
0 0.40786461137719116 0.596144715815832 0.031443927660365155 0.03497107643592822
0 0.30147522587130365 0.6256713756979885 0.01890756622404671 0.028065979194890407
0 0.1773532660745372 0.6602927566716155 0.004190907624212296 0.00438503241367935
0 0.35985098088034184 0.6153225885731445 0.035671196720895894 0.04560610884960757
0 0.20025781226243106 0.6611750783963791 0.01888332526650108 0.02389931252822374
0 0.8636062457765287 0.48062159128803095 0.06515299583565622 0.10130133574536301
0 0.24088887250181745 0.6580043456963388 0.03146816861791084 0.03913774310259489
0 0.5663009687800934 0.5701384840960171 0.05454240150862428 0.06742208804449822
0 0.4379881013591147 0.6091448974833235 0.04194543767844164 0.0501003241367935
0 0.13758812555961153 0.6936172312682358 0.012572722872636947 0.01315509724103805
0 0.4244100732561295 0.6161045861611146 0.0314681686179109 0.03913774310259512
0 0.19805327414136947 0.6821175946032187 0.012596963830182576 0.017321763907704717
0 0.3263540210835754 0.6451945145492457 0.03144392766036527 0.03497107643592822
0 0.20116009342321023 0.6850788202929593 0.01888332526650108 0.02389931252822374
0 0.7007850530890489 0.5443461887548584 0.06085300390248847 0.07816630333168367
0 0.1270987360203079 0.7066631456357675 0.012572722872636947 0.01315509724103805
0 0.18655857937171766 0.6889681004075037 0.025157566224046708 0.028393527815409433
0 0.1521047962596943 0.7043112844870248 0.016739389539303613 0.013373462988050732
0 0.17609343078995968 0.6978473481083686 0.023049991933167747 0.024117678275236424
0 0.1823494910293461 0.696478132821183 0.01890756622404671 0.02806597919489017
0 0.3095782701079533 0.6648179775372964 0.03351514051492567 0.03299692597610147
0 0.24072524603838433 0.6861293456963388 0.03563483528457751 0.03935610884960757
0 0.10408510552345865 0.7245308239110038 0.012572722872636947 0.01315509724103805
0 0.4691411375289321 0.6241738210473952 0.04825604007230571 0.06084453942397895
0 0.14681767981433763 0.7181259083374573 0.01888332526650108 0.023899312528223506
0 0.12698965171135249 0.7254131456357675 0.012572722872636947 0.01315509724103805
0 0.1603654067203907 0.7163745529929995 0.01888332526650108 0.02389931252822374
0 0.046654053350904515 0.7514916862657615 0.01259696383018259 0.017321763907704717
0 0.09047071598415506 0.737740512588795 0.012572722872636947 0.01315509724103805
0 0.08209496097511684 0.7454689107494871 0.016763630496849244 0.0175401296547174
0 0.10086920193266247 0.7403195982212635 0.012596963830182576 0.017321763907704717
0 0.29279645889294487 0.6854831071920138 0.02518180718159234 0.0325601944820761
0 0.11964344289020813 0.7351702856930397 0.012596963830182576 0.017321763907704717
0 0.3668214548595287 0.6701487818492055 0.04619694769651801 0.06490202321713952
0 0.1248214750266094 0.7401056618426072 0.016763630496849244 0.0175401296547174
0 0.07370708548730578 0.7552806422435124 0.016763630496849244 0.0175401296547174
0 0.19262071195073893 0.7209322184536513 0.023049991933167747 0.024117678275236188
0 0.13941086859932914 0.7382997150613962 0.016763630496849244 0.0175401296547174
0 0.09871920596607861 0.7518871144281031 0.023049991933167716 0.024117678275236188
0 0.31150403721723996 0.6917921279971234 0.0314681686179109 0.03913774310259489
0 0.24996692077188326 0.708554689432227 0.02518180718159234 0.0325601944820761
0 0.0851593585812527 0.7557218031058942 0.016763630496849244 0.0175401296547174
0 0.39907676008987697 0.6747064473098573 0.02731362243001693 0.04100271068891554
0 0.05589572808440345 0.7739170300016497 0.01888332526650105 0.023899312528223506
0 0.09969420999949476 0.7632908563246832 0.016739389539303613 0.013373462988050732
0 0.08817527427229728 0.7743080287956347 0.023049991933167747 0.024117678275236424
0 0.3416275271991635 0.7047923096646149 0.03988634530265393 0.05415780792995359
0 0.06832300521176651 0.7857619327606116 0.012596963830182576 0.017321763907704717
0 0.13922906141773678 0.7695497150613962 0.03562271480580463 0.03727277551627424
0 0.19764117786309346 0.752950927936552 0.03358786338756268 0.045496925976101464
0 0.2695949609751168 0.7356424521339169 0.03358786338756268 0.045496925976101464
0 0.10583512569053934 0.7817133077041641 0.023025750975622056 0.019951011608569522
0 0.08390558353606163 0.7922347278759807 0.023025750975622056 0.019951011608569758
0 0.07764346305728881 0.7946456098298331 0.016739389539303613 0.013373462988050732
0 0.06302376828763699 0.8016598899443773 0.023049991933167716 0.024117678275236188
0 0.242372242135896 0.7610201628228325 0.03146816861791084 0.03913774310259489
0 0.07857604541500005 0.8133410183930799 0.025157566224046708 0.028393527815409433
0 0.06084347112412107 0.8184357394845504 0.012645445745273895 0.02565509724103805
0 0.796188109425947 0.6132821099069002 0.12179085115638628 0.17091593999670068
0 0.4665487440871402 0.7117830039209014 0.06501967056915489 0.07838466907869636
0 0.10771847112412107 0.8159791248306578 0.012596963830182576 0.017321763907704717
0 0.08475332254236312 0.8255134697725609 0.016763630496849244 0.0175401296547174
0 0.3152161859299258 0.7696987622501107 0.04825604007230571 0.06084453942397895
0 0.07003060370314232 0.8502360832204386 0.016763630496849244 0.0175401296547174
0 0.6134540452840722 0.6988772780053715 0.10282268253847539 0.13243329413514385
0 0.10234651132735463 0.8443770820144237 0.02728938147247133 0.03683604402224887
0 0.18265180849087054 0.8235068747177631 0.04612422482388112 0.052402023217139514
0 0.08876848322436949 0.8513367706922149 0.035622714805804666 0.03727277551627424
0 0.2712419570726285 0.8105332692604106 0.06299693962968575 0.08869215287185692
0 0.13139197320629306 0.8636818551186684 0.05668633723582162 0.07794793758467099
0 0.32313742298498305 0.8400953640894187 0.0608287629449426 0.07399963666501701
0 0.4792298567609363 0.8589899819097769 0.09008027296301908 0.09011153022743912
0 0.3770192584004884 0.8862149427115874 0.1130333010660042 0.09756254183600888
0 0.22046018619178137 0.9475286582245626 0.08988634530265394 0.056778196894105785