0 0.06458333333333334 0.12604166666666666 0.027083333333333334 0.021875
0 0.109375 0.13645833333333332 0.010416666666666666 0.015625
0 0.09791666666666667 0.14479166666666668 0.010416666666666666 0.015625
0 0.07708333333333334 0.14375 0.010416666666666666 0.015625
0 0.05416666666666667 0.14270833333333333 0.016666666666666666 0.029166666666666667
0 0.18958333333333333 0.1625 0.016666666666666666 0.020833333333333332
0 0.109375 0.15104166666666666 0.016666666666666666 0.020833333333333332
0 0.15 0.15833333333333333 0.021875 0.021875
0 0.209375 0.16979166666666667 0.015625 0.015625
0 0.19270833333333334 0.17291666666666666 0.016666666666666666 0.020833333333333332
0 0.1125 0.1625 0.0125 0.020833333333333332
0 0.16666666666666666 0.17291666666666666 0.016666666666666666 0.020833333333333332
0 0.128125 0.16979166666666667 0.010416666666666666 0.010416666666666666
0 0.06875 0.16041666666666668 0.016666666666666666 0.020833333333333332
0 0.20520833333333333 0.18333333333333332 0.010416666666666666 0.015625
0 0.23020833333333332 0.18854166666666666 0.021875 0.021875
0 0.14583333333333334 0.17916666666666667 0.016666666666666666 0.020833333333333332
0 0.052083333333333336 0.165625 0.010416666666666666 0.015625
0 0.3541666666666667 0.20833333333333334 0.021875 0.029166666666666667
0 0.07604166666666666 0.17083333333333334 0.021875 0.021875
0 0.275 0.20416666666666666 0.016666666666666666 0.020833333333333332
0 0.14791666666666667 0.18958333333333333 0.016666666666666666 0.020833333333333332
0 0.06666666666666667 0.17916666666666667 0.016666666666666666 0.020833333333333332
0 0.21458333333333332 0.20208333333333334 0.021875 0.027083333333333334
0 0.27291666666666664 0.215625 0.021875 0.021875
0 0.25104166666666666 0.2125 0.027083333333333334 0.03125
0 0.165625 0.203125 0.021875 0.027083333333333334
0 0.13333333333333333 0.20104166666666667 0.0125 0.020833333333333332
0 0.14791666666666667 0.20520833333333333 0.021875 0.027083333333333334
0 0.18333333333333332 0.21458333333333332 0.021875 0.027083333333333334
0 0.8927083333333333 0.31666666666666665 0.03333333333333333 0.035416666666666666
0 0.06041666666666667 0.2 0.021875 0.021875
0 0.09895833333333333 0.20520833333333333 0.027083333333333334 0.027083333333333334
0 0.20208333333333334 0.221875 0.016666666666666666 0.025
0 0.17083333333333334 0.21770833333333334 0.021875 0.027083333333333334
0 0.21770833333333334 0.22708333333333333 0.016666666666666666 0.025
0 0.275 0.23541666666666666 0.021875 0.029166666666666667
0 0.234375 0.23125 0.021875 0.027083333333333334
0 0.07708333333333334 0.209375 0.021875 0.021875
0 0.3458333333333333 0.25416666666666665 0.03125 0.027083333333333334
0 0.22291666666666668 0.2375 0.00625 0.014583333333333334
0 0.41041666666666665 0.26666666666666666 0.028125 0.034375
0 0.05625 0.21666666666666667 0.027083333333333334 0.03125
0 0.0875 0.22395833333333334 0.027083333333333334 0.027083333333333334
0 0.153125 0.23854166666666668 0.03333333333333333 0.035416666666666666
0 0.2916666666666667 0.25833333333333336 0.021875 0.029166666666666667
0 0.21666666666666667 0.25416666666666665 0.022916666666666665 0.03958333333333333
0 0.06354166666666666 0.23541666666666666 0.021875 0.027083333333333334
0 0.24791666666666667 0.2635416666666667 0.027083333333333334 0.03125
0 0.2604166666666667 0.2708333333333333 0.021875 0.029166666666666667
0 0.04479166666666667 0.24895833333333334 0.016666666666666666 0.025
0 0.28541666666666665 0.28541666666666665 0.028125 0.03958333333333333
0 0.15416666666666667 0.26875 0.027083333333333334 0.03125
0 0.3229166666666667 0.29791666666666666 0.034375 0.05
0 0.35208333333333336 0.3020833333333333 0.034375 0.04583333333333333
0 0.06770833333333333 0.26458333333333334 0.022916666666666665 0.034375
0 0.13333333333333333 0.278125 0.028125 0.03958333333333333
0 0.3875 0.31666666666666665 0.034375 0.05
0 0.88125 0.3958333333333333 0.034375 0.05
0 0.5208333333333334 0.34791666666666665 0.03333333333333333 0.040625
0 0.46458333333333335 0.340625 0.03333333333333333 0.035416666666666666
0 0.5041666666666667 0.34791666666666665 0.022916666666666665 0.03958333333333333
0 0.15416666666666667 0.3020833333333333 0.028125 0.034375
0 0.4270833333333333 0.3416666666666667 0.034375 0.05416666666666667
0 0.20208333333333334 0.3125 0.034375 0.04583333333333333
0 0.23854166666666668 0.3177083333333333 0.034375 0.04583333333333333
0 0.21666666666666667 0.31666666666666665 0.034375 0.04583333333333333
0 0.7333333333333333 0.39166666666666666 0.034375 0.04583333333333333
0 0.33541666666666664 0.34375 0.0375 0.05
0 0.8510416666666667 0.42083333333333334 0.041666666666666664 0.046875
0 0.4552083333333333 0.3645833333333333 0.0375 0.04583333333333333
0 0.5895833333333333 0.38333333333333336 0.022916666666666665 0.03958333333333333
0 0.05416666666666667 0.30833333333333335 0.021875 0.029166666666666667
0 0.7104166666666667 0.403125 0.028125 0.034375
0 0.18020833333333333 0.32916666666666666 0.0375 0.04583333333333333
0 0.30625 0.3489583333333333 0.03333333333333333 0.040625
0 0.06666666666666667 0.3177083333333333 0.016666666666666666 0.025
0 0.659375 0.4010416666666667 0.034375 0.05
0 0.2916666666666667 0.35625 0.025 0.04375
0 0.44479166666666664 0.39479166666666665 0.028125 0.034375
0 0.4166666666666667 0.39895833333333336 0.029166666666666667 0.04791666666666667
0 0.25 0.38333333333333336 0.01875 0.034375
0 0.515625 0.425 0.034375 0.04583333333333333
0 0.2635416666666667 0.38958333333333334 0.034375 0.05
0 0.459375 0.421875 0.04375 0.05416666666666667
0 0.5416666666666666 0.43333333333333335 0.0375 0.05
0 0.6083333333333333 0.44583333333333336 0.034375 0.04583333333333333
0 0.32083333333333336 0.40729166666666666 0.0375 0.05
0 0.096875 0.378125 0.041666666666666664 0.05
0 0.030208333333333334 0.36875 0.040625 0.06875
0 0.571875 0.45625 0.0375 0.05
0 0.38958333333333334 0.45208333333333334 0.05 0.065625
0 0.7645833333333333 0.5135416666666667 0.046875 0.052083333333333336
0 0.7510416666666667 0.5114583333333333 0.034375 0.04583333333333333
0 0.7916666666666666 0.5291666666666667 0.04791666666666667 0.05625
0 0.6041666666666666 0.521875 0.04791666666666667 0.05625
0 0.875 0.5625 0.04583333333333333 0.07291666666666667
0 0.5645833333333333 0.5208333333333334 0.05625 0.084375
0 0.9010416666666666 0.5708333333333333 0.05 0.07083333333333333
0 0.8083333333333333 0.571875 0.04375 0.025
0 0.7270833333333333 0.5625 0.05416666666666667 0.075
0 0.6885416666666667 0.5729166666666666 0.059375 0.071875
0 0.47291666666666665 0.5458333333333333 0.05416666666666667 0.07083333333333333
0 0.35208333333333336 0.5354166666666667 0.05 0.065625
0 0.4083333333333333 0.5520833333333334 0.04791666666666667 0.06041666666666667
0 0.8208333333333333 0.615625 0.07083333333333333 0.08125
0 0.6270833333333333 0.590625 0.05 0.07083333333333333
0 0.16041666666666668 0.56875 0.05416666666666667 0.07083333333333333
0 0.38333333333333336 0.6145833333333334 0.05416666666666667 0.065625
0 0.5114583333333333 0.6354166666666666 0.05 0.075
0 0.026041666666666668 0.5666666666666667 0.052083333333333336 0.07083333333333333
0 0.26666666666666666 0.6104166666666667 0.05416666666666667 0.065625
0 0.07708333333333334 0.5979166666666667 0.05 0.065625
0 0.7135416666666666 0.6927083333333334 0.06041666666666667 0.08125
0 0.41458333333333336 0.6916666666666667 0.05 0.07083333333333333