0 0.2837219315722417 0.11305882444555872 0.025339384892848215 0.030039685903960372
0 0.20769238579460528 0.11675592462566037 0.03805756089539365 0.04922619552260722
0 0.9494453582643617 0.2773874388557219 0.09094087290472667 0.11979498560030244
0 0.7563006729259378 0.24661696214319415 0.08876057245915092 0.11138890066386124
0 0.60403552625715 0.2363028291700641 0.09314541512836266 0.13028440387007692
0 0.8569067173774525 0.2952082185273527 0.02955453511563609 0.03435185577684265
0 0.41292569069593804 0.20129293418776187 0.048546952896242127 0.05583995353814627
0 0.89665974315721 0.3084092714016377 0.04641513600678759 0.05160053526837179
0 0.15197570491193832 0.1645535512429045 0.025339384892848333 0.030039685903960372
0 0.24911736447060487 0.18408726836505812 0.03587726044981796 0.04082011058616608
0 0.09352116268830205 0.15617392946325648 0.05704997867599957 0.07071429328391084
0 0.2963438702524835 0.21265869062846576 0.05704997867599957 0.07071429328391084
0 0.36635371292169544 0.2289715119243542 0.07194845512412064 0.09830688783899877
0 0.9853938844684839 0.37086957666644804 0.029212231063032352 0.10324735898305827
0 0.2171772035858168 0.21542325154656247 0.04438028622957546 0.05569445033193065
0 0.14405448180563507 0.2002612243220024 0.019016659558666524 0.023571431094636944
0 0.48391732537660404 0.3019807554836503 0.08243784712496899 0.10492064585453775
0 0.2915847396032099 0.34100194543778917 0.08243784712496899 0.10492064585453788
0 0.3685369325270265 0.5957109301941287 0.08655603023551457 0.1008994823940867