0 0.9615758932739421 0.48252322359615707 0.06875145957987765 0.18227171656984992
0 0.4503122239550324 0.3524031524654359 0.12042268268618095 0.14928087014004512
0 0.6848804283895783 0.4362845266027184 0.15455599469551373 0.21958339509163688
0 0.12528871196691063 0.2497175177826803 0.11850904179927176 0.16376717066390398
0 0.5996334541693358 0.4177228480809315 0.03602271111818141 0.05373289109439945
0 0.7605221057182452 0.4742012241485368 0.1207378258009688 0.17636420347337847
0 0.8372418123806696 0.5090414380990924 0.0867984480161205 0.12272834518845362
0 0.5662879999469721 0.4172119897960066 0.057195429344362954 0.08386988585581084
0 0.5006387581689116 0.4162387896308939 0.11405147379587793 0.13857310504495501
0 0.8877380390409729 0.5582937419312172 0.09312117335030241 0.12926944361687684
0 0.9601456283683671 0.6054398902628237 0.0682181404625446 0.1364383832365166
0 0.27783117950351754 0.3964812790171249 0.13730752535539292 0.16880713261584102
0 0.14068268528539613 0.35986878025847613 0.07415299734775692 0.10964614833160671
0 0.063647835508184 0.35211189964125383 0.1271575182473928 0.19123863523513526