0 0.27708333333333335 0.2520833333333333 0.09791666666666667 0.125
0 0.4083333333333333 0.2635416666666667 0.08958333333333333 0.12083333333333333
0 0.6125 0.2875 0.08958333333333333 0.125
0 0.815625 0.3145833333333333 0.084375 0.125
0 0.17916666666666667 0.3229166666666667 0.07083333333333333 0.10416666666666667
0 0.6791666666666667 0.35833333333333334 0.090625 0.153125
0 0.46041666666666664 0.365625 0.10416666666666667 0.14791666666666667
0 0.903125 0.4166666666666667 0.07083333333333333 0.10416666666666667
0 0.37916666666666665 0.5166666666666667 0.1 0.14791666666666667
0 0.078125 0.5041666666666667 0.10416666666666667 0.14375
0 0.8239583333333333 0.5479166666666667 0.103125 0.13958333333333334
0 0.253125 0.528125 0.10416666666666667 0.14375
0 0.5197916666666667 0.575 0.09583333333333334 0.14791666666666667
0 0.696875 0.6447916666666667 0.09791666666666667 0.125