0 0.17083333333333334 0.4222057417494132 0.00625 0.006504667984777513
0 0.27395833333333336 0.38571205333391667 0.00625 0.006504667984777513
0 0.30104166666666665 0.3783584920665472 0.00625 0.006504667984777513
0 0.07916666666666666 0.4613575388594841 0.010416666666666666 0.015007779974629187
0 0.08645833333333333 0.461060426210577 0.0125 0.013009335969555025
0 0.31354166666666666 0.3799324894303254 0.008333333333333333 0.01075622397970335
0 0.48541666666666666 0.31772078651560903 0.0125 0.013009335969555143
0 0.20520833333333333 0.4228884011664699 0.00625 0.006504667984777513
0 0.2708333333333333 0.3983393873263054 0.00625 0.006504667984777513
0 0.434375 0.34063390839129254 0.00625 0.006504667984777513
0 0.5125 0.3114088919149063 0.00625 0.006504667984777513
0 0.25416666666666665 0.4063101686190457 0.00625 0.006504667984777513
0 0.5427083333333333 0.30080299665514804 0.008333333333333333 0.01075622397970335
0 0.29583333333333334 0.3931540487205286 0.008333333333333333 0.01075622397970335
0 0.47291666666666665 0.3286467891518309 0.00625 0.006504667984777513
0 0.4979166666666667 0.31929478387938726 0.00625 0.006504667984777513
0 0.40208333333333335 0.3554913596459766 0.008333333333333333 0.01075622397970335
0 0.4510416666666667 0.33682979376521893 0.008333333333333333 0.01075622397970335
0 0.7479166666666667 0.22785806448828463 0.014583333333333334 0.01726089196448098
0 0.39479166666666665 0.3557884722948837 0.00625 0.006504667984777513
0 0.428125 0.34401357637607005 0.008333333333333333 0.010756223979703468
0 0.46041666666666664 0.3364477917880527 0.00625 0.006504667984777513
0 0.27708333333333335 0.4022513860081946 0.008333333333333333 0.01075622397970335
0 0.3854166666666667 0.36346214093871676 0.008333333333333333 0.01075622397970335
0 0.6135416666666667 0.27916675949433567 0.008333333333333333 0.01075622397970335
0 0.6302083333333334 0.2753626448682621 0.014583333333333334 0.01726089196448098
0 0.5208333333333334 0.31731933460186945 0.008333333333333333 0.01075622397970335
0 0.7447916666666666 0.2363187318140067 0.0125 0.013009335969555143
0 0.24583333333333332 0.4181080592654157 0.00625 0.006504667984777513
0 0.640625 0.2749381982269662 0.00625 0.006504667984777513
0 0.6677083333333333 0.2655013036262634 0.008333333333333333 0.01075622397970341
0 0.5145833333333333 0.32278233591998046 0.00625 0.006504667984777513
0 0.6270833333333333 0.2817399788606509 0.010416666666666666 0.015007779974629305
0 0.4239583333333333 0.35668335503258847 0.0125 0.013009335969555143
0 0.225 0.4293736192146743 0.00625 0.006504667984777513
0 0.409375 0.36144424699706945 0.014583333333333334 0.01726089196448098
0 0.5375 0.316640219975796 0.008333333333333333 0.01075622397970335
0 0.6052083333333333 0.2920063168073723 0.008333333333333333 0.01075622397970335
0 0.6854166666666667 0.26373807766939356 0.008333333333333333 0.01075622397970341
0 0.690625 0.26144252101541227 0.008333333333333333 0.010756223979703468
0 0.8083333333333333 0.21810460730210146 0.014583333333333334 0.01726089196448098
0 0.4427083333333333 0.35279435107825574 0.0125 0.013009335969555143
0 0.5729166666666666 0.30373876806205646 0.0125 0.013009335969555143
0 0.5833333333333334 0.30018932142076055 0.008333333333333333 0.01075622397970335
0 0.8375 0.20754115670647283 0.014583333333333334 0.01726089196448098
0 0.48020833333333335 0.33772467650292365 0.008333333333333333 0.01075622397970335
0 0.7229166666666667 0.25179340309406156 0.008333333333333333 0.01075622397970341
0 0.6947916666666667 0.2623144090255606 0.008333333333333333 0.01075622397970341
0 0.6666666666666666 0.2728354149570596 0.0125 0.013009335969555143
0 0.7104166666666667 0.2564694057302833 0.0125 0.013009335969555143
0 0.5604166666666667 0.31466477069827825 0.008333333333333333 0.010756223979703468
0 0.5520833333333334 0.31708766134464833 0.014583333333333334 0.01726089196448098
0 0.7052083333333333 0.26188996238426465 0.008333333333333333 0.010756223979703468
0 0.5916666666666667 0.3029747641077237 0.008333333333333333 0.01075622397970335
0 0.728125 0.2526228464400802 0.00625 0.0065046679847775716
0 0.6010416666666667 0.29842609546389076 0.008333333333333333 0.010756223979703468
0 0.43333333333333335 0.36255135305542213 0.008333333333333333 0.01075622397970335
0 0.50625 0.3356218932330171 0.008333333333333333 0.01075622397970335
0 0.459375 0.35628190311884894 0.0125 0.013009335969555025
0 0.7114583333333333 0.2637186277328204 0.010416666666666666 0.008757779974629306
0 0.5822916666666667 0.3127317660848901 0.00625 0.006504667984777513
0 0.621875 0.29757720218129885 0.014583333333333334 0.01726089196448098
0 0.7916666666666666 0.23649205526150832 0.008333333333333333 0.01075622397970341
0 0.353125 0.4022779255267342 0.008333333333333333 0.010756223979703468
0 0.803125 0.2391501639560828 0.010416666666666666 0.019174446641295972
0 0.44479166666666664 0.37145946174999656 0.008333333333333333 0.01075622397970335
0 0.5802083333333333 0.32010832207981593 0.014583333333333334 0.01726089196448098
0 0.6885416666666667 0.2823607436770048 0.008333333333333333 0.01075622397970335
0 0.8739583333333333 0.2133472601286037 0.0125 0.013009335969555143
0 0.3958333333333333 0.3880376942974208 0.008333333333333333 0.01075622397970335
0 0.615625 0.30720687016607645 0.014583333333333334 0.01726089196448098
0 0.25833333333333336 0.43947372329586065 0.0125 0.013009335969555143
0 0.3260416666666667 0.4169231534607703 0.0125 0.013009335969555143
0 0.4083333333333333 0.38648669166119903 0.008333333333333333 0.010756223979703468
0 0.275 0.4356696086697871 0.014583333333333334 0.01726089196448098
0 0.37395833333333334 0.40142903224414234 0.008333333333333333 0.01075622397970335
0 0.4197916666666667 0.3849781336891068 0.010416666666666666 0.008757779974629306
0 0.5072916666666667 0.3532877819022209 0.00625 0.006504667984777513
0 0.5520833333333334 0.336879328011315 0.0125 0.013009335969555143
0 0.840625 0.23033048938075068 0.014583333333333334 0.01726089196448098
0 0.471875 0.3651475671492938 0.008333333333333333 0.01075622397970335
0 0.49270833333333336 0.35804867386670186 0.008333333333333333 0.01075622397970335
0 0.315625 0.4235976001020662 0.00625 0.006504667984777513
0 0.36770833333333336 0.40689203356225323 0.014583333333333334 0.01726089196448098
0 0.6010416666666667 0.3213427621305574 0.010416666666666666 0.015007779974629305
0 0.8166666666666667 0.24172338332239807 0.010416666666666666 0.015007779974629305
0 0.5208333333333334 0.3506526679352028 0.008333333333333333 0.01075622397970335
0 0.5927083333333333 0.3237656527769275 0.014583333333333334 0.01726089196448098
0 0.38958333333333334 0.4007923622821984 0.008333333333333333 0.01075622397970335
0 0.4083333333333333 0.3937783583278657 0.0125 0.013009335969555143
0 0.434375 0.38438390839129255 0.008333333333333333 0.01075622397970335
0 0.6739583333333333 0.29649663564148576 0.0125 0.013009335969555025
0 0.3385416666666667 0.4195388174912152 0.010416666666666666 0.015007779974629305
0 0.35625 0.41256725820101203 0.0125 0.013009335969555025
0 0.45625 0.3762009037779043 0.0125 0.013009335969555143
0 0.665625 0.2989195262878559 0.0125 0.013009335969555143
0 0.39375 0.4016642502923467 0.0125 0.013009335969555143
0 0.6510416666666666 0.30784708491900353 0.014583333333333334 0.01726089196448098
0 0.8822916666666667 0.22446603614890026 0.0125 0.013009335969555143
0 0.18645833333333334 0.4778190717874693 0.014583333333333334 0.01726089196448098
0 0.7104166666666667 0.28563607239695005 0.008333333333333333 0.01075622397970335
0 0.23958333333333334 0.4579460605835266 0.014583333333333334 0.01726089196448098
0 0.28541666666666665 0.4435784953618244 0.008333333333333333 0.01075622397970335
0 0.4864583333333333 0.37080334185147945 0.008333333333333333 0.01075622397970335
0 0.5166666666666667 0.3591557799250546 0.008333333333333333 0.01075622397970335
0 0.7625 0.26893050585713696 0.014583333333333334 0.01726089196448098
0 0.49583333333333335 0.3693796732076464 0.008333333333333333 0.01075622397970335
0 0.35520833333333335 0.4199013695318083 0.00625 0.006504667984777513
0 0.7895833333333333 0.26470194458976753 0.014583333333333334 0.01726089196448098
0 0.71875 0.2905048484172466 0.014583333333333334 0.01726089196448098
0 0.559375 0.3480405486957412 0.014583333333333334 0.01726089196448098
0 0.4479166666666667 0.38904046109094115 0.008333333333333333 0.01075622397970335
0 0.32083333333333336 0.43796871011475164 0.008333333333333333 0.01075622397970335
0 0.5739583333333333 0.34536299006459353 0.008333333333333333 0.010756223979703468
0 0.5927083333333333 0.3393906527769275 0.008333333333333333 0.01075622397970335
0 0.5385416666666667 0.3624311086449997 0.010416666666666666 0.015007779974629305
0 0.48854166666666665 0.38321845252322023 0.0125 0.013009335969555143
0 0.465625 0.3924855684674046 0.010416666666666666 0.008757779974629187
0 0.7385416666666667 0.2949067331321176 0.014583333333333334 0.01726089196448098
0 0.20104166666666667 0.5011831798229883 0.0125 0.013009335969555143
0 0.7729166666666667 0.29246439254917433 0.022916666666666665 0.019683782610851117
0 0.008333333333333333 0.5767437760202967 0.008333333333333333 0.02950622397970335
0 0.019791666666666666 0.5731518847148711 0.020833333333333332 0.02793222661592504
0 0.18541666666666667 0.5143198497849322 0.014583333333333334 0.01726089196448098
0 0.058333333333333334 0.5601230988087428 0.01875 0.02368067062099944
0 0.215625 0.5078806211918406 0.014583333333333334 0.01726089196448098
0 0.2604166666666667 0.4945971673009347 0.010416666666666666 0.015007779974629187
0 0.26875 0.4900909433212313 0.010416666666666666 0.015007779974629305
0 0.08125 0.5623143161978916 0.014583333333333334 0.0172608919644811
0 0.20625 0.517637623169007 0.0125 0.013009335969555143
0 0.19791666666666666 0.5221438471487104 0.014583333333333334 0.01726089196448098
0 0.09479166666666666 0.5648875355642069 0.020833333333333332 0.027932226615925277
0 0.2375 0.5142809499117859 0.01875 0.019514003954332775
0 0.16875 0.5441656310776725 0.0125 0.013009335969555025
0 0.5052083333333334 0.4221226712304801 0.014583333333333334 0.01726089196448098
0 0.18125 0.5426146284414505 0.014583333333333334 0.0172608919644811
0 0.44166666666666665 0.447628462409052 0.014583333333333334 0.01726089196448098
0 0.12916666666666668 0.561403528314597 0.014583333333333334 0.0172608919644811
0 0.15833333333333333 0.5508400777189683 0.014583333333333334 0.0172608919644811
0 0.19166666666666668 0.5401068484668213 0.01875 0.019514003954332775
0 0.48020833333333335 0.4356413431695903 0.0125 0.013009335969555025
0 0.35833333333333334 0.4864407022060862 0.014583333333333334 0.01726089196448098
0 0.221875 0.5420009532070631 0.014583333333333334 0.023510891964480862
0 0.38125 0.4844652529285685 0.0125 0.013009335969555143
0 0.2947916666666667 0.5223631600513248 0.014583333333333334 0.01726089196448098
0 0.4395833333333333 0.46958835173731117 0.014583333333333334 0.02351089196448098
0 0.209375 0.5539686225099516 0.01875 0.019514003954332775
0 0.3697916666666667 0.49534881090066063 0.014583333333333334 0.0172608919644811
0 0.4354166666666667 0.47288313039382956 0.014583333333333334 0.02351089196448098
0 0.45729166666666665 0.47095012578044143 0.014583333333333334 0.01726089196448098
0 0.415625 0.4851479123456252 0.014583333333333334 0.01726089196448098
0 0.49583333333333335 0.45896300654097977 0.020833333333333332 0.027932226615925277
0 0.3072916666666667 0.5312288240817696 0.01875 0.019514003954332657
0 0.690625 0.3926925210154123 0.03125 0.0325233399238878
0 0.33645833333333336 0.5217070401528077 0.01875 0.023680670620999322
0 0.16979166666666667 0.5857898530802094 0.020833333333333332 0.02793222661592504
0 0.13333333333333333 0.6018587496580785 0.016666666666666666 0.0277624479594067
0 0.19895833333333332 0.5773097358179141 0.01875 0.019514003954332775
0 0.0625 0.6276616534855576 0.027083333333333334 0.03443689460070279
0 0.634375 0.42102619954507703 0.01875 0.019514003954332775
0 0.47291666666666665 0.47968845581849756 0.029166666666666667 0.03868845059562863
0 0.14583333333333334 0.6023910803551902 0.016666666666666666 0.0277624479594067
0 0.6177083333333333 0.4289969808378172 0.020833333333333332 0.027932226615925277
0 0.19791666666666666 0.5877688471487105 0.01875 0.019514003954332775
0 0.684375 0.41169718900018987 0.014583333333333334 0.02351089196448098
0 0.278125 0.5605422746773983 0.014583333333333334 0.0172608919644811
0 0.290625 0.5558662720411766 0.01875 0.02368067062099944
0 0.2989583333333333 0.5534433813948065 0.008333333333333333 0.01075622397970335
0 0.2375 0.5746976165784524 0.014583333333333334 0.0172608919644811
0 0.9010416666666666 0.3330770321945676 0.01875 0.02368067062099944
0 0.25416666666666665 0.5688101686190457 0.01875 0.02368067062099944
0 0.24479166666666666 0.575442170596212 0.014583333333333334 0.0172608919644811
0 0.26875 0.5661326099878979 0.010416666666666666 0.015007779974629425
0 0.31666666666666665 0.5516801554379367 0.01875 0.02368067062099944
0 0.03229166666666667 0.6580592154119826 0.025 0.04268533860577695
0 0.33125 0.5510859301401223 0.01875 0.02368067062099944
0 0.30625 0.563562935412566 0.014583333333333334 0.023510891964481098
0 0.39791666666666664 0.5296194716358282 0.01875 0.019514003954332775
0 0.23333333333333334 0.5894507285683043 0.014583333333333334 0.023510891964481098
0 0.28125 0.5739566073516762 0.01875 0.02368067062099944
0 0.37916666666666665 0.5397584755901609 0.014583333333333334 0.023510891964481098
0 0.41458333333333336 0.5258153570097548 0.014583333333333334 0.023510891964481098
0 0.7458333333333333 0.40398462048321043 0.01875 0.023680670620999322
0 0.365625 0.5434352562238457 0.014583333333333334 0.023510891964481098
0 0.7604166666666666 0.40130706185206283 0.01875 0.023680670620999322
0 0.35625 0.5511089248676787 0.01875 0.019514003954332775
0 0.45 0.5202055717626819 0.01875 0.023680670620999322
0 0.8864583333333333 0.36075459082571526 0.01875 0.02368067062099944
0 0.5114583333333333 0.4999930032457025 0.01875 0.023680670620999322
0 0.8552083333333333 0.37452793074960306 0.01875 0.02368067062099944
0 0.428125 0.5315135763760701 0.014583333333333334 0.023510891964481098
0 0.409375 0.540610913663736 0.01875 0.02368067062099944
0 0.5322916666666667 0.4970607766297773 0.014583333333333334 0.02351089196448098
0 0.546875 0.49542488466529633 0.014583333333333334 0.02351089196448098
0 0.5583333333333333 0.49183299335987074 0.014583333333333334 0.02351089196448098
0 0.903125 0.36528380953297507 0.01875 0.019514003954332775
0 0.575 0.4880288787337973 0.014583333333333334 0.02351089196448098
0 0.5989583333333334 0.47871931812548324 0.014583333333333334 0.01726089196448098
0 0.38958333333333334 0.5560006956155318 0.014583333333333334 0.023510891964481098
0 0.5260416666666666 0.5056487779478882 0.01875 0.02368067062099944
0 0.6385416666666667 0.46564808755522535 0.01875 0.02368067062099944
0 0.796875 0.4102381652741937 0.014583333333333334 0.02351089196448098
0 0.5885416666666666 0.48643543143344586 0.014583333333333334 0.01726089196448098
0 0.6104166666666667 0.4803357601533911 0.01875 0.02368067062099944
0 0.04895833333333333 0.6896717674525757 0.01875 0.02368067062099944
0 0.6854166666666667 0.4574880776693936 0.014583333333333334 0.02351089196448098
0 0.23958333333333334 0.6235710605835266 0.029166666666666667 0.03868845059562863
0 0.6697916666666667 0.46645808096467084 0.014583333333333334 0.01726089196448098
0 0.6770833333333334 0.46511930164909704 0.01875 0.019514003954332657
0 0.5802083333333333 0.5034416554131493 0.020833333333333332 0.027932226615925277
0 0.6625 0.476130193613578 0.01875 0.02368067062099944
0 0.7364583333333333 0.44915828912704353 0.020833333333333332 0.027932226615925277
0 0.6927083333333334 0.46448263168715315 0.014583333333333334 0.02351089196448098
0 0.13125 0.672776972319671 0.022916666666666665 0.019683782610851117
0 0.540625 0.5227628859834073 0.01875 0.02368067062099944
0 0.6541666666666667 0.4837614175932814 0.014583333333333334 0.01726089196448098
0 0.8447916666666667 0.41453571072423234 0.020833333333333332 0.027932226615925277
0 0.7385416666666667 0.4553233997987843 0.01875 0.023680670620999322
0 0.765625 0.44796983853141487 0.020833333333333332 0.027932226615925277
0 0.8208333333333333 0.4300952713325464 0.020833333333333332 0.027932226615925277
0 0.159375 0.6747559663881721 0.025 0.02601867193911005
0 0.8854166666666666 0.4087137021565115 0.01875 0.02368067062099944
0 0.14479166666666668 0.682641858352653 0.022916666666666665 0.032183782610851114
0 0.928125 0.3986401375938648 0.025 0.026018671939110286
0 0.8104166666666667 0.44301971797384226 0.01875 0.019514003954332775
0 0.8729166666666667 0.4206813714594 0.01875 0.02368067062099944
0 0.9458333333333333 0.3947935783036617 0.025 0.026018671939110286
0 0.9760416666666667 0.3841876830439034 0.01875 0.03201400395433277
0 0.959375 0.39215846433664364 0.01875 0.023680670620999322
0 0.12395833333333334 0.7001574183019116 0.03333333333333333 0.040941562585480304
0 0.19166666666666668 0.6776068484668213 0.029166666666666667 0.03868845059562863
0 0.23645833333333333 0.6664067279092488 0.03333333333333333 0.04510822925214697
0 0.9885416666666667 0.39201168040768164 0.01875 0.02993067062099932
0 0.21041666666666667 0.6799678445124886 0.029166666666666667 0.03868845059562863
0 0.06770833333333333 0.7326577634982431 0.041666666666666664 0.05169778656518389
0 0.28229166666666666 0.6666224960208799 0.03333333333333333 0.045108229252147206
0 0.17291666666666666 0.7064958524211541 0.03333333333333333 0.045108229252147206
0 0.37083333333333335 0.6484313662365311 0.03333333333333333 0.040941562585480304
0 0.45 0.6191639050960153 0.03333333333333333 0.045108229252147206
0 0.34479166666666666 0.6599091495064376 0.03333333333333333 0.04510822925214697
0 0.5010416666666667 0.6087507832203318 0.03333333333333333 0.040941562585480304
0 0.5375 0.594765219975796 0.027083333333333334 0.03443689460070279
0 0.40208333333333335 0.6471580263126433 0.03333333333333333 0.04510822925214697
0 0.13958333333333334 0.742229081673301 0.04583333333333333 0.05811756522170223
0 0.6145833333333334 0.5739159814968727 0.029166666666666667 0.04285511726229553
0 0.5604166666666667 0.5969564373649449 0.029166666666666667 0.042855117262295295
0 0.21354166666666666 0.7350488438534332 0.04583333333333333 0.05395089855503556
0 0.6541666666666667 0.5795947509266147 0.03958333333333333 0.04744623057025781
0 0.721875 0.5549608477581912 0.03333333333333333 0.04510822925214697
0 0.7635416666666667 0.541804727859674 0.029166666666666667 0.03868845059562863
0 0.478125 0.6461428991645162 0.04583333333333333 0.05395089855503556
0 0.36354166666666665 0.6924784788854381 0.04583333333333333 0.05395089855503556
0 0.5479166666666667 0.6266324400011667 0.029166666666666667 0.042855117262295295
0 0.284375 0.7238292733592874 0.04583333333333333 0.05395089855503556
0 0.7520833333333333 0.556854952498433 0.027083333333333334 0.03443689460070279
0 0.85 0.5236984874035843 0.027083333333333334 0.03443689460070279
0 0.8135416666666667 0.5397673839814535 0.03125 0.047106673257221135
0 0.9125 0.5107351408891421 0.041666666666666664 0.05169778656518389
0 0.21041666666666667 0.7685095111791553 0.05625 0.06687534519633141
0 0.9854166666666667 0.48693068106673715 0.029166666666666667 0.051188450595628626
0 0.8760416666666667 0.5330540374670112 0.029166666666666667 0.042855117262295295
0 0.490625 0.6758418965282945 0.03958333333333333 0.04744623057025781
0 0.896875 0.5322051441844192 0.04375 0.060116009226776394
0 0.5364583333333334 0.6656409979732589 0.0375 0.05569467457533221
0 0.9645833333333333 0.5138212410159956 0.041666666666666664 0.05169778656518389
0 0.6135416666666667 0.6458334261610024 0.05416666666666667 0.06887378920140558
0 0.7114583333333333 0.6137186277328205 0.03333333333333333 0.045108229252147206
0 0.340625 0.760078928162956 0.0625 0.08588001318110892
0 0.571875 0.6829478793928527 0.05416666666666667 0.07304045586807224
0 0.48854166666666665 0.7144684525232203 0.05 0.054120677211553905
0 0.453125 0.7471615711036265 0.07083333333333333 0.08205290382747894
0 0.8822916666666667 0.5900910361489002 0.05416666666666667 0.06887378920140558
0 0.7677083333333333 0.637468282536489 0.05416666666666667 0.07304045586807224
0 0.9875 0.5545541250718112 0.025 0.05726867193911029
0 0.953125 0.5892881323214212 0.058333333333333334 0.07112690119125725
0 0.84375 0.6312448220550286 0.052083333333333336 0.06253889987314641
0 0.5260416666666666 0.7629404446145549 0.06666666666666667 0.06938312517096061
0 0.6864583333333333 0.7105706330052641 0.0625 0.0712966798477756
0 0.15 0.9095129683653383 0.075 0.08847268248399752
0 0.309375 0.8905189347535104 0.07083333333333333 0.08830290382747895
0 0.6239583333333333 0.8349923128530397 0.08333333333333333 0.06589557313036755