0 0.6548882259568697 0.021514163667999953 0.0172608919644811 0.014680297163515925
0 0.5331830046133882 0.024971782326456436 0.02644311858040614 0.03556211241194055
0 0.7996887081871601 0.201480781933673 0.03294778656518389 0.041848473848259
0 0.17500527077264036 0.2311719113957728 0.04361912121662801 0.048159076242123136
0 0.7436933761719376 0.20740352900680672 0.04612690119125726 0.05858786338756262
0 0.3694573801262703 0.22397184282769847 0.042130013181108934 0.0627302890966836
0 0.20846593809836247 0.234490839056138 0.023850449277517782 0.023049991933167747
0 0.9069803748538267 0.2021049865904734 0.04612690119125726 0.05858786338756262
0 0.45070738012627026 0.22444454149983858 0.03520089855503545 0.046027260993698485
0 0.7760699321668635 0.20967472976111884 0.041705566539813076 0.05231362243001699
0 0.4226672694545294 0.2263642483697388 0.05488468116588656 0.06905301196932061
0 0.040140384739658405 0.24392574694220592 0.02461445323185044 0.041799991933167746
0 0.39054538144438117 0.23034304761542673 0.04213001318110905 0.0627302890966836
0 0.09760183006284345 0.24842572677512526 0.041705566539813076 0.05231362243001699
0 0.6227521587827887 0.22961114766526325 0.050463346514442266 0.06277877101177497
0 0.3617748959188136 0.03543017616103182 0.019683782610851117 0.023025750975622088
0 0.9752829334849743 0.2170822354839235 0.04187534519633142 0.05648028909668366
0 0.7332961594418441 0.23337853304022288 0.04187534519633142 0.056480289096683595
0 0.1438596100374727 0.25910904397479406 0.03520089855503545 0.046027260993698485
0 0.12211194402986152 0.26210677894767936 0.036944674575332036 0.037706048139137964
0 0.6512591607599549 0.23914977412869637 0.04378889987314641 0.0523257429087898
0 0.8840831581237332 0.2280072677512526 0.03928267589344282 0.04396816861791078
0 0.5340177187320472 0.24992330041136512 0.05488468116588644 0.06905301196932061
0 0.8179682720907512 0.2411610790971889 0.04378889987314641 0.052325742908789746
0 0.5913518300628434 0.2512982802442844 0.04804045586807225 0.054433317199668825
0 0.948921159441844 0.23463300259321015 0.06096490250936834 0.06492270673897238
0 0.3014431185804062 0.03716201560995327 0.013179114626073485 0.016739389539303613
0 0.46672856126736945 0.029792260339059413 0.023850449277517782 0.023049991933167722
0 0.20582200856772084 0.04181280691973672 0.02618845059562863 0.029312112411940545
0 0.4916913873758802 0.25904983059652226 0.06589557313036755 0.083696947696518
0 0.20057650134289826 0.2708946302349936 0.0593060158173308 0.07532725292686623
0 0.43973538803493567 0.26187181862720166 0.031034231888368898 0.04600302003615286
0 0.711270830721899 0.2551202077737218 0.04863468116588668 0.06901665053300216
0 0.6814020547016023 0.2632777941648492 0.041705566539813076 0.05231362243001693
0 0.45382883533528706 0.2754922684058917 0.04612690119125726 0.05858786338756268
0 0.8748549420526951 0.2571133320240551 0.04804045586807225 0.054433317199668825
0 0.17850872795882347 0.29159463830182586 0.05488468116588656 0.06905301196932061
0 0.6321413379467216 0.02554750506816556 0.026103561267369457 0.02722877907860722
0 0.4574808952597582 0.03286271818458171 0.01734578129274027 0.016763630496849258
0 0.28490378590612836 0.04019005177977068 0.019683782610851117 0.023025750975622088
0 0.8085278326990653 0.2650588100366581 0.0462966798477756 0.06275453005422935
0 0.8461127220273245 0.2673603119879023 0.03928267589344306 0.04396816861791078
0 0.34717383863056434 0.29049306374909123 0.050463346514442266 0.06277877101177497
0 0.3753412832946939 0.2916983568791911 0.043619121216628066 0.0481590762421232
0 0.11443473059504529 0.3037189034598684 0.04863468116588656 0.06901665053300216
0 0.9148202773631948 0.2667186211207388 0.0547149025093681 0.06488634530265394
0 0.05214695391569325 0.308563622430017 0.05522423847892332 0.07738634530265394
0 0.779955391330213 0.2794724566671719 0.04863468116588668 0.06901665053300216
0 0.5953027286178789 0.2971437340563906 0.050293567857923924 0.05861210434510819
0 0.980029692699357 0.2816958700141889 0.03994061460128601 0.05858786338756256
0 0.6359701732820084 0.2984217500591273 0.04378889987314641 0.052325742908789864
0 0.41902584390300796 0.3159051600273673 0.050463346514442266 0.06277877101177486
0 0.8559316186051935 0.3038671272363269 0.05488468116588668 0.06905301196932048
0 0.8954300626102677 0.30201408299967725 0.061728906463700876 0.08367270673897238
0 0.5339911792135076 0.32594678635987256 0.06347268248399753 0.07535149388441185
0 0.3885822925214702 0.3355150195124416 0.050293567857923924 0.05861210434510819
0 0.9541029532566377 0.31068678973864955 0.06772423847892337 0.07745906817529094
0 0.3484241838268957 0.3467370035097048 0.05488468116588656 0.06905301196932061
0 0.5762308952597582 0.033553585474632656 0.01985356126736946 0.027192417642288753
0 0.6024210718370441 0.3440490352533227 0.05203734387822057 0.05029089149054779
0 0.10656474377615428 0.3661583010660042 0.06746957049414573 0.07120906817529095
0 0.15135641044282094 0.36641889135961997 0.05471490250936816 0.06488634530265394
0 0.5623478524707288 0.3573543525839193 0.050293567857923924 0.05861210434510831
0 0.6656868946007027 0.030949766061864073 0.019683782610851117 0.023025750975622074
0 0.19795556653981305 0.053222658337978755 0.023850449277517723 0.023049991933167716
0 0.6386884505956286 0.032875533171150696 0.019683782610851117 0.023025750975622074
0 0.04491363705874617 0.3866280200361529 0.051906465094848524 0.09819543767844165
0 0.8306734058294328 0.34850122767894687 0.032778007908665314 0.037681807181592336
0 0.7496780738142105 0.3542785290068068 0.05488468116588668 0.06905301196932061
0 0.23723996841491315 0.3783741643226391 0.07031690778181178 0.08997118865406364
0 0.8080114071475438 0.3546179024124458 0.05905134783255335 0.06907725292686623
0 0.5901951897583948 0.376261918807966 0.0547149025093681 0.06488634530265394
0 0.31545167655249845 0.04869913205530996 0.020023339923887797 0.031359084308955405
0 0.184456344537276 0.05418554189262206 0.0262733399238878 0.03139544574527389
0 0.49432123057025795 0.04244982656310613 0.030524895918813636 0.03350302003615286
0 0.42674023122931337 0.045180911002989356 0.02618845059562863 0.029312112411940545
0 0.39449100922677627 0.04603471024867726 0.019683782610851117 0.023025750975622088
0 0.3789084538909059 0.04698547332454774 0.019683782610851117 0.023025750975622088
0 0.25524723320647974 0.05355597150423141 0.03928267589344294 0.043968168617910815
0 0.38288052836417175 0.4000498709306836 0.0594757944738492 0.0794939195935329
0 0.07964764430835611 0.421196947696518 0.061728906463700876 0.08367270673897238
0 0.8814993043844682 0.39461939226344156 0.07380445982240502 0.0733287629449426
0 0.12907286894711498 0.4329401122810127 0.06423668643833018 0.09410149388441186
0 0.8527995290232272 0.4059080388939554 0.04880445982240502 0.07318331719966882
0 0.3509532325474243 0.0509885135277813 0.023850449277517782 0.023049991933167716
0 0.7304346429902452 0.4187345973130254 0.06364246114051587 0.07951816055107853
0 0.6413182009623374 0.42967175005912733 0.06615024111514506 0.08994694769651801
0 0.6905312022804483 0.4362065813102887 0.0644064650948484 0.09826816055107852
0 0.5641128972369245 0.04285586260199571 0.028781119898517223 0.041824232890713374
0 0.4809917872242392 0.04757937678441611 0.019683782610851117 0.023025750975622088
0 0.10571412451190526 0.06414163036592144 0.026273339923887827 0.03139544574527389
0 0.23366934585538687 0.06072037314378342 0.01985356126736946 0.027192417642288753
0 0.7966538682880595 0.4336997257277027 0.06589557313036755 0.083696947696518
0 0.32026909951737287 0.473626409182673 0.08000847036729214 0.12335300390248835
0 0.04173910281265014 0.4876272650271147 0.047654909099922683 0.09608786338756267
0 0.19560865683040965 0.48123251378963694 0.05471490250936816 0.06488634530265394
0 0.6141128972369246 0.043146754092543475 0.023850449277517782 0.023049991933167733
0 0.4571607878832947 0.050564991278528634 0.0262733399238878 0.03139544574527389
0 0.5544743208608546 0.470823296377949 0.07065646509484841 0.09830452198739698
0 0.48906154418150244 0.47564983462993843 0.07014712912529338 0.08580452198739698
0 0.9789827088462154 0.4566898097748025 0.04203458230756922 0.10242270673897239
0 0.9611717622297069 0.45860951664470273 0.06423668643833007 0.09410149388441186
0 0.8938878755376695 0.4686322677512526 0.07014712912529338 0.08580452198739698
0 0.7295681185804063 0.03965277399776853 0.030355117262295294 0.02933635336948619
0 0.7129863412419988 0.04163914350091927 0.020023339923887797 0.03135908430895542
0 0.04459534849160867 0.07211740957545647 0.015771783928961978 0.029251510018076427
0 0.7665268794920022 0.486636858306724 0.07932935574121866 0.10668633723582156
0 0.610913549453946 0.5013528223987621 0.1004173570593295 0.11305754202354995
0 0.8627422148025019 0.49656940033027386 0.07473824243325614 0.09624542961160938
0 0.16973322402927815 0.5362772206595371 0.08149757840281116 0.10878179104792783
0 0.6913235645626467 0.04672021180713795 0.0262733399238878 0.03139544574527389
0 0.228745671988685 0.5532832607318429 0.07473824243325602 0.09624542961160927
0 0.05550889794555476 0.5699795340876453 0.06874291041803357 0.1024590681752907
0 0.4935412286426663 0.5600308948693248 0.09225380238251463 0.11717572677512536
0 0.2466362371608124 0.07225142934975369 0.030355117262295294 0.02933635336948619
0 0.11980757181225664 0.07776208014461146 0.02618845059562863 0.02931211241194056
0 0.9162811198985171 0.04698755684793624 0.019429114626073603 0.016775750975622086
0 0.7602008985550355 0.05024518760664113 0.0262733399238878 0.03139544574527389
0 0.2501696858288494 0.6190173450407983 0.10768602899843979 0.13809390345986827
0 0.833032675893443 0.04858607103035663 0.02644311858040614 0.035562112411940544
0 0.582542789860461 0.06066722000489804 0.022276451913739472 0.0355378714543949
0 0.546169345855387 0.06253844495970698 0.030524895918813872 0.03350302003615286
0 0.34421679847775655 0.626854433252242 0.07915957708470031 0.10251967056915513
0 0.4826312239797034 0.011139224169242005 0.02359578129274015 0.016799991933167724
0 0.2092246712800548 0.023087047877282364 0.017345781292740153 0.016763630496849258
0 0.1936421159441844 0.02403781095315285 0.017345781292740153 0.016763630496849258
0 0.36117712583001615 0.07187638901559232 0.03277800790866543 0.037681807181592336
0 0.20951823913797876 0.08140826073184287 0.02618845059562863 0.02931211241194056
0 0.06978802904801452 0.6648318031481762 0.085749134397737 0.11088936533880679
0 0.5077974578452386 0.06648088276907639 0.028781119898517105 0.041824232890713374
0 0.13672890646370087 0.08410904397479405 0.03928267589344294 0.043968168617910815
0 0.8083297885423502 0.05573229195174941 0.02618845059562863 0.02931211241194056
0 0.10460701845355258 0.08808784322048195 0.030524895918813695 0.03350302003615286
0 0.6369216798477756 0.0661906857863248 0.03294778656518389 0.04184847384825904
0 0.2928515724713121 0.0818930798827558 0.030524895918813636 0.03350302003615286
0 0.5632180144992199 0.07201040878988957 0.02644311858040614 0.03556211241194056
0 0.9228706772115539 0.055357251617588046 0.02618845059562863 0.029312112411940545
0 0.26602290712275634 0.0879855136587091 0.03277800790866537 0.037681807181592336
0 0.17422526884504871 0.7487529797019915 0.12103492228103167 0.15899995966583874
0 0.07964582549903003 0.7534098312511615 0.10394380897306907 0.14848632916898954
0 0.9226123716081241 0.7135330187268747 0.09799446641295949 0.10471208821144368
0 0.5516287095548457 0.7332445132659257 0.12086514362451316 0.15483329299917206
0 0.32949549677908485 0.7767332284645138 0.11691424506947783 0.1089878391870658
0 0.7713391245119053 0.06801412333383858 0.0262733399238878 0.03139544574527389
0 0.18315646509484854 0.09895902784112949 0.041705566539813076 0.05231362243001699
0 0.721678681824942 0.07605656517662415 0.03277800790866555 0.037681807181592336
0 0.23003146509484854 0.09923173861351803 0.03928267589344294 0.04396816861791084
0 0.43071766930288846 0.01500287886658808 0.019683782610851117 0.02302575097562208
0 0.309097337287666 0.0205438308583779 0.019683782610851117 0.02302575097562208
0 0.25922467128005483 0.023377939367830128 0.019683782610851117 0.02302575097562208
0 0.4494252246387589 0.014070296508876827 0.023850449277517782 0.023049991933167722
0 0.9150891245119053 0.06885043636916341 0.01985356126736946 0.027192417642288753
0 0.05753924506947781 0.10864240554204034 0.039282675893442955 0.04396816861791084
0 0.1521186884154965 0.10398555399287049 0.03277800790866543 0.037681807181592336
0 0.4785229071227563 0.08922180249353712 0.03294778656518389 0.041848473848259
0 0.352863242433256 0.09786351352778129 0.0262733399238878 0.03139544574527389
0 0.8124734604814603 0.08075047266990865 0.01985356126736946 0.027192417642288753
0 0.899803681824942 0.07709286611170058 0.02618845059562863 0.02931211241194056
0 0.7159380177944972 0.08852020374030568 0.02618845059562863 0.02931211241194056
0 0.3002051337386816 0.10901277465240762 0.03694467457533198 0.037706048139138
0 0.6983145737894231 0.09050051300407 0.039452454549961165 0.04813483528457751
0 0.7638971291252934 0.0898406414187473 0.03520089855503557 0.04602726099369851
0 0.11525535837744041 0.11939238537495965 0.035200898555035505 0.04602726099369855
0 0.05088424836475506 0.12422498386633546 0.032947786565183775 0.041848473848259
0 0.43345357774375576 0.107705151960535 0.031034231888368898 0.04600302003615286
0 0.13143922859309157 0.03096586325663481 0.01985356126736946 0.02719241764228874
0 0.08989989591881369 0.03384845368117834 0.01985356126736946 0.027192417642288753
0 0.28318300461338813 0.0235173248737176 0.017345781292740153 0.016763630496849258
0 0.04727645191373954 0.03568331719966879 0.017770227934036122 0.027180297163515926
0 0.6591981317615152 0.1017285572407197 0.02644311858040614 0.03556211241194056
0 0.5553285777437557 0.10841419996874517 0.04378889987314617 0.0523257429087898
0 0.3287545803799775 0.1195930677825074 0.0262733399238878 0.03139544574527389
0 0.784113242433256 0.10037245263375578 0.0262733399238878 0.03139544574527389
0 0.6095801337386815 0.11081266575017193 0.031034231888368898 0.04600302003615286
0 0.507836357718385 0.11855209562363692 0.030355117262295294 0.02933635336948619
0 0.5754598017234592 0.11686267785042034 0.03520089855503557 0.04602726099369851
0 0.4477168037006255 0.1254922684058917 0.031034231888368898 0.04600302003615286
0 0.36355402702127343 0.13020972234892567 0.0394524545499614 0.04813483528457751
0 0.38959569368794006 0.13036122833358596 0.032778007908665314 0.037681807181592336
0 0.6307530243850518 0.1192672038712335 0.03520089855503557 0.04602726099369851
0 0.21710347366256938 0.13977189526210826 0.035200898555035505 0.046027260993698485
0 0.4208032490238105 0.12950136884851166 0.0394524545499614 0.04813483528457748
0 0.7244181350567925 0.11772929208267723 0.03277800790866555 0.037681807181592336
0 0.32697544927751776 0.02481352159461357 0.0262733399238878 0.031395445745273885
0 0.9562853550821632 0.10866405879918041 0.030524895918813872 0.03350302003615286
0 0.9033725784028112 0.11356331992380672 0.03294778656518389 0.041848473848259
0 0.3360232523190877 0.14462942921882588 0.03928267589344306 0.04396816861791084
0 0.29444147498068024 0.14647035297670274 0.043619121216628066 0.048159076242123136
0 0.7447191376930142 0.13034443663101905 0.03294778656518389 0.041848473848259
0 0.15120081095023538 0.1581340399413779 0.039452454549961345 0.04813483528457751
0 0.7676782490238107 0.1315194285641868 0.03294778656518389 0.04184847384825904
0 0.6648079170085881 0.137169464864932 0.03928267589344282 0.04396816861791084
0 0.6898928063368472 0.13939824394353922 0.03294778656518389 0.041848473848259
0 0.8686774710263475 0.13106560511800205 0.02644311858040614 0.03556211241194056
0 0.23964522793403611 0.02847112815282164 0.0262733399238878 0.03139544574527388
0 0.3478512272749807 0.025976393049008468 0.019683782610851117 0.02302575097562208
0 0.09940222991120247 0.037027995835656045 0.019683782610851085 0.023025750975622088
0 0.5092794762987912 0.1539687622903036 0.02644311858040614 0.03556211241194056
0 0.0738398149045681 0.17642952198739703 0.05488468116588656 0.06905301196932061
0 0.7921034736625694 0.14311714740340759 0.03520089855503557 0.046027260993698485
0 0.10638614955601235 0.18286738940837577 0.036944674575332036 0.037706048139137964
0 0.8121498083140136 0.14948229195174942 0.030524895918813872 0.03350302003615286
0 0.7238203649679948 0.15417550493723772 0.03928267589344282 0.04396816861791078
0 0.551243255614365 0.16150283853242672 0.03277800790866555 0.037681807181592336
0 0.19900959356108647 0.18132341738043312 0.04378889987314641 0.0523257429087898
0 0.8351089196448098 0.15065728388491714 0.02644311858040614 0.03556211241194056
0 0.16897103888427153 0.18531433710489384 0.041705566539813076 0.05231362243001693
0 0.6347039229400872 0.16511265768333966 0.041705566539813076 0.05231362243001699
0 0.3146345935610865 0.18199610395232482 0.04187534519633142 0.05648028909668366
0 0.978943808973069 0.1535769302535753 0.031034231888368898 0.04600302003615286
0 0.9334500329527725 0.16164361305390654 0.03294778656518389 0.041848473848259
0 0.10081526418208586 0.199497694638724 0.03469156258548036 0.03352726099369849
0 0.4450551502150678 0.18796196720895963 0.04804045586807225 0.054433317199668825
0 0.8879987015966055 0.17075196252090438 0.03520089855503557 0.046027260993698485
0 0.49939159553825285 0.1924437663237197 0.04187534519633142 0.05648028909668366
0 0.505972337287666 0.021689216102409734 0.023850449277517782 0.023049991933167733
0 0.1504438965778691 0.037324947565590225 0.0262733399238878 0.03139544574527388
0 0.5982225948791974 0.18989448906542883 0.03537067721155391 0.05019392766036515
0 0.6273468168817345 0.1890225091015817 0.04344934256010949 0.04399240957545647
0 0.07757849013895562 0.21706664246616986 0.043449342560109606 0.04399240957545647
0 0.33752826550019677 0.20712336897943948 0.0462966798477756 0.06275453005422929
0 0.8635929268944198 0.18518985010896385 0.04863468116588668 0.0690166505330021
0 0.8231377055509381 0.18912016743956045 0.03294778656518389 0.041848473848259
0 0.13295660212880733 0.22155450182031633 0.04863468116588656 0.0690166505330021
0 0.23191493546214068 0.22213022456202544 0.046296679847775656 0.06275453005422935
0 0.28078837946721485 0.2203317224798535 0.0547149025093681 0.06488634530265394
0 0.6737319308487526 0.20283082630125052 0.050293567857923924 0.05861210434510831
0 0.1083386041059737 0.23078405607504243 0.035200898555035505 0.046027260993698485