0 0.3770833333333333 0.36041666666666666 0.03958333333333333 0.065625
0 0.8354166666666667 0.3489583333333333 0.020833333333333332 0.028125
0 0.9604166666666667 0.35208333333333336 0.04791666666666667 0.084375
0 0.48333333333333334 0.37083333333333335 0.040625 0.09791666666666667
0 0.8104166666666667 0.3645833333333333 0.034375 0.05625
0 0.35833333333333334 0.41458333333333336 0.029166666666666667 0.065625
0 0.5760416666666667 0.409375 0.03958333333333333 0.052083333333333336
0 0.746875 0.403125 0.04375 0.07916666666666666
0 0.9229166666666667 0.40208333333333335 0.03958333333333333 0.07916666666666666
0 0.84375 0.40729166666666666 0.03958333333333333 0.075
0 0.2864583333333333 0.43333333333333335 0.034375 0.065625
0 0.10208333333333333 0.44479166666666664 0.03958333333333333 0.07083333333333333
0 0.21770833333333334 0.45416666666666666 0.029166666666666667 0.05625
0 0.16666666666666666 0.4583333333333333 0.020833333333333332 0.065625
0 0.46770833333333334 0.45729166666666665 0.034375 0.065625
0 0.18958333333333333 0.4739583333333333 0.03958333333333333 0.07916666666666666
0 0.25625 0.471875 0.03958333333333333 0.075
0 0.5729166666666666 0.4635416666666667 0.034375 0.075
0 0.9729166666666667 0.44895833333333335 0.04375 0.084375
0 0.34375 0.47291666666666665 0.04375 0.07083333333333333
0 0.6166666666666667 0.465625 0.04583333333333333 0.09375
0 0.2833333333333333 0.4895833333333333 0.03958333333333333 0.07083333333333333
0 0.7583333333333333 0.4791666666666667 0.034375 0.075
0 0.39375 0.4947916666666667 0.04791666666666667 0.06666666666666667
0 0.8052083333333333 0.484375 0.03958333333333333 0.065625
0 0.10416666666666667 0.5260416666666666 0.04791666666666667 0.08958333333333333
0 0.4822916666666667 0.051041666666666666 0.034375 0.05625
0 0.5083333333333333 0.05 0.020833333333333332 0.041666666666666664
0 0.8520833333333333 0.040625 0.03958333333333333 0.06041666666666667
0 0.4479166666666667 0.5291666666666667 0.03958333333333333 0.07083333333333333
0 0.85 0.5197916666666667 0.04791666666666667 0.07708333333333334
0 0.6770833333333334 0.5302083333333333 0.03958333333333333 0.07083333333333333
0 0.7364583333333333 0.528125 0.04375 0.08958333333333333
0 0.41770833333333335 0.5416666666666666 0.04791666666666667 0.07708333333333334
0 0.25833333333333336 0.5520833333333334 0.04375 0.07916666666666666
0 0.5833333333333334 0.5458333333333333 0.04791666666666667 0.07708333333333334
0 0.17083333333333334 0.5666666666666667 0.04375 0.08958333333333333
0 0.20208333333333334 0.5708333333333333 0.05 0.09375
0 0.5833333333333334 0.057291666666666664 0.04375 0.052083333333333336
0 0.659375 0.5979166666666667 0.04375 0.08958333333333333
0 0.47291666666666665 0.6302083333333334 0.03958333333333333 0.08958333333333333
0 0.4166666666666667 0.6333333333333333 0.05 0.103125
0 0.8729166666666667 0.653125 0.04791666666666667 0.084375
0 0.23541666666666666 0.7135416666666666 0.058333333333333334 0.08541666666666667
0 0.5270833333333333 0.7166666666666667 0.059375 0.103125
0 0.052083333333333336 0.7489583333333333 0.058333333333333334 0.090625
0 0.934375 0.746875 0.04791666666666667 0.07916666666666666
0 0.75625 0.06979166666666667 0.029166666666666667 0.0375
0 0.026041666666666668 0.7833333333333333 0.035416666666666666 0.103125
0 0.20416666666666666 0.7791666666666667 0.05416666666666667 0.10833333333333334
0 0.6 0.7770833333333333 0.06875 0.103125
0 0.2604166666666667 0.8 0.04791666666666667 0.08958333333333333
0 0.15208333333333332 0.8177083333333334 0.07291666666666667 0.128125
0 0.6864583333333333 0.8208333333333333 0.071875 0.090625
0 0.6520833333333333 0.078125 0.029166666666666667 0.052083333333333336
0 0.7145833333333333 0.078125 0.029166666666666667 0.046875
0 0.8583333333333333 0.8322916666666667 0.05416666666666667 0.10833333333333334
0 0.5822916666666667 0.8604166666666667 0.059375 0.09583333333333334
0 0.3770833333333333 0.09166666666666666 0.034375 0.046875
0 0.06666666666666667 0.8958333333333334 0.04791666666666667 0.08958333333333333
0 0.425 0.8875 0.03125 0.07083333333333333
0 0.240625 0.9010416666666666 0.059375 0.10833333333333334
0 0.041666666666666664 0.9083333333333333 0.05416666666666667 0.13541666666666666
0 0.675 0.8875 0.07291666666666667 0.11458333333333333
0 0.465625 0.9 0.0625 0.08541666666666667
0 0.98125 0.8885416666666667 0.0375 0.13541666666666666
0 0.9166666666666666 0.8916666666666667 0.059375 0.13125
0 0.203125 0.94375 0.053125 0.06666666666666667
0 0.8541666666666666 0.08229166666666667 0.03333333333333333 0.041666666666666664
0 0.18333333333333332 0.10520833333333333 0.034375 0.052083333333333336
0 0.809375 0.9458333333333333 0.06666666666666667 0.08125
0 0.44166666666666665 0.9625 0.0625 0.075
0 0.34791666666666665 0.96875 0.04791666666666667 0.0625
0 0.509375 0.965625 0.053125 0.06666666666666667
0 0.5989583333333334 0.1 0.03958333333333333 0.05625
0 0.5604166666666667 0.10416666666666667 0.029166666666666667 0.065625
0 0.6708333333333333 0.1 0.020833333333333332 0.041666666666666664
0 0.5375 0.11145833333333334 0.029166666666666667 0.052083333333333336
0 0.24166666666666667 0.12395833333333334 0.03958333333333333 0.05625
0 0.1375 0.128125 0.029166666666666667 0.041666666666666664
0 0.9166666666666666 0.10520833333333333 0.03958333333333333 0.065625
0 0.19583333333333333 0.13541666666666666 0.034375 0.05625
0 0.6302083333333334 0.125 0.029166666666666667 0.052083333333333336
0 0.48020833333333335 0.13541666666666666 0.03958333333333333 0.065625
0 0.7395833333333334 0.011458333333333333 0.029166666666666667 0.022916666666666665
0 0.6822916666666666 0.1375 0.034375 0.052083333333333336
0 0.29375 0.16041666666666668 0.029166666666666667 0.05625
0 0.15208333333333332 0.16875 0.034375 0.06041666666666667
0 0.23541666666666666 0.16875 0.04375 0.05625
0 0.4041666666666667 0.171875 0.03958333333333333 0.065625
0 0.7322916666666667 0.17395833333333333 0.04375 0.052083333333333336
0 0.5333333333333333 0.18333333333333332 0.03958333333333333 0.07916666666666666
0 0.628125 0.18020833333333333 0.029166666666666667 0.065625
0 0.18541666666666667 0.19583333333333333 0.04375 0.07916666666666666
0 0.45416666666666666 0.18958333333333333 0.034375 0.052083333333333336
0 0.4395833333333333 0.20520833333333333 0.034375 0.065625
0 0.6916666666666667 0.20625 0.03958333333333333 0.06041666666666667
0 0.14375 0.23229166666666667 0.034375 0.06041666666666667
0 0.33541666666666664 0.22708333333333333 0.029166666666666667 0.065625
0 0.39375 0.2375 0.025 0.06041666666666667
0 0.26666666666666666 0.2552083333333333 0.03958333333333333 0.065625
0 0.5822916666666667 0.24895833333333334 0.03958333333333333 0.075
0 0.359375 0.26458333333333334 0.03958333333333333 0.065625
0 0.48541666666666666 0.26875 0.029166666666666667 0.05625
0 0.22291666666666668 0.2833333333333333 0.03958333333333333 0.065625
0 0.31875 0.2791666666666667 0.034375 0.052083333333333336
0 0.5239583333333333 0.275 0.03958333333333333 0.075
0 0.09166666666666666 0.29583333333333334 0.04791666666666667 0.07916666666666666
0 0.44583333333333336 0.2833333333333333 0.03958333333333333 0.07916666666666666
0 0.8708333333333333 0.2916666666666667 0.034375 0.07083333333333333
0 0.47708333333333336 0.31354166666666666 0.03958333333333333 0.05625
0 0.2916666666666667 0.321875 0.040625 0.09375
0 0.34270833333333334 0.3229166666666667 0.03958333333333333 0.075
0 0.6145833333333334 0.31354166666666666 0.04791666666666667 0.07916666666666666
0 0.7125 0.3302083333333333 0.03958333333333333 0.075