0 0.774445847390602 0.15520833333333334 0.01080458763925923 0.016666666666666666
0 0.7630360041788428 0.15729166666666666 0.010659117274537049 0.010416666666666666
0 0.5092815035455557 0.175 0.006492450607870381 0.010416666666666666
0 0.5695769449082871 0.16979166666666667 0.010659117274537049 0.010416666666666666
0 0.5790004350298612 0.171875 0.010562137031388847 0.00625
0 0.5384239251514354 0.17395833333333333 0.00426364690981463 0.004166666666666667
0 0.6611466313318056 0.165625 0.010562137031388847 0.00625
0 0.7370670726945371 0.16041666666666668 0.010659117274537049 0.010416666666666666
0 0.7288064745435651 0.16354166666666667 0.010804587639259466 0.016666666666666666
0 0.7516988961494445 0.1625 0.010659117274537049 0.010416666666666666
0 0.9295329554200001 0.15 0.017151567882407428 0.020833333333333332
0 0.5998580134239816 0.17291666666666666 0.010659117274537049 0.010416666666666666
0 0.6300178566357408 0.17083333333333334 0.01080458763925923 0.016666666666666666
0 0.9076822004807871 0.15104166666666666 0.015165214792222059 0.025
0 0.4563989541534261 0.18541666666666667 0.010562137031388847 0.00625
0 0.4615830424259723 0.184375 0.004263646909814867 0.004166666666666667
0 0.6061807486063427 0.17604166666666668 0.01080458763925923 0.016666666666666666
0 0.6383996800906483 0.17291666666666666 0.010659117274537049 0.010416666666666666
0 0.48244062082009276 0.18541666666666667 0.004263646909814867 0.004166666666666667
0 0.7060595233024075 0.17083333333333334 0.01080458763925923 0.016666666666666666
0 0.47829819921421307 0.18645833333333334 0.010562137031388847 0.00625
0 0.6738163467573149 0.17291666666666666 0.012984901215740762 0.020833333333333332
0 0.6925178566357408 0.17083333333333334 0.01080458763925923 0.016666666666666666
0 0.7424451214533797 0.16770833333333332 0.01080458763925923 0.016666666666666666
0 0.6165974152730094 0.17604166666666668 0.010659117274537049 0.010416666666666666
0 0.6810837683631945 0.171875 0.010804587639259466 0.016666666666666666
0 0.7861708763925928 0.16666666666666666 0.017151567882407428 0.020833333333333332
0 0.7133754350298613 0.171875 0.012984901215740762 0.020833333333333332
0 0.7248337683631945 0.171875 0.017054587639259468 0.016666666666666666
0 0.8121640529376853 0.16458333333333333 0.012984901215740762 0.020833333333333332
0 0.4711277578514816 0.19166666666666668 0.004263646909814867 0.004166666666666667
0 0.7686080134239817 0.17291666666666666 0.01705458763925923 0.016666666666666666
0 0.9474837393612038 0.16041666666666668 0.01080458763925923 0.016666666666666666
0 0.5086762479730557 0.19375 0.006492450607870381 0.010416666666666666
0 0.8228231702122224 0.175 0.017151567882407428 0.020833333333333332
0 0.4931239831554168 0.196875 0.006589430851018581 0.014583333333333334
0 0.5025474732769909 0.19895833333333332 0.006492450607870381 0.010416666666666666
0 0.5181482282162039 0.19791666666666666 0.006492450607870381 0.010416666666666666
0 0.5295823164887501 0.196875 0.01080458763925923 0.016666666666666666
0 0.5649989831554169 0.196875 0.01080458763925923 0.016666666666666666
0 0.5140300516711113 0.2 0.004263646909814867 0.004166666666666667
0 0.6316171597005094 0.19479166666666667 0.010659117274537049 0.010416666666666666
0 0.5744224732769909 0.19895833333333332 0.010659117274537049 0.010416666666666666
0 0.5556967183377779 0.2 0.006492450607870381 0.010416666666666666
0 0.927014081939676 0.17604166666666668 0.02354703824712961 0.027083333333333334
0 0.5443111201868057 0.203125 0.006492450607870381 0.010416666666666666
0 0.5806967183377779 0.2 0.006492450607870381 0.010416666666666666
0 0.5921550516711113 0.2 0.010659117274537049 0.010416666666666666
0 0.6161133850044446 0.2 0.012984901215740762 0.020833333333333332
0 0.6036376300652316 0.20104166666666667 0.01080458763925923 0.016666666666666666
0 0.8979443955161576 0.18020833333333333 0.030136469098148193 0.041666666666666664
0 0.5881096103083798 0.20520833333333333 0.017054587639259468 0.016666666666666666
0 0.6411133850044446 0.2 0.010804587639259466 0.016666666666666666
0 0.6235020319142595 0.20416666666666666 0.01080458763925923 0.016666666666666666
0 0.6349846103083798 0.20520833333333333 0.017054587639259468 0.016666666666666666
0 0.6558421887025002 0.20625 0.01705458763925923 0.016666666666666666
0 0.3710558936162965 0.23333333333333334 0.004263646909814867 0.004166666666666667
0 0.35964605040453723 0.23541666666666666 0.004263646909814867 0.004166666666666667
0 0.31504834422416683 0.24375 0.006492450607870381 0.010416666666666666
0 0.2933915497712502 0.253125 0.006492450607870381 0.010416666666666666
0 0.28609988310458356 0.253125 0.004263646909814867 0.004166666666666667
0 0.34649230471046316 0.2520833333333333 0.010562137031388847 0.00625
0 0.3154362651967595 0.2604166666666667 0.004263646909814867 0.004166666666666667
0 0.4069574614987039 0.25416666666666665 0.004263646909814867 0.004166666666666667
0 0.42885670655949093 0.2552083333333333 0.006492450607870381 0.010416666666666666
0 0.2947968923497225 0.26875 0.004263646909814867 0.004166666666666667
0 0.302064313955602 0.2677083333333333 0.004263646909814867 0.004166666666666667
0 0.3510711374105095 0.26979166666666665 0.004263646909814867 0.004166666666666667
0 0.2720741861693521 0.27708333333333335 0.006492450607870381 0.010416666666666666
0 0.3781544707438428 0.26979166666666665 0.006492450607870381 0.010416666666666666
0 0.4156544707438428 0.26979166666666665 0.006492450607870381 0.010416666666666666
0 0.43750522568305583 0.26875 0.004263646909814867 0.004166666666666667
0 0.29513632320074096 0.2833333333333333 0.004263646909814867 0.004166666666666667
0 0.3107128330791669 0.28125 0.004263646909814867 0.004166666666666667
0 0.34506358801837983 0.28020833333333334 0.006492450607870381 0.010416666666666666
0 0.4230673627144447 0.275 0.004263646909814867 0.004166666666666667
0 0.25877497011055584 0.2875 0.004263646909814867 0.004166666666666667
0 0.3575878330791669 0.28125 0.004263646909814867 0.004166666666666667
0 0.3659211664125002 0.28125 0.004263646909814867 0.004166666666666667
0 0.38670600962425955 0.2791666666666667 0.010562137031388847 0.00625
0 0.47624085283601875 0.27708333333333335 0.004263646909814867 0.004166666666666667
0 0.26524317565763916 0.296875 0.004263646909814748 0.004166666666666667
0 0.25899317565763913 0.296875 0.004263646909814807 0.004166666666666667
0 0.24969091084000022 0.3 0.004263646909814867 0.004166666666666667
0 0.3755143719595836 0.290625 0.004263646909814867 0.004166666666666667
0 0.352646195414491 0.29270833333333335 0.004263646909814867 0.004166666666666667
0 0.4347923917164354 0.2864583333333333 0.004263646909814867 0.004166666666666667
0 0.4462992151713428 0.28854166666666664 0.004263646909814867 0.004166666666666667
0 0.26950682256745395 0.30104166666666665 0.004263646909814867 0.004166666666666667
0 0.27578106762824095 0.3020833333333333 0.004263646909814867 0.004166666666666667
0 0.3257083324458799 0.2989583333333333 0.006492450607870381 0.010416666666666666
0 0.3371424207184262 0.29791666666666666 0.004263646909814867 0.004166666666666667
0 0.29864924417333355 0.3 0.006492450607870381 0.010416666666666666
0 0.31427424417333355 0.3 0.006492450607870381 0.010416666666666666
0 0.4068128620811577 0.29270833333333335 0.004263646909814867 0.004166666666666667
0 0.4619242151713428 0.28854166666666664 0.006492450607870381 0.010416666666666666
0 0.39331968553606506 0.2947916666666667 0.006492450607870381 0.010416666666666666
0 0.34864924417333365 0.3 0.004263646909814867 0.004166666666666667
0 0.3528159108400003 0.3 0.004263646909814867 0.004166666666666667
0 0.30601364602236136 0.303125 0.004263646909814867 0.004166666666666667
0 0.4443371071419447 0.29375 0.004263646909814867 0.004166666666666667
0 0.45472952874782435 0.29270833333333335 0.004263646909814867 0.004166666666666667
0 0.27900304787138913 0.30625 0.004263646909814867 0.004166666666666667
0 0.28629471453805583 0.30625 0.006492450607870381 0.010416666666666666
0 0.3361977342949076 0.3020833333333333 0.004263646909814867 0.004166666666666667
0 0.4215416657792132 0.2989583333333333 0.004263646909814867 0.004166666666666667
0 0.3206697145380558 0.30625 0.004263646909814867 0.004166666666666667
0 0.3424962244164817 0.30416666666666664 0.004263646909814867 0.004166666666666667
0 0.4091386460223614 0.303125 0.006492450607870381 0.010416666666666666
0 0.3498848713262966 0.30833333333333335 0.006492450607870381 0.010416666666666666
0 0.41957955774981504 0.30416666666666664 0.006492450607870381 0.010416666666666666
0 0.26987049847925954 0.31666666666666665 0.010562137031388847 0.00625
0 0.3708636750243521 0.3145833333333333 0.004263646909814867 0.004166666666666667
0 0.31475914538907435 0.32083333333333336 0.006492450607870381 0.010416666666666666
0 0.34600914538907435 0.32083333333333336 0.010659117274537049 0.010416666666666666
0 0.21081068426949104 0.3302083333333333 0.006492450607870381 0.010416666666666666
0 0.32834930217731506 0.3229166666666667 0.004263646909814867 0.004166666666666667
0 0.36262732193416697 0.31875 0.006492450607870381 0.010416666666666666
0 0.3814015669949539 0.31979166666666664 0.006492450607870381 0.010416666666666666
0 0.276435684269491 0.3302083333333333 0.006492450607870381 0.010416666666666666
0 0.27134857624009284 0.33541666666666664 0.004263646909814867 0.004166666666666667
0 0.34002584105773176 0.33229166666666665 0.006589430851018581 0.014583333333333334
0 0.38484175278518545 0.3333333333333333 0.006492450607870381 0.010416666666666666
0 0.3016053996950003 0.3375 0.004263646909814867 0.004166666666666667
0 0.3109803996950003 0.3375 0.010659117274537049 0.010416666666666666
0 0.22054936018129656 0.3458333333333333 0.004263646909814867 0.004166666666666667
0 0.057322879304861414 0.359375 0.017151567882407428 0.020833333333333332
0 0.19467740894013918 0.353125 0.004263646909814807 0.004166666666666667
0 0.272681183636204 0.34791666666666665 0.010659117274537049 0.010416666666666666
0 0.0230691046087966 0.3645833333333333 0.017054587639259274 0.016666666666666666
0 0.47650841945185207 0.3333333333333333 0.004263646909814867 0.004166666666666667
0 0.49315084105773177 0.33229166666666665 0.004263646909814867 0.004166666666666667
0 0.24782665400092624 0.3541666666666667 0.01080458763925923 0.016666666666666666
0 0.38203193857541695 0.346875 0.006492450607870381 0.010416666666666666
0 0.016988820034305865 0.371875 0.004409117274537048 0.010416666666666666
0 0.16778803609310214 0.3614583333333333 0.01080458763925923 0.016666666666666666
0 0.20003121263819473 0.359375 0.006492450607870381 0.010416666666666666
0 0.37168800709111144 0.35 0.004263646909814867 0.004166666666666667
0 0.2969547027597688 0.3614583333333333 0.010659117274537049 0.010416666666666666
0 0.22934334966958364 0.365625 0.010659117274537049 0.010416666666666666
0 0.3854236342440744 0.35833333333333334 0.010659117274537049 0.010416666666666666
0 0.15458580027745403 0.37604166666666666 0.010659117274537049 0.010416666666666666
0 0.31890243794212997 0.3645833333333333 0.010659117274537049 0.010416666666666666
0 0.3553607712754633 0.3645833333333333 0.006492450607870381 0.010416666666666666
0 0.39494410460879664 0.3645833333333333 0.010659117274537049 0.010416666666666666
0 0.34300624164018545 0.37083333333333335 0.006492450607870381 0.010416666666666666
0 0.28159639842842626 0.3729166666666667 0.006492450607870381 0.010416666666666666
0 0.3003221533676392 0.371875 0.01080458763925923 0.016666666666666666
0 0.323335800277454 0.37604166666666666 0.010659117274537049 0.010416666666666666
0 0.15589416261277808 0.3875 0.010659117274537049 0.010416666666666666
0 0.15075856446180588 0.390625 0.010804587639259289 0.016666666666666666
0 0.18096689779513922 0.390625 0.010659117274537049 0.010416666666666666
0 0.21321007434023181 0.3885416666666667 0.010659117274537049 0.010416666666666666
0 0.35877671200490774 0.3770833333333333 0.006492450607870381 0.010416666666666666
0 0.1290290348265281 0.396875 0.01080458763925926 0.016666666666666666
0 0.44203731015587994 0.37395833333333334 0.010659117274537049 0.010416666666666666
0 0.197706299644167 0.39375 0.010804587639259289 0.016666666666666666
0 0.2559911428559263 0.39166666666666666 0.006492450607870381 0.010416666666666666
0 0.5336797317617596 0.3729166666666667 0.01080458763925923 0.016666666666666666
0 0.11774041691870404 0.4041666666666667 0.010659117274537049 0.010416666666666666
0 0.399571427430417 0.384375 0.010659117274537049 0.010416666666666666
0 0.34555023112847255 0.390625 0.006492450607870381 0.010416666666666666
0 0.020041955799120718 0.41354166666666664 0.012887920972592608 0.016666666666666666
0 0.36635931940101885 0.38958333333333334 0.01080458763925923 0.016666666666666666
0 0.2843828385245837 0.403125 0.006589430851018581 0.014583333333333334
0 0.0867813576481485 0.4166666666666667 0.010659117274537049 0.010416666666666666
0 0.06805560270893554 0.41770833333333335 0.015165214792222237 0.025
0 0.22403890704027812 0.40625 0.006589430851018522 0.014583333333333334
0 0.20436846567754666 0.4114583333333333 0.004263646909814807 0.004166666666666667
0 0.2563790638285189 0.4083333333333333 0.010804587639259289 0.016666666666666666
0 0.24610786752657443 0.41458333333333336 0.01080458763925923 0.016666666666666666
0 0.3053858872834263 0.41041666666666665 0.01080458763925923 0.016666666666666666
0 0.16505182801287072 0.42291666666666666 0.01705458763925923 0.016666666666666666
0 0.2721495341932411 0.41458333333333336 0.012984901215740762 0.020833333333333332
0 0.19734349467953738 0.42291666666666666 0.01080458763925923 0.016666666666666666
0 0.4053373971618522 0.4083333333333333 0.01080458763925923 0.016666666666666666
0 0.18387456319523182 0.42604166666666665 0.010804587639259289 0.016666666666666666
0 0.09857912183250035 0.43125 0.010804587639259289 0.016666666666666666
0 0.02796399404625037 0.440625 0.010804587639259273 0.016666666666666666
0 0.39714953419324106 0.41458333333333336 0.01080458763925923 0.016666666666666666
0 0.10705792553055593 0.4375 0.006589430851018522 0.014583333333333334
0 0.4273821125873615 0.415625 0.010659117274537049 0.010416666666666666
0 0.27563821010504663 0.43020833333333336 0.01080458763925923 0.016666666666666666
0 0.16754732737958372 0.440625 0.01705458763925923 0.016666666666666666
0 0.015754934775694826 0.453125 0.00881823454907409 0.020833333333333332
0 0.06885568971490778 0.45208333333333334 0.01080458763925926 0.016666666666666666
0 0.23322081750115778 0.4427083333333333 0.006589430851018522 0.014583333333333334
0 0.42886019034819484 0.434375 0.01080458763925923 0.016666666666666666
0 0.5256624551658338 0.43125 0.017151567882407428 0.020833333333333332
0 0.22614735638157446 0.45208333333333334 0.012984901215740762 0.020833333333333332
0 0.4394465724403708 0.44166666666666665 0.01080458763925923 0.016666666666666666
0 0.37394279774430594 0.446875 0.01080458763925923 0.016666666666666666
0 0.17120571871689852 0.4635416666666667 0.02345005800398153 0.022916666666666665
0 0.41565795453254667 0.44895833333333335 0.01705458763925923 0.016666666666666666
0 0.44894279774430595 0.446875 0.01080458763925923 0.016666666666666666
0 0.3709875131698152 0.45416666666666666 0.01080458763925923 0.016666666666666666
0 0.28271254217180597 0.465625 0.017151567882407428 0.020833333333333332
0 0.10289212981106521 0.4822916666666667 0.017151567882407428 0.020833333333333332
0 0.14560046314439853 0.4822916666666667 0.017151567882407428 0.020833333333333332
0 0.3067921008090745 0.4708333333333333 0.012984901215740762 0.020833333333333332
0 0.2038853063561578 0.48020833333333335 0.017151567882407428 0.020833333333333332
0 0.5512443366247226 0.45625 0.012984901215740762 0.020833333333333332
0 0.028183070540509673 0.4947916666666667 0.012984901215740762 0.020833333333333332
0 0.47743147365611155 0.4625 0.01080458763925923 0.016666666666666666
0 0.2382603063561578 0.48020833333333335 0.017054587639259287 0.016666666666666666
0 0.4649799637776856 0.46458333333333335 0.006492450607870381 0.010416666666666666
0 0.01585278596601894 0.5020833333333333 0.008818234549074093 0.020833333333333332
0 0.09913762917777819 0.5 0.017151567882407428 0.020833333333333332
0 0.3175966884483337 0.4875 0.019331881458888964 0.025
0 0.03794599151310228 0.5114583333333333 0.017054587639259274 0.016666666666666666
0 0.2376308057228708 0.4979166666666667 0.017151567882407428 0.020833333333333332
0 0.3344088254797226 0.49375 0.017151567882407428 0.020833333333333332
0 0.19402627608759299 0.5041666666666667 0.01080458763925923 0.016666666666666666
0 0.2918702075718985 0.5010416666666667 0.019331881458888964 0.025
0 0.1494770600287967 0.5145833333333333 0.019331881458888964 0.025
0 0.13285888348370414 0.5166666666666667 0.019331881458888905 0.025
0 0.04145891248569489 0.528125 0.027616724670648168 0.022916666666666665
0 0.33167174645231523 0.5104166666666666 0.017151567882407428 0.020833333333333332
0 0.3992588544817134 0.5052083333333334 0.01705458763925923 0.016666666666666666
0 0.16648315754648194 0.5291666666666667 0.019331881458888905 0.025
0 0.38193844212097267 0.521875 0.017151567882407428 0.020833333333333332
0 0.0647877451857412 0.5458333333333333 0.012984901215740762 0.020833333333333332
0 0.36226800075824117 0.5270833333333333 0.017151567882407428 0.020833333333333332
0 0.3956498242131486 0.5291666666666667 0.017151567882407428 0.020833333333333332
0 0.3499377161837504 0.534375 0.017151567882407428 0.020833333333333332
0 0.42069831433472266 0.53125 0.017151567882407428 0.020833333333333332
0 0.3136490982759264 0.5416666666666666 0.017151567882407428 0.020833333333333332
0 0.26810670567203754 0.5541666666666667 0.02354703824712961 0.027083333333333334
0 0.663406647668056 0.53125 0.019331881458888964 0.025
0 0.5386984593446764 0.5885416666666666 0.017151567882407428 0.020833333333333332
0 0.4396197716545839 0.628125 0.012984901215740762 0.020833333333333332
0 0.37043423150759314 0.6541666666666667 0.02354703824712961 0.027083333333333334
0 0.30795934751555615 0.7 0.017151567882407428 0.020833333333333332
0 0.24979572960773208 0.7072916666666667 0.02354703824712967 0.027083333333333334
0 0.9531865543292135 0.6739583333333333 0.04089256661583344 0.05625
0 0.12130792464310249 0.7364583333333333 0.036386469098148196 0.041666666666666664
0 0.7620047888782876 0.6947916666666667 0.019331881458888724 0.025
0 0.4023397190960191 0.7270833333333333 0.029990998733426012 0.035416666666666666
0 0.6915351314567599 0.7104166666666667 0.030136469098148193 0.041666666666666664
0 0.5095344055195377 0.7229166666666667 0.030136469098148193 0.041666666666666664
0 0.7903237493645839 0.703125 0.019428861702037163 0.029166666666666667
0 0.06656024746472286 0.75625 0.03648344934129633 0.04583333333333333
0 0.43579427773328766 0.7322916666666667 0.02374099873342601 0.035416666666666666
0 0.716632111699908 0.7145833333333333 0.02364401849027781 0.03125
0 0.3538662869784266 0.7479166666666667 0.025969802431481524 0.041666666666666664
0 0.31353222770787104 0.7604166666666666 0.029990998733426012 0.035416666666666666
0 0.8346556308234729 0.728125 0.019525841945185127 0.03333333333333333
0 0.3398890801647692 0.7739583333333333 0.03231678267462972 0.04583333333333333
0 0.9953073450470141 0.7427083333333333 0.009385309905971676 0.05416666666666667
0 0.5266383542275469 0.7864583333333334 0.02364401849027781 0.03125
0 0.1340053689181026 0.9239583333333333 0.042490998733425954 0.035416666666666666