0 0.8110727653742861 0.7239583333333334 0.004651830714039088 0.010416666666666666
0 0.22223712820882807 0.775 0.010610732285615635 0.004166666666666667
0 0.24842434408970646 0.771875 0.004360732285615635 0.004166666666666667
0 0.27352137689918093 0.7697916666666667 0.004360732285615635 0.004166666666666667
0 0.23691749435163587 0.7729166666666667 0.004360732285615635 0.004166666666666667
0 0.8308644320409527 0.7239583333333334 0.010901830714039088 0.010416666666666666
0 0.7837953664220038 0.728125 0.010901830714039088 0.010416666666666666
0 0.7973855494934077 0.7270833333333333 0.004360732285615635 0.004166666666666667
0 0.7900453664220037 0.728125 0.004651830714039088 0.010416666666666666
0 0.25864694513742414 0.7760416666666666 0.004360732285615635 0.004166666666666667
0 0.232508245661283 0.778125 0.010901830714039088 0.010416666666666666
0 0.20532787951847517 0.7802083333333333 0.004360732285615635 0.004166666666666667
0 0.36434044251812986 0.765625 0.01744292914246254 0.016666666666666666
0 0.768920934660247 0.734375 0.010901830714039088 0.010416666666666666
0 0.21569602978040464 0.78125 0.010610732285615635 0.004166666666666667
0 0.5691863388511178 0.7510416666666667 0.021997727047027144 0.025
0 0.28156361180409084 0.7760416666666666 0.015068497380705755 0.010416666666666666
0 0.34837582768496916 0.7729166666666667 0.01744292914246254 0.016666666666666666
0 0.821149817207792 0.73125 0.010901830714039088 0.010416666666666666
0 0.7604420521127021 0.7375 0.01109589633298782 0.014583333333333334
0 0.22274511442338513 0.7864583333333334 0.014874431761756787 0.00625
0 0.26773084670900077 0.7822916666666667 0.01744292914246254 0.016666666666666666
0 0.3366263959232125 0.7791666666666667 0.015068497380705755 0.010416666666666666
0 0.58754820761322 0.759375 0.021997727047027144 0.025
0 0.10227421809039709 0.8010416666666667 0.03391553019018018 0.0125
0 0.4900910107563731 0.771875 0.021803661428078058 0.020833333333333332
0 0.5476252594467259 0.7666666666666667 0.03270549214211703 0.03125
0 0.7128878224463807 0.7520833333333333 0.026164393713693813 0.025
0 0.6950824563035728 0.7541666666666667 0.021803661428078176 0.020833333333333332
0 0.9187753854460354 0.7375 0.025970328094744845 0.020833333333333332
0 0.7314437568274317 0.75625 0.021997727047027144 0.025
0 0.09871257044776197 0.8104166666666667 0.025776262475795817 0.016666666666666666
0 0.14364978632864034 0.8072916666666666 0.03648402757088594 0.022916666666666665
0 0.6707845081370788 0.7614583333333333 0.03241439371369381 0.025
0 0.5118204615421614 0.775 0.021803661428078058 0.020833333333333332
0 0.7942348552558551 0.75 0.029942929142462542 0.016666666666666666
0 0.18442033554285206 0.8041666666666667 0.025776262475795817 0.016666666666666666
0 0.752277090160765 0.75625 0.021609595809129207 0.016666666666666666
0 0.6257017430419888 0.7677083333333333 0.026164393713693813 0.025
0 0.46976566363759686 0.7833333333333333 0.01763699476141151 0.020833333333333332
0 0.0880533217574091 0.815625 0.025970328094744786 0.020833333333333332
0 0.029331857186177864 0.8239583333333333 0.026455492142117145 0.03125
0 0.24483700220951873 0.8041666666666667 0.021997727047027026 0.025
0 0.38485698318548717 0.7947916666666667 0.025970328094744845 0.020833333333333332
0 0.41937753239969894 0.7916666666666666 0.030136994761411393 0.020833333333333332
0 0.07213722332898567 0.821875 0.03270549214211715 0.03125
0 0.22683757044776195 0.8104166666666667 0.026164393713693692 0.025
0 0.9390750383272589 0.7489583333333333 0.026164393713693813 0.025
0 0.704577311280232 0.7739583333333333 0.025970328094744845 0.020833333333333332
0 0.5946686308281223 0.7854166666666667 0.03270549214211703 0.03125
0 0.13657500744810727 0.825 0.026164393713693692 0.025
0 0.8488124753276044 0.7635416666666667 0.022191792665976113 0.029166666666666667
0 0.7963895271611103 0.7708333333333334 0.04103882547545036 0.03125
0 0.31315035456688356 0.8135416666666667 0.03687215880878381 0.03125
0 0.1875681577100367 0.8260416666666667 0.02873289109439945 0.035416666666666666
0 0.8806674943516358 0.7729166666666667 0.07393838323651636 0.06666666666666667
0 0.4340807207096914 0.8114583333333333 0.06414955776106611 0.035416666666666666
0 0.5123997863286404 0.8072916666666666 0.05194065618948957 0.041666666666666664
0 0.7428021852809226 0.803125 0.07355025199861866 0.058333333333333334
0 0.9462668001140833 0.7958333333333333 0.036632448855465564 0.07083333333333333
0 0.45445171216283703 0.84375 0.08168951971300302 0.05416666666666667
0 0.6748969142582725 0.8520833333333333 0.1017979790456458 0.08333333333333333
0 0.16086721147386548 0.9072916666666667 0.10247720871196707 0.09791666666666667
0 0.2234157278786027 0.90625 0.09515984780774786 0.075
0 0.3607216622596538 0.9104166666666667 0.14414387537863374 0.09791666666666667
0 0.5278249765689557 0.9010416666666666 0.13658680452109617 0.11458333333333333