0 0.3593282517727779 0.09997689993298904 0.08173664311009267 0.11318122758476333
0 0.7412094943004168 0.18512906750016395 0.11216405293768522 0.16836641669493932
0 0.9414017128923612 0.274477639668288 0.11719657421527761 0.17505292631358624
0 0.080065475810139 0.1308168093149889 0.0752441925022223 0.10254630610877324
0 0.1934625430592594 0.1732870625494772 0.09874274062777791 0.12834657374295919
0 0.6011914917672687 0.25101529182216636 0.1227261899690743 0.17498017471047836
0 0.4709831584339354 0.24646831662792837 0.1162337393612038 0.1643452532344883
0 0.421322589284954 0.2593056114866743 0.09094279863175932 0.15097223399719464
0 0.3358288327000463 0.029421341433690386 0.05915766540009268 0.037453711553685286
0 0.26592116641250024 0.2903075745869221 0.08663066160037047 0.14457673079097902
0 0.06781053925953726 0.275062838958347 0.07955632953361119 0.1089418093149888
0 0.6837282218833337 0.39857151940692975 0.1310595233024074 0.17527118112290954
0 0.3121190466048151 0.3522884007204066 0.11361701469055573 0.14135583496471374
0 0.7627987792540282 0.44192470452347254 0.10964430851018533 0.14954366509183145
0 0.9394534692877085 0.4783896757240773 0.121093061424583 0.20220901125002727
0 0.45783202558138925 0.3969279704697326 0.08188211347481485 0.11943122758476339
0 0.9481366141081019 0.13198756114427806 0.09801538880416677 0.09709657374295917
0 0.21303339133731483 0.03033733018366306 0.084400116007963 0.048743397457645644
0 0.5045148069894448 0.4797421299365504 0.12040040602787047 0.16449075644070396
0 0.3491610032913892 0.46807213550501875 0.10693060359638906 0.12238758015539043
0 0.09319323454907409 0.02407077967163078 0.06138646909814819 0.043776463156793094
0 0.07629456864064861 0.5501355905614548 0.09094279863175939 0.15097223399719464
0 0.8848729654233802 0.7230457518292892 0.14506097517685201 0.1507804423446643
0 0.17397052659379683 0.6326488309710806 0.09413966286694452 0.10945107053674358
0 0.6686678258588432 0.7800265426378565 0.11197009245138882 0.16003308336160604
0 0.40975261106662103 0.7460053438524884 0.11570034802388894 0.14142858656782167
0 0.43374637031388896 0.07759595764487012 0.10702758383953714 0.12655424682205704
0 0.8203649801139359 0.8581813247282855 0.1628429146397224 0.19927912183619345
0 0.34027700113736176 0.8018651226801563 0.08193060359638907 0.12151456091809673
0 0.22339212892361177 0.7884160329061191 0.10702758383953714 0.1265542468220571
0 0.027195119678472865 0.7659523822139851 0.020544134498240812 0.0777380977613035
0 0.10471486410597289 0.7873941915289742 0.09971080116490748 0.08050265867940046
0 0.550050232015926 0.11080033828402011 0.0922987801414815 0.11979498560030238
0 0.14643089184138958 0.8356878477895762 0.10169715425509267 0.07640874361584148
0 0.03572328444527847 0.8193320128248625 0.03459407649425931 0.05533069231639161