0 0.3229166666666667 0.46041666666666664 0.09583333333333334 0.12708333333333333
0 0.128125 0.5166666666666667 0.084375 0.11041666666666666
0 0.590625 0.5541666666666667 0.08333333333333333 0.09791666666666667
0 0.7395833333333334 0.5645833333333333 0.07916666666666666 0.11041666666666666
0 0.8760416666666667 0.5510416666666667 0.06041666666666667 0.07708333333333334
0 0.5333333333333333 0.609375 0.08541666666666667 0.08958333333333333
0 0.5958333333333333 0.07395833333333333 0.0875 0.103125
0 0.103125 0.21145833333333333 0.07916666666666666 0.10625
0 0.7145833333333333 0.11666666666666667 0.07916666666666666 0.10625
0 0.5052083333333334 0.16666666666666666 0.08125 0.115625
0 0.41875 0.19375 0.078125 0.10208333333333333
0 0.19270833333333334 0.234375 0.078125 0.10208333333333333
0 0.34791666666666665 0.22395833333333334 0.078125 0.096875
0 0.2677083333333333 0.246875 0.08541666666666667 0.12083333333333333