0 0.04375 0.6479166666666667 0.015625 0.020833333333333332
0 0.052083333333333336 0.6489583333333333 0.010416666666666666 0.020833333333333332
0 0.11979166666666667 0.646875 0.028125 0.04375
0 0.13854166666666667 0.646875 0.010416666666666666 0.020833333333333332
0 0.16458333333333333 0.646875 0.015625 0.020833333333333332
0 0.10416666666666667 0.6583333333333333 0.015625 0.020833333333333332
0 0.3333333333333333 0.6354166666666666 0.021875 0.034375
0 0.5052083333333334 0.6177083333333333 0.021875 0.025
0 0.46458333333333335 0.625 0.016666666666666666 0.025
0 0.13333333333333333 0.659375 0.016666666666666666 0.029166666666666667
0 0.26666666666666666 0.6458333333333334 0.0125 0.025
0 0.7291666666666666 0.596875 0.04375 0.07291666666666667
0 0.190625 0.65625 0.046875 0.06458333333333334
0 0.3125 0.6427083333333333 0.040625 0.04583333333333333
0 0.5791666666666667 0.6145833333333334 0.021875 0.029166666666666667
0 0.453125 0.6302083333333334 0.016666666666666666 0.029166666666666667
0 0.24583333333333332 0.6520833333333333 0.015625 0.020833333333333332
0 0.08958333333333333 0.66875 0.016666666666666666 0.025
0 0.384375 0.6395833333333333 0.015625 0.020833333333333332
0 0.6541666666666667 0.6145833333333334 0.015625 0.020833333333333332
0 0.43333333333333335 0.6395833333333333 0.015625 0.020833333333333332
0 0.6458333333333334 0.6166666666666667 0.016666666666666666 0.029166666666666667
0 0.4635416666666667 0.6395833333333333 0.016666666666666666 0.029166666666666667
0 0.5645833333333333 0.628125 0.021875 0.025
0 0.42083333333333334 0.64375 0.021875 0.029166666666666667
0 0.37083333333333335 0.6510416666666666 0.015625 0.020833333333333332
0 0.14375 0.6770833333333334 0.021875 0.03958333333333333
0 0.16354166666666667 0.6791666666666667 0.021875 0.029166666666666667
0 0.036458333333333336 0.6927083333333334 0.010416666666666666 0.020833333333333332
0 0.7875 0.6166666666666667 0.025 0.016666666666666666
0 0.6333333333333333 0.6333333333333333 0.021875 0.029166666666666667
0 0.6979166666666666 0.628125 0.053125 0.06875
0 0.8239583333333333 0.6166666666666667 0.021875 0.034375
0 0.5614583333333333 0.6458333333333334 0.027083333333333334 0.034375
0 0.665625 0.634375 0.021875 0.025
0 0.759375 0.6239583333333333 0.021875 0.03958333333333333
0 0.2125 0.684375 0.0125 0.025
0 0.221875 0.6833333333333333 0.021875 0.034375
0 0.41041666666666665 0.665625 0.027083333333333334 0.03958333333333333
0 0.3541666666666667 0.6833333333333333 0.015625 0.020833333333333332
0 0.8114583333333333 0.634375 0.028125 0.04375
0 0.49166666666666664 0.6708333333333333 0.021875 0.034375
0 0.7947916666666667 0.6395833333333333 0.021875 0.034375
0 0.3927083333333333 0.7020833333333333 0.010416666666666666 0.020833333333333332