0 0.11359120091276269 0.09761670396775803 0.03736912121662801 0.04894718641678075
0 0.5860409762740039 0.09531456769662654 0.05054823584270143 0.06597756593642888
0 0.5505818649432075 0.0973867541134073 0.033032675893442824 0.044659282132453626
0 0.14341753226892967 0.10611273123971951 0.042214902509368164 0.06573509070110793
0 0.2777076429406705 0.10428615140350228 0.0328628972369246 0.04049261546578696
0 0.3577037529533558 0.10716066059687132 0.03303267589344294 0.044659282132453626
0 0.32099075163524493 0.11447148975140053 0.039537343878220575 0.05109113855894434
0 0.8965230823323564 0.11021038910983876 0.04604201186299808 0.05752299498543507
0 0.7143587496580786 0.1123895348824849 0.04621179051951666 0.061689661652101734
0 0.8526881930040973 0.11356671742860718 0.05054823584270143 0.06597756593642888
0 0.08436263964539323 0.12551839122029962 0.0390280079086654 0.038591138558944374
0 0.6516040816733011 0.12045809914739215 0.03996179051951643 0.061507805225611015
0 0.6857668583526529 0.1246662221350265 0.04888934915066396 0.0763336137942653
0 0.21093663700917142 0.13432064388165488 0.04604201186299808 0.05752299498543507
0 0.17626452436026427 0.14261252089402052 0.06138934915066414 0.0766973266472468
0 0.9465885217240424 0.1326835616268312 0.09612690119125726 0.061061179730694214
0 0.7695051883907091 0.1378361603774017 0.06521645850429394 0.06848523093157392
0 0.822610738454136 0.16230173801448208 0.07189090514559003 0.07908375402473133
0 0.3041154064389135 0.17114582141321222 0.0650466798477756 0.06431856426490726
0 0.030326851762098556 0.17495052810772233 0.0482031449426242 0.1616290428432715
0 0.4341345111791553 0.19753516979024036 0.14505515021506785 0.18941750804946256
0 0.800376731204526 0.1972829261027845 0.0650466798477756 0.06431856426490726
0 0.5825216139422307 0.2327539488877963 0.077585579720922 0.1167049916423918
0 0.48213961196506433 0.24503865171164788 0.13544847695784673 0.15792503281414164
0 0.9015492766545646 0.24219896173235422 0.10611203163466172 0.15290970282385163
0 0.10380238864441638 0.26124929884767006 0.09501625034192142 0.13593994211303376
0 0.7307619327763442 0.29710908524760377 0.13480826220491954 0.193281080671978
0 0.6447510408118632 0.314177789742977 0.09811825561436507 0.16100056092186393
0 0.2792763695318083 0.3466610812882693 0.10968447300351396 0.13844760710817874
0 0.4214364670224402 0.40703140740790084 0.13196092491725342 0.17447046186314782
0 0.506021871533762 0.06747036790767262 0.028526451913739474 0.036204711181459806
0 0.3476460935362991 0.07311906404543764 0.03269311858040626 0.036325948799120295
0 0.07251875954391034 0.08424574681102952 0.03936756522170214 0.04692447189227768
0 0.7793435349051515 0.07512399454649586 0.057222682483997526 0.07657608902958628
0 0.4034292022308736 0.08294068954035444 0.03736912121662807 0.04894718641678075
0 0.24813597956928107 0.08954012413154078 0.03303267589344294 0.044659282132453626
0 0.9704584209381334 0.08308873080078032 0.036690006590554464 0.03228051975011412