0 0.28275156121779477 0.510585358252186 0.027207122534738913 0.05503968590396037
0 0.5444026679352028 0.5405853935771031 0.027207122534738913 0.05503968590396037
0 0.7391748846652964 0.5734657109359038 0.03213779315573836 0.07393518911017599
0 0.5866441099631106 0.5535351347741465 0.027207122534738913 0.05503968590396037
0 0.22316433789714676 0.5137202708969468 0.027376901191257255 0.059206352570627035
0 0.8384957700392228 0.5936244545517452 0.023719570494145616 0.07156084936441141
0 0.11678700390475798 0.5131349391384485 0.027376901191257286 0.059206352570627035
0 0.8204478793928528 0.6013393992586622 0.0323075718122567 0.07810185577684266
0 0.6913661020544453 0.5947454665326447 0.026952454549961403 0.04878968590396037
0 0.6463197674030011 0.5994313070658268 0.027546679847775597 0.0633730192372937
0 0.8526776514588167 0.6295867582417204 0.02814090514559003 0.07795635257062704
0 0.7109685401280204 0.6256813158970561 0.027207122534738913 0.05503968590396037
0 0.7607987614715019 0.6315940210383102 0.03171334651444226 0.06351852244350932
0 0.6141784294562794 0.6202150330192098 0.03171334651444226 0.06351852244350932
0 0.35956432142076056 0.59671962830517 0.027207122534738913 0.05503968590396037
0 0.17161688005190817 0.57555227489058 0.022616009226776274 0.044477516031078086
0 0.9064428662117437 0.6669313423907439 0.03872735046877504 0.08248677725283263
0 0.20478043472872312 0.5808829672069716 0.027546679847775656 0.0633730192372937
0 0.6756597575171692 0.6473975811124439 0.03213779315573836 0.07393518911017599
0 0.8634798648936328 0.671689934527034 0.027376901191257255 0.059206352570627035
0 0.23843387543852002 0.5997917019915838 0.027716458504294057 0.06753968590396037
0 0.30512353683274307 0.6271561290925874 0.027376901191257255 0.059206352570627035
0 0.7107598615983555 0.682004067500164 0.031883125170960605 0.06768518911017599
0 0.2662423128530397 0.6341435577684265 0.027207122534738913 0.05503968590396037
0 0.5484720849190036 0.6711211091244216 0.03154356785792392 0.059351855776842655
0 0.1675386475044839 0.6244378566208055 0.027376901191257255 0.059206352570627035
0 0.13599153485557675 0.6306382492408551 0.027546679847775656 0.0633730192372937
0 0.415266085578059 0.6633400065255218 0.027546679847775597 0.0633730192372937
0 0.4671371955907444 0.6703671299365505 0.027376901191257255 0.059206352570627035
0 0.9443514077074496 0.7350166653180128 0.03171334651444226 0.06351852244350932
0 0.3150114175932815 0.6660979295763472 0.027376901191257255 0.059206352570627035
0 0.3679241942726334 0.6731614287889296 0.031883125170960605 0.06768518911017599
0 0.08384630692154062 0.6559391682980472 0.03188312517096072 0.06768518911017599
0 0.6772178497353575 0.7371627934535467 0.031883125170960605 0.06768518911017575
0 0.6273451837277463 0.7322917549789595 0.031883125170960605 0.06768518911017599
0 0.21416252431068952 0.6834391859605057 0.03154356785792392 0.059351855776842655
0 0.49214074038172756 0.7223545674436186 0.027207122534738913 0.05503968590396037
0 0.7348720684426173 0.7558665050072321 0.0323075718122567 0.07810185577684266
0 0.5809176250965985 0.745274553043921 0.026952454549961164 0.04878968590396037
0 0.4010912937404317 0.7296065393750957 0.018364453231850437 0.042248679491529134
0 0.44875329242232076 0.7375298262465753 0.027546679847775597 0.0633730192372937
0 0.8177190605339518 0.7963129449330982 0.03889712912529338 0.08665344391949929
0 0.563467504539026 0.7895205826872792 0.034560683802108375 0.08234127404661724
0 0.4741812838545999 0.7791005970869768 0.03137378920140558 0.05518518911017599
0 0.6224605025618596 0.8009690033758516 0.031883125170960605 0.06768518911017599
0 0.3325995065161924 0.7720701547423124 0.027376901191257255 0.059206352570627035
0 0.10544537019086378 0.35626655051203227 0.026952454549961345 0.04878968590396037
0 0.2038094782263828 0.37430558499298644 0.011605117262295295 0.02953042468220571
0 0.31384414291588314 0.38753641995770033 0.027376901191257255 0.059206352570627035
0 0.561911138302495 0.4181052365290833 0.018024895918813635 0.0339153461581958
0 0.16896758692095723 0.38456351687504103 0.018194674575332095 0.03808201282486247
0 0.35566113830249496 0.41090282782141035 0.017600449277517784 0.023498679491529135
0 0.6743067990376626 0.4501951988984588 0.018194674575332213 0.03808201282486247
0 0.4843609136637361 0.42687176054742776 0.027376901191257255 0.059206352570627035
0 0.2892491396206059 0.4023247765219605 0.017600449277517784 0.023498679491529135
0 0.580938801014829 0.4375463767586075 0.011605117262295295 0.02953042468220571
0 0.25487413962060584 0.40112437507068166 0.018194674575332095 0.03808201282486247
0 0.4427791363253286 0.4233333951519383 0.018364453231850437 0.042248679491529134
0 0.7001786870478109 0.4552712606039731 0.01385822925214697 0.033769842951980183
0 0.21120902894886504 0.3975132580720844 0.020702454549961342 0.04857143109463694
0 0.3356148036510508 0.41646168759188623 0.018024895918813635 0.0339153461581958
0 0.4695229123456252 0.43261249932567314 0.018194674575332095 0.03808201282486247
0 0.2722429156409024 0.4100760970304314 0.01402800790866543 0.03793650961864685
0 0.5379333550325884 0.4433466355615641 0.017600449277517784 0.023498679491529135
0 0.5472234657043292 0.4457573511088826 0.018024895918813635 0.0339153461581958
0 0.19328847229488375 0.40210320277900136 0.018024895918813694 0.0339153461581958
0 0.4226054676814956 0.4320172549224141 0.027376901191257255 0.059206352570627035
0 0.38006691300468065 0.42635918039203735 0.014028007908665312 0.03793650961864685
0 0.7422503504192003 0.47238766846768315 0.018364453231850555 0.042248679491529134
0 0.3447351356662731 0.4230390698058713 0.014028007908665312 0.03793650961864685
0 0.22328458230756912 0.4083664343573979 0.018024895918813694 0.0339153461581958
0 0.6332573523963667 0.45919320930452323 0.014028007908665548 0.03793650961864685
0 0.6073005750579592 0.4562004809323424 0.017600449277517784 0.023498679491529135
0 0.3882304676814956 0.4308168534711353 0.011605117262295295 0.02953042468220571
0 0.15053769429742084 0.40165346158195797 0.027207122534738913 0.05503968590396037
0 0.44830757703512547 0.44125998329459504 0.027546679847775597 0.0633730192372937
0 0.049708250951402126 0.39291667549789594 0.03588001318110899 0.06366402564972494
0 0.5084271310528851 0.4506614464513881 0.018024895918813635 0.0339153461581958
0 0.3963091330300514 0.4373578598835665 0.014197786565183772 0.04210317628531352
0 0.10674524963329123 0.4011673445833607 0.018194674575332068 0.03808201282486247
0 0.0797468056282171 0.3981382404096258 0.018194674575332036 0.03808201282486247
0 0.6442912390884039 0.47001000978828283 0.017600449277517784 0.023498679491529135
0 0.24352369034308813 0.4236772837218093 0.01402800790866537 0.03793650961864685
0 0.3639325770351255 0.4383135433687288 0.018364453231850555 0.042248679491529134
0 0.553878462409052 0.4616369817197599 0.017855117262295293 0.029748679491529137
0 0.5859579057550708 0.4679729649012643 0.017855117262295293 0.029748679491529137
0 0.13548746965866196 0.41260253369353667 0.021042011862998086 0.05690476442797028
0 0.6658266817753673 0.4791072349542482 0.026952454549961403 0.04878968590396037
0 0.5194610177449224 0.4614782469351477 0.017600449277517784 0.023498679491529135
0 0.32434924370179213 0.4369312629096805 0.018194674575331977 0.03808201282486247
0 0.6988629024597934 0.48756292727063977 0.018194674575332213 0.03808201282486247
0 0.3532187977195517 0.44524145201985643 0.0207024545499614 0.04857143109463694
0 0.7185696797982009 0.4903374008334973 0.026952454549961164 0.04878968590396037
0 0.6146576811163118 0.4804498206781069 0.017600449277517784 0.023498679491529135
0 0.4101709070731816 0.4555754544386545 0.014028007908665312 0.03793650961864685
0 0.25863935437353297 0.43672292074511787 0.0207024545499614 0.04857143109463694
0 0.6218220137905898 0.4838294512889842 0.011605117262295295 0.02953042468220571
0 0.786895233156905 0.5031548704027216 0.011350449277517782 0.02328042468220571
0 0.2948854643862184 0.4432044071328379 0.0207024545499614 0.04857143109463694
0 0.19418335503258846 0.43134262104877585 0.022446230570257932 0.04031084936441142
0 0.1163554676814956 0.4213227692655664 0.020872233206479716 0.05273809776130361
0 0.49299490443695976 0.4709855185629668 0.018364453231850437 0.042248679491529134
0 0.5636160144496452 0.47866740640196564 0.026952454549961403 0.04878968590396037
0 0.774183009836257 0.5079266941174081 0.020872233206479743 0.05273809776130373
0 0.2832573523963667 0.44697093998241155 0.018364453231850437 0.042248679491529134
0 0.7545186771619792 0.504110553887884 0.022616009226776156 0.044477516031078086
0 0.1774317990376626 0.4328439415572467 0.027546679847775656 0.0633730192372937
0 0.2282612423836813 0.4398346891667213 0.020872233206479743 0.05273809776130361
0 0.013065959797617571 0.4134457708404015 0.026131919595235142 0.06351852244350932
0 0.5944415678083492 0.49017534711524935 0.026952454549961403 0.04878968590396037
0 0.7303905651721274 0.5074405771188107 0.017855117262295293 0.029748679491529137
0 0.5290712357931268 0.48163367161735343 0.018364453231850437 0.042248679491529134
0 0.8663820072000353 0.5236641404557055 0.03171334651444226 0.06351852244350932
0 0.2683344617499966 0.45479501209399026 0.018364453231850437 0.042248679491529134
0 0.7032647871746645 0.507536472945076 0.014028007908665312 0.03793650961864685
0 0.09076124238368127 0.435033083361606 0.021042011862998086 0.05690476442797028
0 0.210128462409052 0.4496329672069716 0.021042011862998086 0.05690476442797028
0 0.5028597904699417 0.4848909432451725 0.014028007908665312 0.03793650961864685
0 0.6314322318387942 0.5039848759711899 0.01419778656518389 0.04210317628531352
0 0.4581530131315342 0.48124345044502126 0.027546679847775597 0.0633730192372937
0 0.34182590377790434 0.46883602733765073 0.027546679847775597 0.0633730192372937
0 0.47877412314421963 0.4871792998094327 0.027376901191257255 0.059206352570627035
0 0.3800704577956638 0.4774735986618118 0.0207024545499614 0.04857143109463694
0 0.6789668965282945 0.5150331628426695 0.027376901191257255 0.059206352570627035
0 0.5751397871746645 0.5030622493539458 0.022616009226776156 0.044477516031078086
0 0.5429754545003866 0.49880959950577475 0.018364453231850555 0.042248679491529134
0 0.310406125121386 0.4719114199577003 0.02329512385284976 0.061144182697744756
0 0.09966935107825575 0.44681879890892445 0.018024895918813694 0.0339153461581958
0 0.8127476712304801 0.5343089745764564 0.030394017135441705 0.08219577084040139
0 0.24182590377790436 0.465343950388476 0.027207122534738913 0.05503968590396037
0 0.6040093411924239 0.5113724384641217 0.022616009226776156 0.044477516031078086
0 0.07029046109094111 0.45100860979874846 0.031883125170960695 0.06768518911017599
0 0.5093450085181461 0.5049372405227165 0.026952454549961403 0.04878968590396037
0 0.6422114505460539 0.5210516764549495 0.027376901191257255 0.059206352570627035
0 0.433558009836257 0.49603180700928157 0.02771645850429394 0.06753968590396037
0 0.14507823777029313 0.4588360008439629 0.027376901191257255 0.059206352570627035
0 0.41172545450038656 0.49422624850998287 0.020872233206479743 0.05273809776130361
0 0.026625350419200295 0.44739749280015123 0.027376901191257286 0.059206352570627035
0 0.6192947838793873 0.5202514088207636 0.0207024545499614 0.04857143109463694
0 0.7105370039047579 0.5338691460241738 0.027546679847775597 0.0633730192372937
0 0.82977688993774 0.5515940298695394 0.026952454549961164 0.04878968590396037
0 0.39272078651560904 0.4998214840820126 0.027376901191257255 0.059206352570627035
0 0.19019001181342338 0.47814486944566803 0.026952454549961345 0.04878968590396037
0 0.882477443296444 0.5638658624154552 0.027546679847775597 0.0633730192372937
0 0.49104244988699847 0.5189021852296335 0.027207122534738913 0.05503968590396037
0 0.6560732245891842 0.5392692710100374 0.020702454549961165 0.048571431094636824
0 0.9248886639808701 0.572648936945832 0.03171334651444226 0.06351852244350932
0 0.7618563332837586 0.5544379361018691 0.02771645850429394 0.06753968590396037
0 0.785687332624703 0.5583995795376089 0.03213779315573836 0.07393518911017599
0 0.6911927786069436 0.5477977149295369 0.02329512385284976 0.061144182697744756
0 0.7233995559453511 0.5510086981110413 0.027546679847775597 0.0633730192372937
0 0.3527554512051093 0.5078142036229643 0.027207122534738913 0.05503968590396037
0 0.3205486738667019 0.5046032204414599 0.03137378920140558 0.05518518911017599
0 0.25826089718734985 0.4972123390148923 0.027376901191257314 0.059206352570627035
0 0.9017173293294258 0.5780986693116461 0.036474238478923365 0.07824735898305828
0 0.10118145384133116 0.4865112596469195 0.026952454549961345 0.04878968590396037