0 0.40264935227127935 0.1952020269716987 0.07276066341915736 0.11330290382747907
0 0.6316705600635442 0.1775308675298546 0.07915612229355914 0.12189090514558996
0 0.03861148971695281 0.24130765941705673 0.07104097727182855 0.13405134783255324
0 0.4456667857127165 0.21117012907571867 0.0750621850640935 0.12588779315573823
0 0.905665258115478 0.16845125419710466 0.08551521644936054 0.12839557313036754
0 0.7008387543274495 0.19868785303063471 0.0858424989167645 0.14714557313036755
0 0.141991042747156 0.25168897100156024 0.10488341666556825 0.16457624375136687
0 0.7903857229421823 0.19295427858215627 0.06205307900368714 0.09621179051951642
0 0.19836831926225756 0.2566886258052288 0.08551521644936054 0.12839557313036754
0 0.3086940741324231 0.24698115807415846 0.07276066341915736 0.11330290382747907
0 0.7263660427471559 0.22787751442485776 0.11124251082136946 0.1710809117361445
0 0.8722175584397895 0.22297692811338124 0.096077341990429 0.13715335310499685
0 0.9513296780285555 0.2166261336395321 0.05843188311602721 0.12729201186299807
0 0.2833251547598648 0.286583941344065 0.08544248701215966 0.12422890646370087
0 0.5834706136342667 0.28269321140807513 0.1007894794361024 0.1685731317615152
0 0.4147153414477129 0.34898669166119906 0.10718493831050431 0.17716113307962603
0 0.18527357359190383 0.16340551711065432 0.055621255410684786 0.08554045586807225
0 0.4413599323582018 0.1435891297347741 0.044840941558013485 0.06428267589344294
0 0.35822660497717096 0.158443036198475 0.06841217315948842 0.10271645850429406
0 0.09619934631897685 0.1962224248924661 0.05145458874401812 0.08537067721155385
0 0.05460540908951109 0.20208687812431655 0.05971519264015055 0.08154356785792392
0 0.2659001011891424 0.1840956113060089 0.06399095346261857 0.08796334651444232
0 0.5719137305182396 0.15807521338524153 0.06841217315948853 0.10271645850429406
0 0.5168326737000076 0.16761644725077665 0.07692733008582403 0.11347268248399747
0 0.46588191882984215 0.1749045691264601 0.047069733765748724 0.07270089855503545