0 0.5125 0.009375 0.009375 0.01875
0 0.4583333333333333 0.10208333333333333 0.009375 0.01875
0 0.9979166666666667 0.12291666666666666 0.003125 0.01875
0 0.321875 0.10208333333333333 0.009375 0.01875
0 0.5395833333333333 0.109375 0.009375 0.01875
0 0.5916666666666667 0.11145833333333334 0.009375 0.01875
0 0.3927083333333333 0.10729166666666666 0.009375 0.014583333333333334
0 0.12083333333333333 0.0020833333333333333 0.009375 0.004166666666666667
0 0.43333333333333335 0.009375 0.009375 0.014583333333333334
0 0.4895833333333333 0.010416666666666666 0.009375 0.014583333333333334
0 0.4083333333333333 0.008333333333333333 0.009375 0.014583333333333334
0 0.1 0.09895833333333333 0.010416666666666666 0.022916666666666665
0 0.6020833333333333 0.11875 0.010416666666666666 0.022916666666666665
0 0.809375 0.12916666666666668 0.014583333333333334 0.01875
0 0.9979166666666667 0.028125 0.004166666666666667 0.01875
0 0.56875 0.125 0.004166666666666667 0.014583333333333334
0 0.6645833333333333 0.128125 0.014583333333333334 0.01875
0 0.3645833333333333 0.11770833333333333 0.009375 0.01875
0 0.7989583333333333 0.1375 0.009375 0.014583333333333334
0 0.434375 0.12708333333333333 0.009375 0.01875
0 0.3104166666666667 0.009375 0.010416666666666666 0.01875
0 0.4822916666666667 0.13125 0.014583333333333334 0.014583333333333334
0 0.996875 0.14791666666666667 0.00625 0.01875
0 0.9895833333333334 0.15208333333333332 0.009375 0.014583333333333334
0 0.4708333333333333 0.13541666666666666 0.009375 0.014583333333333334
0 0.628125 0.14270833333333333 0.009375 0.01875
0 0.04895833333333333 0.12291666666666666 0.014583333333333334 0.01875
0 0.46145833333333336 0.1375 0.009375 0.01875
0 0.49166666666666664 0.13854166666666667 0.009375 0.01875
0 0.45 0.13958333333333334 0.014583333333333334 0.01875
0 0.36666666666666664 0.009375 0.004166666666666667 0.014583333333333334
0 0.35520833333333335 0.13541666666666666 0.009375 0.014583333333333334
0 0.709375 0.15104166666666666 0.014583333333333334 0.01875
0 0.7854166666666667 0.15520833333333334 0.009375 0.01875
0 0.24166666666666667 0.13958333333333334 0.009375 0.01875
0 0.6395833333333333 0.153125 0.014583333333333334 0.01875
0 0.09375 0.134375 0.009375 0.01875
0 0.28541666666666665 0.140625 0.009375 0.01875
0 0.5270833333333333 0.14895833333333333 0.009375 0.01875
0 0.32916666666666666 0.14895833333333333 0.009375 0.01875
0 0.5583333333333333 0.15729166666666666 0.009375 0.014583333333333334
0 0.20208333333333334 0.14479166666666668 0.009375 0.01875
0 0.6020833333333333 0.16041666666666668 0.010416666666666666 0.022916666666666665
0 0.4354166666666667 0.15416666666666667 0.009375 0.01875
0 0.5739583333333333 0.16458333333333333 0.009375 0.01875
0 0.4427083333333333 0.014583333333333334 0.009375 0.014583333333333334
0 0.46145833333333336 0.014583333333333334 0.009375 0.01875
0 0.15104166666666666 0.14895833333333333 0.010416666666666666 0.022916666666666665
0 0.42604166666666665 0.15833333333333333 0.010416666666666666 0.022916666666666665
0 0.7958333333333333 0.17395833333333333 0.015625 0.022916666666666665
0 0.5833333333333334 0.16666666666666666 0.014583333333333334 0.01875
0 0.7177083333333333 0.17291666666666666 0.015625 0.028125
0 0.2833333333333333 0.16041666666666668 0.009375 0.01875
0 0.4010416666666667 0.16666666666666666 0.009375 0.01875
0 0.24270833333333333 0.16145833333333334 0.009375 0.01875
0 0.53125 0.016666666666666666 0.009375 0.014583333333333334
0 0.7447916666666666 0.18229166666666666 0.009375 0.01875
0 0.5625 0.17604166666666668 0.014583333333333334 0.01875
0 0.07395833333333333 0.15833333333333333 0.009375 0.01875
0 0.55 0.17916666666666667 0.014583333333333334 0.01875
0 0.38125 0.17291666666666666 0.009375 0.014583333333333334
0 0.5364583333333334 0.18125 0.009375 0.01875
0 0.3697916666666667 0.17604166666666668 0.015625 0.022916666666666665
0 0.9958333333333333 0.035416666666666666 0.008333333333333333 0.009375
0 0.27395833333333336 0.010416666666666666 0.009375 0.01875
0 0.21666666666666667 0.17291666666666666 0.009375 0.01875
0 0.2864583333333333 0.175 0.009375 0.01875
0 0.25416666666666665 0.17395833333333333 0.009375 0.014583333333333334
0 0.34479166666666666 0.18229166666666666 0.009375 0.014583333333333334
0 0.29270833333333335 0.18333333333333332 0.009375 0.01875
0 0.23333333333333334 0.011458333333333333 0.009375 0.01875
0 0.35520833333333335 0.18645833333333334 0.009375 0.01875
0 0.5229166666666667 0.19270833333333334 0.009375 0.014583333333333334
0 0.8104166666666667 0.20520833333333333 0.015625 0.022916666666666665
0 0.27291666666666664 0.18645833333333334 0.009375 0.01875
0 0.31145833333333334 0.18958333333333333 0.009375 0.01875
0 0.5104166666666666 0.196875 0.014583333333333334 0.014583333333333334
0 0.6697916666666667 0.20208333333333334 0.014583333333333334 0.01875
0 0.175 0.1875 0.014583333333333334 0.01875
0 0.603125 0.20208333333333334 0.014583333333333334 0.01875
0 0.5916666666666667 0.20208333333333334 0.004166666666666667 0.014583333333333334
0 0.33541666666666664 0.19270833333333334 0.009375 0.01875
0 0.9770833333333333 0.0375 0.009375 0.004166666666666667
0 0.6177083333333333 0.025 0.014583333333333334 0.014583333333333334
0 0.6541666666666667 0.21145833333333333 0.014583333333333334 0.01875
0 0.23229166666666667 0.20208333333333334 0.009375 0.01875
0 0.4708333333333333 0.209375 0.009375 0.01875
0 0.15833333333333333 0.20208333333333334 0.004166666666666667 0.01875
0 0.484375 0.2125 0.009375 0.014583333333333334
0 0.646875 0.21770833333333334 0.009375 0.01875
0 0.49166666666666664 0.2125 0.009375 0.014583333333333334
0 0.3614583333333333 0.21041666666666667 0.009375 0.01875
0 0.3802083333333333 0.21041666666666667 0.009375 0.01875
0 0.46145833333333336 0.21666666666666667 0.015625 0.022916666666666665
0 0.634375 0.22708333333333333 0.009375 0.01875
0 0.7958333333333333 0.234375 0.009375 0.01875
0 0.17708333333333334 0.2125 0.009375 0.01875
0 0.38958333333333334 0.22291666666666668 0.009375 0.01875
0 0.5416666666666666 0.228125 0.009375 0.014583333333333334
0 0.7083333333333334 0.23333333333333334 0.009375 0.01875
0 0.43020833333333336 0.22708333333333333 0.014583333333333334 0.01875
0 0.30833333333333335 0.221875 0.009375 0.01875
0 0.3385416666666667 0.22604166666666667 0.009375 0.014583333333333334
0 0.8125 0.034375 0.009375 0.01875
0 0.6177083333333333 0.23541666666666666 0.015625 0.022916666666666665
0 0.6895833333333333 0.2375 0.009375 0.01875
0 0.5583333333333333 0.23541666666666666 0.009375 0.01875
0 0.6802083333333333 0.23958333333333334 0.014583333333333334 0.01875
0 0.5333333333333333 0.234375 0.014583333333333334 0.01875
0 0.5166666666666667 0.23645833333333333 0.015625 0.022916666666666665
0 0.8166666666666667 0.24895833333333334 0.010416666666666666 0.022916666666666665
0 0.41875 0.23541666666666666 0.004166666666666667 0.01875
0 0.17083333333333334 0.23125 0.014583333333333334 0.014583333333333334
0 0.01875 0.23020833333333332 0.010416666666666666 0.022916666666666665
0 0.5947916666666667 0.253125 0.014583333333333334 0.01875
0 0.40729166666666666 0.246875 0.009375 0.01875
0 0.28541666666666665 0.017708333333333333 0.009375 0.014583333333333334
0 0.18229166666666666 0.24166666666666667 0.009375 0.01875
0 0.21666666666666667 0.24479166666666666 0.009375 0.01875
0 0.46458333333333335 0.253125 0.014583333333333334 0.01875
0 0.7375 0.2625 0.015625 0.022916666666666665
0 0.5854166666666667 0.25833333333333336 0.009375 0.01875
0 0.19791666666666666 0.24583333333333332 0.014583333333333334 0.01875
0 0.659375 0.26458333333333334 0.015625 0.022916666666666665
0 0.159375 0.24791666666666667 0.014583333333333334 0.01875
0 0.5479166666666667 0.2635416666666667 0.015625 0.022916666666666665
0 0.7114583333333333 0.27291666666666664 0.015625 0.022916666666666665
0 0.49166666666666664 0.265625 0.014583333333333334 0.01875
0 0.71875 0.27395833333333336 0.009375 0.01875
0 0.6395833333333333 0.27291666666666664 0.004166666666666667 0.014583333333333334
0 0.6489583333333333 0.2760416666666667 0.009375 0.01875
0 0.271875 0.2635416666666667 0.014583333333333334 0.01875
0 0.7791666666666667 0.2833333333333333 0.009375 0.01875
0 0.4166666666666667 0.2708333333333333 0.009375 0.014583333333333334
0 0.6166666666666667 0.27708333333333335 0.009375 0.01875
0 0.628125 0.2833333333333333 0.009375 0.01875
0 0.41041666666666665 0.27708333333333335 0.015625 0.022916666666666665
0 0.2552083333333333 0.27291666666666664 0.010416666666666666 0.022916666666666665
0 0.47291666666666665 0.027083333333333334 0.009375 0.01875
0 0.6989583333333333 0.2916666666666667 0.009375 0.01875
0 0.3875 0.28020833333333334 0.009375 0.01875
0 0.6635416666666667 0.28958333333333336 0.014583333333333334 0.01875
0 0.5145833333333333 0.28958333333333336 0.015625 0.022916666666666665
0 0.6916666666666667 0.29583333333333334 0.009375 0.01875
0 0.5041666666666667 0.28958333333333336 0.009375 0.014583333333333334
0 0.715625 0.29791666666666666 0.009375 0.01875
0 0.07395833333333333 0.015625 0.009375 0.01875
0 0.19895833333333332 0.019791666666666666 0.009375 0.01875
0 0.4125 0.290625 0.004166666666666667 0.014583333333333334
0 0.5395833333333333 0.29583333333333334 0.010416666666666666 0.022916666666666665
0 0.5927083333333333 0.2989583333333333 0.009375 0.01875
0 0.37916666666666665 0.29375 0.010416666666666666 0.022916666666666665
0 0.5833333333333334 0.3020833333333333 0.009375 0.014583333333333334
0 0.6760416666666667 0.3072916666666667 0.009375 0.01875
0 0.75 0.309375 0.009375 0.01875
0 0.23125 0.2916666666666667 0.009375 0.014583333333333334
0 0.29583333333333334 0.29583333333333334 0.015625 0.022916666666666665
0 0.04583333333333333 0.2875 0.009375 0.01875
0 0.01875 0.28854166666666664 0.010416666666666666 0.022916666666666665
0 0.28541666666666665 0.3020833333333333 0.009375 0.01875
0 0.6385416666666667 0.31666666666666665 0.009375 0.014583333333333334
0 0.7416666666666667 0.32083333333333336 0.010416666666666666 0.022916666666666665
0 0.1625 0.020833333333333332 0.009375 0.01875
0 0.5645833333333333 0.3145833333333333 0.015625 0.022916666666666665
0 0.675 0.31875 0.015625 0.022916666666666665
0 0.31979166666666664 0.30625 0.009375 0.01875
0 0.4666666666666667 0.3104166666666667 0.009375 0.01875
0 0.534375 0.3177083333333333 0.015625 0.022916666666666665
0 0.5458333333333333 0.3229166666666667 0.004166666666666667 0.01875
0 0.08020833333333334 0.3072916666666667 0.009375 0.014583333333333334
0 0.9666666666666667 0.3385416666666667 0.015625 0.022916666666666665
0 0.453125 0.3229166666666667 0.014583333333333334 0.01875
0 0.2125 0.31666666666666665 0.009375 0.01875
0 0.81875 0.3375 0.009375 0.01875
0 0.6958333333333333 0.3333333333333333 0.014583333333333334 0.01875
0 0.7114583333333333 0.33541666666666664 0.015625 0.022916666666666665
0 0.18645833333333334 0.3177083333333333 0.009375 0.01875
0 0.5104166666666666 0.32916666666666666 0.020833333333333332 0.028125
0 0.165625 0.31979166666666664 0.014583333333333334 0.01875
0 0.6041666666666666 0.3375 0.014583333333333334 0.01875
0 0.8020833333333334 0.34375 0.014583333333333334 0.014583333333333334
0 0.5583333333333333 0.33541666666666664 0.004166666666666667 0.01875
0 0.059375 0.32083333333333336 0.015625 0.022916666666666665
0 0.15 0.3229166666666667 0.009375 0.01875
0 0.08333333333333333 0.3229166666666667 0.010416666666666666 0.022916666666666665
0 0.5979166666666667 0.3416666666666667 0.014583333333333334 0.01875
0 0.09895833333333333 0.32395833333333335 0.014583333333333334 0.01875
0 0.121875 0.325 0.009375 0.01875
0 0.49375 0.340625 0.009375 0.014583333333333334
0 0.5770833333333333 0.3458333333333333 0.009375 0.01875
0 0.10416666666666667 0.32916666666666666 0.009375 0.014583333333333334
0 0.6927083333333334 0.3489583333333333 0.009375 0.01875
0 0.7583333333333333 0.353125 0.010416666666666666 0.022916666666666665
0 0.4864583333333333 0.34375 0.009375 0.01875
0 0.7791666666666667 0.3541666666666667 0.015625 0.022916666666666665
0 0.33645833333333336 0.33958333333333335 0.009375 0.01875
0 0.4666666666666667 0.3458333333333333 0.014583333333333334 0.01875
0 0.8291666666666667 0.36041666666666666 0.014583333333333334 0.01875
0 0.2916666666666667 0.34479166666666666 0.009375 0.014583333333333334
0 0.259375 0.026041666666666668 0.009375 0.01875
0 0.14583333333333334 0.021875 0.004166666666666667 0.01875
0 0.8864583333333333 0.3697916666666667 0.009375 0.01875
0 0.7958333333333333 0.36666666666666664 0.015625 0.022916666666666665
0 0.8520833333333333 0.36875 0.014583333333333334 0.01875
0 0.32708333333333334 0.35 0.009375 0.014583333333333334
0 0.3104166666666667 0.3489583333333333 0.009375 0.01875
0 0.7354166666666667 0.36666666666666664 0.010416666666666666 0.022916666666666665
0 0.528125 0.3614583333333333 0.009375 0.01875
0 0.26666666666666666 0.35208333333333336 0.014583333333333334 0.01875
0 0.027083333333333334 0.34479166666666666 0.009375 0.01875
0 0.9854166666666667 0.053125 0.009375 0.014583333333333334
0 0.5208333333333334 0.0375 0.009375 0.01875
0 0.28020833333333334 0.35833333333333334 0.014583333333333334 0.01875
0 0.803125 0.378125 0.015625 0.022916666666666665
0 0.6364583333333333 0.3729166666666667 0.010416666666666666 0.022916666666666665
0 0.48854166666666665 0.36666666666666664 0.009375 0.01875
0 0.19479166666666667 0.359375 0.009375 0.01875
0 0.215625 0.36041666666666666 0.014583333333333334 0.01875
0 0.9291666666666667 0.3875 0.015625 0.03333333333333333
0 0.17291666666666666 0.36041666666666666 0.014583333333333334 0.01875
0 0.4375 0.034375 0.014583333333333334 0.01875
0 0.5854166666666667 0.378125 0.014583333333333334 0.01875
0 0.23333333333333334 0.365625 0.009375 0.01875
0 0.7520833333333333 0.3854166666666667 0.010416666666666666 0.022916666666666665
0 0.25416666666666665 0.36875 0.014583333333333334 0.01875
0 0.7197916666666667 0.3875 0.009375 0.01875
0 0.621875 0.3854166666666667 0.015625 0.028125
0 0.04791666666666667 0.36666666666666664 0.009375 0.01875
0 0.5135416666666667 0.3854166666666667 0.015625 0.022916666666666665
0 0.45416666666666666 0.0375 0.009375 0.01875
0 0.24270833333333333 0.029166666666666667 0.009375 0.01875
0 0.0625 0.36875 0.009375 0.01875
0 0.346875 0.37916666666666665 0.004166666666666667 0.014583333333333334
0 0.675 0.3927083333333333 0.020833333333333332 0.028125
0 0.35520833333333335 0.38333333333333336 0.015625 0.022916666666666665
0 0.5041666666666667 0.39166666666666666 0.014583333333333334 0.01875
0 0.42291666666666666 0.3885416666666667 0.020833333333333332 0.022916666666666665
0 0.6052083333333333 0.39791666666666664 0.014583333333333334 0.01875
0 0.346875 0.3885416666666667 0.014583333333333334 0.01875
0 0.7875 0.40625 0.015625 0.022916666666666665
0 0.5791666666666667 0.4010416666666667 0.015625 0.028125
0 0.5541666666666667 0.40208333333333335 0.009375 0.01875
0 0.29270833333333335 0.39375 0.004166666666666667 0.014583333333333334
0 0.8708333333333333 0.41458333333333336 0.010416666666666666 0.022916666666666665
0 0.8614583333333333 0.41354166666666664 0.009375 0.01875
0 0.2791666666666667 0.3958333333333333 0.009375 0.01875
0 0.32916666666666666 0.39895833333333336 0.009375 0.014583333333333334
0 0.771875 0.41458333333333336 0.009375 0.01875
0 0.5635416666666667 0.409375 0.010416666666666666 0.022916666666666665
0 0.26458333333333334 0.4010416666666667 0.014583333333333334 0.01875
0 0.5239583333333333 0.4125 0.015625 0.03333333333333333
0 0.21145833333333333 0.40208333333333335 0.004166666666666667 0.01875
0 0.30833333333333335 0.4041666666666667 0.009375 0.01875
0 0.846875 0.428125 0.015625 0.022916666666666665
0 0.65625 0.4239583333333333 0.010416666666666666 0.022916666666666665
0 0.6447916666666667 0.42291666666666666 0.009375 0.014583333333333334
0 0.190625 0.41041666666666665 0.009375 0.01875
0 0.14479166666666668 0.4083333333333333 0.014583333333333334 0.01875
0 0.840625 0.4354166666666667 0.020833333333333332 0.022916666666666665
0 0.10208333333333333 0.409375 0.014583333333333334 0.01875
0 0.18333333333333332 0.029166666666666667 0.010416666666666666 0.022916666666666665
0 0.41875 0.42291666666666666 0.020833333333333332 0.028125
0 0.08229166666666667 0.41354166666666664 0.009375 0.01875
0 0.125 0.4166666666666667 0.015625 0.022916666666666665
0 0.784375 0.4427083333333333 0.015625 0.022916666666666665
0 0.9916666666666667 0.06041666666666667 0.014583333333333334 0.014583333333333334
0 0.8291666666666667 0.44895833333333335 0.015625 0.022916666666666665
0 0.5989583333333334 0.440625 0.009375 0.01875
0 0.6270833333333333 0.44166666666666665 0.009375 0.01875
0 0.8927083333333333 0.45208333333333334 0.015625 0.022916666666666665
0 0.75625 0.4479166666666667 0.010416666666666666 0.022916666666666665
0 0.21770833333333334 0.4322916666666667 0.009375 0.01875
0 0.7354166666666667 0.45 0.010416666666666666 0.022916666666666665
0 0.31979166666666664 0.4354166666666667 0.015625 0.022916666666666665
0 0.12291666666666666 0.030208333333333334 0.009375 0.01875
0 0.23541666666666666 0.4354166666666667 0.014583333333333334 0.01875
0 0.7208333333333333 0.45416666666666666 0.015625 0.022916666666666665
0 0.9416666666666667 0.4666666666666667 0.020833333333333332 0.022916666666666665
0 0.29791666666666666 0.44479166666666664 0.009375 0.01875
0 0.8072916666666666 0.4625 0.020833333333333332 0.028125
0 0.7958333333333333 0.46458333333333335 0.010416666666666666 0.022916666666666665
0 0.1625 0.034375 0.009375 0.01875
0 0.3927083333333333 0.041666666666666664 0.009375 0.01875
0 0.7083333333333334 0.4635416666666667 0.009375 0.01875
0 0.8927083333333333 0.47291666666666665 0.009375 0.01875
0 0.9614583333333333 0.47708333333333336 0.020833333333333332 0.022916666666666665
0 0.878125 0.4739583333333333 0.009375 0.01875
0 0.15833333333333333 0.44895833333333335 0.014583333333333334 0.01875
0 0.6895833333333333 0.4666666666666667 0.010416666666666666 0.022916666666666665
0 0.6354166666666666 0.46770833333333334 0.015625 0.022916666666666665
0 0.665625 0.46875 0.015625 0.022916666666666665
0 0.40729166666666666 0.042708333333333334 0.009375 0.01875
0 0.5822916666666667 0.46875 0.014583333333333334 0.01875
0 0.3541666666666667 0.46458333333333335 0.015625 0.022916666666666665
0 0.07604166666666666 0.45416666666666666 0.010416666666666666 0.022916666666666665
0 0.6489583333333333 0.47708333333333336 0.009375 0.01875
0 0.7291666666666666 0.05625 0.009375 0.01875
0 0.19791666666666666 0.4635416666666667 0.010416666666666666 0.022916666666666665
0 0.052083333333333336 0.4583333333333333 0.015625 0.022916666666666665
0 0.7208333333333333 0.484375 0.015625 0.022916666666666665
0 0.36875 0.471875 0.009375 0.01875
0 0.09583333333333334 0.4666666666666667 0.009375 0.01875
0 0.3458333333333333 0.478125 0.015625 0.022916666666666665
0 0.32916666666666666 0.4822916666666667 0.009375 0.01875
0 0.278125 0.4875 0.009375 0.01875
0 0.8239583333333333 0.50625 0.020833333333333332 0.022916666666666665
0 0.6177083333333333 0.5020833333333333 0.010416666666666666 0.022916666666666665
0 0.8979166666666667 0.5114583333333333 0.015625 0.022916666666666665
0 0.26875 0.49166666666666664 0.009375 0.01875
0 0.215625 0.49166666666666664 0.010416666666666666 0.022916666666666665
0 0.153125 0.490625 0.004166666666666667 0.01875
0 0.23125 0.49270833333333336 0.009375 0.01875
0 0.8166666666666667 0.515625 0.020833333333333332 0.022916666666666665
0 0.48333333333333334 0.004166666666666667 0.009375 0.008333333333333333
0 0.5947916666666667 0.05416666666666667 0.009375 0.01875
0 0.98125 0.06666666666666667 0.009375 0.01875
0 0.03958333333333333 0.034375 0.009375 0.01875
0 0.25729166666666664 0.49583333333333335 0.004166666666666667 0.014583333333333334
0 0.14791666666666667 0.49895833333333334 0.014583333333333334 0.01875
0 0.13645833333333332 0.49895833333333334 0.014583333333333334 0.01875
0 0.8458333333333333 0.5229166666666667 0.010416666666666666 0.022916666666666665
0 0.5875 0.5166666666666667 0.015625 0.022916666666666665
0 0.178125 0.503125 0.014583333333333334 0.01875
0 0.3958333333333333 0.5104166666666666 0.009375 0.01875
0 0.7604166666666666 0.5260416666666666 0.015625 0.022916666666666665
0 0.8697916666666666 0.5291666666666667 0.015625 0.028125
0 0.07708333333333334 0.5020833333333333 0.009375 0.01875
0 0.915625 0.53125 0.014583333333333334 0.01875
0 0.12083333333333333 0.503125 0.010416666666666666 0.022916666666666665
0 0.6979166666666666 0.5260416666666666 0.015625 0.022916666666666665
0 0.09583333333333334 0.5041666666666667 0.015625 0.022916666666666665
0 0.81875 0.5322916666666667 0.014583333333333334 0.01875
0 0.12708333333333333 0.5083333333333333 0.009375 0.01875
0 0.6864583333333333 0.5270833333333333 0.009375 0.01875
0 0.6708333333333333 0.5291666666666667 0.009375 0.01875
0 0.08333333333333333 0.5083333333333333 0.014583333333333334 0.01875
0 0.78125 0.5333333333333333 0.009375 0.01875
0 0.8041666666666667 0.534375 0.015625 0.022916666666666665
0 0.07083333333333333 0.0375 0.009375 0.014583333333333334
0 0.057291666666666664 0.5125 0.014583333333333334 0.01875
0 0.5083333333333333 0.053125 0.010416666666666666 0.022916666666666665
0 0.6666666666666666 0.5458333333333333 0.014583333333333334 0.01875
0 0.31354166666666666 0.5354166666666667 0.009375 0.01875
0 0.33645833333333336 0.5385416666666667 0.009375 0.01875
0 0.328125 0.04895833333333333 0.009375 0.01875
0 0.646875 0.5520833333333334 0.014583333333333334 0.01875
0 0.28541666666666665 0.5385416666666667 0.009375 0.01875
0 0.9770833333333333 0.5645833333333333 0.010416666666666666 0.022916666666666665
0 0.7479166666666667 0.559375 0.015625 0.022916666666666665
0 0.9635416666666666 0.5697916666666667 0.015625 0.022916666666666665
0 0.9583333333333334 0.07083333333333333 0.004166666666666667 0.009375
0 0.25625 0.046875 0.004166666666666667 0.014583333333333334
0 0.41875 0.052083333333333336 0.009375 0.01875
0 0.6270833333333333 0.5604166666666667 0.014583333333333334 0.01875
0 0.40208333333333335 0.5520833333333334 0.009375 0.01875
0 0.225 0.5510416666666667 0.014583333333333334 0.01875
0 0.18125 0.5489583333333333 0.015625 0.022916666666666665
0 0.20729166666666668 0.55 0.009375 0.01875
0 0.2791666666666667 0.5520833333333334 0.014583333333333334 0.01875
0 0.7385416666666667 0.5708333333333333 0.015625 0.022916666666666665
0 0.7052083333333333 0.0625 0.015625 0.022916666666666665
0 0.36041666666666666 0.05 0.009375 0.01875
0 0.678125 0.5729166666666666 0.014583333333333334 0.01875
0 0.8291666666666667 0.5833333333333334 0.010416666666666666 0.028125
0 0.6666666666666666 0.5770833333333333 0.015625 0.022916666666666665
0 0.9416666666666667 0.5875 0.010416666666666666 0.022916666666666665
0 0.7166666666666667 0.5791666666666667 0.014583333333333334 0.01875
0 0.0625 0.559375 0.010416666666666666 0.022916666666666665
0 0.265625 0.04895833333333333 0.009375 0.01875
0 0.9729166666666667 0.07395833333333333 0.009375 0.01875
0 0.32916666666666666 0.5708333333333333 0.009375 0.014583333333333334
0 0.375 0.5739583333333333 0.014583333333333334 0.01875
0 0.10208333333333333 0.5666666666666667 0.015625 0.022916666666666665
0 0.6979166666666666 0.590625 0.014583333333333334 0.014583333333333334
0 0.925 0.5979166666666667 0.015625 0.022916666666666665
0 0.353125 0.58125 0.015625 0.022916666666666665
0 0.31875 0.5822916666666667 0.009375 0.01875
0 0.390625 0.584375 0.004166666666666667 0.01875
0 0.9177083333333333 0.6083333333333333 0.015625 0.028125
0 0.3 0.5875 0.014583333333333334 0.01875
0 0.775 0.6041666666666666 0.020833333333333332 0.028125
0 0.3958333333333333 0.590625 0.014583333333333334 0.01875
0 0.7916666666666666 0.6072916666666667 0.014583333333333334 0.01875
0 0.9125 0.61875 0.020833333333333332 0.028125
0 0.25625 0.5958333333333333 0.014583333333333334 0.01875
0 0.228125 0.5947916666666667 0.009375 0.01875
0 0.9916666666666667 0.023958333333333335 0.009375 0.014583333333333334
0 0.040625 0.5927083333333333 0.015625 0.022916666666666665
0 0.9614583333333333 0.6270833333333333 0.014583333333333334 0.01875
0 0.6666666666666666 0.6166666666666667 0.015625 0.022916666666666665
0 0.8833333333333333 0.6270833333333333 0.014583333333333334 0.01875
0 0.6208333333333333 0.06666666666666667 0.009375 0.01875
0 0.8947916666666667 0.07604166666666666 0.014583333333333334 0.014583333333333334
0 0.18333333333333332 0.6072916666666667 0.015625 0.022916666666666665
0 0.7479166666666667 0.6291666666666667 0.015625 0.022916666666666665
0 0.37083333333333335 0.615625 0.010416666666666666 0.022916666666666665
0 0.865625 0.6333333333333333 0.015625 0.022916666666666665
0 0.696875 0.6291666666666667 0.014583333333333334 0.01875
0 0.09583333333333334 0.6083333333333333 0.015625 0.022916666666666665
0 0.6375 0.06666666666666667 0.009375 0.014583333333333334
0 0.065625 0.6145833333333334 0.010416666666666666 0.022916666666666665
0 0.3385416666666667 0.6239583333333333 0.010416666666666666 0.022916666666666665
0 0.20625 0.621875 0.014583333333333334 0.01875
0 0.8520833333333333 0.646875 0.015625 0.022916666666666665
0 0.9354166666666667 0.07708333333333334 0.015625 0.022916666666666665
0 0.86875 0.07708333333333334 0.014583333333333334 0.01875
0 0.7197916666666667 0.6447916666666667 0.015625 0.022916666666666665
0 0.73125 0.6447916666666667 0.009375 0.01875
0 0.39791666666666664 0.6354166666666666 0.009375 0.01875
0 0.12083333333333333 0.628125 0.015625 0.022916666666666665
0 0.953125 0.6572916666666667 0.015625 0.022916666666666665
0 0.8333333333333334 0.6552083333333333 0.015625 0.022916666666666665
0 0.9666666666666667 0.6625 0.015625 0.028125
0 0.3229166666666667 0.6447916666666667 0.014583333333333334 0.01875
0 0.38125 0.646875 0.014583333333333334 0.01875
0 0.934375 0.6666666666666666 0.015625 0.028125
0 0.08854166666666667 0.6364583333333333 0.010416666666666666 0.022916666666666665
0 0.25416666666666665 0.6416666666666667 0.015625 0.022916666666666665
0 0.6635416666666667 0.07083333333333333 0.009375 0.01875
0 0.4864583333333333 0.06666666666666667 0.010416666666666666 0.022916666666666665
0 0.23020833333333332 0.6479166666666667 0.015625 0.022916666666666665
0 0.8114583333333333 0.6729166666666667 0.014583333333333334 0.01875
0 0.7635416666666667 0.6708333333333333 0.015625 0.022916666666666665
0 0.29791666666666666 0.6541666666666667 0.014583333333333334 0.01875
0 0.44375 0.6625 0.015625 0.022916666666666665
0 0.15833333333333333 0.6520833333333333 0.010416666666666666 0.022916666666666665
0 0.4708333333333333 0.065625 0.009375 0.014583333333333334
0 0.203125 0.65625 0.009375 0.014583333333333334
0 0.465625 0.6677083333333333 0.015625 0.022916666666666665
0 0.175 0.6583333333333333 0.015625 0.028125
0 0.9239583333333333 0.6854166666666667 0.015625 0.028125
0 0.484375 0.6708333333333333 0.014583333333333334 0.01875
0 0.7833333333333333 0.68125 0.015625 0.028125
0 0.278125 0.665625 0.014583333333333334 0.01875
0 0.959375 0.08333333333333333 0.009375 0.014583333333333334
0 0.5979166666666667 0.07083333333333333 0.009375 0.014583333333333334
0 0.38958333333333334 0.06354166666666666 0.015625 0.022916666666666665
0 0.9125 0.6927083333333334 0.020833333333333332 0.03333333333333333
0 0.421875 0.6802083333333333 0.015625 0.022916666666666665
0 0.12291666666666666 0.6697916666666667 0.010416666666666666 0.022916666666666665
0 0.403125 0.6791666666666667 0.010416666666666666 0.022916666666666665
0 0.7291666666666666 0.7020833333333333 0.014583333333333334 0.01875
0 0.36770833333333336 0.6895833333333333 0.015625 0.022916666666666665
0 0.7166666666666667 0.7072916666666667 0.014583333333333334 0.01875
0 0.38958333333333334 0.6958333333333333 0.015625 0.028125
0 0.21979166666666666 0.6916666666666667 0.014583333333333334 0.01875
0 0.8916666666666667 0.715625 0.009375 0.01875
0 0.9739583333333334 0.7177083333333333 0.009375 0.01875
0 0.8708333333333333 0.7166666666666667 0.015625 0.022916666666666665
0 0.32708333333333334 0.7 0.015625 0.022916666666666665
0 0.38958333333333334 0.007291666666666667 0.014583333333333334 0.014583333333333334
0 0.42291666666666666 0.008333333333333333 0.009375 0.015625
0 0.3489583333333333 0.7052083333333333 0.014583333333333334 0.01875
0 0.26666666666666666 0.7052083333333333 0.015625 0.022916666666666665
0 0.096875 0.6989583333333333 0.014583333333333334 0.01875
0 0.2864583333333333 0.70625 0.009375 0.01875
0 0.30833333333333335 0.709375 0.010416666666666666 0.022916666666666665
0 0.8458333333333333 0.7302083333333333 0.014583333333333334 0.01875
0 0.23541666666666666 0.7125 0.010416666666666666 0.022916666666666665
0 0.19583333333333333 0.7166666666666667 0.010416666666666666 0.022916666666666665
0 0.703125 0.7333333333333333 0.014583333333333334 0.01875
0 0.9270833333333334 0.74375 0.014583333333333334 0.01875
0 0.16770833333333332 0.7166666666666667 0.009375 0.01875
0 0.027083333333333334 0.7145833333333333 0.015625 0.022916666666666665
0 0.7802083333333333 0.7416666666666667 0.015625 0.022916666666666665
0 0.8354166666666667 0.7458333333333333 0.015625 0.022916666666666665
0 0.5041666666666667 0.7333333333333333 0.020833333333333332 0.03333333333333333
0 0.004166666666666667 0.715625 0.008333333333333333 0.022916666666666665
0 0.9520833333333333 0.7489583333333333 0.015625 0.022916666666666665
0 0.07604166666666666 0.7208333333333333 0.015625 0.022916666666666665
0 0.440625 0.071875 0.009375 0.014583333333333334
0 0.04895833333333333 0.7270833333333333 0.010416666666666666 0.022916666666666665
0 0.9385416666666667 0.7583333333333333 0.015625 0.022916666666666665
0 0.146875 0.7302083333333333 0.015625 0.028125
0 0.4427083333333333 0.7479166666666667 0.015625 0.022916666666666665
0 0.8645833333333334 0.7625 0.014583333333333334 0.01875
0 0.030208333333333334 0.7333333333333333 0.009375 0.01875
0 0.4635416666666667 0.7520833333333333 0.020833333333333332 0.022916666666666665
0 0.8333333333333334 0.7666666666666667 0.015625 0.022916666666666665
0 0.41458333333333336 0.7541666666666667 0.015625 0.022916666666666665
0 0.3614583333333333 0.7541666666666667 0.015625 0.022916666666666665
0 0.38958333333333334 0.7583333333333333 0.014583333333333334 0.01875
0 0.46979166666666666 0.7604166666666666 0.009375 0.01875
0 0.8895833333333333 0.7760416666666666 0.020833333333333332 0.022916666666666665
0 0.0875 0.7541666666666667 0.010416666666666666 0.022916666666666665
0 0.3145833333333333 0.7625 0.009375 0.01875
0 0.33541666666666664 0.765625 0.009375 0.01875
0 0.41458333333333336 0.7677083333333333 0.020833333333333332 0.028125
0 0.26875 0.7635416666666667 0.015625 0.028125
0 0.959375 0.7895833333333333 0.015625 0.022916666666666665
0 0.5395833333333333 0.775 0.015625 0.022916666666666665
0 0.2864583333333333 0.7666666666666667 0.009375 0.01875
0 0.23541666666666666 0.7708333333333334 0.014583333333333334 0.01875
0 0.1875 0.7708333333333334 0.010416666666666666 0.022916666666666665
0 0.11875 0.065625 0.009375 0.01875
0 0.521875 0.7947916666666667 0.015625 0.022916666666666665
0 0.9708333333333333 0.8104166666666667 0.010416666666666666 0.022916666666666665
0 0.209375 0.7854166666666667 0.015625 0.022916666666666665
0 0.44375 0.7947916666666667 0.015625 0.022916666666666665
0 0.11458333333333333 0.06458333333333334 0.009375 0.014583333333333334
0 0.140625 0.7854166666666667 0.015625 0.022916666666666665
0 0.17083333333333334 0.7916666666666666 0.014583333333333334 0.01875
0 0.08020833333333334 0.790625 0.015625 0.028125
0 0.1125 0.7916666666666666 0.010416666666666666 0.022916666666666665
0 0.55625 0.008333333333333333 0.009375 0.014583333333333334
0 0.7145833333333333 0.016666666666666666 0.014583333333333334 0.01875
0 0.47291666666666665 0.07916666666666666 0.009375 0.014583333333333334
0 0.9458333333333333 0.8260416666666667 0.015625 0.028125
0 0.021875 0.79375 0.014583333333333334 0.01875
0 0.42916666666666664 0.8104166666666667 0.014583333333333334 0.01875
0 0.3854166666666667 0.8083333333333333 0.014583333333333334 0.01875
0 0.6697916666666667 0.08958333333333333 0.009375 0.014583333333333334
0 0.10520833333333333 0.06979166666666667 0.009375 0.014583333333333334
0 0.9375 0.8375 0.015625 0.022916666666666665
0 0.8010416666666667 0.8375 0.010416666666666666 0.022916666666666665
0 0.6416666666666667 0.08854166666666667 0.009375 0.014583333333333334
0 0.9166666666666666 0.84375 0.014583333333333334 0.01875
0 0.98125 0.8510416666666667 0.014583333333333334 0.01875
0 0.346875 0.828125 0.015625 0.028125
0 0.096875 0.8197916666666667 0.015625 0.022916666666666665
0 0.5458333333333333 0.08541666666666667 0.014583333333333334 0.01875
0 0.06041666666666667 0.8322916666666667 0.015625 0.03333333333333333
0 0.24375 0.07708333333333334 0.009375 0.014583333333333334
0 0.4875 0.8489583333333334 0.015625 0.022916666666666665
0 0.8552083333333333 0.8614583333333333 0.020833333333333332 0.022916666666666665
0 0.9083333333333333 0.86875 0.020833333333333332 0.03333333333333333
0 0.3229166666666667 0.85 0.014583333333333334 0.01875
0 0.1125 0.8458333333333333 0.015625 0.028125
0 0.8364583333333333 0.8729166666666667 0.010416666666666666 0.022916666666666665
0 0.8854166666666666 0.875 0.009375 0.01875
0 0.228125 0.85625 0.015625 0.022916666666666665
0 0.85 0.8802083333333334 0.015625 0.022916666666666665
0 0.3854166666666667 0.8645833333333334 0.020833333333333332 0.022916666666666665
0 0.5604166666666667 0.08958333333333333 0.014583333333333334 0.01875
0 0.465625 0.8791666666666667 0.014583333333333334 0.01875
0 0.4427083333333333 0.8802083333333334 0.020833333333333332 0.022916666666666665
0 0.022916666666666665 0.8708333333333333 0.015625 0.028125
0 0.2 0.07708333333333334 0.009375 0.01875
0 0.4010416666666667 0.084375 0.014583333333333334 0.01875
0 0.9708333333333333 0.10729166666666666 0.014583333333333334 0.01875
0 0.5583333333333333 0.8958333333333334 0.015625 0.028125
0 0.2 0.8833333333333333 0.014583333333333334 0.01875
0 0.9552083333333333 0.9125 0.009375 0.01875
0 0.38229166666666664 0.08541666666666667 0.009375 0.01875
0 0.42083333333333334 0.8979166666666667 0.025 0.029166666666666667
0 0.35833333333333334 0.8979166666666667 0.015625 0.022916666666666665
0 0.3958333333333333 0.9041666666666667 0.020833333333333332 0.028125
0 0.15833333333333333 0.0020833333333333333 0.009375 0.003125
0 0.7958333333333333 0.019791666666666666 0.009375 0.014583333333333334
0 0.45208333333333334 0.08958333333333333 0.014583333333333334 0.01875
0 0.9604166666666667 0.10625 0.009375 0.01875
0 0.30104166666666665 0.9020833333333333 0.015625 0.028125
0 0.3302083333333333 0.9083333333333333 0.015625 0.022916666666666665
0 0.9395833333333333 0.9322916666666666 0.015625 0.022916666666666665
0 0.5270833333333333 0.9177083333333333 0.014583333333333334 0.01875
0 0.8364583333333333 0.928125 0.025 0.029166666666666667
0 0.3458333333333333 0.0875 0.010416666666666666 0.022916666666666665
0 0.8791666666666667 0.9395833333333333 0.010416666666666666 0.022916666666666665
0 0.6666666666666666 0.09791666666666667 0.009375 0.014583333333333334
0 0.7041666666666667 0.1 0.009375 0.01875
0 0.16770833333333332 0.91875 0.015625 0.022916666666666665
0 0.6166666666666667 0.9354166666666667 0.020833333333333332 0.022916666666666665
0 0.146875 0.9208333333333333 0.015625 0.022916666666666665
0 0.08645833333333333 0.91875 0.015625 0.022916666666666665
0 0.052083333333333336 0.9197916666666667 0.015625 0.022916666666666665
0 0.11979166666666667 0.9239583333333333 0.015625 0.022916666666666665
0 0.5333333333333333 0.9458333333333333 0.010416666666666666 0.022916666666666665
0 0.4979166666666667 0.9447916666666667 0.020833333333333332 0.022916666666666665
0 0.51875 0.9479166666666666 0.015625 0.03333333333333333
0 0.06458333333333334 0.07916666666666666 0.010416666666666666 0.022916666666666665
0 0.06770833333333333 0.94375 0.015625 0.022916666666666665
0 0.4354166666666667 0.971875 0.015625 0.028125
0 0.30833333333333335 0.9729166666666667 0.015625 0.022916666666666665
0 0.375 0.975 0.014583333333333334 0.01875
0 0.16666666666666666 0.08541666666666667 0.009375 0.01875
0 0.28020833333333334 0.08958333333333333 0.009375 0.01875
0 0.428125 0.09375 0.009375 0.014583333333333334
0 0.34375 0.9833333333333333 0.009375 0.01875
0 0.5479166666666667 0.10104166666666667 0.009375 0.01875
0 0.15416666666666667 0.9770833333333333 0.014583333333333334 0.01875
0 0.12395833333333334 0.978125 0.014583333333333334 0.01875