0 0.01875 0.2864583333333333 0.0375 0.14583333333333334
0 0.8666666666666667 0.24479166666666666 0.115625 0.19583333333333333
0 0.6916666666666667 0.25416666666666665 0.10208333333333333 0.15833333333333333
0 0.5791666666666667 0.37916666666666665 0.096875 0.17916666666666667
0 0.778125 0.03333333333333333 0.084375 0.065625
0 0.6635416666666667 0.39166666666666666 0.10416666666666667 0.16666666666666666
0 0.5072916666666667 0.415625 0.09791666666666667 0.18958333333333333
0 0.07708333333333334 0.5947916666666667 0.153125 0.2708333333333333
0 0.6635416666666667 0.6833333333333333 0.17083333333333334 0.27708333333333335
0 0.21458333333333332 0.10208333333333333 0.109375 0.14375
0 0.446875 0.09270833333333334 0.10416666666666667 0.15833333333333333
0 0.034375 0.1875 0.06875 0.11875
0 0.23645833333333333 0.21041666666666667 0.09791666666666667 0.18958333333333333