0 0.528620752299135 0.0350630002731837 0.01139931252822374 0.019235164047372393
0 0.4665796306349427 0.1230195980126356 0.01139931252822374 0.019235164047372362
0 0.3303942544853752 0.11145561565872406 0.01139931252822374 0.019235164047372393
0 0.5472837162674111 0.13722054424880686 0.011399312528223505 0.019235164047372362
0 0.5992032752904848 0.1427713644856688 0.011399312528223505 0.01923516404737242
0 0.4007908563246832 0.12308806451418959 0.011180946781211058 0.015068497380705726
0 0.1384870752299135 0.007494348496719356 0.010525849540173009 0.002568497380705716
0 0.4496178599427278 0.0282507535131536 0.011180946781211058 0.015068497380705719
0 0.5057040856324683 0.033995639368964464 0.011180946781211058 0.01506849738070571
0 0.4257141180461476 0.02609320953753045 0.011071763907704717 0.012985164047372377
0 0.11010683551957356 0.09075347118776288 0.011617678275236364 0.02340183071403906
0 0.6091832104631262 0.1515898618663745 0.011617678275236425 0.023401830714039028
0 0.8145051560383223 0.178904443337681 0.01556597919489017 0.01942922966632133
0 0.575576919946027 0.15524567024811617 0.004930946781211058 0.014777398952282302
0 0.6700410379921746 0.16591066307920485 0.015565979194890408 0.01942922966632133
0 0.3721745333939047 0.13115312158628417 0.01139931252822374 0.019235164047372393
0 0.8037063493143836 0.1857109459569753 0.01118094678121082 0.015068497380705755
0 0.4413656942562865 0.14586205403701247 0.01139931252822374 0.01923516404737242
0 0.32779745137948096 0.021532667492230054 0.011071763907704717 0.012985164047372377
0 0.4879131456357675 0.15429529225018818 0.015347613447877724 0.015262562999654665
0 0.9890182624759003 0.21627038240494093 0.004930946781211058 0.014777398952282302
0 0.47629103799217465 0.15688661179807856 0.011180946781211058 0.015068497380705696
0 0.6328730159810502 0.17775425558006822 0.011399312528223505 0.019235164047372362
0 0.0568770820144237 0.11020265095090095 0.01556597919489035 0.01942922966632133
0 0.4668068551186683 0.15853329748877673 0.01139931252822374 0.019235164047372362
0 0.4969060055784953 0.16202360655948997 0.01139931252822374 0.01923516404737242
0 0.45523933891182866 0.16008295037000045 0.015565979194890408 0.01942922966632133
0 0.3830057847128143 0.024104036943303684 0.004821763907704716 0.012694065618948954
0 0.36088440373918734 0.14733462420557847 0.011180946781211058 0.015068497380705755
0 0.7135771016135185 0.19195520181623946 0.01556597919489017 0.01942922966632133
0 0.7881949615562464 0.20274004962398726 0.01139931252822374 0.019235164047372362
0 0.2472881456357675 0.14308800275588615 0.011399312528223682 0.01923516404737242
0 0.6437854349468518 0.18870460269884448 0.01556597919489017 0.01942922966632133
0 0.0999173933366325 0.12578200661653163 0.011399312528223682 0.019235164047372393
0 0.29092896276226116 0.14720902508818348 0.01139931252822374 0.01923516404737242
0 0.5317221664408771 0.17513149765388944 0.01139931252822374 0.01923516404737242
0 0.33418763983148264 0.15862171408714745 0.01139931252822374 0.01923516404737242
0 0.561439176843432 0.18591347339126935 0.011180946781211058 0.015068497380705755
0 0.20754103799217466 0.14436937937587108 0.01139931252822374 0.019235164047372362
0 0.6049162196596661 0.19315949572356667 0.011617678275236425 0.023401830714039087
0 0.4399463169007042 0.17294538737034582 0.01139931252822374 0.01923516404737242
0 0.5766274453494067 0.19497455279566125 0.01139931252822374 0.019235164047372362
0 0.45871990275896196 0.03389573448912208 0.011180946781211058 0.015068497380705726
0 0.47741531132220877 0.03581069644105903 0.01139931252822374 0.019235164047372393
0 0.15633559701524852 0.14511707554374642 0.011617678275236364 0.023401830714039087
0 0.4293112844870249 0.17662688998964005 0.011617678275236425 0.023401830714039087
0 0.797628982361356 0.22197521367135967 0.017867678275236186 0.02369292914246248
0 0.5858932624759003 0.19749453377162973 0.015565979194890408 0.01942922966632133
0 0.7197223481083687 0.21416981664940013 0.018195226895755447 0.029942929142462483
0 0.2878083921306177 0.16690365894537565 0.01139931252822374 0.01923516404737242
0 0.40392914442975264 0.182754162942613 0.01139931252822374 0.01923516404737242
0 0.24614172546395097 0.16496300275588613 0.011399312528223682 0.01923516404737242
0 0.5469886122418629 0.04322796222512067 0.01118094678121082 0.01506849738070571
0 0.7462597670741703 0.22584790983923497 0.011399312528223505 0.01923516404737242
0 0.5646231976485416 0.20485753901021828 0.015565979194890408 0.01942922966632133
0 0.07892471506139616 0.14777686159319078 0.011399312528223682 0.019235164047372362
0 0.5519594233382821 0.20740034215337141 0.015565979194890408 0.01942922966632133
0 0.38386452057932013 0.1870406845859388 0.011180946781211058 0.015068497380705755
0 0.5383631652348623 0.20781129555845398 0.01139931252822374 0.01923516404737242
0 0.3722424129357273 0.18963200413382922 0.017867678275236425 0.02369292914246248
0 0.290297451379481 0.019786076921689478 0.011071763907704717 0.012985164047372377
0 0.21955414442975263 0.17416675930412184 0.011399312528223682 0.019235164047372362
0 0.28912744534940665 0.18158402508818347 0.01139931252822374 0.01923516404737242
0 0.2569449615562463 0.17799668320799575 0.011180946781211058 0.015068497380705755
0 0.3469694557519614 0.19367594375346883 0.011180946781211058 0.015068497380705696
0 0.2949407138553813 0.19020845684994026 0.01139931252822374 0.01923516404737242
0 0.2507687094829008 0.016900786875007755 0.010962581034198374 0.010901830714039044
0 0.35716775667161543 0.19832777446750788 0.01139931252822374 0.01923516404737242
0 0.523179326097244 0.21859039922546597 0.011180946781211058 0.015068497380705755
0 0.8094783144886744 0.2548975935996104 0.017867678275236425 0.02369292914246254
0 0.2749852728784551 0.19241164515993273 0.01139931252822374 0.019235164047372362
0 0.31330857379810906 0.1983734188018772 0.01139931252822374 0.019235164047372362
0 0.5104609603502315 0.2221748690352858 0.015347613447877724 0.015262562999654665
0 0.6692900459826998 0.24001454562674993 0.015565979194890408 0.01942922966632133
0 0.17723238052204796 0.1847261031146323 0.015565979194890408 0.01942922966632139
0 0.6027325621895394 0.23482616239023332 0.015565979194890408 0.01942922966632133
0 0.5913288202929593 0.23325081527145705 0.004930946781211058 0.014777398952282302
0 0.3360068747177631 0.2036074463727631 0.01139931252822374 0.01923516404737242
0 0.9898695786221686 0.10040280038125474 0.01063503241367935 0.004651830714039059
0 0.6328464397709114 0.05871315715164476 0.015347613447877724 0.015262562999654665
0 0.6532283144886744 0.24762013288902468 0.015565979194890408 0.01942922966632133
0 0.23260891753399726 0.20401265563710988 0.011399312528223682 0.01923516404737242
0 0.4703317126493664 0.23074791232193742 0.01139931252822374 0.019235164047372362
0 0.15875976707417028 0.19848465756743258 0.0051493125282236814 0.018944065618948968
0 0.4836550135690204 0.2355452922501882 0.011180946781211058 0.015068497380705755
0 0.6445674325348221 0.2534820016511268 0.01139931252822374 0.019235164047372362
0 0.4909466802356871 0.23588490708334883 0.011180946781211058 0.015068497380705755
0 0.36106589552287277 0.22357035649119406 0.01139931252822374 0.019235164047372362
0 0.37981589552287276 0.22444365177646433 0.01139931252822374 0.01923516404737242
0 0.4605745725920942 0.23760293134596894 0.017867678275236425 0.02369292914246248
0 0.6315761096040435 0.2622748047942799 0.011399312528223505 0.01923516404737242
0 0.7923793456963389 0.28229484752855183 0.01139931252822374 0.01923516404737242
0 0.17696385270663859 0.20977461951936954 0.011399312528223682 0.01923516404737242
0 0.38749413161516805 0.23733178301436228 0.01139931252822374 0.01923516404737242
0 0.5389769591442165 0.25587351143933235 0.01118094678121082 0.015068497380705755
0 0.7050977114433514 0.2740528028639571 0.011399312528223505 0.01923516404737242
0 0.42779158299464903 0.24547392279911454 0.015565979194890408 0.01942922966632139
0 0.30640790592542755 0.23042250344485768 0.01139931252822374 0.01923516404737242
0 0.33634328207499503 0.2370378125155709 0.011180946781211058 0.015068497380705696
0 0.8257229767828606 0.08440387509943775 0.01139931252822374 0.019235164047372362
0 0.6145273028801047 0.26879020898515077 0.017867678275236186 0.02369292914246254
0 0.6861293456963389 0.27734617424535357 0.01139931252822374 0.01923516404737242
0 0.5552614857536111 0.26394144058179486 0.011399312528223505 0.01923516404737242
0 0.6766997542595857 0.27795119326938506 0.015565979194890408 0.01942922966632139
0 0.5303706686271173 0.2606937135347678 0.015565979194890408 0.01942922966632133
0 0.5135948190869445 0.2620007843923053 0.017867678275236425 0.02369292914246248
0 0.811352140811708 0.2988416592185594 0.011617678275236425 0.023401830714039087
0 0.4159511096040435 0.2522319090136716 0.005149312528223741 0.018944065618948968
0 0.1686895401784149 0.2281850046862089 0.015347613447877724 0.015262562999654665
0 0.016933755465600577 0.21485160959457208 0.011617678275236357 0.023401830714039087
0 0.5896955065587207 0.284340998342861 0.015565979194890408 0.01942922966632139
0 0.4038922704664254 0.2631565618948953 0.01139931252822374 0.019235164047372362
0 0.3015374189658016 0.024486424040465762 0.011180946781211058 0.01506849738070571
0 0.1795473677074634 0.24017701847165185 0.011399312528223682 0.01923516404737242
0 0.21370400196045072 0.24594472649464738 0.011399312528223682 0.01923516404737242
0 0.4597055389724 0.2741097810840395 0.015565979194890408 0.01942922966632139
0 0.7316395597775096 0.3055710791251959 0.017867678275236186 0.02369292914246254
0 0.5800475493749548 0.2891126840335591 0.01139931252822374 0.01923516404737242
0 0.1949540019604507 0.24507143120937708 0.01556597919489035 0.01942922966632133
0 0.653569151214263 0.3008906821032364 0.017867678275236186 0.02369292914246254
0 0.15635774385703088 0.24431799090076595 0.01556597919489035 0.01942922966632133
0 0.5423291836279421 0.2915327601296852 0.017867678275236425 0.02369292914246254
0 0.7040649035133979 0.3136846526020277 0.017867678275236186 0.02369292914246254
0 0.48607918362794217 0.28891287427387435 0.015565979194890408 0.01942922966632139
0 0.7113019787433112 0.31506593410185507 0.011399312528223505 0.01923516404737242
0 0.6333407530535708 0.3083022037465622 0.004930946781210821 0.014777398952282302
0 0.6415103120766446 0.31181533498446007 0.011399312528223505 0.01923516404737242
0 0.2668334313288072 0.2682592462076504 0.015565979194890289 0.01942922966632139
0 0.7711181396056932 0.3293382189099482 0.01139931252822374 0.01923516404737242
0 0.4109700007544358 0.2875030264661265 0.011180946781211058 0.015068497380705755
0 0.6092186454099779 0.3103113264376057 0.011399312528223505 0.01923516404737242
0 0.6203494301227923 0.31709500688971537 0.01139931252822374 0.01923516404737242
0 0.4043924521339168 0.29346192803770316 0.017867678275236425 0.02369292914246254
0 0.24967544173136202 0.2768579837318546 0.011617678275236364 0.023401830714039087
0 0.48821854741450416 0.04884437689316865 0.01139931252822374 0.019235164047372393
0 0.6905822576518408 0.3318524557451809 0.01139931252822374 0.01923516404737242
0 0.3803249359270771 0.29442938406207997 0.01139931252822374 0.01923516404737242
0 0.6553293652954336 0.3270778979841148 0.015565979194890408 0.01942922966632139
0 0.5066439891458662 0.31493171877335635 0.017867678275236425 0.023692929142462422
0 0.6830722252381615 0.33567950757868686 0.01139931252822374 0.01923516404737242
0 0.49628191391595267 0.3134048880593173 0.011180946781211058 0.015068497380705755
0 0.7069213756979884 0.33887871822097665 0.01139931252822374 0.01923516404737242
0 0.09035204281623416 0.009429260545473061 0.010962581034198345 0.010901830714039051
0 0.21513367706922149 0.019417895780608322 0.011399312528223682 0.019235164047372376
0 0.40472443012279236 0.3070521111091071 0.004930946781211058 0.014777398952282302
0 0.5313164405253471 0.32234611248705014 0.011617678275236425 0.023401830714039087
0 0.5841684833415813 0.3300287824619826 0.01139931252822374 0.01923516404737242
0 0.37128191391595267 0.30758291949084876 0.011617678275236425 0.023401830714039087
0 0.5746297090313218 0.3327171348193474 0.011180946781211058 0.015068497380705755
0 0.665859644203963 0.3453199117695577 0.011399312528223505 0.01923516404737242
0 0.7395996117902838 0.3529312431725683 0.011399312528223505 0.01923516404737242
0 0.22374738730655816 0.29340192335149423 0.011180946781211058 0.015068497380705755
0 0.28800317201937253 0.30265994044520295 0.017867678275236425 0.02369292914246254
0 0.03887663500742318 0.2743493366415991 0.011399312528223682 0.01923516404737242
0 0.011793301674089842 0.2730879101184309 0.01161767827523636 0.023401830714039087
0 0.2772589567321868 0.30842477639783067 0.01139931252822374 0.01923516404737242
0 0.6279229127099377 0.35190665453235054 0.01118094678121082 0.015068497380705755
0 0.7306657726526656 0.3640014452680037 0.011617678275236187 0.023401830714039087
0 0.17867534373588817 0.017719821614804985 0.011399312528223682 0.019235164047372386
0 0.5542375365603703 0.34325365646267325 0.017867678275236186 0.02369292914246254
0 0.6642174717330117 0.3567297286981538 0.017867678275236186 0.02369292914246254
0 0.31136099954842095 0.31523415108749286 0.01139931252822374 0.01923516404737242
0 0.4567030099509758 0.3314014477507062 0.01139931252822374 0.01923516404737242
0 0.5239200203535306 0.34393001405862667 0.017867678275236425 0.02369292914246254
0 0.535050805066345 0.35071369451073625 0.0051493125282235045 0.018944065618948968
0 0.07215980627235981 0.2967837113312613 0.011180946781211 0.015068497380705755
0 0.9532593200671698 0.40047413895317663 0.017867678275236186 0.02369292914246254
0 0.4425062460432711 0.34327073448912204 0.015565979194890408 0.01942922966632139
0 0.20270011759456866 0.31643844499482005 0.011399312528223682 0.01923516404737242
0 0.805670202021022 0.3873348094804888 0.01139931252822374 0.01923516404737242
0 0.6831902668483808 0.3732765403881614 0.015565979194890408 0.01942922966632139
0 0.6987060839748744 0.37608761979255323 0.017867678275236425 0.02369292914246254
0 0.17660385949114882 0.31626720154305576 0.011399312528223682 0.01923516404737242
0 0.4994157726526656 0.3532308034163369 0.022361893562422117 0.03013699476141151
0 0.1557159347210623 0.3163385401149777 0.01556597919489035 0.01942922966632139
0 0.5914690087449609 0.37004876343795107 0.015565979194890408 0.01942922966632139
0 0.7887305781705896 0.39176688033802626 0.015347613447877724 0.015262562999654724
0 0.5458540411586402 0.36374737496284587 0.005149312528223741 0.018944065618948968
0 0.0496297090313218 0.30826486683177934 0.017867678275236366 0.02369292914246254
0 0.13998175184755596 0.3176941273772524 0.011399312528223682 0.01923516404737242
0 0.07342426805439564 0.3125057441407358 0.011617678275236364 0.023401830714039087
0 0.5850552344347014 0.37288266500952766 0.015565979194890408 0.01942922966632139
0 0.08894008518088929 0.31531682354512774 0.01556597919489035 0.01942922966632139
0 0.11180216041080279 0.3174258511160136 0.011399312528223682 0.01923516404737242
0 0.4811069335150474 0.3638643578691371 0.011180946781211058 0.015068497380705755
0 0.5640035353543554 0.3760790035814496 0.01139931252822374 0.01923516404737242
0 0.0938754613304568 0.32076773890214727 0.011180946781211029 0.015068497380705755
0 0.6792463952970832 0.38875599117394966 0.011399312528223505 0.01923516404737242
0 0.7445438466765641 0.39806252467239567 0.011617678275236187 0.023401830714039087
0 0.4736514925381213 0.36664974303597647 0.01139931252822374 0.01923516404737242
0 0.7653225885731445 0.40007451943380706 0.017867678275236186 0.02369292914246254
0 0.3241428154688998 0.35028838075381413 0.01139931252822374 0.01923516404737242
0 0.4538052344347014 0.3667695980126356 0.015565979194890408 0.01942922966632139
0 0.8138441904124524 0.41068812378979064 0.01556597919489017 0.01942922966632139
0 0.2791873744919736 0.35132717535011293 0.011180946781211058 0.015068497380705755
0 0.27511361224186276 0.030565180588701477 0.01139931252822374 0.019235164047372386
0 0.16200867706922148 0.01694355913900917 0.0051493125282236814 0.018944065618948954
0 0.8705353512748342 0.4248148593836721 0.01139931252822374 0.01923516404737242
0 0.7802378998953532 0.41434393217153237 0.017867678275236425 0.02369292914246254
0 0.8362695341483406 0.4211304846940099 0.015565979194890408 0.01942922966632139
0 0.31427649253812123 0.35922673311117903 0.011180946781211058 0.015068497380705755
0 0.29766441730820775 0.35740880396871655 0.01139931252822374 0.01923516404737242
0 0.7199304161021928 0.4094466473634392 0.011617678275236187 0.023401830714039087
0 0.5143355133432309 0.387340399225466 0.01139931252822374 0.01923516404737242
0 0.25385982587145456 0.35641278163641915 0.01556597919489035 0.01942922966632139
0 0.015095364089418773 0.3296290085468544 0.011399312528223689 0.01923516404737242
0 0.9942590404042043 0.11627038240494093 0.004930946781210821 0.014777398952282302
0 0.5344384501734661 0.06352761510634437 0.01139931252822374 0.019235164047372393
0 0.26701935248084907 0.36433516156466994 0.015565979194890408 0.01942922966632139
0 0.786929060757735 0.4261418803380263 0.017867678275236425 0.023692929142462422
0 0.6208083084586 0.4079625889134016 0.011617678275236425 0.023401830714039087
0 0.47349214759621827 0.3896149261073803 0.01139931252822374 0.01923516404737242
0 0.18171186868768877 0.35827348304288315 0.011399312528223682 0.01923516404737242
0 0.20243601914751574 0.3613271444709612 0.01556597919489035 0.01942922966632139
0 0.9122610387466106 0.44555403197789883 0.018413592642768133 0.03410959580912909
0 0.15983686868768876 0.35725463854340106 0.01556597919489035 0.01942922966632139
0 0.45247433212731847 0.05344481913210255 0.015565979194890408 0.01942922966632133
0 0.5696028674816739 0.4087102850812768 0.015565979194890408 0.01942922966632139
0 0.21987139529708324 0.3673602566848276 0.011399312528223682 0.01923516404737242
0 0.7355598454705493 0.43001457650590164 0.011617678275236425 0.023401830714039087
0 0.24048636288340391 0.372497251446239 0.01556597919489035 0.01942922966632139
0 0.7032681788038827 0.42851056795904724 0.01139931252822374 0.01923516404737242
0 0.6056244693209819 0.4187416925804135 0.018195226895755447 0.029942929142462542
0 0.03472768581418242 0.35351600330826577 0.011399312528223682 0.01923516404737242
0 0.49745491029790806 0.4105709864877408 0.017867678275236425 0.02369292914246254
0 0.46892263304697246 0.058387748274565034 0.01139931252822374 0.019235164047372393
0 0.25828317126493666 0.03291391811290566 0.011399312528223682 0.019235164047372386
0 0.04920183627400941 0.3562785663079205 0.011399312528223682 0.01923516404737242
0 0.3314433408722794 0.3903083617297826 0.004930946781211058 0.014777398952282302
0 0.6572164797235367 0.43054251281727546 0.022361893562422117 0.030136994761411393
0 0.3395583084586001 0.39486315963434726 0.017867678275236425 0.02369292914246254
0 0.4878069531141422 0.41534267217843895 0.015565979194890408 0.01942922966632139
0 0.40688450173466123 0.40530839260893436 0.022034344941902973 0.02388699476141139
0 0.5872610387466106 0.4304169136998805 0.01556597919489017 0.01942922966632139
0 0.33095201794150086 0.39968336172978264 0.015565979194890408 0.01942922966632139
0 0.7687884252987328 0.4534906178622305 0.017867678275236186 0.02369292914246254
0 0.5611101892064376 0.4312873369147829 0.018195226895755447 0.029942929142462542
0 0.5361101892064375 0.43012294320108907 0.01139931252822374 0.01923516404737242
0 0.2766215769645747 0.4002855086834462 0.004930946781211058 0.014777398952282302
0 0.8515758442645345 0.4677885969078762 0.011617678275236425 0.023401830714039087
0 0.8422554357012877 0.4663102825985745 0.01139931252822374 0.01923516404737242
0 0.2629707274244017 0.4017381287551955 0.01139931252822374 0.01923516404737242
0 0.31171069501072235 0.40818506644451236 0.011180946781211058 0.015068497380705755
0 0.7527812852414607 0.4600545384578386 0.01139931252822374 0.01923516404737242
0 0.5451030491491653 0.43785125751039095 0.011617678275236187 0.023401830714039087
0 0.24712736167738905 0.4051770493508036 0.01556597919489035 0.01942922966632139
0 0.5054105329423257 0.4380909674637092 0.018413592642768133 0.03410959580912921
0 0.1940569531141422 0.4016610460425377 0.0051493125282236814 0.018944065618948968
0 0.2906044044936232 0.4124230716831009 0.01139931252822374 0.01923516404737242
0 0.8258661555867434 0.4801658698608492 0.017867678275236186 0.02369292914246254
0 0.6358416613910282 0.45982903446060125 0.011617678275236425 0.023401830714039087
0 0.6244379194944479 0.458253687341825 0.011180946781211058 0.015068497380705755
0 0.17278688828678354 0.40902405128112634 0.01139931252822374 0.01923516404737242
0 0.12717192070046285 0.40272266280602115 0.01556597919489035 0.01942922966632139
0 0.8192886069662244 0.4861247714324257 0.022034344941902855 0.02388699476141151
0 0.08446358736712953 0.40073349021179444 0.01556597919489035 0.01942922966632139
0 0.199017354138443 0.02806514970954975 0.011617678275236364 0.023401830714039045
0 0.39987465098847336 0.4394408105852482 0.022361893562422117 0.03013699476141151
0 0.06450814639020336 0.40293667852178683 0.011399312528223682 0.01923516404737242
0 0.10699811397652402 0.4090925177826803 0.017867678275236366 0.02369292914246254
0 0.7627110583457053 0.4897548855766149 0.017867678275236186 0.02369292914246254
0 0.8071205849550996 0.49913275764698284 0.017867678275236186 0.02369292914246254
0 0.5777857146098171 0.4717439655333865 0.011399312528223505 0.01923516404737242
0 0.6058015317363108 0.47513724179462524 0.011399312528223505 0.01923516404737242
0 0.869347627771334 0.5072520752645505 0.017867678275236425 0.02369292914246254
0 0.7343676925986926 0.4926116093153761 0.011617678275236187 0.023401830714039087
0 0.1976275433448805 0.43315362806622393 0.01139931252822374 0.01923516404737242
0 0.713479767828606 0.49268294788729805 0.011617678275236187 0.023401830714039087
0 0.2993833280576948 0.4441582357304733 0.017867678275236425 0.02369292914246254
0 0.1386552789085295 0.024209531568123263 0.011399312528223682 0.019235164047372386
0 0.21517210236795434 0.4371034069467569 0.01556597919489035 0.01942922966632139
0 0.6976909935183466 0.4950802018162394 0.017867678275236425 0.02369292914246254
0 0.9174324981166165 0.5261990129538673 0.022034344941902855 0.02388699476141151
0 0.2770715965636695 0.45147272456432463 0.01139931252822374 0.01923516404737242
0 0.7835488210473951 0.5105653967427636 0.022361893562422117 0.030136994761411393
0 0.7719813048405554 0.5121150496239874 0.011617678275236425 0.023401830714039087
0 0.17796565505809697 0.03126148828147165 0.011399312528223682 0.019235164047372386
0 0.40631345017346615 0.057560097323664065 0.01139931252822374 0.019235164047372376
0 0.6846996705875681 0.5038730049593926 0.01139931252822374 0.01923516404737242
0 0.8682557990362706 0.5280854085978838 0.011399312528223505 0.01923516404737242
0 0.9356365837490849 0.5374889749058042 0.022034344941902855 0.02388699476141151
0 0.8536178742661842 0.5284478455982291 0.011399312528223505 0.01923516404737242
0 0.13748826323033614 0.4449715263295347 0.01556597919489035 0.01942922966632139
0 0.6658404877140618 0.5050830430074557 0.011617678275236425 0.023401830714039087
0 0.6116738210473951 0.5025601899611193 0.017867678275236425 0.02369292914246254
0 0.6417729715072221 0.5060504990318325 0.017867678275236425 0.02369292914246254
0 0.4208421920700463 0.05928099365665207 0.01139931252822374 0.019235164047372393
0 0.5586034124841482 0.4990441866528535 0.015565979194890408 0.01942922966632139
0 0.3311335097251863 0.4759190940153983 0.017867678275236425 0.02369292914246254
0 0.05508741369016314 0.4432220636886262 0.011617678275236364 0.023401830714039087
0 0.6247241647832832 0.5125659032227033 0.01139931252822374 0.01923516404737242
0 0.7414069975879704 0.0992725627204587 0.011399312528223505 0.019235164047372362
0 0.17521105834570527 0.46239163330481253 0.011617678275236364 0.023401830714039087
0 0.030965306046570305 0.4452311863796697 0.017867678275236356 0.02369292914246254
0 0.6950661751858381 0.5252400187448355 0.017867678275236186 0.02369292914246254
0 0.3452801115644943 0.48493165701505286 0.01139931252822374 0.01923516404737242
0 0.07318231644912512 0.4565953589738965 0.011399312528223682 0.01923516404737242
0 0.32209048771406174 0.489072629444167 0.017867678275236425 0.02369292914246254
0 0.3052600467371356 0.4914213669683712 0.01139931252822374 0.01923516404737242
0 0.25400001432345626 0.4932107298029132 0.011399312528223682 0.01923516404737242
0 0.7968263892670089 0.5560848094804888 0.02203434494190309 0.02388699476141151
0 0.5911768950712938 0.5350202280091823 0.011617678275236425 0.023401830714039087
0 0.8693609158764033 0.5667726244787621 0.017867678275236186 0.02369292914246254
0 0.24341957334653008 0.4958505657555408 0.011399312528223682 0.01923516404737242
0 0.1904037562200364 0.4912928957806083 0.011617678275236364 0.023401830714039087
0 0.1291091971969626 0.48530542790111125 0.0051493125282236814 0.018944065618948968
0 0.20591957334653008 0.49410397518500027 0.011399312528223682 0.01923516404737242
0 0.788001733002897 0.565071678242591 0.022034344941902855 0.02388699476141151
0 0.500823300919654 0.02750305734527827 0.010853398160692033 0.00881849738070571
0 0.6074141376452424 0.08572227984268829 0.011399312528223505 0.019235164047372362
0 0.9904789431631664 0.12862483319072923 0.01139931252822374 0.019235164047372393
0 0.055267354138442984 0.021369885855810865 0.011399312528223682 0.019235164047372386
0 0.2317428742661841 0.49948355197009786 0.004930946781211058 0.014777398952282302
0 0.12242246570293726 0.4933476628060211 0.01556597919489035 0.01942922966632139
0 0.11096413236960392 0.4928139823539116 0.01556597919489035 0.01942922966632139
0 0.8167316681755383 0.5747634709085668 0.011617678275236187 0.023401830714039087
0 0.5592172063935025 0.5471064025337318 0.017867678275236425 0.02369292914246254
0 0.15235784185250476 0.4999629718767344 0.01556597919489035 0.01942922966632139
0 0.36924730363454056 0.5257279004668172 0.01139931252822374 0.01923516404737242
0 0.7313150015088716 0.5707851257201134 0.017867678275236186 0.02369292914246254
0 0.8403624528883527 0.5821293482175233 0.018195226895755447 0.029942929142462542
0 0.051534540932850745 0.49109021395055563 0.011399312528223682 0.01923516404737242
0 0.8859774204746734 0.5884307366926286 0.015565979194890408 0.01942922966632139
0 0.09517535805934442 0.49521123628285296 0.011617678275236364 0.023401830714039087
0 0.668924184382378 0.5657908081025458 0.017867678275236186 0.02369292914246254
0 0.07017535805934441 0.49404684256915926 0.017867678275236366 0.02369292914246254
0 0.7892116033481796 0.5818353777187321 0.01556597919489017 0.01942922966632139
0 0.10109780943882539 0.5017523347112764 0.011399312528223682 0.01923516404737242
0 0.6574658510490446 0.5652571276504361 0.011399312528223505 0.01923516404737242
0 0.6417316681755383 0.5666127149127109 0.011399312528223505 0.01923516404737242
0 0.057456992312331735 0.497631312378979 0.01556597919489035 0.01942922966632139
0 0.7517661947849329 0.5790471204815247 0.011399312528223505 0.019235164047372185
0 0.7745736785780932 0.5821978147190774 0.017867678275236186 0.02369292914246254
0 0.0862989883914303 0.026992044664594685 0.011180946781211 0.01506849738070571
0 0.031251551335405574 0.4995434022605481 0.01556597919489035 0.01942922966632139
0 0.5211195786221686 0.07857041824949752 0.011617678275236425 0.023401830714039028
0 0.6356498718541543 0.5830367995556913 0.015565979194890408 0.01942922966632139
0 0.28476755012939065 0.5437215880878381 0.01139931252822374 0.01923516404737242
0 0.3075204424857978 0.5479139489920575 0.01139931252822374 0.019235164047372185
0 0.34145715965636697 0.05976041356328863 0.01139931252822374 0.019235164047372393
0 0.6155852480037218 0.5873233211990171 0.015565979194890408 0.019429229666321154
0 0.2565333672558844 0.544494978493266 0.011399312528223682 0.01923516404737242
0 0.9445379782917324 0.626661354834055 0.011617678275236187 0.023401830714039087
0 0.7160810003028568 0.6024460791251959 0.017867678275236186 0.02369292914246254
0 0.9297362792113864 0.6301487918344004 0.017867678275236186 0.02369292914246254
0 0.9683309859794006 0.13281432202458052 0.004712581034198375 0.010610732285615605
0 0.2698551168401328 0.051204448303085855 0.004930946781211058 0.014777398952282273
0 0.43175461103584795 0.07023134077542835 0.01139931252822374 0.019235164047372393
0 0.595411441279783 0.5936931761756763 0.015565979194890408 0.01942922966632139
0 0.37123031283108054 0.5675886327524328 0.01139931252822374 0.01923516404737242
0 0.19452911955501936 0.5520491772804357 0.01556597919489035 0.01942922966632139
0 0.1520391519686987 0.5458933380195423 0.017867678275236366 0.02369292914246254
0 0.17692996909519235 0.5491410650665692 0.01139931252822374 0.019235164047372185
0 0.24853201191142651 0.557697030326772 0.01556597919489035 0.01942922966632139
0 0.7050638278319054 0.6134192484111568 0.017867678275236186 0.02369292914246254
0 0.717175707070871 0.10336501874483556 0.017867678275236186 0.02369292914246248
0 0.37363964344952727 0.06334775544347634 0.01139931252822374 0.019235164047372393
0 0.6446471611652387 0.610605296936397 0.01556597919489017 0.019429229666321154
0 0.7948699562806077 0.6332651756232967 0.011945226895755449 0.02965183071403909
0 0.6329704620848927 0.6142382831509541 0.017867678275236186 0.02369292914246254
0 0.9069332247865824 0.6468382806682517 0.011617678275236425 0.023401830714039087
0 0.682806687774633 0.6196920705783415 0.01556597919489017 0.019429229666321154
0 0.031919936681513016 0.5465639514747598 0.011617678275236364 0.023401830714039087
0 0.27912093396662646 0.05372442927905433 0.01139931252822374 0.019235164047372393
0 0.9827505450024744 0.13661855169090187 0.01139931252822374 0.019235164047372362
0 0.2974947746131163 0.5798174844208261 0.011180946781211058 0.015068497380705518
0 0.3430551507626838 0.587160539562598 0.015565979194890408 0.01942922966632139
0 0.07101194708406783 0.5577825748547749 0.017867678275236366 0.02369292914246254
0 0.6634561819703483 0.6302771086264046 0.015347613447877724 0.015262562999654724
0 0.8887335685224705 0.6553885017877187 0.017867678275236186 0.02369292914246254
0 0.3198109354754981 0.5923431786583787 0.017867678275236425 0.02369292914246254
0 0.2854359354754981 0.5907421373020498 0.01139931252822374 0.01923516404737242
0 0.3570925697284855 0.598256435895586 0.005149312528223741 0.018944065618948968
0 0.8808959874882721 0.6654655536212246 0.018195226895755447 0.029942929142462542
0 0.26646756972848545 0.5940355086834462 0.015565979194890408 0.019429229666321154
0 0.7386789770857175 0.6494438061722231 0.022361893562422117 0.03013699476141151
0 0.36197335444129985 0.604749017919272 0.015565979194890408 0.019429229666321154
0 0.7551272780053715 0.6543867353146855 0.01556597919489017 0.01942922966632139
0 0.8751417397874072 0.6756396382642051 0.022361893562422117 0.03013699476141151
0 0.2223354296712133 0.5992894863511489 0.01556597919489035 0.01942922966632139
0 0.19431961254471963 0.5958962100899101 0.011399312528223682 0.01923516404737242
0 0.008095091588181579 0.5788299239038739 0.016190183176363157 0.02369292914246254
0 0.9225670835232954 0.6872463928821181 0.015565979194890408 0.019429229666321154
0 0.6298543208216055 0.6537731000795503 0.017867678275236186 0.02369292914246254
0 0.8455929330634684 0.6815728455982291 0.015565979194890408 0.01942922966632139
0 0.6317044489674513 0.10042834022304867 0.011399312528223505 0.019235164047372393
0 0.9046801364392275 0.13193815466894235 0.015347613447877724 0.015262562999654665
0 0.1489820315105213 0.6042266713528757 0.017867678275236366 0.02369292914246254
0 0.7103400407070612 0.6721407129823881 0.017867678275236425 0.02369292914246254
0 0.3346214932925571 0.6285361078008411 0.011617678275236425 0.02340183071403885
0 0.8265699758797026 0.6859078836462921 0.017867678275236425 0.02369292914246254
0 0.6593529654771477 0.6687217424835967 0.015565979194890408 0.01942922966632139
0 0.06159121438402762 0.5980679600216142 0.017867678275236366 0.02369292914246254
0 0.6483165241973647 0.10224626936551115 0.011180946781211058 0.015068497380705726
0 0.030068257200261784 0.6018208012128304 0.011617678275236364 0.023401830714039087
0 0.3019476865686182 0.6343237659206534 0.011617678275236425 0.02340183071403885
0 0.17003815995922375 0.6208705158523576 0.01556597919489035 0.019429229666321154
0 0.8123186205352446 0.6988188370513747 0.017867678275236186 0.02369292914246254
0 0.945141362128968 0.13695529445369464 0.017867678275236425 0.02369292914246248
0 0.8785838783358078 0.13176691121717804 0.015565979194890408 0.01942922966632133
0 0.6804090939258504 0.6853655869830788 0.017867678275236186 0.02369292914246254
0 0.6918128358224304 0.6869409341018551 0.01139931252822374 0.01923516404737242
0 0.3606129978908271 0.6506308676573428 0.01139931252822374 0.019235164047372185
0 0.0844577189822976 0.6200171706639039 0.017867678275236366 0.02369292914246254
0 0.9116089318574535 0.7170180785728163 0.017867678275236186 0.02369292914246254
0 0.7931864804779726 0.7052372084327712 0.017867678275236186 0.02369292914246254
0 0.9248230499036012 0.7238987918344004 0.018195226895755447 0.029942929142462542
0 0.2842437826036414 0.6533391701115243 0.015565979194890408 0.01942922966632139
0 0.34235875018996204 0.6602227554434763 0.015565979194890408 0.01942922966632139
0 0.8924222003634282 0.7244781166208794 0.018195226895755447 0.029942929142462542
0 0.05178391225835875 0.6258048287837162 0.011617678275236364 0.023401830714039087
0 0.21576673978740724 0.6449287540655333 0.017867678275236366 0.02369292914246254
0 0.6740852336802656 0.10866751281727544 0.01139931252822374 0.019235164047372362
0 0.49858948138113063 0.09005157375001552 0.011617678275236425 0.02340183071403906
0 0.19153544927030808 0.6490212100899101 0.017867678275236366 0.02369292914246254
0 0.7693963508232552 0.7208365141952185 0.015565979194890408 0.019429229666321154
0 0.7216434584668481 0.7154797595773056 0.017867678275236425 0.02369292914246254
0 0.25880705110961605 0.660508109731164 0.015565979194890408 0.019429229666321154
0 0.40393069576515817 0.6808420730610439 0.017867678275236425 0.02369292914246254
0 0.1196058578335549 0.6467152448297073 0.011617678275236364 0.023401830714039087
0 0.48307366425463694 0.0872404943456236 0.011180946781211058 0.015068497380705726
0 0.16406997587970254 0.6550514502334086 0.011180946781211058 0.015068497380705755
0 0.4244364804779726 0.6880624011557886 0.017867678275236425 0.02369292914246254
0 0.13589038444294937 0.6547831739721699 0.01819522689575533 0.029942929142462542
0 0.8810228878352044 0.7427429525735069 0.018195226895755447 0.029942929142462542
0 0.44302270616771305 0.692060696441059 0.015565979194890408 0.01942922966632139
0 0.740889210765983 0.7268182379339798 0.018195226895755447 0.029942929142462542
0 0.23846947007541772 0.6700029647078232 0.015565979194890408 0.019429229666321154
0 0.9687175554050291 0.1453628384293178 0.01118094678121082 0.015068497380705696
0 0.608569416553772 0.1035276459854961 0.011180946781211058 0.015068497380705726
0 0.40204203000164956 0.07928954810945237 0.017867678275236425 0.02369292914246248
0 0.8681407477779324 0.7494524223833267 0.024663592642768132 0.034400694237552425
0 0.3801405661104409 0.6964413788234914 0.017867678275236425 0.02369292914246254
0 0.08331572817883755 0.6617323537353079 0.011617678275236364 0.023401830714039087
0 0.36144515754719403 0.6945264168715544 0.011617678275236425 0.02340183071403885
0 0.6846436401343394 0.7440385351495727 0.01556597919489017 0.01942922966632139
0 0.32559175938650203 0.7012101924438218 0.017867678275236307 0.02369292914246254
0 0.6719252743873267 0.7476230049593925 0.01556597919489017 0.019429229666321154
0 0.3470846193292298 0.7095207036099703 0.018195226895755447 0.029942929142462542
0 0.17783886703009485 0.6911958629711338 0.01556597919489035 0.01942922966632139
0 0.8461609942727825 0.7703570942885819 0.01139931252822374 0.01923516404737242
0 0.9271380370890167 0.7793497071914198 0.01139931252822374 0.019235164047372185
0 0.8253276609394491 0.7693867661938373 0.017867678275236425 0.02369292914246254
0 0.2834337697890568 0.7086445362543322 0.017867678275236425 0.02369292914246254
0 0.4070187094829008 0.024178247585593497 0.015129247700865042 0.011095896332987997
0 0.4402428599427278 0.027814105870518455 0.011180946781211058 0.01506849738070571
0 0.30498122116853776 0.7159133807538142 0.015565979194890408 0.01942922966632139
0 0.22285332881213066 0.7089555847795723 0.017867678275236366 0.02369292914246254
0 0.054758426053168684 0.6885959272121397 0.01556597919489035 0.01942922966632139
0 0.24253581260529097 0.7119607298029131 0.011399312528223682 0.01923516404737242
0 0.2642470382950315 0.7161045743023953 0.011617678275236305 0.02340183071403885
0 0.7986308970317445 0.7806738560754063 0.01556597919489017 0.019429229666321154
0 0.19127578019161168 0.7137500926374553 0.011617678275236364 0.023401830714039087
0 0.15152867254801883 0.7150314692574401 0.011617678275236364 0.023401830714039087
0 0.6559771551351642 0.772985441959738 0.01556597919489017 0.01942922966632139
0 0.8790074340436937 0.8011248023115775 0.015565979194890408 0.01942922966632139
0 0.12345826398477198 0.7126798596628681 0.011399312528223682 0.01923516404737242
0 0.7325145741009659 0.7869923225769602 0.017867678275236186 0.02369292914246254
0 0.7873953588137802 0.7958136920280339 0.017867678275236186 0.02369292914246254
0 0.4574009618591031 0.7564271419882587 0.024663592642768132 0.034400694237552425
0 0.9026382187565081 0.8084906796205339 0.017867678275236425 0.02369292914246254
0 0.03173700588135216 0.7094520827126577 0.017867678275236366 0.02369292914246254
0 0.45155070707087114 0.09099333553683979 0.011180946781211058 0.015068497380705726
0 0.005094777250935581 0.7133989895228229 0.010189554501871163 0.023401830714039087
0 0.8886052291590629 0.8172349663589498 0.017867678275236425 0.02369292914246254
0 0.10092816674373398 0.7241610151633859 0.01819522689575539 0.029942929142462542
0 0.3952875312847317 0.7660646741087618 0.017867678275236425 0.02369292914246254
0 0.8145923043889763 0.8148319682892726 0.015565979194890408 0.01942922966632139
0 0.41584790743429934 0.7722433355368398 0.02203434494190309 0.02388699476141151
0 0.7831785300787169 0.8165014761471555 0.017867678275236425 0.02369292914246254
0 0.366889574100966 0.7699630645141896 0.017867678275236425 0.02369292914246254
0 0.3138737569744723 0.7654053945392572 0.017867678275236307 0.02369292914246254
0 0.34068413312403983 0.7718751543957586 0.015565979194890408 0.01942922966632139
0 0.4206195092736073 0.7808192508938594 0.01139931252822374 0.019235164047372185
0 0.838828024274432 0.8305796953362997 0.022034344941902855 0.02388699476141151
0 0.040406746571917444 0.7432705800933636 0.011617678275236364 0.02340183071403885
0 0.26557495025053346 0.7704653065880108 0.011399312528223682 0.01923516404737242
0 0.2862445092736073 0.7745606346827556 0.01139931252822374 0.01923516404737242
0 0.3651382187565081 0.783456214776119 0.022361893562422117 0.03013699476141151
0 0.21979620835395325 0.7672889181129057 0.01819522689575533 0.029942929142462542
0 0.9067591527231346 0.8494067780489574 0.017867678275236425 0.02369292914246254
0 0.4895377129522232 0.8007365166779209 0.017867678275236425 0.02369292914246254
0 0.23728617594027393 0.7722803636601053 0.011399312528223682 0.01923516404737242
0 0.18613532640010091 0.771986393161314 0.01556597919489035 0.01942922966632139
0 0.1383278426069406 0.7676713052100678 0.011617678275236364 0.02340183071403885
0 0.13164542816234162 0.05834194954443707 0.011399312528223682 0.019235164047372393
0 0.4697504756539131 0.8196548880593173 0.017867678275236425 0.02369292914246254
0 0.9160293992179848 0.8717669420963298 0.011617678275236187 0.023401830714039087
0 0.15938397105564306 0.7843151497095497 0.017867678275236307 0.02369292914246254
0 0.3917892499641726 0.8128911577040244 0.017867678275236425 0.02369292914246254
0 0.12753335293242812 0.05710621725882145 0.011180946781211 0.015068497380705726
0 0.0907431539291494 0.7790297336635587 0.017867678275236366 0.02369292914246254
0 0.1195276805385439 0.787679859662868 0.01556597919489035 0.01942922966632139
0 0.030162712952223236 0.7793407821887989 0.018195226895755374 0.029942929142462542
0 0.061303530078716896 0.7828796076642494 0.011617678275236364 0.023401830714039087
0 0.5723707522991349 0.03710068927214771 0.011180946781211058 0.015068497380705726
0 0.7299943969546772 0.0580168494588746 0.01556597919489017 0.01942922966632133
0 0.4834056422435124 0.1008306774170275 0.011180946781211058 0.015068497380705696
0 0.8902651191034404 0.8851858817159695 0.018195226895755447 0.029942929142462542
0 0.37644163651629486 0.8267952613710364 0.015565979194890408 0.01942922966632139
0 0.3328554108265544 0.8216325723720724 0.015565979194890408 0.01942922966632139
0 0.6793525878187086 0.12770861124569888 0.011180946781211058 0.015068497380705726
0 0.11788539574866226 0.06187790294951964 0.011180946781211 0.01506849738070571
0 0.8803442047359087 0.8951659007400008 0.017867678275236425 0.02369292914246254
0 0.7451459038162547 0.8846921014574932 0.011617678275236425 0.023401830714039087
0 0.6513367706922149 0.12431533498446011 0.011180946781211058 0.015068497380705696
0 0.8591833227820563 0.9004455726452563 0.015565979194890408 0.019429229666321154
0 0.9232753331846112 0.912828589738965 0.01556597919489017 0.019429229666321154
0 0.292289431631664 0.8385389489920575 0.018195226895755447 0.029942929142462542
0 0.044259152723134534 0.8092351949265241 0.017867678275236366 0.02369292914246254
0 0.5558309859794005 0.11360182574863419 0.015565979194890408 0.01942922966632133
0 0.0076827216201168546 0.8189469376893169 0.015365443240233709 0.03410959580912921
0 0.25473029850762424 0.08078206837483508 0.011180946781211058 0.015068497380705696
0 0.43056257048292135 0.8700401472268473 0.017867678275236425 0.02369292914246254
0 0.7969061178974255 0.9132081047657591 0.022034344941902855 0.02388699476141151
0 0.8485527197367335 0.9239672583359543 0.024663592642768132 0.034400694237552425
0 0.26619760289660066 0.858207888611697 0.01556597919489035 0.01942922966632139
0 0.05742310870088551 0.8369977579261788 0.01819522689575536 0.029942929142462542
0 0.7765685368632271 0.9227029597424182 0.011617678275236187 0.023401830714039087
0 0.8253085044495478 0.9291498974317352 0.01139931252822374 0.019235164047372185
0 0.17124216191967448 0.8569178957806083 0.017867678275236366 0.02369292914246254
0 0.7896734720358685 0.9316670063373356 0.017867678275236425 0.02369292914246254
0 0.32782413990854997 0.877785539562598 0.02203434494190309 0.02388699476141151
0 0.5701959535657212 0.11844772208162219 0.015565979194890408 0.01942922966632133
0 0.40606275215041276 0.8991811196559615 0.015565979194890408 0.019429229666321154
0 0.3831460854837462 0.8981137587517422 0.02203434494190309 0.02388699476141151
0 0.21108948138113057 0.07666104604253775 0.011399312528223682 0.019235164047372362
0 0.4113668679332529 0.10060804549015807 0.015565979194890408 0.01942922966632133
0 0.9778786190263731 0.1698063358100235 0.015565979194890408 0.01942922966632133
0 0.4977338481854359 0.9232907463442424 0.01819522689575533 0.029942929142462542
0 0.14071070933417865 0.8816011031146324 0.01556597919489035 0.01942922966632139
0 0.8919840298529274 0.9719353134777261 0.011399312528223505 0.01923516404737242
0 0.3926168679332529 0.09973475020488778 0.01139931252822374 0.019235164047372362
0 0.36039762249569546 0.9137615809189268 0.026528560229088664 0.03033106038036048
0 0.29800680536920177 0.9087672633013592 0.017867678275236425 0.02369292914246254
0 0.3351246653119296 0.9178055205385665 0.022361893562422 0.03013699476141151
0 0.1759870752299135 0.009240939067259934 0.010525849540173009 0.002568497380705718
0 0.8109168483341581 0.06805112902837918 0.011180946781211058 0.015068497380705726
0 0.4620263945426474 0.11027701598894941 0.015565979194890408 0.01942922966632133
0 0.9675165437964596 0.16827950509598447 0.01139931252822374 0.019235164047372362
0 0.24060595582902877 0.9081821943741445 0.01819522689575533 0.029942929142462542
0 0.26834881577175657 0.9167838039687165 0.017867678275236425 0.02369292914246254
0 0.8743347173247037 0.9890312932153495 0.017867678275236425 0.0219374135693009
0 0.4643503527837059 0.9426200711307212 0.015565979194890408 0.01942922966632139
0 0.7715918573819759 0.977814260266277 0.026528560229088782 0.03033106038036048
0 0.3561039431631664 0.09907834270575111 0.011617678275236425 0.02340183071403906
0 0.8136450934742712 0.9903012587517421 0.011617678275236187 0.01939748249651577
0 0.6747491896580164 0.13584787896008327 0.01118094678121082 0.015068497380705696
0 0.712085415347757 0.14071946953062384 0.011399312528223505 0.019235164047372362
0 0.10557585858799075 0.9144235781630407 0.017867678275236366 0.02369292914246254
0 0.5518001907153092 0.9675772988667198 0.02203434494190309 0.02388699476141151
0 0.08468793381790425 0.9144949167349626 0.017867678275236366 0.02369292914246254
0 0.02448963289825025 0.907514298593536 0.017867678275236366 0.02369292914246254
0 0.057495417611064574 0.9153168235451278 0.017867678275236366 0.02369292914246254
0 0.4680847173247037 0.9709876531544074 0.011617678275236425 0.02340183071403885
0 0.43277723353154335 0.967254762060008 0.02203434494190309 0.02388699476141151
0 0.4534467925546172 0.9713500901547527 0.018413592642768133 0.03410959580912921
0 0.07578199758797026 0.06827058009336344 0.011617678275236364 0.02340183071403906
0 0.006188101161939452 0.9305508202368619 0.012376202323878904 0.02369292914246254
0 0.3679253723828007 0.9871618983999025 0.018195226895755447 0.02567620320019491
0 0.24106040479648 0.9792095933264267 0.017867678275236366 0.02369292914246254
0 0.30745411427938085 0.9875229765629432 0.015565979194890408 0.019429229666321154
0 0.17737400799052508 0.08240018775761279 0.011399312528223682 0.019235164047372393
0 0.2904789431631664 0.0960218092073051 0.01139931252822374 0.019235164047372362
0 0.43790428689905453 0.11228613867999293 0.011180946781211058 0.015068497380705696
0 0.27587656565886187 0.9913499511985701 0.01139931252822374 0.0173000976028599
0 0.5560537810947698 0.12927534215337141 0.011399312528223505 0.019235164047372362
0 0.0869483295665665 0.9709874987586489 0.01556597919489035 0.019429229666321154
0 0.05673999623323318 0.969580523021269 0.01556597919489035 0.019429229666321154