0 0.16355915287702974 0.18466711367366717 0.027325742908789804 0.04308604402224899
0 0.08432582357711253 0.19197649781375978 0.042030281029851374 0.06468365747012671
0 0.11765915691044587 0.19372342378986115 0.03571967863598724 0.05393944218294102
0 0.30707886378034605 0.2317840652789377 0.044089373405639044 0.06062617367696639
0 0.3414114421046412 0.24087724935845892 0.0314681686179109 0.039137743102595005
0 0.3736788678137622 0.24673625056447382 0.035743919593532895 0.058106108849607686
0 0.42783341400165603 0.25165833860897185 0.03571967863598727 0.05393944218294102
0 0.04558416901069428 0.22433161465389256 0.03157725292686623 0.05788774310259501
0 0.4683856911290191 0.2662874046423454 0.03571967863598727 0.05393944218294102
0 0.5121296308896327 0.2696219116526451 0.04619694769651801 0.06490202321713939
0 0.15489250637744376 0.24152204884630854 0.03567119672089595 0.04560610884960769
0 0.26214781160779194 0.25339496683188484 0.03986210434510825 0.04999114126328704
0 0.23402281160779195 0.25192099803954926 0.037863614363184736 0.06446529172311403
0 0.573515241350329 0.285342806421082 0.03991058626019945 0.05832447459662037
0 0.5484788799140107 0.29028261193900595 0.03361210434510819 0.04966359264276813
0 0.20376599635936732 0.25867117970704073 0.04203028102985134 0.06468365747012671
0 0.33178191205041185 0.28413592642768043 0.03986210434510819 0.04999114126328704
0 0.17450236586251808 0.27380928614461875 0.041969678635987266 0.05426699080346005
0 0.8263372293810085 0.35069185888543514 0.05260451392056472 0.09231290517099175
0 0.8658720807992506 0.36109966681538885 0.044162096278275935 0.07312617367696639
0 0.2545349522536455 0.308221160107946 0.04619694769651807 0.06490202321713939
0 0.5148728358082887 0.33541068596290463 0.03991058626019957 0.05832447459662037
0 0.9033175386447728 0.3724399585385029 0.05260451392056472 0.09231290517099164
0 0.10657586391127391 0.3077608427556628 0.03986210434510828 0.04999114126328704
0 0.14927813700522083 0.31104075832920935 0.05039997579950318 0.07137038896415208
0 0.4564789000810913 0.34277023217139385 0.0504484577145945 0.07970372229748529
0 0.17318798842346286 0.32062969470786556 0.035743919593532895 0.058106108849607686
0 0.030485715329515946 0.31210900120601487 0.0317105781933673 0.08080440976926179
0 0.2908478398417049 0.3351318603943068 0.05668633723582157 0.07794793758467099
0 0.6636736029175753 0.370300594751941 0.08181966250232288 0.10217479873341376
0 0.5855607233963482 0.36412290366212 0.054651485817579726 0.08617208804449798
0 0.387650116969068 0.35270886401235146 0.05444543767844164 0.05075542137783131
0 0.9614630045571275 0.407788745663347 0.04628179104792783 0.07948535655047273
0 0.7146243659934458 0.3886005751528462 0.05462724486003386 0.08200542137783132
0 0.34177436196002975 0.35759850746187877 0.050472698672140125 0.08387038896415208
0 0.5594281531388854 0.37838311774329086 0.06518935727197454 0.10755133574536302
0 0.9759372535815054 0.4273030257778913 0.04427118058723138 0.09187617367696639
0 0.4791289162147559 0.3898045771132969 0.05462724486003386 0.08200542137783132
0 0.10621830978747561 0.3692191760889961 0.05868482721774519 0.06347378712484411
0 0.35823498048755836 0.3938886371165961 0.037863614363184674 0.06446529172311403
0 0.5248531652391338 0.41095660033043635 0.06520147775074724 0.10963466907869636
0 0.7778751411695648 0.44193065279478944 0.07151208014461143 0.12037888436588204
0 0.18007967929062635 0.38976183476513776 0.05251967056915501 0.0777295718376583
0 0.440363020690792 0.4263263606200964 0.05465148581757961 0.08617208804449798
0 0.246613020690792 0.4161723533840071 0.04630603200547346 0.0836520232171394
0 0.86309181993648 0.48078215060854923 0.06712724486003387 0.08266051861886936
0 0.3860630287576242 0.4464042725755983 0.06925906010845857 0.09110303482570904
0 0.27148575566367733 0.4393575478660832 0.06296057819336731 0.08244215287185667
0 0.08192666328788963 0.4252552397103399 0.07564238537495965 0.11434725011289473
0 0.6338281894396306 0.48543870118951893 0.0756666263325054 0.1185139167795614
0 0.20048879586691087 0.4637703301668677 0.07142723679320172 0.10579555103254872
0 0.03735385974692995 0.46556154982653386 0.0747077194938599 0.11445643298640107
0 0.9407077598280212 0.5723765083650368 0.07994237730812728 0.13748228252657407
0 0.3064600248551359 0.5172553233823576 0.06286361436318467 0.06577548620519001
0 0.5407926031794311 0.5368300633184869 0.07564238537495953 0.11434725011289473
0 0.17517366341881743 0.5166268023514584 0.0963787548781104 0.09877241218129147
0 0.8843244345615202 0.5923452374470324 0.0735348110840808 0.11007140057272172
0 0.3154532297737919 0.583371646313136 0.07553330106600432 0.09559725011289497
0 0.8340214225921996 0.6418081818162136 0.08196510824759666 0.12717479873341375
0 0.4298062740104417 0.6289600376893179 0.09665752588988533 0.14668907884795815
0 0.5154343545478366 0.776199460273164 0.12389842544726548 0.17519178953687392