0 0.55 0.1368366988645171 0.008333333333333333 0.014825808568654253
0 0.5822916666666667 0.17006795706805247 0.020833333333333332 0.023522854754969083
0 0.5979166666666667 0.17260593146761263 0.020833333333333332 0.023522854754969083
0 0.571875 0.17705652969056793 0.0125 0.017030379519648163
0 0.41770833333333335 0.17986240450379676 0.020833333333333332 0.027689521421635752
0 0.39479166666666665 0.19169559760666413 0.01875 0.019295569279472128
0 0.3697916666666667 0.19513483856736788 0.020833333333333332 0.027689521421635752
0 0.6197916666666666 0.20032576229366353 0.020833333333333332 0.023522854754969083
0 0.19166666666666668 0.2003685970790489 0.020833333333333332 0.023522854754969083
0 0.090625 0.1995119181841155 0.020833333333333332 0.027689521421635752
0 0.128125 0.2078947234097265 0.020833333333333332 0.023522854754969083
0 0.31145833333333334 0.2163541785867878 0.020833333333333332 0.023522854754969083
0 0.6541666666666667 0.22528430597269583 0.020833333333333332 0.023522854754969083
0 0.06041666666666667 0.21946627878941036 0.016666666666666666 0.023401617137308626
0 0.14583333333333334 0.22195164995145023 0.020833333333333332 0.023522854754969083
0 0.32916666666666666 0.2272861051285115 0.016666666666666666 0.023401617137308626
0 0.2708333333333333 0.22767211181459807 0.020833333333333332 0.023522854754969083
0 0.6458333333333334 0.2365001640707082 0.020833333333333332 0.023522854754969083
0 0.7614583333333333 0.24194784129411992 0.020833333333333332 0.023522854754969083
0 0.721875 0.2491294172596787 0.01875 0.019295569279472187
0 0.8416666666666667 0.2505316654340842 0.020833333333333332 0.023522854754969083
0 0.7145833333333333 0.2499589180954395 0.0125 0.012863712852981497
0 0.884375 0.25281601768177087 0.01875 0.019295569279472128
0 0.79375 0.25642909949765536 0.020833333333333332 0.023522854754969083
0 0.95625 0.2580323665864142 0.0125 0.023280379519648165
0 0.7822916666666667 0.262345696049089 0.020833333333333332 0.027689521421635752
0 0.6635416666666667 0.26201542394576527 0.016666666666666666 0.023401617137308626
0 0.70625 0.26429977619345185 0.020833333333333332 0.027689521421635752
0 0.671875 0.26434123251441954 0.010416666666666666 0.008636427377484542
0 0.825 0.27817171496344234 0.020833333333333332 0.023522854754969083
0 0.575 0.3083974579038133 0.0125 0.017030379519648163
0 0.59375 0.3141513605166188 0.0125 0.017030379519648163
0 0.584375 0.3138785758768827 0.0125 0.012863712852981497
0 0.596875 0.32570062206319755 0.0125 0.017030379519648163
0 0.578125 0.32723838611705863 0.008333333333333333 0.014825808568654253
0 0.44583333333333336 0.32651409175633833 0.020833333333333332 0.027689521421635752
0 0.5541666666666667 0.3390412698155109 0.01875 0.019295569279472128
0 0.55 0.3462116988645171 0.0125 0.017030379519648163
0 0.540625 0.3532305808914477 0.016666666666666666 0.023401617137308504
0 0.43125 0.04796476009452665 0.0125 0.017030379519648104
0 0.5135416666666667 0.3649425363766545 0.0125 0.017030379519648163
0 0.49270833333333336 0.3893363482883521 0.0125 0.017030379519648163
0 0.4791666666666667 0.3941506593642889 0.020833333333333332 0.023522854754969083
0 0.5541666666666667 0.4265412698155109 0.020833333333333332 0.023522854754969083
0 0.40729166666666666 0.4431009771263122 0.01875 0.019295569279472128
0 0.5927083333333333 0.45370438444553707 0.0125 0.017030379519648163
0 0.39375 0.45833195486891565 0.0125 0.017030379519648163
0 0.38645833333333335 0.4737447890380098 0.016666666666666666 0.023401617137308626
0 0.371875 0.48061212404286474 0.016666666666666666 0.023401617137308504
0 0.6447916666666667 0.48855318799962644 0.0125 0.017030379519648163
0 0.353125 0.48944155476339263 0.01875 0.019295569279472128
0 0.65 0.49703806835503533 0.020833333333333332 0.023522854754969083
0 0.26979166666666665 0.5068084690768496 0.0125 0.017030379519648163
0 0.8354166666666667 0.5159748090075935 0.0125 0.017030379519648163
0 0.06041666666666667 0.5069662787894103 0.008333333333333333 0.010659141901987586
0 0.8833333333333333 0.5173690416106891 0.0125 0.012863712852981497
0 0.9760416666666667 0.5169415786036349 0.01875 0.019295569279472128
0 0.09895833333333333 0.5101710600861031 0.01875 0.019295569279472128
0 0.153125 0.5107054824490227 0.0125 0.017030379519648163
0 0.18541666666666667 0.5106034073192248 0.016666666666666666 0.012984950470641838
0 0.21145833333333333 0.5103194757629361 0.0125 0.017030379519648163
0 0.32916666666666666 0.5127027717951782 0.01875 0.019295569279472128
0 0.071875 0.5093830155713099 0.0125 0.017030379519648163
0 0.2 0.5110277389810365 0.020833333333333332 0.023522854754969083
0 0.709375 0.5175157044066973 0.0125 0.017030379519648163
0 0.35104166666666664 0.5133392692878956 0.020833333333333332 0.023522854754969083
0 0.12291666666666666 0.5098265097209842 0.016666666666666666 0.023401617137308504
0 0.23645833333333333 0.5110469014688991 0.0125 0.017030379519648163
0 0.14375 0.51251603114262 0.008333333333333333 0.014825808568654253
0 0.6833333333333333 0.5198829692963192 0.020833333333333332 0.023522854754969083
0 0.078125 0.5116482053311341 0.0125 0.017030379519648163
0 0.09166666666666666 0.5141255609218639 0.016666666666666666 0.023401617137308504
0 0.115625 0.5148226772234118 0.01875 0.019295569279472128
0 0.058333333333333334 0.5141973266472468 0.004166666666666667 0.004287904284327245
0 0.7479166666666667 0.5228038190367233 0.01875 0.019295569279472128
0 0.159375 0.5181790055421801 0.008333333333333333 0.014825808568654253
0 0.7385416666666667 0.5246143677303207 0.0125 0.012863712852981497
0 0.8489583333333334 0.52574383126499 0.0125 0.017030379519648163
0 0.8427083333333333 0.5255619748384993 0.0125 0.017030379519648163
0 0.17604166666666668 0.5176222893461554 0.016666666666666666 0.012984950470641958
0 0.8177083333333334 0.5248345491325365 0.008333333333333333 0.010659141901987586
0 0.8239583333333333 0.5260580722256939 0.008333333333333333 0.010659141901987586
0 0.16666666666666666 0.5173495047064194 0.008333333333333333 0.014825808568654253
0 0.23645833333333333 0.5183385681355657 0.0125 0.017030379519648163
0 0.6739583333333333 0.5237768513232498 0.01875 0.019295569279472128
0 0.22604166666666667 0.5211604740914145 0.0125 0.017030379519648163
0 0.04791666666666667 0.5191025659364289 0.0125 0.012863712852981497
0 0.7135416666666666 0.525970275357691 0.016666666666666666 0.012984950470641838
0 0.6645833333333333 0.5266290666835137 0.01875 0.019295569279472128
0 0.7020833333333333 0.5256368719091247 0.0125 0.017030379519648045
0 0.278125 0.5205926109788372 0.008333333333333333 0.010659141901987586
0 0.30104166666666665 0.5212594178759699 0.020833333333333332 0.023522854754969083
0 0.8072916666666666 0.5276564550883852 0.01875 0.019295569279472128
0 0.8864583333333333 0.5289183031572677 0.0125 0.017030379519648163
0 0.24791666666666667 0.5228386382507987 0.020833333333333332 0.023522854754969083
0 0.7291666666666666 0.5295499164239178 0.0125 0.012863712852981497
0 0.7729166666666667 0.5297812447426863 0.01875 0.019295569279472128
0 0.8729166666666667 0.5306076142332046 0.020833333333333332 0.023522854754969083
0 0.2635416666666667 0.5243349459836922 0.008333333333333333 0.010659141901987586
0 0.25833333333333336 0.5262667322949499 0.01875 0.019295569279472128
0 0.98125 0.543134792292377 0.01875 0.019295569279472128
0 0.33229166666666665 0.5409187000084236 0.01875 0.019295569279472128
0 0.225 0.5430051646869993 0.0125 0.017030379519647927
0 0.3572916666666667 0.5541461257143864 0.01875 0.019295569279472128
0 0.4708333333333333 0.0699498507956346 0.0125 0.017030379519648104
0 0.34375 0.5662521034569898 0.01875 0.019295569279472128
0 0.3541666666666667 0.5728051975011411 0.01875 0.019295569279472128
0 0.3854166666666667 0.5778811463002614 0.01875 0.019295569279472128
0 0.37395833333333334 0.5848394095183617 0.020833333333333332 0.023522854754969083
0 0.403125 0.5961047395086517 0.01875 0.019295569279472128
0 0.4114583333333333 0.5973888814106393 0.0125 0.017030379519647927
0 0.5635416666666667 0.6038973877885803 0.01875 0.019295569279472128
0 0.5385416666666667 0.6125449620826174 0.020833333333333332 0.023522854754969083
0 0.43645833333333334 0.6220746404499357 0.01875 0.019295569279472128
0 0.46041666666666664 0.6321467567514834 0.020833333333333332 0.023522854754969083
0 0.5208333333333334 0.6370297022075604 0.01875 0.019295569279472128
0 0.5052083333333334 0.6438667278080001 0.01875 0.019295569279472128
0 0.4864583333333333 0.6516544918618614 0.0125 0.017030379519648163
0 0.4739583333333333 0.6502491123422132 0.016666666666666666 0.023401617137308504
0 0.29375 0.6793805853783975 0.0125 0.012863712852981261
0 0.4979166666666667 0.6832378953104278 0.020833333333333332 0.027689521421635752
0 0.5197916666666667 0.688041059469812 0.020833333333333332 0.023522854754969083
0 0.3229166666666667 0.6885625820353541 0.0125 0.017030379519647927
0 0.2833333333333333 0.6967858246675795 0.008333333333333333 0.010659141901987823
0 0.6979166666666666 0.704682300958131 0.0125 0.012863712852981261
0 0.7916666666666666 0.7084518140221584 0.020833333333333332 0.023522854754969083
0 0.2625 0.7034713032459439 0.0125 0.012863712852981261
0 0.5572916666666666 0.7068405313620896 0.0125 0.017030379519647927
0 0.315625 0.7071004162044482 0.008333333333333333 0.010659141901987586
0 0.309375 0.7121268931112908 0.008333333333333333 0.01482580856865449
0 0.7041666666666667 0.7184058240512883 0.016666666666666666 0.012984950470641838
0 0.7510416666666667 0.7187280805833021 0.0125 0.017030379519648163
0 0.7541666666666667 0.7198606754632141 0.0125 0.017030379519647927
0 0.2947916666666667 0.7158692281161458 0.0125 0.017030379519648163
0 0.7125 0.7217732992866092 0.0125 0.017030379519647927
0 0.6635416666666667 0.7213904239457652 0.01875 0.019295569279472128
0 0.5635416666666667 0.7216057211219137 0.020833333333333332 0.023522854754969083
0 0.8447916666666667 0.7277059269806629 0.016666666666666666 0.023401617137308504
0 0.7416666666666667 0.7288719626102327 0.0125 0.012863712852981497
0 0.8302083333333333 0.7293649286521846 0.0125 0.017030379519648163
0 0.5760416666666667 0.7261361006415616 0.027083333333333334 0.032038044514793286
0 0.7802083333333333 0.7310350772402588 0.004166666666666667 0.004287904284327245
0 0.10520833333333333 0.7259779165125939 0.0125 0.012863712852981261
0 0.5854166666666667 0.7316172186146311 0.020833333333333332 0.027689521421635752
0 0.7239583333333334 0.7335650360685089 0.0125 0.012863712852981261
0 0.7510416666666667 0.7333114139166353 0.008333333333333333 0.010659141901987586
0 0.7072916666666667 0.7320384189312004 0.016666666666666666 0.023401617137308504
0 0.7729166666666667 0.7329062447426863 0.008333333333333333 0.010659141901987586
0 0.6791666666666667 0.7322617316786587 0.016666666666666666 0.023401617137308504
0 0.8208333333333333 0.7363838106791152 0.01875 0.019295569279472128
0 0.7927083333333333 0.7366071234265735 0.008333333333333333 0.014825808568654253
0 0.121875 0.7295878669832357 0.016666666666666666 0.023401617137308504
0 0.30416666666666664 0.7317670127558819 0.020833333333333332 0.023522854754969083
0 0.28541666666666665 0.7322631101430764 0.01875 0.019295569279472128
0 0.6635416666666667 0.738057090612432 0.020833333333333332 0.023522854754969083
0 0.215625 0.7385657133805966 0.008333333333333333 0.010659141901987823
0 0.390625 0.7446993599890035 0.0125 0.017030379519647927
0 0.7979166666666667 0.7523836704486492 0.0125 0.017030379519648163
0 0.28229166666666666 0.7457138485964978 0.0125 0.017030379519647927
0 0.7072916666666667 0.7507884189312004 0.016666666666666666 0.023401617137308504
0 0.6104166666666667 0.7521363109872607 0.020833333333333332 0.023522854754969083
0 0.28854166666666664 0.7531873716896551 0.0125 0.012863712852981261
0 0.23541666666666666 0.7526832587311506 0.0125 0.017030379519647927
0 0.275 0.7527933494322585 0.0125 0.017030379519648163
0 0.8322916666666667 0.7617172141276816 0.0125 0.017030379519647927
0 0.31354166666666666 0.7559981307289514 0.0125 0.017030379519647927
0 0.78125 0.7633570533113405 0.0125 0.017030379519648163
0 0.24479166666666666 0.7571227100375534 0.0125 0.017030379519648163
0 0.85 0.7684824740027385 0.0125 0.017030379519648163
0 0.19166666666666668 0.7607852637457155 0.0125 0.012863712852981497
0 0.7927083333333333 0.7678571234265735 0.020833333333333332 0.023522854754969083
0 0.20625 0.7632929287408605 0.0125 0.017030379519648163
0 0.36875 0.7659378624962861 0.0125 0.017030379519648163
0 0.6385416666666667 0.7696213315731357 0.01875 0.019295569279472128
0 0.865625 0.7741454484022987 0.0125 0.017030379519648163
0 0.8354166666666667 0.7732664756742602 0.020833333333333332 0.023522854754969083
0 0.8197916666666667 0.7748951679413667 0.0125 0.012863712852981497
0 0.846875 0.7767248791228264 0.0125 0.017030379519647927
0 0.17395833333333333 0.7727700038706584 0.0125 0.017030379519647927
0 0.3541666666666667 0.7748885308344744 0.01875 0.019295569279472128
0 0.8291666666666667 0.7803762859144361 0.0125 0.017030379519648163
0 0.7447916666666666 0.7789628908234779 0.0125 0.017030379519647927
0 0.759375 0.7793872224852898 0.016666666666666666 0.023401617137308504
0 0.9864583333333333 0.7839113393144527 0.0125 0.017030379519647927
0 0.18020833333333333 0.7750351936304826 0.0125 0.017030379519648163
0 0.14791666666666667 0.7772206020936139 0.0125 0.012863712852981261
0 0.89375 0.7885054689881736 0.020833333333333332 0.023522854754969083
0 0.340625 0.7817861752437445 0.020833333333333332 0.027689521421635752
0 0.803125 0.7889935508040581 0.01875 0.019295569279472128
0 0.19791666666666666 0.7818004535055396 0.020833333333333332 0.023522854754969083
0 0.7864583333333334 0.7916336003334161 0.0125 0.017030379519648163
0 0.9739583333333334 0.7939642931281379 0.020833333333333332 0.023522854754969083
0 0.7916666666666666 0.790743480688825 0.0125 0.012863712852981497
0 0.9614583333333333 0.7956839136084898 0.020833333333333332 0.023522854754969083
0 0.653125 0.7919206632349474 0.020833333333333332 0.023522854754969083
0 0.6666666666666666 0.7923146854923441 0.016666666666666666 0.023401617137308504
0 0.7739583333333333 0.793353220813768 0.0125 0.012863712852981261
0 0.26458333333333334 0.7920735887214406 0.0125 0.017030379519648163
0 0.7458333333333333 0.7998265335612265 0.020833333333333332 0.023522854754969083
0 0.7083333333333334 0.7987353950022821 0.020833333333333332 0.023522854754969083
0 0.9677083333333333 0.8021157700349805 0.0125 0.017030379519648163
0 0.32916666666666666 0.7949944384618448 0.0125 0.017030379519647927
0 0.771875 0.8026676020049378 0.0125 0.012863712852981497
0 0.31979166666666664 0.796804987155442 0.0125 0.017030379519647927
0 0.7989583333333333 0.8024139798530643 0.016666666666666666 0.023401617137308504
0 0.6739583333333333 0.8029435179899165 0.020833333333333332 0.023522854754969083
0 0.8104166666666667 0.804830716634964 0.020833333333333332 0.023522854754969083
0 0.778125 0.8070161250980952 0.0125 0.017030379519648163
0 0.178125 0.7999745748216524 0.0125 0.012863712852981261
0 0.8697916666666666 0.8128083526866258 0.020833333333333332 0.023522854754969083
0 0.8520833333333333 0.8154180928115689 0.020833333333333332 0.023522854754969083
0 0.9333333333333333 0.8156988930226149 0.01875 0.019295569279472128
0 0.7385416666666667 0.8131560343969874 0.01875 0.019295569279472128
0 0.2833333333333333 0.8092858246675796 0.0125 0.017030379519647927
0 0.6958333333333333 0.812955015482634 0.01875 0.019295569279472128
0 0.19791666666666666 0.8078421201722062 0.0125 0.017030379519648163
0 0.20833333333333334 0.8071035475496908 0.0125 0.017030379519648163
0 0.9166666666666666 0.8162556092186397 0.016666666666666666 0.023401617137308504
0 0.28958333333333336 0.8073843477607369 0.0125 0.017030379519648163
0 0.09583333333333334 0.8079967985395246 0.01875 0.019295569279472128
0 0.25729166666666664 0.8106114228905348 0.0125 0.017030379519647927
0 0.240625 0.8122098057532263 0.0125 0.017030379519647927
0 0.159375 0.8140123388755135 0.0125 0.017030379519648163
0 0.16979166666666667 0.8143154329196647 0.0125 0.012863712852981497
0 0.07708333333333334 0.8147428959267189 0.020833333333333332 0.023522854754969083
0 0.9739583333333334 0.8252142931281379 0.020833333333333332 0.023522854754969083
0 0.13541666666666666 0.815398555907299 0.0125 0.017030379519648163
0 0.21458333333333332 0.8166604039761814 0.016666666666666666 0.023401617137308504
0 0.759375 0.8252205558186231 0.01875 0.019295569279472128
0 0.709375 0.8248073710733639 0.01875 0.019295569279472128
0 0.19270833333333334 0.825398906483464 0.0125 0.017030379519648163
0 0.9458333333333333 0.8368959392089297 0.016666666666666666 0.023401617137308504
0 0.2760416666666667 0.8288653255033404 0.020833333333333332 0.023522854754969083
0 0.184375 0.8303647645814763 0.01875 0.019295569279472128
0 0.20729166666666668 0.8310315714786091 0.016666666666666666 0.023401617137308504
0 0.29270833333333335 0.8356002759739823 0.0125 0.017030379519647927
0 0.32083333333333336 0.8374602965598572 0.01875 0.019295569279472128
0 0.9947916666666666 0.8466538145497736 0.010416666666666666 0.023219760710817876
0 0.975 0.8481612691992197 0.016666666666666666 0.023401617137308504
0 0.30416666666666664 0.8567670127558819 0.020833333333333332 0.023522854754969083
0 0.3489583333333333 0.8570286504790654 0.0125 0.017030379519647927
0 0.5260416666666666 0.10072291589630264 0.0125 0.017030379519648104
0 0.5708333333333333 0.8666095536194862 0.027083333333333334 0.032038044514793286
0 0.37916666666666665 0.8662409565404373 0.01875 0.019295569279472128
0 0.12916666666666668 0.866258366147475 0.01875 0.019295569279472128
0 0.4 0.8793471446287398 0.01875 0.019295569279472128
0 0.5385416666666667 0.8937949620826174 0.01875 0.019295569279472128
0 0.43125 0.9010897600945267 0.01875 0.019295569279472128
0 0.409375 0.9046199292684758 0.020833333333333332 0.023522854754969083
0 0.41875 0.9048927139082118 0.008333333333333333 0.010659141901987586
0 0.51875 0.9140524167320635 0.01875 0.019295569279472128
0 0.49895833333333334 0.9176432047148428 0.0125 0.012863712852981497
0 0.4895833333333333 0.10903708674177341 0.01875 0.019295569279472187
0 0.5052083333333334 0.11157506114133356 0.020833333333333332 0.023522854754969083
0 0.5208333333333334 0.1141130355408937 0.01875 0.019295569279472187