0 0.6083333333333333 0.28854166666666664 0.015625 0.015625
0 0.34270833333333334 0.3104166666666667 0.027083333333333334 0.0375
0 0.465625 0.3072916666666667 0.020833333333333332 0.029166666666666667
0 0.6322916666666667 0.29791666666666666 0.020833333333333332 0.029166666666666667
0 0.6020833333333333 0.3020833333333333 0.020833333333333332 0.025
0 0.39166666666666666 0.31666666666666665 0.00625 0.014583333333333334
0 0.40208333333333335 0.31875 0.010416666666666666 0.022916666666666665
0 0.5416666666666666 0.309375 0.021875 0.0375
0 0.353125 0.3229166666666667 0.015625 0.020833333333333332
0 0.4979166666666667 0.3145833333333333 0.021875 0.0375
0 0.4322916666666667 0.31979166666666664 0.025 0.029166666666666667
0 0.453125 0.3177083333333333 0.025 0.03333333333333333
0 0.5291666666666667 0.3145833333333333 0.020833333333333332 0.025
0 0.5791666666666667 0.3104166666666667 0.020833333333333332 0.029166666666666667
0 0.20833333333333334 0.33958333333333335 0.029166666666666667 0.029166666666666667
0 0.3229166666666667 0.33125 0.015625 0.020833333333333332
0 0.371875 0.3302083333333333 0.010416666666666666 0.014583333333333334
0 0.284375 0.33645833333333336 0.020833333333333332 0.03333333333333333
0 0.5572916666666666 0.31666666666666665 0.015625 0.029166666666666667
0 0.22708333333333333 0.34270833333333334 0.021875 0.0375
0 0.4875 0.325 0.03125 0.04375
0 0.38958333333333334 0.3333333333333333 0.025 0.020833333333333332
0 0.3125 0.3416666666666667 0.015625 0.020833333333333332
0 0.11458333333333333 0.35833333333333334 0.03125 0.04375
0 0.2552083333333333 0.35 0.020833333333333332 0.029166666666666667
0 0.23645833333333333 0.35208333333333336 0.027083333333333334 0.0375
0 0.28020833333333334 0.35104166666666664 0.027083333333333334 0.0375
0 0.359375 0.3458333333333333 0.025 0.029166666666666667
0 0.2989583333333333 0.3541666666666667 0.015625 0.025
0 0.5229166666666667 0.3385416666666667 0.035416666666666666 0.053125
0 0.6416666666666667 0.334375 0.03125 0.03958333333333333
0 0.7791666666666667 0.32708333333333334 0.020833333333333332 0.025
0 0.6739583333333333 0.334375 0.034375 0.04375
0 0.7270833333333333 0.3302083333333333 0.027083333333333334 0.041666666666666664
0 0.16770833333333332 0.3697916666666667 0.03125 0.04375
0 0.4083333333333333 0.353125 0.03125 0.04375
0 0.3145833333333333 0.3614583333333333 0.016666666666666666 0.0375
0 0.4583333333333333 0.35208333333333336 0.03125 0.03958333333333333
0 0.334375 0.3625 0.027083333333333334 0.046875
0 0.06979166666666667 0.38125 0.03125 0.04375
0 0.18020833333333333 0.3729166666666667 0.03125 0.04375
0 0.6104166666666667 0.3458333333333333 0.035416666666666666 0.04791666666666667
0 0.80625 0.334375 0.040625 0.053125
0 0.63125 0.346875 0.027083333333333334 0.046875
0 0.06145833333333333 0.39791666666666664 0.020833333333333332 0.03333333333333333
0 0.4322916666666667 0.38958333333333334 0.035416666666666666 0.053125
0 0.07916666666666666 0.41770833333333335 0.03125 0.03958333333333333
0 0.48333333333333334 0.38958333333333334 0.040625 0.053125
0 0.21666666666666667 0.4083333333333333 0.035416666666666666 0.04791666666666667
0 0.8833333333333333 0.3729166666666667 0.029166666666666667 0.029166666666666667
0 0.19270833333333334 0.421875 0.027083333333333334 0.0375
0 0.26458333333333334 0.4197916666666667 0.03125 0.053125
0 0.36666666666666664 0.4166666666666667 0.035416666666666666 0.053125
0 0.39479166666666665 0.41875 0.040625 0.04791666666666667
0 0.16354166666666667 0.4375 0.03125 0.04791666666666667
0 0.8760416666666667 0.40208333333333335 0.03958333333333333 0.03958333333333333
0 0.32708333333333334 0.44166666666666665 0.03958333333333333 0.03958333333333333
0 0.64375 0.42291666666666666 0.035416666666666666 0.04791666666666667
0 0.19375 0.46770833333333334 0.04583333333333333 0.0625
0 0.7270833333333333 0.4375 0.040625 0.06666666666666667
0 0.6916666666666667 0.44583333333333336 0.04583333333333333 0.0625
0 0.8604166666666667 0.43854166666666666 0.03125 0.04791666666666667
0 0.3072916666666667 0.4895833333333333 0.05416666666666667 0.05416666666666667
0 0.2791666666666667 0.4947916666666667 0.03125 0.058333333333333334
0 0.47708333333333336 0.48020833333333335 0.041666666666666664 0.07708333333333334
0 0.43645833333333334 0.48541666666666666 0.052083333333333336 0.07708333333333334
0 0.5760416666666667 0.48020833333333335 0.040625 0.0625
0 0.8177083333333334 0.46458333333333335 0.05416666666666667 0.06458333333333334
0 0.06979166666666667 0.5177083333333333 0.04583333333333333 0.06666666666666667
0 0.12916666666666668 0.5302083333333333 0.05 0.053125
0 0.5541666666666667 0.5083333333333333 0.05416666666666667 0.06875
0 0.2947916666666667 0.5552083333333333 0.07291666666666667 0.07291666666666667
0 0.035416666666666666 0.5739583333333333 0.065625 0.078125
0 0.17916666666666667 0.5708333333333333 0.05416666666666667 0.05416666666666667
0 0.3697916666666667 0.5604166666666667 0.07083333333333333 0.09166666666666666
0 0.7125 0.5864583333333333 0.046875 0.08125
0 0.6270833333333333 0.5958333333333333 0.04375 0.034375
0 0.2125 0.6291666666666667 0.07708333333333334 0.115625
0 0.7666666666666667 0.596875 0.071875 0.11041666666666666
0 0.16041666666666668 0.6416666666666667 0.04583333333333333 0.06666666666666667
0 0.041666666666666664 0.6614583333333334 0.06666666666666667 0.10208333333333333
0 0.9552083333333333 0.6041666666666666 0.08958333333333333 0.13125
0 0.4479166666666667 0.65 0.07708333333333334 0.11041666666666666
0 0.6354166666666666 0.66875 0.08333333333333333 0.12083333333333333
0 0.38958333333333334 0.7010416666666667 0.084375 0.07916666666666666
0 0.41458333333333336 0.83125 0.12708333333333333 0.16458333333333333