0 0.8106216898975936 0.0015419044936231918 0.03270503206215617 0.0030838089872463836
0 0.45652777483403467 0.01035620684508157 0.036944450331930646 0.02071241369016314
0 0.4909391506355886 0.005755023368567798 0.03234127404661713 0.011510046737135597
0 0.017118045252454733 0.17802024649485013 0.034236090504909465 0.05393944218294102
0 0.57258264658541 0.1581888278319053 0.03270503206215617 0.04330440976926167
0 0.598515185847415 0.1599490419130761 0.03270503206215617 0.04330440976926167
0 0.7274999735063121 0.15838803708901664 0.04355820834746969 0.05635032413679338
0 0.2298379374505228 0.17719107719036423 0.037235456744361885 0.05393944218294102
0 0.058931852514081694 0.18822740615121708 0.04370371155368528 0.06051699080346005
0 0.950016506355886 0.15816380295717203 0.020205032062156174 0.042649312528223744
0 0.8636309246256604 0.16061155887435163 0.03270503206215617 0.04330440976926167
0 0.12020830683964549 0.19021484471611352 0.04132937180792071 0.052074474596620374
0 0.5409027748340347 0.0075698288864917695 0.03270503206215617 0.015139657772983539
0 0.18040671869698874 0.19329854138442978 0.04132937180792074 0.052074474596620374
0 0.810251294014783 0.17068738881542983 0.04132937180792074 0.052074474596620374
0 0.3613657122845575 0.19213296472271188 0.04118386860170512 0.04790780792995371
0 0.2841732515465625 0.19929773104244633 0.034715613792381576 0.04133025930943468
0 0.4757307908085674 0.19237790667986346 0.03723545674436177 0.05393944218294102
0 0.311183833276788 0.1999616870201973 0.03285053526837179 0.047471076435928336
0 0.3930389903248078 0.20814896351669704 0.02824735898305827 0.03475271068891565
0 0.9551388565077149 0.19012792100331968 0.018339953538146384 0.04879012965471734
0 0.5678571113170382 0.20418593547549815 0.037162705141254075 0.05185610884960769
0 0.5093782747774893 0.21140972260034221 0.04370371155368531 0.06051699080346005
0 0.25744044465037164 0.22045418362794217 0.0347156137923817 0.04133025930943468
0 0.12507602638059714 0.22947062942892782 0.034861116998597286 0.045496925976101346
0 0.38319110490460706 0.22218195311414218 0.03248677725283275 0.03705440976926167
0 0.7547387226906219 0.21206781019326126 0.034861116998597196 0.045496925976101346
0 0.2196130624363865 0.23179447535105624 0.03234127404661713 0.032887743102595006
0 0.7004265528177397 0.21907323157109265 0.04355820834746969 0.05635032413679338
0 0.060128935031724784 0.2432719651742909 0.03888228045904835 0.041548625056447366
0 0.16415009849217585 0.2419794881656408 0.04355820834746969 0.05635032413679338
0 0.009413013190298575 0.25449864465554217 0.01882602638059715 0.038919377355582326
0 0.6395733765324262 0.23473953490277638 0.037162705141254075 0.05185610884960769
0 0.8550528733262105 0.2276057741615373 0.04600529969634195 0.06687617367696638
0 0.43109453999287717 0.24982448892007666 0.03946429328391084 0.05821529172311403
0 0.26532403678666155 0.262671194030497 0.04132937180792074 0.052074474596620374
0 0.3809126609851077 0.2576532112175621 0.0347156137923817 0.04133025930943474
0 0.6842162652153879 0.012245535957362852 0.04132937180792074 0.024491071914725705
0 0.9128041938346814 0.24121532037002655 0.04118386860170512 0.04790780792995371
0 0.21726186691377927 0.2693490667878094 0.04355820834746969 0.05635032413679338
0 0.7084920239617991 0.25608190864031416 0.04600529969634195 0.06687617367696638
0 0.11410049111222538 0.2757952856930397 0.03716270514125405 0.05185610884960769
0 0.150449697040897 0.27700958540667886 0.04355820834746969 0.05635032413679338
0 0.3243352787711225 0.26997614880223314 0.04355820834746969 0.05635032413679338
0 0.7677578965571373 0.25609519674538356 0.04355820834746946 0.05635032413679338
0 0.6168253572951324 0.2608859550745929 0.03723545674436177 0.05393944218294102
0 0.4772420239617991 0.26820120759951743 0.034861116998597313 0.045496925976101346
0 0.5573412298904706 0.2671226669695235 0.038882280459048485 0.041548625056447366
0 0.016788981493578534 0.29337228931108433 0.032850535268371776 0.047471076435928454
0 0.05474863533538274 0.30801907281788377 0.034861116998597286 0.045496925976101346
0 0.13578038052605929 0.31001094075113667 0.037235456744361885 0.05393944218294102
0 0.9580786585663096 0.2845920390494674 0.03335979649012633 0.06205440976926179
0 0.4521560407802948 0.30174847731150695 0.034715613792381576 0.0413302593094348
0 0.9287664886934273 0.2902872659452227 0.04355820834746969 0.05635032413679338
0 0.6943914886934273 0.3025703392146855 0.04355820834746969 0.05635032413679338
0 0.6362268469456133 0.009636939922339709 0.024007940713283916 0.019273879844679417
0 0.5527248220267607 0.3099947746131163 0.04118386860170512 0.047907807929953826
0 0.3799172827647557 0.3159319531141422 0.034715613792381576 0.0413302593094348
0 0.1955786585663096 0.3245529707527863 0.04355820834746969 0.05635032413679338
0 0.8795535247492167 0.3001447301392883 0.04355820834746969 0.05635032413679338
0 0.8336838156143294 0.30358842002309433 0.03723545674436177 0.05393944218294114
0 0.7492724398127756 0.3090519930667676 0.04355820834746969 0.05635032413679338
0 0.3245270704236528 0.3240336325953935 0.037162705141254075 0.05185610884960769
0 0.24952707042365282 0.3279642160416215 0.037235456744361885 0.05393944218294102
0 0.5992724398127756 0.31691315995922376 0.034861116998597196 0.045496925976101464
0 0.07869373709031953 0.33691721166914107 0.03723545674436186 0.05393944218294102
0 0.5190641064794422 0.3211167005892177 0.03270503206215617 0.04330440976926167
0 0.7886011425352315 0.31426918513681384 0.04132937180792074 0.052074474596620374
0 0.15349867066029985 0.04082420925711131 0.035925927888421326 0.016439442182941036
0 0.6191963781072612 0.3418629978908271 0.04772487501413636 0.056568689883805943
0 0.8681911313982948 0.010950844264534491 0.03270503206215617 0.021901688529068982
0 0.9345667474963839 0.3326134592212838 0.04355820834746969 0.05635032413679338
0 0.020596868545159762 0.3670576654606518 0.041193737090319524 0.0563503241367935
0 0.10773804477392794 0.36866739333663257 0.04132937180792071 0.052074474596620374
0 0.37817124429016835 0.36593195311414217 0.04118386860170512 0.04790780792995371
0 0.05751978996460451 0.37753778230078455 0.04600529969634204 0.06687617367696638
0 0.7695832803459576 0.35269723956161775 0.041183868601704886 0.04790780792995371
0 0.5029529894808449 0.36563098070376204 0.04370371155368531 0.06051699080346005
0 0.3197651593537272 0.37107240690565296 0.04355820834746969 0.05635032413679338
0 0.6621824862746293 0.36144515754719403 0.037162705141254075 0.051856108849607806
0 0.5621824862746293 0.36668593547549816 0.04355820834746969 0.05635032413679338
0 0.7076520615924236 0.3694598009967213 0.037162705141254075 0.05185610884960769
0 0.45876647986219804 0.3804238210473951 0.04787037822035198 0.06073535655047273
0 0.7325429341877618 0.3712746065146453 0.04132937180792074 0.052074474596620374
0 0.19637560726685976 0.39105586310919344 0.03270503206215617 0.04330440976926167
0 0.1514384373939775 0.3975699615562463 0.04355820834746969 0.05635032413679338
0 0.9769344670373356 0.3699039522109841 0.009642862189273889 0.037936731494025364
0 0.8358630889300743 0.014455769637628428 0.037162705141254075 0.028911539275256855
0 0.01424931325207673 0.40828317126493663 0.02849862650415346 0.06676699080346005
0 0.8775759998869094 0.38654847203586845 0.04370371155368531 0.06051699080346005
0 0.9493418724822476 0.38590666289989983 0.03471561379238182 0.04133025930943468
0 0.8222949149504681 0.39152515151711964 0.04355820834746946 0.05635032413679338
0 0.7930820039936333 0.016616560757735037 0.037162705141254075 0.033233121515470074
0 0.9304728765889715 0.0123562140068097 0.026455032062156172 0.0247124280136194
0 0.19520171312852044 0.037598885120317935 0.0321230192372937 0.026637743102595035
0 0.33802904235512987 0.41378516960734274 0.034861116998597313 0.045496925976101464
0 0.6045502058155809 0.40397642846519843 0.03248677725283263 0.03705440976926167
0 0.7752380359426987 0.39919009950434553 0.04132937180792074 0.052074474596620374
0 0.970707611260493 0.3993435760614166 0.02824735898305827 0.03475271068891577
0 0.2867691208791398 0.42271015000824796 0.054265881426567596 0.06522957183765841
0 0.3950297026093653 0.4191159739192518 0.04787037822035198 0.06073535655047273
0 0.21589941174425256 0.42746403437413005 0.04355820834746969 0.05635032413679338
0 0.1711441208791398 0.4287697994878496 0.04355820834746969 0.05635032413679338
0 0.5197023203953802 0.4219400015088717 0.037235456744361885 0.05393944218294102
0 0.6222850464618538 0.017338042364655134 0.02839286218927389 0.03467608472931027
0 0.09376978113337524 0.44114289914091737 0.04772487501413633 0.05656868988380606
0 0.05612427792715961 0.44727485753069807 0.043558208347469665 0.05635032413679338
0 0.595271101641846 0.4314964932925571 0.04118386860170512 0.04790780792995371
0 0.7658498043643022 0.42983516433170427 0.038882280459048485 0.041548625056447366
0 0.5680058893007431 0.43812420398147284 0.03248677725283263 0.03705440976926179
0 0.7126884285627482 0.43366099427278243 0.04787037822035198 0.06073535655047273
0 0.477529755596741 0.022255701040796723 0.034861116998597313 0.044511402081593446
0 0.8581943796820964 0.435393193127339 0.04132937180792074 0.052074474596620374
0 0.9683927915394397 0.4358565008315031 0.030767201935038457 0.047361893562422
0 0.9132208340076602 0.4377081803127544 0.04355820834746969 0.05635032413679338
0 0.6716269189441013 0.448290060306156 0.04355820834746969 0.05635032413679338
0 0.7169312099223047 0.015895798659052662 0.02824735898305827 0.031791597318105325
0 0.7721031674540841 0.016614346073556795 0.03471561379238182 0.03322869214711359
0 0.38586308893007437 0.02676835330964603 0.03723545674436177 0.05353670661929206
0 0.2858630889300743 0.031807763456125654 0.034861116998597313 0.04549692597610137
0 0.5787367066029986 0.4583570315105213 0.02824735898305827 0.03475271068891577
0 0.8272949061192388 0.45676801145984747 0.04355820834746969 0.05635032413679338
0 0.5378570759921212 0.4677777642105615 0.04132937180792074 0.052074474596620374
0 0.3890442458650034 0.47141767299959786 0.03723545674436177 0.05393944218294102
0 0.6315707001905672 0.463906201569443 0.03248677725283263 0.03705440976926179
0 0.23060178512700844 0.4828405713860794 0.04132937180792074 0.052074474596620374
0 0.34511236685723395 0.47891884667656426 0.04132937180792074 0.052074474596620374
0 0.9425925239052538 0.46008336198024585 0.054265881426567596 0.06522957183765841
0 0.0711904093254545 0.4922347278759807 0.04355820834746969 0.05635032413679338
0 0.5336342523905254 0.02298166817553836 0.03270503206215617 0.043304409769261705
0 0.09059853684320691 0.05555802879563473 0.03822751603107809 0.022798625056447377
0 0.29050919057192043 0.49425760138772895 0.034861116998597313 0.045496925976101464
0 0.49330680835793533 0.4929872712208612 0.03248677725283275 0.03705440976926167
0 0.6034324686121707 0.49553391225835874 0.032850535268371554 0.047471076435928336
0 0.23679562819207925 0.03749856098352455 0.0347156137923817 0.04133025930943471
0 0.6398544261439502 0.49466487863866454 0.04370371155368531 0.06051699080346005
0 0.4440938444137246 0.5028447354149268 0.034861116998597313 0.045496925976101464
0 0.8926884197315189 0.4897324928409781 0.04549603847458741 0.05229284034363305
0 0.7113656681284112 0.5013147361693626 0.04772487501413636 0.05656868988380606
0 0.7561573347950777 0.4989673043889764 0.034715613792381576 0.0413302593094348
0 0.8550792923268572 0.4948227845640921 0.05017196636300885 0.06709453942397907
0 0.8048610375175339 0.5036931735282442 0.04132937180792074 0.052074474596620374
0 0.4386970825176431 0.03211615558674331 0.034715613792381576 0.0413302593094347
0 0.5855357067160891 0.0254604296712133 0.024226195522607224 0.038701011608569695
0 0.4871527041842005 0.5203435617379604 0.04787037822035198 0.06073535655047261
0 0.3560118315888622 0.5240970827688595 0.037162705141254075 0.05185610884960769
0 0.38715270418420045 0.5255843396662645 0.03946429328391084 0.05821529172311403
0 0.2596692370337742 0.5437028282834843 0.037162705141254075 0.05185610884960757
0 0.13254952789888694 0.5514046502340375 0.04132937180792074 0.052074474596620256
0 0.7551024365500145 0.5291756377223097 0.04132937180792074 0.05207447459662049
0 0.4478471456849018 0.5442384448978276 0.04535053526837179 0.04812617367696627
0 0.31458656395467627 0.5491428154688996 0.034861116998597313 0.045496925976101464
0 0.9287697634709168 0.528392201117864 0.04132937180792074 0.05207447459662049
0 0.5666765793114276 0.02956807553277032 0.02839286218927389 0.03891937735558237
0 0.3344212884463147 0.0407002992620601 0.03270503206215617 0.043304409769261705
0 0.6544112963204903 0.5542080823172806 0.04355820834746969 0.0563503241367935
0 0.2088689693995883 0.5692398839143031 0.037162705141254075 0.05185610884960757
0 0.8157968780507159 0.5478297429538728 0.04118386860170512 0.04790780792995359
0 0.8365574597809414 0.5488212475521428 0.037162705141254075 0.051856108849607806
0 0.46159383558249534 0.5674324981166166 0.037162705141254075 0.05185610884960757
0 0.5999899990429465 0.5643385036951118 0.037162705141254075 0.05185610884960757
0 0.2907241264476081 0.5774271604108028 0.03723545674436177 0.0539394421829409
0 0.17718245978094144 0.583377627016898 0.04132937180792074 0.052074474596620256
0 0.8892459501622946 0.5585370842777313 0.04787037822035198 0.060735356550472845
0 0.7059489926305152 0.5671035104796222 0.03285053526837179 0.047471076435928454
0 0.23202703509873573 0.5909009475356469 0.037235456744361885 0.05393944218294114
0 0.3828140711545251 0.5902768558731043 0.03723545674436177 0.0539394421829409
0 0.5827049437498634 0.582920300016496 0.04355820834746969 0.0563503241367935
0 0.9614714765994371 0.5745073503716761 0.03529762661724429 0.05799692597610147
0 0.3356480647420939 0.6010668038603302 0.04132937180792074 0.052074474596620256
0 0.933915257845903 0.5894683943939252 0.04355820834746969 0.0563503241367935
0 0.024007852400991004 0.6225979767828608 0.04355820834746967 0.0563503241367935
0 0.8162796761156774 0.5935538934136998 0.04787037822035198 0.060735356550472845
0 0.4778471368536726 0.6081711103584795 0.04355820834746969 0.0563503241367935
0 0.7329099669807903 0.5989628750206198 0.052037044887018644 0.06095372229748553
0 0.9093749116877071 0.6073906641059146 0.04355820834746969 0.0563503241367935
0 0.40922940848149164 0.6377612204141021 0.04132937180792074 0.052074474596620256
0 0.649708905275276 0.6293172651907869 0.04132937180792074 0.052074474596620256
0 0.521583905275276 0.6360320119114266 0.034861116998597313 0.045496925976101464
0 0.6777247778706142 0.6309682963984514 0.04355820834746969 0.0563503241367935
0 0.30818774181482494 0.6430565897791592 0.04176588142656759 0.06457447459662026
0 0.3538755719419427 0.6448212332286865 0.04176588142656759 0.06457447459662026
0 0.23501644453728096 0.6541696570185477 0.04787037822035198 0.060735356550472845
0 0.5100628212958884 0.04293267978410806 0.034715613792381576 0.04133025930943471
0 0.6787036938912266 0.037213867030094855 0.03270503206215617 0.043304409769261705
0 0.8664350919666539 0.6460326549093748 0.05649471796611654 0.06950542137783154
0 0.6412400696927807 0.03813749208654223 0.024007940713283916 0.032451011608569696
0 0.8057142756214523 0.0326370450795417 0.04355820834746969 0.05635032413679339
0 0.5567690855542227 0.6705796449583991 0.04370371155368531 0.060516990803460166
0 0.7858266248162276 0.661694528872702 0.04549603847458741 0.052292840343632935
0 0.6315508307448993 0.6728990615121709 0.04370371155368531 0.060516990803460166
0 0.28891524901467375 0.6887763108706297 0.037162705141254075 0.05185610884960757
0 0.34412358234800705 0.6858829647227118 0.037162705141254075 0.05185610884960757
0 0.9580885270549241 0.6713823503716762 0.03551588142656759 0.06424692597610146
0 0.4842393211262524 0.6930964540943675 0.04600529969634207 0.06687617367696627
0 0.10715598779291909 0.7128585541990143 0.04370371155368528 0.060516990803460166
0 0.6922088964440467 0.6925948334104006 0.046005299696342185 0.06687617367696627
0 0.4099899813804878 0.7053057794371758 0.04176588142656759 0.06457447459662026
0 0.04964606631692899 0.7221110832204386 0.034861116998597286 0.045496925976101464
0 0.1715939062323296 0.0585915633955543 0.04355820834746969 0.05635032413679338
0 0.8450066025423543 0.03889590381625466 0.037162705141254075 0.051856108849607715
0 0.1790177562145225 0.739245486959626 0.04370371155368531 0.060516990803460166
0 0.4722718148834572 0.05323130484055543 0.034861116998597196 0.045496925976101374
0 0.039930452524547314 0.7621311480477974 0.05203704488701863 0.06095372229748553
0 0.7710118934074671 0.04381356249239624 0.034861116998597196 0.045496925976101374
0 0.8834755176059131 0.03895935398972077 0.037162705141254075 0.051856108849607715
0 0.6086573966136828 0.048163159959223774 0.037162705141254075 0.0518561088496077
0 0.7221263116772416 0.0442960266864618 0.03270503206215617 0.043304409769261705
0 0.10367714242214085 0.7827048123024343 0.04370371155368528 0.060516990803460166
0 0.01519499578018545 0.8154154929897003 0.018776463156793096 0.0612901296547174
0 0.2232043541454622 0.06940365822456256 0.04355820834746969 0.05635032413679338
0 0.9206117595903741 0.047410728933273395 0.038882280459048485 0.041548625056447394
0 0.33017514399697595 0.8768901047799841 0.052037044887018644 0.06095372229748553
0 0.10122022674080045 0.07891585632468322 0.04355820834746969 0.05635032413679338
0 0.4290178445268153 0.07109455374743531 0.04355820834746969 0.05635032413679338
0 0.6590806746539329 0.06319651289165187 0.03285053526837179 0.04747107643592837
0 0.6927941840463985 0.9140331019163753 0.047433868601704884 0.04823535655047285
0 0.5643981353919281 0.06503933363619015 0.04132937180792074 0.052074474596620374
0 0.33214284452681525 0.07617155736547992 0.03723545674436177 0.05393944218294102
0 0.6776851714477173 0.06638053369676152 0.03270503206215617 0.043304409769261705
0 0.03318451119348199 0.09183929971363912 0.03285053526837177 0.04747107643592837
0 0.29449734132059974 0.08230351575526065 0.037162705141254075 0.05185610884960769
0 0.6285813349081685 0.07311299789082708 0.03270503206215617 0.043304409769261705
0 0.7483002499717273 0.06891831599754611 0.034861116998597196 0.045496925976101374
0 0.38802908651127627 0.08364028644747552 0.037162705141254075 0.051856108849607715
0 0.7003472075035068 0.0724711887548585 0.03471561379238182 0.04133025930943468
0 0.6451752499717273 0.07432286823610973 0.02177910417373473 0.02817516206839669
0 0.26511241984460965 0.09008207598434934 0.034861116998597313 0.045496925976101374
0 0.12319112256706562 0.10479817804944686 0.03716270514125405 0.05185610884960769
0 0.8745469398693209 0.08621649404699294 0.02839286218927389 0.03891937735558238
0 0.8943749823375415 0.08413759008201609 0.03270503206215617 0.043304409769261705
0 0.5038954855437571 0.10044271219778739 0.037235456744361885 0.05393944218294105
0 0.7724999823375415 0.09052478818213675 0.028392862189273654 0.03891937735558238
0 0.35343915063558856 0.00516409580923363 0.029675927888421327 0.01032819161846726
0 0.5671626963100247 0.001103677823657336 0.028174607379950582 0.002207355647314672
0 0.036041649004208115 0.12912093396662647 0.03285053526837176 0.047471076435928336
0 0.9217724663064634 0.10349695462301388 0.03270503206215617 0.043304409769261705
0 0.6802876786475662 0.11095383461641552 0.04118386860170512 0.04790780792995371
0 0.34602180605222793 0.1253526858141824 0.037162705141254075 0.05185610884960769
0 0.41701719310380914 0.006760535580144929 0.04060185577684265 0.013521071160289859
0 0.7315641506355886 0.0009576209868237373 0.02839286218927389 0.0019152419736474745
0 0.1470270969173407 0.13682131690070415 0.0347156137923817 0.04133025930943468
0 0.5539913813700221 0.1248510651302155 0.03723545674436177 0.05393944218294105
0 0.47489746630646335 0.12691668099012293 0.02839286218927389 0.03891937735558238
0 0.7319345023622527 0.12072426277875711 0.03471561379238182 0.04133025930943474
0 0.20927246630646337 0.14083749736218074 0.04355820834746969 0.05635032413679338
0 0.5132572539653605 0.13010513116358904 0.02839286218927389 0.03891937735558235
0 0.7526950840924783 0.12171576737702709 0.03471561379238182 0.04133025930943468
0 0.6370337082909242 0.1288170835232954 0.037162705141254075 0.05185610884960769
0 0.09659058729869384 0.15194170586485622 0.037162705141254075 0.05185610884960769
0 0.7138987868149342 0.13102731720356098 0.03270503206215617 0.043304409769261705
0 0.805492701878493 0.12830660410261555 0.03471561379238182 0.04133025930943468
0 0.4306382050847087 0.14379285466708933 0.037162705141254075 0.05185610884960769
0 0.24730487175137536 0.15340094753564687 0.03888228045904837 0.041548625056447366
0 0.8374933621327286 0.13494760289660065 0.037162705141254075 0.05185610884960769
0 0.9227645255931797 0.13463777174950756 0.04132937180792074 0.052074474596620374
0 0.8861606890536305 0.1407151387025351 0.034861116998597196 0.045496925976101346
0 0.28339944706916964 0.1619069139159527 0.03248677725283275 0.03705440976926167
0 0.6475826465854101 0.1542582443856772 0.039464293283910955 0.05821529172311403
0 0.6934159799187434 0.15185622116853784 0.037162705141254075 0.05185610884960769
0 0.5246659799187434 0.16070003392255103 0.03270503206215617 0.04330440976926167
0 0.767265185847415 0.1511052291590629 0.03471561379238182 0.04133025930943468