0 0.42123770141096617 0.5887679763235786 0.0359015022278785 0.043109785247072804
0 0.7850331769573302 0.5359152754356031 0.04006816889454517 0.043279563903591146
0 0.42993466141520836 0.6203575336366153 0.03597422756206032 0.04935978524707281
0 0.8912831769573302 0.5402446311768219 0.03178331911733304 0.047106673257221135
0 0.9194809022915119 0.5476406371083209 0.03810604445151474 0.05361134124199864
0 0.5237089031932689 0.6262608867416122 0.04445301156375715 0.06219934256010949
0 0.3118028267557535 0.6686438419258416 0.03173483556121184 0.04294000659055446
0 0.7700627049649661 0.5915286054736593 0.03810604445151474 0.05361134124199888
0 0.995514319143847 0.54774143158217 0.008971361712305993 0.050594225297814197
0 0.7057096685232085 0.6086887029642912 0.029578776893696576 0.036605117262295296
0 0.23201872453848052 0.7018339361211962 0.01906514311478773 0.027847337287666106
0 0.39409449342242014 0.6719969703920795 0.02318332622533319 0.023850449277517782
0 0.3567399440907837 0.6829689624834141 0.03597422756206032 0.04935978524707281
0 0.6382679947485417 0.6288464664625342 0.03810604445151474 0.05361134124199888
0 0.5946634454169053 0.6395637905690912 0.01906514311478773 0.027847337287666106
0 0.2165149334287835 0.7116139328259189 0.03178331911733304 0.047106673257221135
0 0.19260508365157133 0.7148043722176048 0.04859543645236328 0.0602857878832945
0 0.8928218000742391 0.5829954091742847 0.03810604445151474 0.05361134124199864
0 0.8679066462974511 0.5892684039018411 0.03178331911733304 0.047106673257221135
0 0.37447251920217767 0.6857738551069504 0.03391513600678759 0.051358229252147204
0 0.388002064979814 0.6852839690739685 0.021172718226181667 0.030015559949258374
0 0.7495687565244812 0.619846378857734 0.04430756089539377 0.04969934256010949
0 0.6560732951941174 0.6379013590860706 0.02117271822618155 0.03001555994925861
0 0.29143008720557145 0.7073782819765829 0.03810604445151474 0.05361134124199888
0 0.6903513280818749 0.6309686996690139 0.02117271822618155 0.030015559949258374
0 0.4399763103118746 0.6780312022804483 0.0359015022278785 0.043109785247072804
0 0.3340172116486018 0.6987018465392296 0.03178331911733304 0.047106673257221135
0 0.49090888897726864 0.6707359908227984 0.03810604445151474 0.05361134124199864
0 0.6218437458624809 0.6490006851697939 0.03178331911733304 0.047106673257221135
0 0.7236482987481174 0.6292019289211609 0.035974227562060195 0.04935978524707281
0 0.40264600275829887 0.6910865277051162 0.02950605155951488 0.030355117262295294
0 0.5855066214194505 0.6579317885919249 0.03178331911733304 0.047106673257221135
0 0.6696513245278749 0.6415781397197553 0.03597422756206044 0.04935978524707281
0 0.7964195147464205 0.6196730554102324 0.03590150222787874 0.043109785247072804
0 0.2136202303203591 0.7312782655001968 0.027543927116484568 0.04068689460070279
0 0.4837263103118747 0.6798138781738914 0.03597422756206032 0.04935978524707281
0 0.2396497760979955 0.7312977154367698 0.04222422756206032 0.049614453231850555
0 0.8432460311902993 0.6174163986293977 0.03597422756206044 0.04935978524707281
0 0.2781308383195107 0.7276598346762315 0.021245443560363477 0.036265559949258376
0 0.2646255343199349 0.7302330540425468 0.0359015022278785 0.043109785247072804
0 0.1295724943241771 0.7559652477056995 0.04222422756206028 0.049614453231850555
0 0.988537795591968 0.5942344296050037 0.022924408816064102 0.036435338605776954
0 0.3176414463186622 0.7230227319131562 0.03597422756206032 0.04935978524707281