0 0.2294739415624073 0.5708002323092688 0.010562125541068449 0.008697091348872258
0 0.26923909848874295 0.5590012851835537 0.016884854978269342 0.013082012824862469
0 0.8252914583360794 0.3719774012250975 0.01688485497826946 0.013082012824862469
0 0.6514656737044013 0.43009911761637887 0.01688485497826946 0.013082012824862469
0 0.7792035719725429 0.3881612698268026 0.01688485497826946 0.013082012824862469
0 0.4534815497870876 0.5005158107767333 0.016884854978269342 0.013082012824862469
0 0.24299742586977374 0.5713690135557347 0.0168848549782694 0.013082012824862469
0 0.3435428966487805 0.5366269366065599 0.012718188311602792 0.012936509618646851
0 0.21677393561010483 0.582695075261249 0.014728792207735117 0.008842594555088113
0 0.3288322868003456 0.5444278644949812 0.01893182359300217 0.011071431094636826
0 0.7267747738125052 0.4097717265711644 0.014728792207735117 0.008842594555087993
0 0.22828681602133885 0.579169941444156 0.010562125541068449 0.008697091348872258
0 0.41991184578285135 0.515221503093125 0.021087886363536514 0.01531084936441142
0 0.5927323284664631 0.4550528291700641 0.023243949134070855 0.019550267634185894
0 0.7487406856090063 0.40379950140519916 0.01688485497826946 0.013082012824862469
0 0.25758075920310713 0.57085975233398 0.010562125541068449 0.008697091348872258
0 0.4649217007611207 0.501157343626307 0.014728792207735117 0.008842594555087875
0 0.5497148950250259 0.4742525703671075 0.01688485497826946 0.013082012824862469
0 0.5643709577955602 0.4695766424786862 0.01688485497826946 0.013082012824862469
0 0.5245148890727234 0.48658392293773456 0.01688485497826946 0.013082012824862469
0 0.6083027813885624 0.45763219214675555 0.012718188311602792 0.012936509618646851
0 0.6826611266265007 0.4321328435697617 0.021087886363536514 0.01531084936441142
0 0.6355133912369973 0.4493947546396874 0.012718188311602792 0.012936509618646851
0 0.3936338084452817 0.5296725647986392 0.021087886363536514 0.01531084936441142
0 0.47948685173515376 0.501689749071219 0.01688485497826946 0.013082012824862469
0 0.5778944421029266 0.4701454237251521 0.01688485497826946 0.013082012824862469
0 0.3632254691596459 0.5421857963770357 0.021087886363536514 0.01531084936441142
0 0.6532944540075315 0.4446096993466044 0.01688485497826946 0.013082012824862469
0 0.8836793387473134 0.3668153563380789 0.01688485497826946 0.013082012824862469
0 0.504577763531655 0.4956083965005921 0.01688485497826946 0.013082012824862469
0 0.3254709161294427 0.5580786585663096 0.021087886363536514 0.01531084936441142
0 0.6040270205660944 0.46402769535297117 0.01688485497826946 0.013082012824862469
0 0.8679270622322118 0.37465266002805403 0.012718188311602792 0.012936509618646851
0 0.2835315140732726 0.5751586906284658 0.01688485497826946 0.013082012824862469
0 0.5296323106095556 0.49161037726329837 0.010562125541068449 0.008697091348872376
0 0.8919763073620464 0.36860768325898097 0.010562125541068687 0.008697091348872258
0 0.8532164523837769 0.3824535879164754 0.01688485497826946 0.013082012824862469
0 0.4458444182937166 0.5205621080542773 0.01688485497826946 0.013082012824862469
0 0.5945611087695932 0.46956341090028964 0.01688485497826946 0.013082012824862469
0 0.423842141778615 0.528617666553576 0.023243949134070737 0.019550267634185894
0 0.4981823046572531 0.5041599846432488 0.021087886363536514 0.01531084936441142
0 0.7673088620160041 0.41356140364389554 0.01688485497826946 0.013082012824862469
0 0.676192938314898 0.44485109837908515 0.021087886363536514 0.01531084936441142
0 0.5767073165618581 0.4785151328600393 0.01688485497826946 0.013082012824862469
0 0.7453247678602027 0.42057529547652744 0.01688485497826946 0.013082012824862469
0 0.7076247619079002 0.43334315766580134 0.01688485497826946 0.013082012824862469
0 0.8280346287907747 0.3937432738204357 0.01688485497826946 0.013082012824862469
0 0.6489823284664631 0.45308853588615333 0.021087886363536514 0.01531084936441142
0 0.45834441829371664 0.5201255984356304 0.01688485497826946 0.013082012824862469
0 0.5525853419948227 0.48872677629577915 0.01688485497826946 0.013082012824862469
0 0.9306452505438145 0.35997011193481987 0.012718188311602792 0.012936509618646851
0 0.8123005346349733 0.4005389108437443 0.023243949134070855 0.019550267634185894
0 0.9390149485957483 0.3575957721890553 0.01688485497826946 0.013082012824862469
0 0.8520838739206091 0.3876982970513626 0.01907728246740419 0.01940476442797028
0 0.890807364180278 0.37593572572720146 0.01688485497826946 0.013082012824862469
0 0.6834664226222645 0.4456381344348745 0.01688485497826946 0.013082012824862469
0 0.783993711041971 0.4119377241523664 0.01688485497826946 0.013082012824862469
0 0.9127914583360793 0.36892183389456956 0.021087886363536514 0.01531084936441142
0 0.8268656856090063 0.40107131628865633 0.021087886363536514 0.01531084936441142
0 0.5053466948088182 0.5111970206990382 0.014728792207735117 0.008842594555087993
0 0.6530217186180282 0.4602346993466044 0.01688485497826946 0.013082012824862469
0 0.6268164107176595 0.470519094385452 0.021087886363536274 0.01531084936441142
0 0.5242057889646196 0.5042922562710679 0.021087886363536514 0.01531084936441142
0 0.33778909253644046 0.5680588156143294 0.023243949134070855 0.019550267634186012
0 0.927392974028713 0.36737090600614825 0.023243949134070855 0.019550267634185894
0 0.7566558246784345 0.4274668283261012 0.021087886363536514 0.01531084936441142
0 0.2791102943764027 0.5898875271680147 0.01688485497826946 0.013082012824862469
0 0.7137111206741982 0.44249990285647794 0.01688485497826946 0.013082012824862469
0 0.9671399485957484 0.35661362554709986 0.021087886363536514 0.01531084936441142
0 0.30738075325080466 0.580572047192726 0.012718188311602792 0.012936509618646851
0 0.3513671239217075 0.5655025968607954 0.010562125541068449 0.008697091348872258
0 0.41519970833717784 0.5466170062993406 0.01688485497826946 0.013082012824862469
0 0.29058681006903636 0.5884457266842552 0.012718188311602792 0.012936509618646851
0 0.3188572689434382 0.5791302467089664 0.012718188311602792 0.012936509618646851
0 0.39107773377014243 0.5568286497350804 0.01688485497826946 0.013082012824862469
0 0.6277489832285248 0.4767327185838981 0.01688485497826946 0.013082012824862469
0 0.8780346287907748 0.39199723534584835 0.01688485497826946 0.013082012824862469
0 0.4025906141813765 0.5533035159179874 0.021087886363536514 0.015310849364411183
0 0.8026346168861697 0.41753295972439614 0.01688485497826946 0.013082012824862469
0 0.8204338620160042 0.41170623776464643 0.01688485497826946 0.013082012824862469
0 0.47272774567474746 0.5310746705472091 0.021087886363536514 0.01531084936441142
0 0.7847808246784346 0.4264846816841458 0.021087886363536514 0.01531084936441142
0 0.44654062013367896 0.54031739891939 0.014728792207735117 0.008842594555088113
0 0.7439012716482314 0.44248667127808144 0.02525455303020318 0.015456352570627037
0 0.43393152597787765 0.547003908538037 0.01688485497826946 0.013082012824862469
0 0.7669452148299996 0.43439473697722886 0.021087886363536514 0.01531084936441142
0 0.4873110790080808 0.5305654093254545 0.016884854978269342 0.013082012824862469
0 0.9062141758686753 0.38789008870389297 0.014728792207735117 0.008842594555087993
0 0.8779437169942735 0.39720556867918166 0.021087886363536514 0.01531084936441142
0 0.9239770562799093 0.3841467000774766 0.021087886363536514 0.01531084936441142
0 0.7972626423191344 0.42708983873216566 0.01688485497826946 0.013082012824862469
0 0.6443611028172908 0.4792757057590356 0.01688485497826946 0.013082012824862469
0 0.5762527575793525 0.504556799526706 0.01688485497826946 0.013082012824862469
0 0.5102822927526481 0.5266401416912686 0.01688485497826946 0.013082012824862469
0 0.5312247202417828 0.5196626256601905 0.01688485497826946 0.013082012824862469
0 0.5448391163456504 0.5150230735733231 0.01688485497826946 0.013082012824862469
0 0.5207171417786151 0.5252347170090629 0.01688485497826946 0.013082012824862469
0 0.46834289069647805 0.5437201737534247 0.021087886363536514 0.01531084936441142
0 0.8243641580117679 0.42510240122509746 0.01688485497826946 0.013082012824862469
0 0.5929194242460192 0.5039747867018435 0.01893182359300217 0.011071431094636945
0 0.42536182197364136 0.5608365816171349 0.01688485497826946 0.013082012824862469
0 0.6997512597436263 0.466931121610012 0.023243949134070855 0.019550267634185894
0 0.561505783012317 0.5144410607484606 0.021087886363536514 0.01531084936441142
0 0.915480081712874 0.39381270648990785 0.021087886363536514 0.01531084936441142
0 0.3331860492465683 0.593204318820545 0.023243949134070737 0.019550267634186012
0 0.5017853181856128 0.5363061481036998 0.01688485497826946 0.013082012824862469
0 0.35727165909500325 0.5850760087181385 0.023243949134070737 0.019550267634186012
0 0.857842950219503 0.4156050422420392 0.01688485497826946 0.013082012824862469
0 0.6138254870165534 0.4990806040040988 0.014728792207735117 0.008842594555087993
0 0.3153322570388332 0.6021560407802948 0.01688485497826946 0.013082012824862469
0 0.7939194540075315 0.43969896613682735 0.01688485497826946 0.013082012824862469
0 0.6651217067134231 0.4827148563946242 0.023243949134070855 0.019550267634185894
0 0.5739876006530168 0.5150462177964805 0.012718188311602792 0.012936509618646851
0 0.8724081011935361 0.4161374476869512 0.023243949134070855 0.019550267634185894
0 0.5666232045491493 0.5194675150740244 0.014728792207735117 0.008842594555087993
0 0.3718368100690363 0.5856084141630507 0.023243949134070737 0.019550267634186012
0 0.7174232283583593 0.468396066316929 0.021087886363536514 0.01531084936441142
0 0.6042686634235511 0.5098246528847507 0.01688485497826946 0.013082012824862469
0 0.9802452386392095 0.3811407401268991 0.012790917748803565 0.017103176285313517
0 0.6346406379905865 0.4993947546396874 0.01688485497826946 0.013082012824862469
0 0.8409035481633329 0.4318120550669017 0.01688485497826946 0.013082012824862469
0 0.5937610849603833 0.5153967442336229 0.01688485497826946 0.013082012824862469
0 0.8011020265183968 0.44569433552595 0.01907728246740419 0.01940476442797028
0 0.8985043149381035 0.4121030526481036 0.021087886363536514 0.01531084936441142
0 0.7853679323625954 0.4524899725492586 0.023243949134070855 0.019550267634185894
0 0.8754240070377347 0.42227832028228945 0.021087886363536514 0.01531084936441142
0 0.7434285303064255 0.4695700046114147 0.014728792207735117 0.008842594555087993
0 0.6910724615835887 0.48701379468910994 0.014728792207735352 0.008842594555087993
0 0.485778488640308 0.5587267851270085 0.01688485497826946 0.013082012824862469
0 0.39362089827253516 0.590052855663752 0.01688485497826946 0.013082012824862469
0 0.5119110671034758 0.5526090567548274 0.021087886363536514 0.01531084936441142
0 0.38519665314270074 0.5955521954095164 0.01688485497826946 0.013082012824862469
0 0.6784270027091869 0.4957836376410901 0.01688485497826946 0.013082012824862469
0 0.34643679816443135 0.609398100067011 0.01907728246740407 0.01940476442797016
0 0.8375967245703306 0.44233784913823004 0.01688485497826946 0.013082012824862469
0 0.7224133733800898 0.48071418730915944 0.01688485497826946 0.013082012824862469
0 0.8909762776005338 0.42589934992564765 0.021087886363536514 0.01531084936441142
0 0.7150126125576218 0.4872188179200368 0.01688485497826946 0.013082012824862469
0 0.5819754691596459 0.5345468780507159 0.021087886363536514 0.01531084936441142
0 0.15786403896571796 0.677404077680047 0.012790917748803624 0.017103176285313517
0 0.6060610790080808 0.5264185679483095 0.01688485497826946 0.013082012824862469
0 0.4143996845279679 0.5924503396326739 0.023243949134070737 0.019550267634186012
0 0.731715643942889 0.484553471761841 0.023243949134070855 0.019550267634185894
0 0.9432414345268695 0.41366389318128577 0.021087886363536514 0.01531084936441142
0 0.6604822987049506 0.5099436929341732 0.021087886363536514 0.01531084936441142
0 0.3630671001124976 0.6108994205754819 0.018931823593002287 0.011071431094636826
0 0.3379034588787955 0.6211474398127755 0.023243949134070737 0.019550267634186012
0 0.4739928728395706 0.5778769189441013 0.01688485497826946 0.013082012824862469
0 0.7159088203498867 0.4955157754518162 0.021087886363536514 0.01531084936441142
0 0.932679308985801 0.42236098453015813 0.023243949134070855 0.019550267634185894
0 0.6928648771681184 0.5036077097526688 0.023243949134070855 0.019550267634185894
0 0.39961634524233197 0.6044179341877618 0.01688485497826946 0.013082012824862469
0 0.9054141520594653 0.4337234220372263 0.01907728246740419 0.01940476442797028
0 0.8111732283583593 0.46512224417707765 0.01688485497826946 0.013082012824862469
0 0.7535542792242885 0.4858729132625424 0.01688485497826946 0.013082012824862469
0 0.8320974734881936 0.4591863948126662 0.01907728246740419 0.01940476442797028
0 0.860331567643995 0.4519542481707108 0.021087886363536514 0.01531084936441142
0 0.5702444004368091 0.5505720118678089 0.021087886363536514 0.01531084936441142
0 0.7848770086614894 0.4806149725492586 0.01907728246740419 0.01940476442797028
0 0.38695270400863 0.6142294438064086 0.01907728246740419 0.01940476442797016
0 0.8424777754362599 0.46090597013046053 0.01688485497826946 0.013082012824862469
0 0.48015196104306945 0.5828669974681112 0.023243949134070737 0.019550267634186012
0 0.6016216769519107 0.5421890711545251 0.01688485497826946 0.013082012824862469
0 0.41103831385706496 0.6061011337040022 0.021087886363536514 0.01531084936441142
0 0.7503383674277873 0.4911903740005374 0.023243949134070855 0.019550267634185776
0 0.6142125887484118 0.5365442282025449 0.023243949134070855 0.019550267634185776
0 0.6456080476228135 0.5271196208225944 0.023243949134070855 0.019550267634185776
0 0.7367057889646195 0.49687159275407144 0.010562125541068449 0.008697091348872376
0 0.6173012240298114 0.5385184341312165 0.021087886363536514 0.01531084936441142
0 0.6622928966487805 0.5254959413310654 0.01907728246740419 0.01940476442797016
0 0.735591392860752 0.501074635222292 0.023243949134070855 0.019550267634185776
0 0.4308663452423321 0.6033266601411448 0.01907728246740407 0.01940476442797016
0 0.5763853062810078 0.5566037570584855 0.021087886363536514 0.01531084936441142
0 0.3753125470822944 0.6250462442901683 0.023243949134070737 0.019550267634186012
0 0.6485875887484117 0.535343826751266 0.023243949134070855 0.019550267634186012
0 0.9879058246784346 0.41939140038113454 0.0086242510821369 0.0169576730790979
0 0.886318687232761 0.45416985313186325 0.023243949134070855 0.019550267634185776
0 0.9439194540075315 0.43446085071306517 0.023243949134070855 0.019550267634185894
0 0.8423323165618581 0.46923930346379383 0.021087886363536514 0.01531084936441142
0 0.9051232343106617 0.45039008870389297 0.021087886363536514 0.01531084936441142
0 0.9177141461071627 0.4447452457519128 0.023243949134070855 0.019550267634185894
0 0.8108823106095556 0.4817889108437443 0.023243949134070855 0.019550267634185894
0 0.6872928966487806 0.5246229220937716 0.01688485497826946 0.013082012824862469
0 0.5364565081209701 0.5777777041842005 0.021087886363536514 0.015310849364411183
0 0.977343699137366 0.4280884917300069 0.023243949134070855 0.019550267634185894
0 0.7636800281421514 0.50217582191367 0.01688485497826946 0.013082012824862469
0 0.5657322689434382 0.5705091817406912 0.021087886363536514 0.01531084936441142
0 0.4536739177531974 0.6087763925069588 0.014728792207735117 0.008842594555088113
0 0.7531542673196834 0.508789579929209 0.01907728246740419 0.01940476442797016
0 0.8662542851765911 0.47048599336138736 0.01688485497826946 0.013082012824862469
0 0.9102042911288935 0.4574998763627901 0.021087886363536514 0.01531084936441142
0 0.4295155784675615 0.621071369276032 0.023243949134070737 0.019550267634186012
0 0.5477875649392019 0.5846692370337742 0.01688485497826946 0.013082012824862469
0 0.8284633674277874 0.4884621888839946 0.02744698051933791 0.021779104173734846
0 0.5613655963244689 0.5821130182802402 0.023243949134070855 0.019550267634186012
0 0.5372799864760341 0.5902413283826465 0.01688485497826946 0.013082012824862469
0 0.8807467067134233 0.4751850654729661 0.021087886363536514 0.01531084936441142
0 0.6786140984887429 0.5447055951728695 0.023243949134070855 0.019550267634185776
0 0.9875967245703307 0.43709973371446786 0.008733345237938294 0.0232076730790979
0 0.6408777278178399 0.5595567906954767 0.021087886363536514 0.01531084936441142
0 0.5591913511946345 0.5873941032166812 0.01907728246740419 0.01940476442797016
0 0.8565701850684871 0.48852170890870583 0.023243949134070855 0.019550267634185894
0 0.9089262537913239 0.4710779188310107 0.021087886363536514 0.01531084936441142
0 0.4962913392900295 0.6124933179765821 0.023243949134070855 0.019550267634186012
0 0.598865596324469 0.5808034894242996 0.01688485497826946 0.013082012824862469
0 0.4375943587706917 0.6353636961969341 0.01907728246740407 0.01940476442797016
0 0.8763618517351539 0.4878305686791817 0.01688485497826946 0.013082012824862469
0 0.9674777754362599 0.45654087394399206 0.021087886363536514 0.01531084936441142
0 0.46480496861912657 0.627126258689866 0.01907728246740407 0.01940476442797016
0 0.8334353300902178 0.5018219765428917 0.021087886363536514 0.01531084936441142
0 0.6292193885322042 0.571415257845903 0.021087886363536514 0.01531084936441142
0 0.5171246726233628 0.611765801945504 0.01688485497826946 0.013082012824862469
0 0.6470004513027383 0.56663020255282 0.01688485497826946 0.013082012824862469
0 0.7171557651554096 0.5433596905153751 0.023243949134070855 0.019550267634186012
0 0.8040504751119484 0.5153404989864011 0.021087886363536514 0.01531084936441142
0 0.6741383317139724 0.5625594317124185 0.023243949134070855 0.019550267634185776
0 0.942241404765357 0.4709555598479524 0.023243949134070855 0.019550267634185894
0 0.8291413869084495 0.5092591464157741 0.012790917748803565 0.017103176285313517
0 0.9076663988130546 0.4836142946325646 0.01688485497826946 0.013082012824862469
0 0.9631656498951915 0.465019710483541 0.021087886363536514 0.01531084936441142
0 0.7442936455666437 0.5392889196749736 0.023243949134070855 0.019550267634185776
0 0.5935118041167338 0.5893187017654024 0.01688485497826946 0.013082012824862469
0 0.6311572629911357 0.5796758395761284 0.01688485497826946 0.013082012824862469
0 0.772527739722445 0.5320567730330182 0.01907728246740419 0.01940476442797028
0 0.43737617045908894 0.6478636961969341 0.02744698051933791 0.02177910417373473
0 0.9871058008692245 0.4652247337144679 0.008551521644936127 0.012791006412431234
0 0.849901990804582 0.5126982970513626 0.023243949134070855 0.019550267634185894
0 0.48123526461489036 0.6400859125316702 0.023243949134070737 0.019550267634186012
0 0.9378383674277874 0.4846427297208347 0.021087886363536514 0.01531084936441142
0 0.9734186753281561 0.474030952468002 0.023243949134070855 0.019550267634185894
0 0.5053208744633253 0.6319576024292637 0.023243949134070737 0.019550267634186012
0 0.4623216233811883 0.6501156769596403 0.021087886363536514 0.01531084936441142
0 0.8937610849603833 0.5049205133860987 0.02525455303020318 0.015456352570627037
0 0.5313625411299919 0.6310482073904161 0.01688485497826946 0.013082012824862469
0 0.7471095454585398 0.5568881256036453 0.023243949134070855 0.019550267634186012
0 0.641301194268299 0.5949370815605896 0.01907728246740419 0.01940476442797016
0 0.9731823046572532 0.48757261913466865 0.027446980519337673 0.021779104173734846
0 0.5186988998962899 0.6408597170090629 0.021087886363536514 0.01531084936441142
0 0.72708150812097 0.571120932499836 0.02744698051933791 0.02177910417373473
0 0.8338951612592772 0.5351189340746711 0.023243949134070855 0.019550267634186012
0 0.49565495671452164 0.6489516513099154 0.021087886363536514 0.01531084936441142
0 0.8747019848522795 0.5232836111474023 0.02744698051933791 0.021779104173734846
0 0.784554998380639 0.5587035967477048 0.023243949134070855 0.019550267634186012
0 0.5688261764113915 0.631822011867809 0.023243949134070855 0.019550267634186012
0 0.9007981985968468 0.5192492161085547 0.021087886363536514 0.01531084936441142
0 0.7070534707834004 0.5853537393960269 0.027446980519337673 0.02177910417373473
0 0.7478966590950032 0.5714350831354246 0.023243949134070855 0.019550267634186012
0 0.6180572451342281 0.6144873491947753 0.021087886363536274 0.01531084936441142
0 0.4954913154808196 0.6583266513099154 0.021087886363536514 0.01531084936441142
0 0.6661921001124976 0.6003140623232959 0.023243949134070855 0.019550267634186012
0 0.6797337667791642 0.599841176903095 0.012790917748803565 0.017103176285313517
0 0.7645451434023696 0.5718947369772288 0.01688485497826946 0.013082012824862469
0 0.9645580535751161 0.5045302922137666 0.01688485497826946 0.013082012824862469
0 0.9749747202417828 0.5041665341982274 0.012718188311602792 0.012936509618646851
0 0.8870201612592772 0.5332637681954221 0.023243949134070855 0.019550267634185776
0 0.5246761645067864 0.6562664621997395 0.02525455303020318 0.015456352570627037
0 0.5989981450261243 0.6328504469560791 0.023243949134070855 0.019550267634186012
0 0.8408959101771402 0.5515309701304605 0.023243949134070855 0.019550267634186012
0 0.9372019848522795 0.521101063054168 0.021087886363536514 0.01531084936441142
0 0.5664882900478551 0.64647809680425 0.023243949134070855 0.019550267634186012
0 0.9173012240298114 0.5280422032836922 0.023243949134070855 0.019550267634185894
0 0.7286921001124976 0.5981315142300616 0.023243949134070855 0.019550267634186012
0 0.5726291958920536 0.6525098419949267 0.01688485497826946 0.013082012824862469
0 0.6281102646148902 0.6349569245125698 0.023243949134070855 0.019550267634186012
0 0.5181352467579828 0.6731513836757297 0.023243949134070737 0.019550267634186012
0 0.9275906141813764 0.5349701119348198 0.021087886363536514 0.01531084936441142
0 0.5862072272773207 0.6499536232413925 0.021087886363536514 0.01531084936441142
0 0.8825262121252064 0.5521592714016378 0.021087886363536514 0.01531084936441142
0 0.7055026980563274 0.6145567818642473 0.023243949134070855 0.019550267634186012
0 0.7976057413461995 0.586355711327504 0.021087886363536514 0.01531084936441142
0 0.9819754691596458 0.5205785702540168 0.016993949134070856 0.01933201282486247
0 0.5452367624506164 0.6711639461686615 0.021087886363536514 0.01531084936441142
0 0.7692989177531973 0.597754524636126 0.01907728246740419 0.01940476442797016
0 0.9640307651554096 0.5347386255470998 0.01688485497826946 0.013082012824862469
0 0.9755072808480433 0.5332968250633402 0.01907728246740419 0.01940476442797028
0 0.9011671179694051 0.5577545069736675 0.02960304328987225 0.026018522443509322
0 0.6833004155889235 0.6340706736968794 0.023243949134070855 0.019550267634185776
0 0.9178883317139724 0.5540474941488049 0.01688485497826946 0.013082012824862469
0 0.6623398057404885 0.6420898563946242 0.023243949134070855 0.019550267634185776
0 0.8497254393981334 0.5824535879164754 0.023243949134070855 0.019550267634186012
0 0.8643633198093674 0.5788193266947208 0.023243949134070855 0.019550267634186012
0 0.7124488998962898 0.6340938179200369 0.02744698051933791 0.02177910417373473
0 0.6097837310653493 0.6709919798056527 0.023243949134070855 0.019550267634186012
0 0.789914062774928 0.6095270086050478 0.023243949134070855 0.019550267634186012
0 0.8077133079047625 0.6037002866452982 0.023243949134070855 0.019550267634185776
0 0.684087529225387 0.6486176312286588 0.023243949134070855 0.019550267634186012
0 0.7374307175369896 0.6342624653494099 0.02744698051933791 0.02177910417373473
0 0.6640776742471175 0.6618087714581831 0.023243949134070855 0.019550267634186012
0 0.7540973842036564 0.6336804525245474 0.01907728246740419 0.01940476442797016
0 0.8410102765194954 0.6046195943289067 0.023243949134070855 0.019550267634186012
0 0.684765548706049 0.6694145887604382 0.021087886363536514 0.01531084936441142
0 0.8879216412380958 0.6008993499256476 0.023243949134070855 0.019550267634186012
0 0.9758943825799017 0.5707604492617864 0.023243949134070855 0.019550267634186012
0 0.6522556937277796 0.6830422386086094 0.023243949134070855 0.019550267634186012
0 0.9339549805237316 0.5878404813239425 0.02744698051933791 0.02177910417373473
0 0.7673663154808196 0.6488325671043464 0.02744698051933791 0.02177910417373473
0 0.8155011704590891 0.634659280232867 0.03380607467513907 0.02824735898305827
0 0.6259412916716097 0.6995766336474569 0.023243949134070855 0.019550267634186012
0 0.8489435979482235 0.6272452545831421 0.023243949134070855 0.019550267634186012
0 0.9284375470822944 0.6057306936650453 0.023243949134070855 0.019550267634186012
0 0.8853655665629565 0.6280554348620887 0.023243949134070855 0.019550267634186012
0 0.6549806818231746 0.7058497778706143 0.023243949134070855 0.019550267634186012
0 0.7010503858274111 0.6907075759355759 0.023243949134070855 0.019550267634186012
0 0.667498864182475 0.7043716015853008 0.01907728246740419 0.01940476442797016
0 0.6915481093123094 0.6983266248162276 0.021087886363536514 0.01531084936441142
0 0.9416701136408572 0.622966141578178 0.021087886363536514 0.01531084936441142
0 0.8484708566064179 0.6543285879164754 0.023243949134070855 0.019550267634186012
0 0.7594019015200445 0.6876288643818905 0.023243949134070855 0.019550267634186012
0 0.9122670763032876 0.637526330688354 0.023243949134070855 0.019550267634186012
0 0.7321003798751085 0.7010746352222922 0.023243949134070855 0.019550267634186012
0 0.6985306758708721 0.7157803275386837 0.023243949134070855 0.019550267634186012
0 0.6981124816069669 0.7397386608720171 0.023243949134070855 0.019550267634186012
0 0.8151791601782387 0.7127479044313131 0.033806074675139304 0.02824735898305827
0 0.7198965698104658 0.7441831023727182 0.023243949134070855 0.019550267634186012
0 0.836103405308073 0.7068120550669017 0.021087886363536514 0.01531084936441142
0 0.8419897581220686 0.7274271335909115 0.023243949134070855 0.019550267634186012
0 0.823954142321331 0.7467955222173279 0.023243949134070855 0.019550267634185776
0 0.8688185384251987 0.7410646960838434 0.023243949134070855 0.019550267634186012
0 0.8858904891830242 0.7769046407907605 0.03165001190460496 0.024007940713283916
0 0.9654935324728963 0.7491400798726637 0.03380607467513907 0.02824735898305827
0 0.9234268539016246 0.7735117786014866 0.023243949134070855 0.019550267634186012
0 0.9839707970833927 0.7641103154446934 0.0044212196968696086 0.014728836539548951
0 0.9629192754384569 0.7773378314757714 0.01907728246740419 0.01940476442797016
0 0.9534169989233552 0.7849568803564233 0.023243949134070855 0.019550267634185776
0 0.9073109302005185 0.8021824156247951 0.02543637662320535 0.025873019237293703
0 0.9365685086636863 0.7959555598479524 0.023243949134070855 0.019550267634185776
0 0.8839033398327456 0.831107683258981 0.023243949134070855 0.019550267634186012
0 0.904736673166079 0.8303801672279029 0.025436376623205584 0.025873019237293703
0 0.8565654534692091 0.8466367874327159 0.025436376623205584 0.025873019237293703
0 0.9654260752222491 0.8126453707377764 0.03165001190460496 0.024007940713283677
0 0.9266480378846793 0.8275329420619375 0.02960304328987225 0.026018522443509322
0 0.950624553577313 0.8256546319595311 0.023243949134070855 0.019550267634185776
0 0.9620828869106464 0.8252544981424381 0.023243949134070855 0.019550267634186012
0 0.8981957554172754 0.8472650887038928 0.023243949134070855 0.019550267634186012
0 0.9138571201358758 0.8446361183472512 0.023243949134070855 0.019550267634186012
0 0.9735412202439797 0.8248543643253453 0.023243949134070855 0.019550267634186012
0 0.37246501407107574 0.2514152931708201 0.010562125541068449 0.008697091348872376
0 0.3891862278156431 0.24770828034595768 0.004239396103867558 0.004312169872882284
0 0.32740061201490567 0.268604452637638 0.010562125541068449 0.008697091348872376
0 0.32528091396297193 0.2707605375740791 0.004239396103867558 0.004312169872882284
0 0.3503536434001729 0.2657208516701188 0.010562125541068449 0.008697091348872376
0 0.293794543292069 0.2853934782873629 0.004239396103867558 0.004312169872882284
0 0.27177408441766715 0.29449070345332823 0.004239396103867558 0.004312169872882284
0 0.2864483295475016 0.28877310889824026 0.004239396103867558 0.004312169872882284
0 0.22568619805413062 0.31067457205503335 0.010562125541068449 0.008697091348872376
0 0.42251956114897643 0.24654425469623273 0.012718188311602792 0.012936509618646851
0 0.3136225746773361 0.2826190047245054 0.010562125541068449 0.008697091348872376
0 0.4455635043307447 0.23845232039538017 0.012718188311602792 0.012936509618646851
0 0.49581805736094786 0.22212294858745946 0.010562125541068449 0.008697091348872376
0 0.1334922429677574 0.3440839759251102 0.010562125541068449 0.008697091348872376
0 0.24653771374676423 0.3089053893572886 0.010562125541068449 0.008697091348872376
0 0.09575587229685446 0.3589351714477174 0.004239396103867558 0.004312169872882284
0 0.08000359578175287 0.3667724751376927 0.010562125541068479 0.008697091348872376
0 0.30614908441766714 0.29329030200204936 0.010562125541068449 0.008697091348872376
0 0.11139905465615468 0.3573478677577422 0.010562125541068479 0.008697091348872376
0 0.2495536195909628 0.3150462619526269 0.014728792207735117 0.008842594555087993
0 0.04636116234031569 0.3856448341207509 0.023243949134070737 0.019550267634185894
0 0.13223238798948803 0.3566203517266641 0.0168848549782694 0.013082012824862469
0 0.4620665297637093 0.24724530757051774 0.010562125541068449 0.008697091348872376
0 0.10076419967788529 0.37021162577328126 0.010562125541068479 0.008697091348872376
0 0.07351722511084993 0.38053239661368277 0.010562125541068479 0.008697091348872376
0 0.2243172489200599 0.32946094785658725 0.010562125541068449 0.008697091348872376
0 0.4389680395040404 0.2584622418713703 0.014728792207735117 0.008842594555087993
0 0.2096430037902254 0.3351785424116753 0.014728792207735117 0.008842594555087993
0 0.48925895725284396 0.24004953673011623 0.01688485497826946 0.013082012824862469
0 0.1520058722968545 0.3569708781638066 0.010562125541068449 0.008697091348872376
0 0.49967562391951065 0.23968577871457716 0.014728792207735117 0.008842594555087993
0 0.5132172905861773 0.23921289329437645 0.010562125541068449 0.008697091348872376
0 0.3120899843095633 0.3107803805260593 0.012718188311602792 0.012936509618646851
0 0.09846267803294924 0.38278437737638904 0.004239396103867558 0.004312169872882284
0 0.06076267208064676 0.39555223956566293 0.012718188311602718 0.012936509618646851
0 0.40949227272926986 0.2771890976482129 0.012718188311602674 0.012936509618646851
0 0.08484828192908168 0.3874239294632565 0.012718188311602733 0.012936509618646851
0 0.20737784686388983 0.3456679606814497 0.004239396103867558 0.004312169872882284
0 0.3686490844176672 0.2911077539088152 0.012718188311602792 0.012936509618646851
0 0.07329903679924721 0.3930323966136828 0.010562125541068479 0.008697091348872376
0 0.009411905305876234 0.41504298717513755 0.014728792207735146 0.008842594555087993
0 0.029294483769044036 0.40914351361228 0.014728792207735146 0.008842594555087993
0 0.4586506120149057 0.26402110164184606 0.014728792207735117 0.008842594555087993
0 0.19999526840072204 0.35113092462566037 0.010562125541068449 0.008697091348872258
0 0.42933848647383727 0.2733729574186887 0.010562125541068449 0.008697091348872376
0 0.2659475508681261 0.33008924912776444 0.010562125541068449 0.008697091348872376
0 0.18424299188562046 0.3589682283156356 0.010562125541068449 0.008697091348872376
0 0.1559725330112186 0.3682837082909243 0.010562125541068449 0.008697091348872376
0 0.24082027435302453 0.3382539350317248 0.010562125541068508 0.008697091348872376
0 0.2952233116905942 0.3228207266842551 0.014728792207735117 0.008842594555087993
0 0.1014967662364481 0.3878835833050607 0.004239396103867558 0.004312169872882284
0 0.35074074513203135 0.3031844758685649 0.014728792207735117 0.008842594555087993
0 0.12238464664768213 0.38403106727398256 0.004239396103867558 0.004312169872882284
0 0.30774149404989437 0.3213425503989416 0.010562125541068449 0.008697091348872376
0 0.3852430216471329 0.2946924077506194 0.010562125541068449 0.008697091348872376
0 0.5035695551966739 0.2551652755083616 0.010562125541068449 0.008697091348872376
0 0.002577163421354216 0.4247817451906766 0.005154326842708432 0.008769842951980186
0 0.04904978571711025 0.4105357067160892 0.0168848549782694 0.013082012824862469
0 0.07207554653957829 0.4034854390819033 0.00851515692633562 0.010707673079097901
0 0.11187706818451432 0.38960315862285494 0.010562125541068479 0.008697091348872376
0 0.00042110065081997646 0.435271163460451 0.0008422013016399529 0.012791006412431234
0 0.26371875866039096 0.33849533406420557 0.012718188311602733 0.012936509618646851
0 0.06058084848764448 0.4059689062323296 0.012718188311602718 0.012936509618646851
0 0.4396642413440028 0.27821753273648303 0.010562125541068449 0.008697091348872376
0 0.1024111563880132 0.39513887417017346 0.010562125541068479 0.008697091348872376
0 0.19561041342245264 0.36377642783187597 0.004239396103867558 0.004312169872882284
0 0.15158767803294929 0.38092921149713993 0.014728792207735117 0.008842594555087993
0 0.17567328788138417 0.3728009013947335 0.010562125541068508 0.008697091348872376
0 0.13064525054381457 0.38790672752821803 0.010562125541068479 0.008697091348872376
0 0.03326114448340821 0.4204563437393977 0.016884854978269383 0.013082012824862469
0 0.02063386796830662 0.42818452002471125 0.010562125541068479 0.008697091348872376
0 0.4740937884219034 0.2738921312852042 0.010562125541068449 0.008697091348872376
0 0.317007399894093 0.32726516818495643 0.010562125541068449 0.008697091348872376
0 0.2300763252189538 0.35736769304726385 0.010562125541068449 0.008697091348872376
0 0.36938165097623 0.30877971144059463 0.010562125541068449 0.008697091348872376
0 0.3358664940498944 0.32036040375698616 0.010562125541068449 0.008697091348872258
0 0.08556266612834425 0.40613755366170257 0.010562125541068508 0.008697091348872376
0 0.30335663907162497 0.3339880536051572 0.010562125541068449 0.008697091348872376
0 0.16721267803294929 0.38038357447383137 0.010562125541068449 0.008697091348872376
0 0.4677710589847025 0.27827705276119435 0.012718188311602792 0.012936509618646851
0 0.09285433279501092 0.40588292305082524 0.012718188311602733 0.012936509618646851
0 0.15778313095504856 0.3838359566878165 0.010562125541068449 0.008697091348872376
0 0.0029798114192360766 0.44037036938912266 0.005959622838472153 0.012936509618646851
0 0.20906116829261817 0.36851187574500854 0.016884854978269342 0.013082012824862469
0 0.28552102922319006 0.34189810889824024 0.010562125541068449 0.008697091348872376
0 0.5064763668850712 0.2675561481036999 0.01688485497826946 0.013082012824862469
0 0.4247899902618658 0.29539346062490435 0.014728792207735117 0.008842594555087993
0 0.05826114448340821 0.41958332450210406 0.016884854978269383 0.013082012824862469
0 0.19753010552208394 0.3730786762287682 0.014728792207735117 0.008842594555087875
0 0.2949323939417905 0.33948739335092176 0.004239396103867558 0.004312169872882284
0 0.040443716994273515 0.4264517131285204 0.016884854978269383 0.013082012824862469
0 0.07710205627990933 0.4137202267408005 0.012718188311602733 0.012936509618646851
0 0.13152327597677918 0.39724535172666414 0.012718188311602733 0.012936509618646851
0 0.405894531387464 0.30438155838620795 0.012718188311602792 0.012936509618646851
0 0.39123846861692974 0.3090574862746293 0.016884854978269342 0.013082012824862469
0 0.11686721320624495 0.40192127961508545 0.0168848549782694 0.013082012824862469
0 0.36505134307586123 0.31830021464681024 0.012718188311602792 0.012936509618646851
0 0.3524422489200599 0.3249867242654571 0.016884854978269342 0.013082012824862469
0 0.4257589274913316 0.29952375149001714 0.010562125541068449 0.008697091348872376
0 0.2456285957817529 0.36098872269062193 0.010562125541068449 0.008697091348872376
0 0.2089338917775166 0.37580354241167524 0.014728792207735117 0.008842594555087993
0 0.4382771098506318 0.2980455752047036 0.010562125541068449 0.008697091348872376
0 0.504247574677336 0.275962233040141 0.014728792207735117 0.008842594555087993
0 0.1460884269508123 0.3977777571715761 0.010562125541068449 0.008697091348872376
0 0.3083649664526558 0.345264507930721 0.010562125541068449 0.008697091348872376
0 0.18165055249188075 0.38820764658541 0.012718188311602733 0.012936509618646851
0 0.37433543127936014 0.3231811657661584 0.010562125541068449 0.008697091348872376
0 0.16907782305467986 0.39281082287072355 0.010562125541068449 0.008697091348872376
0 0.12923993669114334 0.40877643666310526 0.010562125541068479 0.008697091348872376
0 0.47482635498046627 0.2915640888169836 0.010562125541068449 0.008697091348872258
0 0.40152785876849484 0.3159853949257569 0.010562125541068449 0.008697091348872376
0 0.43924604708009757 0.30217586606981633 0.01688485497826946 0.013082012824862469
0 0.14177630140974382 0.40625659371112505 0.010562125541068508 0.008697091348872376
0 0.22764752705891614 0.3772321113170383 0.010562125541068449 0.008697091348872376
0 0.28839147619298694 0.35637231482691184 0.01688485497826946 0.013082012824862469
0 0.3878770979460268 0.32270828034595767 0.012718188311602792 0.012936509618646851
0 0.2611626839852518 0.3656514190006467 0.016884854978269342 0.013082012824862469
0 0.45170968236149706 0.30382268978450283 0.010562125541068449 0.008697091348872376
0 0.24645207413681683 0.37345234688906803 0.010562125541068449 0.008697091348872376
0 0.14594296807641047 0.40611109050490946 0.012718188311602733 0.012936509618646851
0 0.4129680097425279 0.31662692777533064 0.012718188311602792 0.012936509618646851
0 0.35004981547862274 0.34276780920189825 0.01688485497826946 0.013082012824862469
0 0.3699323939417905 0.33686833563904073 0.012718188311602792 0.012936509618646851
0 0.4725793804134309 0.30101184042009144 0.010562125541068449 0.008697091348872258
0 0.21915055249188076 0.3868981177294695 0.010562125541068449 0.008697091348872376
0 0.29873541342245263 0.3601752234780395 0.010562125541068449 0.008697091348872376
0 0.3227846585522871 0.35413024670896637 0.010562125541068449 0.008697091348872376
0 0.16673993669114337 0.4074669078071647 0.0168848549782694 0.013082012824862469
0 0.12379523268690708 0.42249998233754144 0.010562125541068479 0.008697091348872376
0 0.28612631926665133 0.36686173309668635 0.01688485497826946 0.013082012824862469
0 0.14161266017604177 0.41563159371112507 0.0168848549782694 0.013082012824862469
0 0.18450281710237737 0.40372351918074834 0.012718188311602733 0.012936509618646851
0 0.0630331011935361 0.4444014454943345 0.014728792207735146 0.008842594555087875
0 0.23897858387714788 0.38412364416661204 0.010562125541068449 0.008697091348872376
0 0.515433172621166 0.2911870992230481 0.010562125541068449 0.008697091348872376
0 0.2002187288988785 0.39796954882410646 0.0168848549782694 0.013082012824862469
0 0.4661657391797288 0.3106050952294149 0.010562125541068449 0.008697091348872376
0 0.5300346883137995 0.28963617133462677 0.01688485497826946 0.013082012824862469
0 0.17293538961324267 0.4103736529978413 0.014728792207735117 0.008842594555087993
0 0.24831721915854743 0.3858795952859602 0.010562125541068449 0.008697091348872376
0 0.19488311905044356 0.40544309449854266 0.014728792207735117 0.008842594555087875
0 0.23364297402871295 0.39159718984104824 0.012718188311602674 0.012936509618646851
0 0.24097100541398006 0.38925922589683754 0.004239396103867558 0.004312169872882284
0 0.34359980952632024 0.3544443973445549 0.012718188311602792 0.012936509618646851
0 0.3865263311712563 0.3404529894808449 0.012718188311602674 0.012936509618646851
0 0.4629680097425279 0.3148808893007432 0.01688485497826946 0.013082012824862469
0 0.4503770979460268 0.3205257322527234 0.010562125541068449 0.008697091348872376
0 0.09536113257880323 0.4411904623128302 0.014728792207735146 0.008842594555087993
0 0.5068998333355302 0.3029364389688126 0.010562125541068449 0.008697091348872376
0 0.318417985933318 0.3657340832485153 0.004239396103867676 0.004312169872882284
0 0.15296189935357377 0.42148145989403213 0.010562125541068449 0.008697091348872376
0 0.1089755286826708 0.43655091022596276 0.014728792207735146 0.008842594555087993
0 0.3770240546561547 0.3480720383614967 0.012718188311602674 0.012936509618646851
0 0.2230808484876445 0.4002942811899206 0.012718188311602674 0.012936509618646851
0 0.2869679799810155 0.3782836906284658 0.010562125541068449 0.008697091348872376
0 0.26496570346591386 0.3863392491277644 0.0168848549782694 0.013082012824862469
0 0.2953376780329492 0.3759093508827012 0.012718188311602792 0.012936509618646851
0 0.14035280519777238 0.428167969512679 0.014728792207735117 0.008842594555087993
0 0.34036571537051885 0.3608035247492167 0.01688485497826946 0.013082012824862469
0 0.20314372294657598 0.4093187547527781 0.016884854978269342 0.013082012824862469
0 0.12251719534933744 0.436078024805762 0.012718188311602733 0.012936509618646851
0 0.18742781115007484 0.41507272510941995 0.012718188311602674 0.012936509618646851
0 0.3277748035740177 0.3664483677011968 0.012718188311602674 0.012936509618646851
0 0.3675581428596536 0.3536077539088152 0.010562125541068449 0.008697091348872376
0 0.3068141937255828 0.3744675503989416 0.016884854978269342 0.013082012824862469
0 0.3978937527080885 0.3452611889970853 0.01688485497826946 0.013082012824862469
0 0.43557557630109073 0.33353499347447807 0.014728792207735117 0.008842594555087993
0 0.4711922489200599 0.320839882888312 0.010562125541068449 0.008697091348872376
0 0.10671037175633519 0.44704032849573727 0.0168848549782694 0.013082012824862469
0 0.3517513192666513 0.3645700575987904 0.014728792207735117 0.008842594555087993
0 0.1486134090939048 0.4320436297669144 0.0168848549782694 0.013082012824862469
0 0.5067543744611284 0.311269772302146 0.012718188311602792 0.012936509618646851
0 0.22394069156130889 0.4106745720550334 0.010562125541068449 0.008697091348872376
0 0.2899293387473134 0.38754956322380407 0.014728792207735117 0.008842594555087993
0 0.54125665097623 0.30277770418420047 0.010562125541068449 0.008697091348872376
0 0.12551491883423588 0.443260564067767 0.014728792207735146 0.008842594555087993
0 0.36532935065191835 0.36201383884525634 0.014728792207735117 0.008842594555087993
0 0.4208286017340554 0.34341925469623275 0.010562125541068449 0.008697091348872376
0 0.25219296807641045 0.4024007587464113 0.014728792207735176 0.008842594555087993
0 0.3150384329031148 0.3804265439865103 0.004239396103867558 0.004312169872882284
0 0.19671189935357375 0.4199536762287682 0.018931823593002287 0.011071431094636826
0 0.3328376780329492 0.3745998220267606 0.010562125541068449 0.008697091348872258
0 0.10347627760053384 0.453399455900399 0.010562125541068479 0.008697091348872376
0 0.21553462879077465 0.4151322451341313 0.010562125541068449 0.008697091348872376
0 0.37472253301121866 0.36064478996460453 0.014728792207735117 0.008842594555087993
0 0.17571492478653836 0.4300561922598462 0.0168848549782694 0.013082012824862469
0 0.11603082467843452 0.4498379462817521 0.012718188311602733 0.012936509618646851
0 0.3495588917775166 0.3708928092018982 0.012718188311602792 0.012936509618646851
0 0.27101569751361143 0.39757932765177434 0.01688485497826946 0.013082012824862469
0 0.3223300995697815 0.380171913375633 0.012718188311602792 0.012936509618646851
0 0.08147400108543223 0.4614550143996976 0.012718188311602733 0.012936509618646851
0 0.4396149664526558 0.3406811569349291 0.010562125541068449 0.008697091348872376
0 0.14638461688616963 0.44044971470335553 0.016884854978269342 0.013082012824862469
0 0.4846248214309252 0.3266169974681113 0.010562125541068449 0.008697091348872376
0 0.09607551677806582 0.4599040865112763 0.0168848549782694 0.013082012824862469
0 0.519145280305327 0.3170832626834991 0.004239396103867558 0.004312169872882284
0 0.1337755227303683 0.4471362243220024 0.010562125541068449 0.008697091348872376
0 0.16939219534933744 0.4344411137358363 0.016884854978269342 0.013082012824862469
0 0.22697477976480773 0.41577377798370496 0.012718188311602674 0.012936509618646851
0 0.4364172370154549 0.3449569510062575 0.01688485497826946 0.013082012824862469
0 0.5589649843095633 0.3021593155577841 0.012718188311602792 0.012936509618646851
0 0.545296041127795 0.3099238676446515 0.012718188311602792 0.012936509618646851
0 0.4772240606084572 0.33312162807898865 0.01688485497826946 0.013082012824862469
0 0.44999526840072207 0.34240073225272344 0.010562125541068449 0.008697091348872376
0 0.07195354221103042 0.4701157299470161 0.012718188311602733 0.012936509618646851
0 0.17980886201600413 0.43407735572029726 0.00851515692633562 0.010707673079097901
0 0.4594066331193225 0.33999001670540496 0.012718188311602674 0.012936509618646851
0 0.2897656975136114 0.39692456322380404 0.010562125541068449 0.008697091348872376
0 0.37455889177751656 0.37001978996460455 0.014728792207735117 0.008842594555087993
0 0.4111990487038522 0.35832997024355123 0.01688485497826946 0.013082012824862469
0 0.5065180037902254 0.32481143896881265 0.004239396103867558 0.004312169872882284
0 0.352556615262415 0.37807534846390317 0.01688485497826946 0.013082012824862469
0 0.15254370508966855 0.44543979322736543 0.014728792207735117 0.008842594555087993
0 0.5264005822533933 0.3189119654059551 0.016884854978269342 0.013082012824862469
0 0.34208540151784766 0.3815641064794422 0.021087886363536514 0.01531084936441142
0 0.4195869291150862 0.35491396383111995 0.01688485497826946 0.013082012824862469
0 0.06663611472189573 0.4765476089547856 0.010562125541068479 0.008697091348872376
0 0.04987853625872794 0.48233795511298133 0.014728792207735146 0.008842594555087993
0 0.11056793831489801 0.46460315862285495 0.010562125541068479 0.008697091348872376
0 0.1273255167780658 0.45881281246465916 0.014728792207735146 0.008842594555087993
0 0.325255093617479 0.3915211193043047 0.021087886363536514 0.01531084936441142
0 0.032024744050992794 0.4912896770727311 0.012718188311602718 0.012936509618646851
0 0.5797255882056956 0.30559846619337266 0.01688485497826946 0.013082012824862469
0 0.47187026840072205 0.3416368404200914 0.012718188311602792 0.012936509618646851
0 0.4414801114743864 0.3531084053318213 0.01688485497826946 0.013082012824862469
0 0.25086038366094016 0.41910380121463187 0.012718188311602733 0.012936509618646851
0 0.2906255405872758 0.4073048540889168 0.012718188311602792 0.012936509618646851
0 0.5618717959979606 0.31455018815312236 0.010562125541068687 0.008697091348872376
0 0.3104899366911434 0.40244704719272595 0.012718188311602792 0.012936509618646851
0 0.5534657332274263 0.3190078612322203 0.010562125541068449 0.008697091348872376
0 0.044506561691692564 0.49189483412075086 0.012718188311602718 0.012936509618646851
0 0.12829445400753156 0.4629431033297719 0.0168848549782694 0.013082012824862469
0 0.5136642115824903 0.3328901416912686 0.01688485497826946 0.013082012824862469
0 0.4989536017340554 0.34069106957969 0.014728792207735117 0.008842594555087993
0 0.10938081277382954 0.4729728677577422 0.0168848549782694 0.013082012824862469
0 0.14081263636683178 0.4614649270444584 0.012718188311602733 0.012936509618646851
0 0.3869134329031148 0.377916613679291 0.01688485497826946 0.013082012824862469
0 0.33241948376904407 0.398558155360094 0.010562125541068449 0.008697091348872258
0 0.4161891937255828 0.3706480912357817 0.016884854978269342 0.013082012824862469
0 0.15959900108543223 0.4587268292831548 0.010562125541068449 0.008697091348872376
0 0.21511643452686943 0.4390905784674646 0.014728792207735117 0.008842594555087993
0 0.27690205032760684 0.41819440617578424 0.014728792207735117 0.008842594555087993
0 0.6099339215390291 0.30454356794830945 0.010562125541068449 0.008697091348872376
0 0.5753589155867265 0.3172023027329216 0.010562125541068687 0.008697091348872376
0 0.3679997916694127 0.3879463781072613 0.014728792207735117 0.008842594555087993
0 0.4517876839852517 0.3589946473162823 0.010562125541068449 0.008697091348872376
0 0.5062270860414217 0.3414781056354793 0.010562125541068449 0.008697091348872376
0 0.3512240308469447 0.39477839093212375 0.021087886363536514 0.01531084936441142
0 0.1522527873408649 0.46210645989403215 0.0168848549782694 0.013082012824862469
0 0.048564134202557875 0.49799933091453524 0.012718188311602718 0.012936509618646851
0 0.5648513371235587 0.322774394081794 0.010562125541068449 0.008697091348872376
0 0.6056945254351616 0.3088557378211918 0.012718188311602792 0.012936509618646851
0 0.08308459307695969 0.48846559612992313 0.0168848549782694 0.013082012824862469
0 0.4925217781410531 0.3513259910556801 0.01688485497826946 0.013082012824862469
0 0.22335885606370162 0.4440079053883667 0.012718188311602733 0.012936509618646851
0 0.4789073820371855 0.35596554314254747 0.01688485497826946 0.013082012824862469
0 0.34588842099850986 0.40225193660655995 0.010562125541068449 0.008697091348872376
0 0.2464027992454699 0.4359159710875141 0.0168848549782694 0.013082012824862469
0 0.3280891758686753 0.4080786585663096 0.01688485497826946 0.013082012824862469
0 0.5218157213228214 0.3430158019455041 0.012718188311602674 0.012936509618646851
0 0.4453376780329492 0.37067123545893904 0.01688485497826946 0.013082012824862469
0 0.2568376482714368 0.4345105464053084 0.012718188311602733 0.012936509618646851
0 0.3992497916694127 0.38685510406064416 0.012718188311602792 0.012936509618646851
0 0.30815205032760684 0.4171031321291671 0.016884854978269342 0.013082012824862469
0 0.4641967721887506 0.3637664710309688 0.016884854978269342 0.013082012824862469
0 0.5406202684007221 0.3392360375175338 0.01688485497826946 0.013082012824862469
0 0.3814323641802781 0.39372349268706053 0.01688485497826946 0.013082012824862469
0 0.6473975568204285 0.3053173724257023 0.012718188311602792 0.012936509618646851
0 0.5290892056301878 0.3438028380012934 0.012718188311602674 0.012936509618646851
0 0.6285566450239275 0.3111804701870059 0.012718188311602792 0.012936509618646851
0 0.5101755643964857 0.3538326024292637 0.01688485497826946 0.013082012824862469
0 0.23472627760053383 0.44881610490460705 0.012718188311602674 0.012936509618646851
0 0.06296564394288894 0.5079067363594473 0.012718188311602718 0.012936509618646851
0 0.17083914610716286 0.4708266954660619 0.0168848549782694 0.013082012824862469
0 0.27763461688616964 0.43586636370756365 0.012718188311602792 0.012936509618646851
0 0.42845282305467985 0.3837532482838015 0.01688485497826946 0.013082012824862469
0 0.5614536017340553 0.3385085214864557 0.021087886363536514 0.01531084936441142
0 0.6535566450239275 0.3103074509497122 0.01688485497826946 0.013082012824862469
0 0.36034447781674156 0.40903434205147193 0.01688485497826946 0.013082012824862469
0 0.49753010552208393 0.36260244538124387 0.016884854978269342 0.013082012824862469
0 0.24828612662650074 0.44730155281773964 0.010562125541068449 0.008697091348872376
0 0.37710205627990934 0.40324399589327614 0.010562125541068449 0.008697091348872376
0 0.4556452505438146 0.3765574774434 0.012718188311602792 0.012936509618646851
0 0.1351497440509928 0.4876884727188946 0.0168848549782694 0.013082012824862469
0 0.07022094589095515 0.5097354390819033 0.012718188311602704 0.012936509618646851
0 0.34249068560900636 0.41798606401122157 0.012718188311602792 0.012936509618646851
0 0.2942831011935361 0.43632601754936784 0.01688485497826946 0.013082012824862469
0 0.09216867532815606 0.5048048805826046 0.0168848549782694 0.013082012824862469
0 0.4817414642883818 0.3725230824045524 0.012718188311602792 0.012936509618646851
0 0.5194414702406844 0.35975522021527856 0.010562125541068449 0.008697091348872376
0 0.2408853658040327 0.453806183428617 0.012718188311602674 0.012936509618646851
0 0.4010967543318431 0.400324019124203 0.021087886363536514 0.01531084936441142
0 0.5351028349592848 0.35712624985863667 0.012718188311602792 0.012936509618646851
0 0.6733301293312939 0.3106579773868547 0.010562125541068687 0.008697091348872376
0 0.18951641666996194 0.4743385977047582 0.014728792207735117 0.008842594555087993
0 0.31727249729740364 0.4313590832485153 0.014728792207735117 0.008842594555087993
0 0.6304036076863578 0.32464938525056475 0.014728792207735117 0.008842594555087993
0 0.7162748333355302 0.2956249028564779 0.014728792207735117 0.008842594555087993
0 0.06590882034988668 0.5182142756214522 0.014728792207735146 0.008842594555087875
0 0.17794898918082727 0.4809887315218512 0.010562125541068449 0.008697091348872376
0 0.32666567965670384 0.42999003436786354 0.01688485497826946 0.013082012824862469
0 0.4554816093101125 0.3859324774434 0.016884854978269342 0.013082012824862469
0 0.3852899307388409 0.41128632281417826 0.01688485497826946 0.013082012824862469
0 0.6900513430758612 0.3069509645619922 0.012718188311602792 0.012936509618646851
0 0.36116795617180547 0.42149796624991803 0.01688485497826946 0.013082012824862469
0 0.2585573344187656 0.45527112813553394 0.0168848549782694 0.013082012824862469
0 0.23860202651839688 0.4653372683650581 0.00851515692633562 0.010707673079097901
0 0.17681641071765947 0.4862334406567384 0.0168848549782694 0.013082012824862469
0 0.09931488312042092 0.5128835833050607 0.0168848549782694 0.013082012824862469
0 0.2217899009773284 0.4742526145232539 0.0168848549782694 0.013082012824862469
0 0.6312816331193225 0.33398800944901086 0.01688485497826946 0.013082012824862469
0 0.05631563203828396 0.5310416578354374 0.014728792207735146 0.008842594555087875
0 0.11285654978708758 0.5124106978848599 0.014728792207735146 0.008842594555087993
0 0.6082013252189538 0.34416327708319666 0.01893182359300217 0.011071431094636826
0 0.46891418182097777 0.3917095920231992 0.01688485497826946 0.013082012824862469
0 0.29402854816333296 0.4509093508827012 0.010562125541068449 0.008697091348872376
0 0.3694285600679379 0.4253736265041535 0.01688485497826946 0.013082012824862469
0 0.07934139286075198 0.5239913902012515 0.014728792207735146 0.008842594555087993
0 0.2301050519513615 0.4750032747774894 0.014728792207735117 0.008842594555087993
0 0.498208125002746 0.3833994029130233 0.014728792207735117 0.008842594555087993
0 0.5254369172104812 0.3741202987392885 0.010562125541068449 0.008697091348872376
0 0.6835649724049584 0.3207108860379823 0.010562125541068687 0.008697091348872376
0 0.2521073284664631 0.4669477162781907 0.010562125541068449 0.008697091348872376
0 0.6018604134224527 0.34958986522585345 0.014728792207735352 0.008842594555087875
0 0.5683634388554173 0.36012889087557837 0.01688485497826946 0.013082012824862469
0 0.6594429978379229 0.3309225294737221 0.01907728246740419 0.01940476442797028
0 0.5379550995697815 0.37264212245397493 0.019077282467403953 0.01940476442797028
0 0.3976262895051388 0.4202248131955314 0.023243949134070855 0.019550267634185894
0 0.3243096109338672 0.4456877859709713 0.01688485497826946 0.013082012824862469
0 0.5484263133143489 0.3691533644384359 0.01907728246740419 0.01940476442797028
0 0.5808998035740177 0.3576090479235982 0.012718188311602792 0.012936509618646851
0 0.700231639071625 0.32012887321311984 0.01688485497826946 0.013082012824862469
0 0.2897164226222645 0.4593881874222501 0.01688485497826946 0.013082012824862469
0 0.3420906737044014 0.44090273067788827 0.01688485497826946 0.013082012824862469
0 0.6698596645045896 0.3305587714581831 0.012718188311602792 0.012936509618646851
0 0.7284657332274265 0.3128967265711644 0.01907728246740419 0.01940476442797028
0 0.2551232343106617 0.473088588873529 0.0168848549782694 0.013082012824862469
0 0.4697922072539425 0.4010482162216454 0.01688485497826946 0.013082012824862469
0 0.2268527754362599 0.48240406884881776 0.012718188311602733 0.012936509618646851
0 0.4321103836609402 0.41277441174425256 0.016884854978269342 0.013082012824862469
0 0.5274111563880132 0.38029754713618064 0.019077282467403953 0.01940476442797028
0 0.49592478571711024 0.39493048784946444 0.01688485497826946 0.013082012824862469
0 0.15872624783902137 0.5087268292831548 0.0168848549782694 0.013082012824862469
0 0.7472339155867265 0.31120029547652744 0.01688485497826946 0.013082012824862469
0 0.5953740427515496 0.36334978670184354 0.023243949134070855 0.019550267634185894
0 0.31577627164823135 0.4574371257167359 0.014728792207735117 0.008842594555087993
0 0.6446051114743864 0.3460151240288101 0.01688485497826946 0.013082012824862469
0 0.4361679561718054 0.41887890853803694 0.012718188311602792 0.012936509618646851
0 0.7744263430758612 0.304004524636126 0.01688485497826946 0.013082012824862469
0 0.257042926410293 0.4823908372704212 0.012718188311602733 0.012936509618646851
0 0.0790141103933479 0.5427413902012516 0.021087886363536514 0.01531084936441142
0 0.5774838858252141 0.37438484199492655 0.01688485497826946 0.013082012824862469
0 0.4999641758686753 0.4020766513099155 0.01688485497826946 0.013082012824862469
0 0.4737406856090064 0.41340271301542975 0.023243949134070737 0.019550267634185776
0 0.6004550995697815 0.3704595743607407 0.012718188311602792 0.012936509618646851
0 0.10615199080458192 0.53867061936085 0.0168848549782694 0.013082012824862469
0 0.3061830833366287 0.470264507930721 0.01688485497826946 0.013082012824862469
0 0.20565579491692207 0.5039649182132292 0.012718188311602674 0.012936509618646851
0 0.5543672132062449 0.3866434429624458 0.012718188311602792 0.012936509618646851
0 0.6129732819290816 0.36898139807542724 0.01688485497826946 0.013082012824862469
0 0.40771567370440137 0.4386110551799923 0.014728792207735117 0.008842594555087993
0 0.14381563203828396 0.5279860905049094 0.0168848549782694 0.013082012824862469
0 0.659042985933318 0.3538391961403888 0.01688485497826946 0.013082012824862469
0 0.37942703247069937 0.44896820182194774 0.01907728246740407 0.01940476442797028
0 0.3417452088776971 0.460694397344555 0.014728792207735117 0.008842594555087993
0 0.36372930303349843 0.453680505511923 0.014728792207735117 0.008842594555087993
0 0.6286346466476822 0.36635242771878535 0.023243949134070855 0.019550267634185894
0 0.5291490248946422 0.4000164621997395 0.023243949134070737 0.019550267634185894
0 0.5637058484876446 0.38839939408179397 0.01688485497826946 0.013082012824862469
0 0.32281338528469483 0.47176582843919185 0.016884854978269342 0.013082012824862469
0 0.4442831011935361 0.4310879021256057 0.01688485497826946 0.013082012824862469
0 0.4023982462152667 0.44504293418776186 0.016884854978269342 0.013082012824862469
0 0.6809543506519183 0.3509919709744234 0.01688485497826946 0.013082012824862469
0 0.6935270800891193 0.34638879468910994 0.01688485497826946 0.013082012824862469
0 0.4317103717563352 0.4356910784109192 0.01688485497826946 0.013082012824862469
0 0.5070740189423397 0.41223868736570485 0.021087886363536514 0.01531084936441142
0 0.2630565557393901 0.4957142491277644 0.021087886363536514 0.01531084936441142
0 0.45777022078230206 0.43374001670540496 0.016884854978269342 0.013082012824862469
0 0.4242186991373661 0.44740404235512987 0.014728792207735117 0.008842594555087993
0 0.5373005346349733 0.4101421224539749 0.01688485497826946 0.013082012824862469
0 0.7080195016259515 0.3510878668006886 0.01688485497826946 0.013082012824862469
0 0.6902020741368168 0.35795625542710496 0.021087886363536514 0.01531084936441142
0 0.5142384090939048 0.41927572342149416 0.010562125541068449 0.008697091348872376
0 0.6283800936174789 0.3809357610521186 0.01688485497826946 0.013082012824862469
0 0.6461793387473134 0.3751090390923689 0.01688485497826946 0.013082012824862469
0 0.37701641666996194 0.46779095342505556 0.01907728246740407 0.01940476442797028
0 0.4293543030334985 0.451388830014027 0.012718188311602674 0.012936509618646851
0 0.15708456331544723 0.5431382050847088 0.0168848549782694 0.013082012824862469
0 0.10577016125927716 0.56054561936085 0.012718188311602733 0.012936509618646851
0 0.5456156856090063 0.4108927827082104 0.021087886363536514 0.01531084936441142
0 0.4921452207823021 0.43253961525412615 0.016884854978269342 0.013082012824862469
0 0.2931739772762223 0.4998676842160345 0.01688485497826946 0.013082012824862469
0 0.4041906617997964 0.4616368492513207 0.01907728246740407 0.01940476442797028
0 0.6764785838771478 0.3688458075139724 0.01688485497826946 0.013082012824862469
0 0.27323685173515383 0.5088921577788921 0.016884854978269342 0.013082012824862469
0 0.4324247559555978 0.45440470260936533 0.012718188311602792 0.012936509618646851
0 0.5151527992454699 0.42653101428660695 0.016884854978269342 0.013082012824862469
0 0.4585936991373661 0.44620364090385106 0.01688485497826946 0.013082012824862469
0 0.5905164464314744 0.4030786232413925 0.01688485497826946 0.013082012824862469
0 0.6523020622322118 0.3821824509497122 0.01688485497826946 0.013082012824862469
0 0.5726990189423397 0.40994701186780885 0.014728792207735352 0.008842594555087993
0 0.37263156169169254 0.4804364566312712 0.012718188311602792 0.012936509618646851
0 0.6847210054139801 0.37376313443487447 0.01688485497826946 0.013082012824862469
0 0.5338664345268694 0.42795958319196997 0.01688485497826946 0.013082012824862469
0 0.40086565584749395 0.4732043099893158 0.01688485497826946 0.013082012824862469
0 0.19876941234141413 0.5406415063558859 0.0168848549782694 0.013082012824862469
0 0.5579520443753043 0.41983127308956353 0.01688485497826946 0.013082012824862469
0 0.7108717662364481 0.36660373939602686 0.023243949134070855 0.019550267634185894
0 0.6145111444834083 0.4001586464723194 0.021087886363536514 0.01531084936441142
0 0.3369967067134232 0.4941732338841039 0.012718188311602792 0.012936509618646851
0 0.05527923755817103 0.5904166578354374 0.021087886363536514 0.01531084936441142
0 0.15683001028524404 0.5577215384180421 0.021087886363536514 0.01531084936441142
0 0.8417346645045896 0.3245567642017889 0.01688485497826946 0.013082012824862469
0 0.3673323165618581 0.48582666897237403 0.01688485497826946 0.013082012824862469
0 0.6385603896132427 0.3941136697032463 0.01688485497826946 0.013082012824862469
0 0.4688649069296309 0.45417321622164536 0.01907728246740407 0.01940476442797016
0 0.5767202267346045 0.41813484199492656 0.012718188311602792 0.012936509618646851
0 0.8887914880975918 0.3125031864651966 0.023243949134070855 0.019550267634185776
0 0.742194495673649 0.3613457986827431 0.01688485497826946 0.013082012824862469
0 0.5526346168861698 0.42626315209733306 0.01907728246740419 0.01940476442797028
0 0.034264080631835434 0.6015608405331822 0.012718188311602718 0.012936509618646851
0 0.5233224913451012 0.4356150078741757 0.01688485497826946 0.013082012824862469
0 0.5892929561718055 0.413531665709613 0.01688485497826946 0.013082012824862469
0 0.5023255167780658 0.44571752390525377 0.01688485497826946 0.013082012824862469
0 0.006203631495567832 0.6119179871751376 0.012407262991135664 0.021269842951980186
0 0.6363679621241081 0.4004364213063541 0.01688485497826946 0.013082012824862469
0 0.18709289069647805 0.5535416401729788 0.016884854978269342 0.013082012824862469
0 0.6635422072539424 0.39428231713261924 0.01907728246740419 0.01940476442797028
0 0.48341187554436377 0.45574728833322403 0.01907728246740407 0.01940476442797016
0 0.2069391044410454 0.5497254999434547 0.012718188311602733 0.012936509618646851
0 0.39748610281729074 0.4878967707273108 0.01688485497826946 0.013082012824862469
0 0.5242005167780658 0.4449536320726218 0.01688485497826946 0.013082012824862469
0 0.07706332576166991 0.5948610993361387 0.012718188311602733 0.012936509618646851
0 0.619519471864439 0.4114351007978832 0.023243949134070855 0.019550267634185894
0 0.0173428609349656 0.616726186691378 0.016884854978269383 0.013082012824862469
0 0.759793734851181 0.3669774100563268 0.021087886363536514 0.01531084936441142
0 0.4550505048734608 0.4702711016418461 0.01688485497826946 0.013082012824862469
0 0.5513929442672005 0.43775786123222027 0.021087886363536514 0.01531084936441142
0 0.42990504599905904 0.4794774542124731 0.01688485497826946 0.013082012824862469
0 0.418392165587825 0.4830025880295661 0.012718188311602792 0.012936509618646851
0 0.2832535064972154 0.5314450664300198 0.01688485497826946 0.013082012824862469
0 0.6037126482714368 0.42239740448785845 0.01688485497826946 0.013082012824862469
0 0.329341392860752 0.5152611978283146 0.021087886363536514 0.01531084936441142
0 0.5408671834447325 0.4443716192477593 0.012718188311602792 0.012936509618646851
0 0.6361679561718055 0.41189475463968744 0.01688485497826946 0.013082012824862469
0 0.14184666504730573 0.5811474663064634 0.014728792207735117 0.008842594555088113
0 0.7796035838771478 0.3652446031601359 0.01688485497826946 0.013082012824862469
0 0.5261747559555977 0.451130880469514 0.016884854978269342 0.013082012824862469
0 0.30412320454914926 0.5286342170656083 0.01688485497826946 0.013082012824862469
0 0.7920854015178478 0.36584976020815574 0.012718188311602792 0.012936509618646851
0 0.6947012954574414 0.3983993764193354 0.01688485497826946 0.013082012824862469
0 0.23601485931121094 0.5539153108332787 0.021087886363536514 0.01531084936441142
0 0.3940883674277874 0.5036308981319725 0.01688485497826946 0.013082012824862469
0 0.3763073046572531 0.5084159534250555 0.021087886363536514 0.01531084936441142
0 0.754294483769044 0.3838259557307629 0.01907728246740419 0.01940476442797016
0 0.48200656169169254 0.47661699746811126 0.02525455303020318 0.015456352570627037
0 0.8003641877732803 0.3686837537957245 0.01688485497826946 0.013082012824862469
0 0.5741641520594654 0.44529092693136774 0.01688485497826946 0.013082012824862469
0 0.5165270205660943 0.46708326268349915 0.021087886363536514 0.01531084936441142
0 0.3384982045491493 0.5274338156143294 0.021087886363536514 0.01531084936441142
0 0.6316740070377347 0.430790257845903 0.01688485497826946 0.013082012824862469
0 0.36569063203828395 0.520238044773928 0.016884854978269342 0.013082012824862469
0 0.5531489951331298 0.4564351096291125 0.023243949134070855 0.019550267634185894
0 0.2724913750038445 0.5516004911122254 0.012718188311602674 0.012936509618646615
0 0.6997096228384722 0.40967583074489927 0.021087886363536514 0.01531084936441142
0 0.38659669480881825 0.5153438620761832 0.01688485497826946 0.013082012824862469
0 0.5205845930769597 0.4731877594772835 0.01688485497826946 0.013082012824862469