0 0.3302083333333333 0.08037057078117413 0.0375 0.05438483528457751
0 0.25416666666666665 0.07664630158971551 0.04375 0.06900453005422928
0 0.16354166666666667 0.06675687574966667 0.04375 0.06067119672089595
0 0.096875 0.05776973107039704 0.029166666666666667 0.04808635336948619
0 0.5729166666666666 0.11437520167080684 0.04375 0.06067119672089598
0 0.30520833333333336 0.089891016526448 0.029166666666666667 0.043919686702819524
0 0.47708333333333336 0.10972441036102339 0.05 0.06904089149054776
0 0.7083333333333334 0.13962903721724 0.04375 0.05442119672089595
0 0.609375 0.1277047599589491 0.04375 0.05442119672089595
0 0.06770833333333333 0.0662727511065499 0.03333333333333333 0.06061059432703185
0 0.6645833333333333 0.13675856727146926 0.04375 0.05442119672089595
0 0.3458333333333333 0.10423800052371127 0.03958333333333333 0.064813622430017
0 0.058333333333333334 0.0694522932610276 0.027083333333333334 0.07724089955738005
0 0.4 0.10913120140895119 0.03333333333333333 0.050193927660365185
0 0.9916666666666667 0.18277231877080263 0.016666666666666666 0.06884696383018264
0 0.27395833333333336 0.10048949037470703 0.0375 0.05438483528457751
0 0.5239583333333333 0.12924336625530153 0.03333333333333333 0.04602726099369851
0 0.496875 0.12523426581268157 0.027083333333333334 0.035574232890713375
0 0.7739583333333333 0.16320557546922934 0.05416666666666667 0.06489846578142675
0 0.37604166666666666 0.123853920248172 0.0375 0.060634835284577505
0 0.428125 0.1298009082788514 0.04791666666666667 0.06069543767844161
0 0.125 0.09718943794029726 0.04583333333333333 0.08359998386633544
0 0.878125 0.1875995515305882 0.04791666666666667 0.06069543767844164
0 0.16979166666666667 0.11567884764668154 0.04583333333333333 0.0731833171996688
0 0.8322916666666667 0.19724120206359028 0.04375 0.06900453005422934
0 0.1875 0.12182582357711254 0.03333333333333333 0.06061059432703185
0 0.5364583333333334 0.16771231004933126 0.04791666666666667 0.06069543767844164
0 0.21666666666666667 0.12998947020762636 0.03333333333333333 0.050193927660365185
0 0.09270833333333334 0.11821063869460934 0.052083333333333336 0.08363634530265393
0 0.665625 0.1919608403654162 0.05 0.07529089149054778
0 0.26666666666666666 0.15574024538374523 0.04375 0.06483786338756262
0 0.053125 0.14448259445795966 0.027083333333333334 0.07307423289071338
0 0.7645833333333333 0.23930178429037371 0.05 0.07945755815721446
0 0.55 0.22492519360397456 0.04375 0.06900453005422928
0 0.9854166666666667 0.2765586802071211 0.029166666666666667 0.06058635336948619
0 0.1875 0.1968258235771125 0.04791666666666667 0.06069543767844164
0 0.8875 0.28129500937611046 0.05 0.07529089149054778
0 0.3385416666666667 0.21678042219941615 0.04375 0.06483786338756267
0 0.421875 0.24546226971516988 0.05 0.07529089149054778
0 0.6416666666666667 0.2900168925379703 0.04583333333333333 0.08359998386633549
0 0.03958333333333333 0.22268637756998302 0.027083333333333334 0.07724089955738005
0 0.059375 0.23402956635497452 0.041666666666666664 0.07940907624212314
0 0.24895833333333334 0.2600099361199809 0.0625 0.056613614363184676
0 0.9625 0.35273367214028883 0.06458333333333334 0.0816257348419576
0 0.7729166666666667 0.32987830237528243 0.05 0.06904089149054779
0 0.2760416666666667 0.27651903656260085 0.025 0.05431211241194056
0 0.46875 0.3066478922761147 0.05 0.06904089149054779
0 0.33645833333333336 0.29179254267818894 0.04791666666666667 0.06069543767844164
0 0.6770833333333334 0.331477511065499 0.05625 0.06282725292686624
0 0.146875 0.2741455062465159 0.04375 0.05442119672089601
0 0.23229166666666667 0.30281523328349685 0.035416666666666666 0.03562271480580463
0 0.8375 0.3899192341999916 0.05 0.06904089149054779
0 0.690625 0.38869039462014227 0.04375 0.06900453005422923
0 0.08541666666666667 0.33179472703698093 0.03958333333333333 0.029396955763350264
0 0.5583333333333333 0.38737671168888327 0.05 0.06904089149054779
0 0.328125 0.3605910245932803 0.04375 0.06900453005422934
0 0.23958333333333334 0.3600644782744586 0.07083333333333333 0.09624542961160927
0 0.44166666666666665 0.3838887918334947 0.03958333333333333 0.029396955763350264
0 0.428125 0.4089675749455181 0.04583333333333333 0.046099983866335494
0 0.9833333333333333 0.47552913401922725 0.03333333333333333 0.05019392766036527
0 0.884375 0.4792298567609363 0.05416666666666667 0.06489846578142675
0 0.5979166666666667 0.4454797559255329 0.03333333333333333 0.0460272609936986
0 0.5645833333333333 0.4477570169192315 0.05 0.06487422482388112
0 0.9854166666666667 0.5046836802071211 0.029166666666666667 0.05016968670281952
0 0.36354166666666665 0.4343433097874756 0.05416666666666667 0.044065132448093416
0 0.084375 0.404717453943034 0.06041666666666667 0.09410149388441186
0 0.29791666666666666 0.4326417715354862 0.04583333333333333 0.03776665053300216
0 0.47708333333333336 0.45555774369435675 0.03958333333333333 0.029396955763350264
0 0.41458333333333336 0.4475880247242081 0.025 0.043895445745273896
0 0.5302083333333333 0.4625403381523164 0.04375 0.06900453005422923
0 0.03333333333333333 0.41438940567296817 0.052083333333333336 0.08780301196932049
0 0.13958333333333334 0.4314795945888875 0.0375 0.05438483528457757
0 0.6375 0.49420780016218263 0.06458333333333334 0.08579240150862416
0 0.853125 0.5294116639425287 0.05625 0.09407725292686624
0 0.5895833333333333 0.49865323784062426 0.05 0.06487422482388112
0 0.14375 0.4554136869646752 0.03333333333333333 0.06061059432703194
0 0.42291666666666666 0.48816454280911686 0.041666666666666664 0.0731590762421232
0 0.9770833333333333 0.5547321621222124 0.04375 0.05442119672089613
0 0.6697916666666667 0.5242282660745372 0.04583333333333333 0.07943331719966883
0 0.715625 0.5312532822082018 0.0625 0.102446947696518
0 0.3770833333333333 0.4946811933421189 0.06041666666666667 0.08993482721774532
0 0.7770833333333333 0.5413123947510702 0.05 0.07529089149054778
0 0.9364583333333333 0.5622601781249491 0.06041666666666667 0.08160149388441199
0 0.49375 0.5137941131975075 0.04583333333333333 0.07943331719966883
0 0.80625 0.549476041381584 0.052083333333333336 0.08780301196932072
0 0.5322916666666667 0.5291948843402102 0.0625 0.10036361436318468
0 0.9604166666666667 0.5850374592857283 0.05 0.06487422482388112
0 0.446875 0.5276084906365627 0.05625 0.09407725292686635
0 0.2947916666666667 0.5107849522536454 0.06041666666666667 0.09410149388441186
0 0.88125 0.5834147041457622 0.05 0.07945755815721446
0 0.9916666666666667 0.11089731877080262 0.016666666666666666 0.05426363049684927
0 0.5770833333333333 0.06226762737992786 0.041666666666666664 0.033575742908789806
0 0.84375 0.1086328727636731 0.03333333333333333 0.04602726099369851
0 0.9052083333333333 0.1176503186398748 0.05 0.06487422482388112
0 0.6895833333333333 0.09286312152619539 0.041666666666666664 0.0460757429087898
0 0.7875 0.106876792357206 0.04583333333333333 0.0502666505330021
0 0.934375 0.12373063193705526 0.0375 0.06063483528457748
0 0.5802083333333333 0.08204111332843528 0.03125 0.027265140514925672
0 0.4270833333333333 0.06418196851823782 0.027083333333333334 0.03140756622404671
0 0.865625 0.12100560773655845 0.04583333333333333 0.07318331719966877
0 0.753125 0.10916011359029092 0.03125 0.035598473848259
0 0.409375 0.0747016592544735 0.027083333333333334 0.02724089955738004
0 0.44895833333333335 0.08072137015778984 0.041666666666666664 0.0460757429087898
0 0.4197916666666667 0.08193272352727604 0.022916666666666665 0.03138332526650108
0 0.6395833333333333 0.10669567968340982 0.0375 0.05021816861791084
0 0.2864583333333333 0.06916676750207008 0.03333333333333333 0.050193927660365185
0 0.546875 0.10098504098880046 0.029166666666666667 0.05433635336948619
0 0.21875 0.06539401639552019 0.03958333333333333 0.064813622430017
0 0.96875 0.15269731070397036 0.05416666666666667 0.06906513244809341