0 0.7186333003805607 0.16890492207295776 0.07656690778181172 0.09085609848434917
0 0.8271824018255255 0.21666558549211512 0.0725700197716634 0.09495003571381501
0 0.1484100974906318 0.0672197754318662 0.055224238478923306 0.07799245129834466
0 0.21414298154644743 0.09130011309374737 0.07240024111514512 0.09078336904714827
0 0.33170453095081875 0.12253956872063988 0.07490802108977436 0.10123640043241539
0 0.43242963503200504 0.1576547732653954 0.08064868512021922 0.08884549458821679
0 0.541572961774784 0.19083210335121945 0.0809882424332559 0.09717882792155012
0 0.677143501952379 0.26616702380481627 0.09000069039266284 0.11399095346261857
0 0.8006154940437135 0.30584890692084343 0.08098824243325614 0.09717882792155012
0 0.7485746053745098 0.30389812228916546 0.0725700197716634 0.09495003571381501
0 0.8943690388346968 0.35856335064313094 0.07656690778181172 0.09085609848434922
0 0.11502195913856213 0.19589551839742678 0.07682157576658935 0.09710609848434923
0 0.2224020599244712 0.2467629994572839 0.07924446641295943 0.10547579653628295
0 0.5141377107738071 0.326908607139248 0.06814868512021922 0.08862730627661411
0 0.3476832674277884 0.31879109631787844 0.07490802108977436 0.10123640043241551
0 0.9616635598996839 0.5233959648201137 0.04034024770569952 0.1214515335495411
0 0.5109773556916439 0.4300517894985482 0.07924446641295937 0.10547579653628295
0 0.6537316784800901 0.4825791374412798 0.07507779974629282 0.10540306709908205
0 0.7998656692533136 0.528911032461912 0.07490802108977448 0.10123640043241539
0 0.09009803290319775 0.3726697516226562 0.08098824243325602 0.09717882792155012
0 0.3277943510782558 0.4487448766210086 0.07924446641295949 0.10547579653628295
0 0.22330757703512552 0.4292001249983523 0.07240024111514512 0.09078336904714822
0 0.5426429867693162 0.5994745367926567 0.09000069039266284 0.11399095346261845
0 0.17654755067290753 0.5534728306263433 0.08723824243325602 0.0972879220773514
0 0.0556487779478882 0.5273871612548835 0.06840335310499683 0.09487730627661412
0 0.27493465343598295 0.5948016704524984 0.10309491569047716 0.12879247510755457
0 0.4330593082396515 0.6538517537847334 0.09399757840281116 0.10989701623315302
0 0.8233748352361376 0.796177716985486 0.10292513703395893 0.12462580844088791
0 0.8513176962250123 0.9266437800295753 0.09361203163466172 0.1467124399408495
0 0.4178923839814535 0.8214146282436647 0.12477714230640231 0.14998945562689248
0 0.10519606580639551 0.744030373375696 0.09625069039266286 0.11410004761841984
0 0.5729344834492517 0.8793684978313324 0.09799446641295949 0.10580307900368714
0 0.9483552924718954 0.21044140583760804 0.07656690778181172 0.09085609848434922