0 0.4173114661545163 0.19888518914353284 0.010744215287185692 0.0065530940441512085
0 0.2537786582245626 0.23377056479252245 0.010744215287185692 0.0065530940441512085
0 0.26326284109806886 0.23196001609892522 0.010744215287185692 0.0065530940441512085
0 0.23360485150062374 0.2404863527753018 0.010744215287185692 0.0065530940441512085
0 0.3780601108100584 0.21130540784684004 0.010744215287185692 0.0065530940441512085
0 0.21671981908694438 0.2441680689713266 0.0150200648273587 0.008757664995145001
0 0.4116664013271576 0.20706697545479055 0.010744215287185692 0.0065530940441512085
0 0.4432985413844298 0.20068459092057753 0.010744215287185692 0.0065530940441512085
0 0.5244895205793202 0.1842684150605418 0.010744215287185692 0.0065530940441512085
0 0.5044794881656408 0.1878592030433212 0.010744215287185692 0.0065530940441512085
0 0.4264135089707504 0.20436630711660228 0.00438503241367935 0.0042879042843271264
0 0.33672542213226725 0.223665007741317 0.0150200648273587 0.008757664995145001
0 0.4642410575912694 0.1992074456755466 0.0150200648273587 0.008757664995145001
0 0.35777712121261324 0.22010452916295273 0.010744215287185692 0.0065530940441512085
0 0.5727337358665058 0.1794126476636374 0.00438503241367935 0.0042879042843271264
0 0.45568935851092346 0.20313163710689228 0.0150200648273587 0.008757664995145001
0 0.5959233597169383 0.1748711212274367 0.0150200648273587 0.008757664995145001
0 0.5410470043724804 0.1868366988645171 0.00438503241367935 0.0042879042843271264
0 0.5568903701194932 0.18312467326407725 0.00438503241367935 0.0042879042843271264
0 0.4810169071314424 0.19760906281285523 0.0150200648273587 0.008757664995145001
0 0.6105612844870248 0.17425378622258172 0.0150200648273587 0.008757664995145001
0 0.3817354545459466 0.2208016454645005 0.010744215287185692 0.0065530940441512085
0 0.3362340992014887 0.233040007741317 0.010962581034198374 0.010719760710817875
0 0.5819995529929994 0.1817687656367068 0.010744215287185692 0.0065530940441512085
0 0.6260771016135185 0.17679176062214186 0.010962581034198374 0.010719760710817875
0 0.2455043456963389 0.2523083989616166 0.010744215287185692 0.0065530940441512085
0 0.5965828863263328 0.18219309729851846 0.0150200648273587 0.008757664995145001
0 0.4836505842006639 0.20707499102610058 0.010744215287185692 0.0065530940441512085
0 0.2211092808689802 0.2599446159934022 0.0150200648273587 0.008757664995145001
0 0.2000575817886342 0.2635050945717664 0.01732176390770466 0.012984950470641899
0 0.18936795793820166 0.2684103338609486 0.010744215287185692 0.0065530940441512085
0 0.3148002600638706 0.24389215298634792 0.010744215287185692 0.0065530940441512085
0 0.23470553897240004 0.25929697158413206 0.010744215287185692 0.0065530940441512085
0 0.17462085029460886 0.27111100219913686 0.010744215287185692 0.0065530940441512085
0 0.2758218619031786 0.2511040383563218 0.0150200648273587 0.008757664995145001
0 0.5045385089707505 0.20663951244773632 0.019186731494025368 0.008878902612805521
0 0.42016793833910693 0.22400642676119334 0.00438503241367935 0.0042879042843271264
0 0.4115616478220077 0.2289722848592057 0.010962581034198374 0.010719760710817875
0 0.24391676466214054 0.2626947562238682 0.0150200648273587 0.008757664995145001
0 0.12166405397322481 0.2862621986450475 0.032341828735063353 0.02174261546578696
0 0.4390271212126133 0.22246866270733218 0.010962581034198374 0.010719760710817875
0 0.4272958306955141 0.2273435925920992 0.010744215287185692 0.0065530940441512085
0 0.5568402080510964 0.2039883160018257 0.010744215287185692 0.0065530940441512085
0 0.5262497346604909 0.21040100994045385 0.0150200648273587 0.008757664995145001
0 0.49237048695962593 0.21984777566583666 0.010962581034198374 0.010719760710817875
0 0.7137408759237779 0.17621275059301203 0.021488430574371383 0.013106188088302417
0 0.5841419071314424 0.20060969384995217 0.010962581034198374 0.010719760710817875
0 0.6863299939699257 0.18167470607821887 0.0150200648273587 0.008757664995145001
0 0.6400053377058138 0.18971609228395359 0.017321763907704717 0.012984950470641958
0 0.7412063493143836 0.16970912844113847 0.021488430574371383 0.013106188088302417
0 0.6737208110964193 0.18339432655857074 0.010962581034198374 0.010719760710817875
0 0.6621532948895796 0.18514425644333776 0.010744215287185692 0.0065530940441512085
0 0.3279051952365119 0.2526195085770778 0.021488430574371383 0.013106188088302417
0 0.21815248454759617 0.27655066385123855 0.023899312528223682 0.019416806897132707
0 0.3077859799493262 0.2582936298931905 0.010744215287185692 0.0065530940441512085
0 0.5385313689134783 0.21493138946010196 0.010744215287185692 0.0065530940441512085
0 0.39933903437413004 0.24322221474397268 0.0150200648273587 0.008757664995145001
0 0.26447714081170803 0.2685092776455039 0.0150200648273587 0.008757664995145001
0 0.16744279586980498 0.2886374791059795 0.025764280114544392 0.015310759039296329
0 0.3793290019604507 0.24681300272675208 0.017321763907704717 0.012984950470641958
0 0.5026779707527863 0.2222342030433212 0.0150200648273587 0.008757664995145001
0 0.6122123156946893 0.2024697144358271 0.0150200648273587 0.008757664995145001
0 0.6891820367861599 0.1869739676247976 0.019186731494025368 0.008878902612805462
0 0.0000900263836049785 0.3273258085686543 0.000180052767209957 0.02548495047064196
0 0.572028476557071 0.21277629040138582 0.017321763907704717 0.012984950470641958
0 0.7639592416707905 0.17350093533827113 0.0150200648273587 0.008757664995145001
0 0.09655930046807497 0.3074400823434997 0.023899312528223682 0.019416806897132707
0 0.5601880031664657 0.21973455361948618 0.0150200648273587 0.008757664995145001
0 0.48327287351174825 0.23418863376384902 0.02389931252822374 0.019416806897132648
0 0.305102140811708 0.2696913444176936 0.028065979194890407 0.019538044514793167
0 0.15099892431850748 0.3038078380397527 0.019186731494025368 0.008878902612805462
0 0.6412152080510964 0.20644337775945049 0.017321763907704717 0.012984950470641958
0 0.07287835368686396 0.3213566087797004 0.028393527815409374 0.025788044514793048
0 0.540946680235687 0.228563984340014 0.021488430574371383 0.013106188088302417
0 0.3584455065587207 0.26707045737619806 0.021488430574371383 0.013106188088302417
0 0.42488937811001826 0.2533549498543507 0.021488430574371383 0.013106188088302417
0 0.6315126594305773 0.2124205931197144 0.010744215287185454 0.0065530940441512085
0 0.8287063493143836 0.1722551184120086 0.025764280114544156 0.01531075903929621
0 0.7126490471887146 0.19704608392634532 0.028065979194890407 0.019538044514793167
0 0.2655778282834843 0.28731989645433414 0.028065979194890407 0.019538044514793167
0 0.22440691391595266 0.29655449634881115 0.019732645861557017 0.019295569279472128
0 0.5228562068450816 0.2353403911316236 0.017321763907704717 0.012984950470641958
0 0.323524592191189 0.2764869136971658 0.028065979194890407 0.019538044514793167
0 0.24556779586980498 0.29091068443711354 0.017321763907704717 0.012984950470641838
0 0.14310675184755597 0.3150540055421801 0.028065979194890348 0.01953804451479305
0 0.6090917450630458 0.22220076229366353 0.017321763907704717 0.012984950470641958
0 0.5678662392587609 0.23247702885480712 0.028065979194890407 0.019538044514793167
0 0.7818903701194931 0.18967150461774332 0.028393527815409433 0.025788044514793166
0 0.7028373156946893 0.20510663261994258 0.023899312528223506 0.019416806897132648
0 0.49813359339720387 0.24922660816340916 0.028065979194890407 0.019538044514793167
0 0.8650554997742106 0.17539928089987117 0.025764280114544156 0.01531075903929621
0 0.16498175184755595 0.31569050303489765 0.032341828735063353 0.02174261546578696
0 0.7554119719588012 0.19724710284069863 0.025764280114544392 0.01531075903929621
0 0.5876033144886744 0.23409457420536112 0.021488430574371383 0.013106188088302417
0 0.539140733454476 0.24311700826893218 0.028065979194890407 0.019538044514793167
0 0.8385771016135185 0.18297487912282648 0.023899312528223506 0.019416806897132707
0 0.6381492288562061 0.22513275895062027 0.028393527815409433 0.025788044514793166
0 0.691929326097244 0.2141785385757914 0.023899312528223506 0.019416806897132648
0 0.8910425750041239 0.17719868267691588 0.02806597919489017 0.019538044514793167
0 0.73907728328101 0.2103341284411385 0.025764280114544156 0.01531075903929621
0 0.8729521016135185 0.1839750894685255 0.021488430574371383 0.013106188088302417
0 0.8265728539126534 0.19305814234092686 0.028065979194890407 0.019538044514793167
0 0.415300441731362 0.27707080795236305 0.02389931252822374 0.019416806897132707
0 0.8578774453494067 0.1929257578067138 0.028393527815409433 0.025788044514793166
0 0.6953317126493664 0.2288831095267852 0.02389931252822374 0.019416806897132648
0 0.43920418362794217 0.2788095909205775 0.03902856022908878 0.030257805225611042
0 0.5941307010407968 0.24889007336960028 0.0325601944820761 0.025909282132453627
0 0.78907728328101 0.21178897985306427 0.0325601944820761 0.025909282132453627
0 0.7414380031664656 0.2250083899877172 0.029930946781211058 0.01543199665695667
0 0.2848826013877289 0.31709275120930325 0.04341359264276813 0.03454570950993817
0 0.21728788029625842 0.33286128266006887 0.028393527815409315 0.025788044514793048
0 0.6262040019604508 0.2539963315731357 0.0325601944820761 0.025909282132453627
0 0.897956530981875 0.20452449124557018 0.034861893562422114 0.030136567607950523
0 0.7973604545459466 0.23289509782613368 0.032341828735063416 0.02174261546578696
0 0.7121164209262524 0.26692867880625737 0.0325601944820761 0.025909282132453627
0 0.8202269591442165 0.2544255474610148 0.04571529172311415 0.038772994985435065
0 0.07575254334488049 0.425765750681688 0.12125234735393274 0.09089465329449359
0 0.8463320759843493 0.29378556804688977 0.09088466907869636 0.06712932330420346
0 0.9114613236852144 0.28524808445396055 0.08364316448042644 0.08772018140221588
0 0.7477691708133577 0.34308043617403194 0.1404390788479579 0.09977355590729904
0 0.452226512137216 0.4085521362711315 0.13221492838813115 0.10161441400531146
0 0.9386715573654799 0.3632406999197475 0.050973787124843996 0.05972756593642892
0 0.7188017134038023 0.4976825814190629 0.1215798959744518 0.09714465329449347