0 0.2715952401237031 0.6850059594039829 0.06671689868259266 0.09204240150862404
0 0.6344840320434718 0.6256505291377346 0.05596080116490754 0.07739846578142676
0 0.828961383867083 0.5955277336636072 0.06661991843944434 0.08787573484195738
0 0.683466610437592 0.6248936937222292 0.05155168389037049 0.06695755815721421
0 0.5691006117041663 0.6596497942957771 0.07122299620027803 0.10664997579950324
0 0.5230005827021754 0.6708414770961082 0.0560577814080555 0.08156513244809342
0 0.8921393746219439 0.6115224082661783 0.05969105673740742 0.05867270673897238
0 0.06682157599018454 0.7546575460569661 0.06443960486296305 0.083696947696518
0 0.3680580740903235 0.7032778950002526 0.04903193946287037 0.04819543767844152
0 0.22476785929810122 0.7274476422043141 0.06681387892574087 0.09620906817529071
0 0.1754700951137494 0.7417461442864862 0.06661991843944452 0.08787573484195738
0 0.1147139975960642 0.7559779837354076 0.06487601595712972 0.102446947696518
0 0.04836164577245305 0.7868461886540636 0.05605778140805562 0.08156513244809342
0 0.45727773151185125 0.7194240755874841 0.05605778140805562 0.08156513244809342
0 0.898436993796342 0.6542731632752166 0.062016840678611136 0.06910149388441197
0 0.49884741793536974 0.7238331518296072 0.049565330800185235 0.07111210434510819
0 0.7383588870335179 0.6835542799824289 0.04728803698055562 0.06276665053300216
0 0.2812594389587957 0.7621559553705668 0.04704558637268524 0.05234998386633549
0 0.7058490148197679 0.69274141256145 0.07311236904731497 0.0983287629449426
0 0.830292249368842 0.6726292477150998 0.0601274678315742 0.07742270673897238
0 0.40136629141569385 0.7493112162333375 0.06661991843944458 0.08787573484195738
0 0.6266814772059254 0.7370785612741357 0.05179413449824087 0.07737422482388089
0 0.008961963019444392 0.15839393572719745 0.017923926038888784 0.06678787145439494
0 0.8870262796374069 0.6969208942146856 0.05576684067861114 0.06906513244809341
0 0.9654907104884255 0.6827920788353332 0.03914866413351869 0.07105150195124424
0 0.3012441951645827 0.7987354934916284 0.060030487588426 0.07325604007230571
0 0.5940746247490272 0.7504323605198238 0.06443960486296305 0.083696947696518
0 0.9287656814864346 0.6940383037901422 0.05581533080018535 0.07114846578142675
0 0.5530132136548604 0.7689460111837537 0.06429413449824087 0.07744694769651801
0 0.8102815062079161 0.726686830072811 0.06443960486296305 0.083696947696518
0 0.7641329870843511 0.7399618462064755 0.06671689868259278 0.09204240150862404
0 0.4231676852861567 0.7973612081665052 0.043121370313888956 0.06274240957545653
0 0.2421835100076382 0.8296461200859894 0.05940011600796306 0.04617270673897238
0 0.1260736087918974 0.8498067668474311 0.06245325177277786 0.08785149388441198
0 0.3727555192527771 0.8147786500092908 0.05145470364722229 0.06279089149054778
0 0.637426393870463 0.05163159341053711 0.043121370313888956 0.06274240957545647
0 0.4761472149214345 0.8039202803752123 0.06671689868259266 0.09204240150862404
0 0.6759056352607401 0.7707027860980169 0.06066085916888895 0.10033937340563905
0 0.16863647176050856 0.856305236662274 0.06245325177277786 0.08785149388441198
0 0.21320993288009185 0.8659408269558895 0.04568960486296305 0.0835878633875628
0 0.9138905364764809 0.7512511873447855 0.04549564437666665 0.07525453005422923
0 0.8803147525352771 0.761473926351087 0.04728803698055562 0.06276665053300216
0 0.717087400711666 0.7917785290068068 0.06027293819629639 0.08367270673897238
0 0.3247410013957863 0.8634642725702356 0.05576684067861114 0.06906513244809341
0 0.9428389975960642 0.7607958740476051 0.04956533080018535 0.07111210434510819
0 0.6426684112233789 0.8111399186770382 0.05848054559240742 0.09616058626019945
0 0.574620647039027 0.8253293364502546 0.06661991843944458 0.08787573484195738
0 0.39249782485069373 0.8617748547970191 0.05189111474138895 0.08154089149054779
0 0.2585098748761104 0.8891241441555583 0.07068960486296305 0.08373330913283657
0 0.8149313321959716 0.7954731915091294 0.07703658510611125 0.0879363372358218
0 0.1428112687465733 0.9363741844897198 0.062550232015926 0.09201816055107864
0 0.5350364427585178 0.8698967742596241 0.08188211347481485 0.11712724486003386
0 0.20416405382513875 0.13558098763789594 0.05823809498453715 0.0857439195935329
0 0.35385830699370296 0.9105150195124416 0.06419715425509268 0.07328028102985135
0 0.8336804612487955 0.8403800027241378 0.06429413449824087 0.07744694769651801
0 0.5836553452408327 0.8847649388441189 0.05581533080018535 0.07114846578142675
0 0.6944841779408789 0.8676989908857452 0.07311236904731497 0.0983287629449426
0 0.783268295215416 0.8577974445669235 0.056057781408055736 0.08156513244809342
0 0.6347212569682863 0.8840202239073863 0.06027293819629639 0.08367270673897238
0 0.8961562161880087 0.8417852837539893 0.07320934929046292 0.10249542961160926
0 0.9598675982801844 0.8348632916898938 0.04360627152962972 0.08357574290878962
0 0.4472931212034715 0.9246021077238853 0.06681387892574074 0.09620906817529094
0 0.7368530804231938 0.8825307940339214 0.07122299620027803 0.10664997579950324
0 0.04718670200152764 0.1659219517299342 0.05208507522768526 0.08987422482388112
0 0.2890801422268974 0.9622522246929532 0.0788774678315742 0.07549555061409355
0 0.523060395137037 0.08638769398408488 0.049468350557037154 0.0669454376784416
0 0.8614409143898141 0.9009663560936242 0.06255023201592612 0.09201816055107864
0 0.6783491607171752 0.9342808142010022 0.07301538880416653 0.09416209627827593
0 0.6102771514720362 0.9495118986408853 0.06429413449824087 0.07744694769651801
0 0.2730110340682869 0.13181429677073248 0.06027293819629639 0.08367270673897241
0 0.5611248576524066 0.9575604007230573 0.06443960486296305 0.083696947696518
0 0.5771543266213425 0.0898278264321783 0.05596080116490754 0.07739846578142676
0 0.4359232001016666 0.11505136078167938 0.05155168389037037 0.06695755815721445
0 0.513079268617361 0.11237481849627384 0.05179413449824087 0.07737422482388112
0 0.32376176000550916 0.14461124850066664 0.04539866413351857 0.07108786338756262
0 0.17414881003092578 0.17186963426840976 0.058238094984537095 0.0857439195935329
0 0.010390679711527703 0.20319772287263696 0.020781359423055406 0.043895445745273896
0 0.13851393781717578 0.18103858612927173 0.0494683505570371 0.06694543767844165
0 0.8779544136273147 0.05719817537546491 0.04956533080018535 0.07111210434510827
0 0.35082084827805543 0.14581048139138003 0.06661991843944458 0.08787573484195749
0 0.39781707358199064 0.1408748588304352 0.049468350557037154 0.06694543767844165
0 0.804383130319398 0.08489895861841608 0.06255023201592612 0.09201816055107856
0 0.2395313594230554 0.18266809601642037 0.05189111474138895 0.08154089149054779
0 0.1192063014190739 0.20488783515364967 0.055815330800185234 0.07114846578142675
0 0.8500709932880092 0.09141560915141819 0.05581533080018535 0.07114846578142675
0 0.6920034846761574 0.12383384633740335 0.04549564437666665 0.07525453005422932
0 0.3081358890583331 0.18931807181592356 0.04719105673740742 0.05859998386633549
0 0.7681906217075463 0.1180262438126114 0.07088356534925945 0.09206664246616984
0 0.5506511328525463 0.15426571402023775 0.041328977709999985 0.07523028909668365
0 0.01630124886050917 0.2480257509756221 0.03260249772101834 0.07521816861791084
0 0.4812707612720832 0.18094907155406792 0.0411835073452778 0.06898028909668366
0 0.5952730840937036 0.16181797098052014 0.0601274678315742 0.07742270673897238
0 0.5115518297877776 0.17799981849627383 0.041328977709999985 0.07523028909668365
0 0.012644599417546263 0.09903711644535669 0.025289198835092525 0.04390756622404671
0 0.10457360701699052 0.2516840520416263 0.055815330800185234 0.07114846578142675
0 0.4224767717837961 0.2004013648150955 0.05179413449824087 0.07737422482388112
0 0.21121152798958315 0.23563552979237368 0.06027293819629639 0.08367270673897238
0 0.3439638508112035 0.21661351352778127 0.06443960486296305 0.083696947696518
0 0.7307624859427314 0.15948080210075366 0.05596080116490754 0.07739846578142676
0 0.28727743971703684 0.23503626060091504 0.049565330800185235 0.07111210434510831
0 0.8749973871584722 0.13948378180274515 0.04089256661583344 0.05648028909668366
0 0.5047719222391667 0.021689216102409734 0.04462282218833333 0.0377545300542293
0 0.6846139668191665 0.17275581823441818 0.05576684067861114 0.06906513244809341
0 0.8256026427309721 0.1579489505515838 0.038809233282500105 0.05646816861791084
0 0.4692582753293518 0.025649834629938396 0.036483449341296395 0.04603938147247133
0 0.5673689024823148 0.017886163798927775 0.03192886170203716 0.029348473848259025
0 0.16809015767569419 0.2978931202169172 0.05135772340407409 0.05862422482388112
0 0.009202671732962844 0.3261143895393036 0.018405343465925688 0.08556211241194056
0 0.6669532526602313 0.21536718773756897 0.05155168389037049 0.06695755815721445
0 0.9043328983034721 0.17715952874495108 0.04728803698055562 0.06276665053300216
0 0.40840084283263867 0.2680369752757919 0.06429413449824076 0.07744694769651801
0 0.6538757259372222 0.01630583033466662 0.0464152147922223 0.02526665053300212
0 0.17005662044097214 0.07912493949875794 0.055669860435463056 0.06489846578142675
0 0.7102183514444905 0.23645505112513157 0.04089256661583344 0.056480289096683595
0 0.282334060158009 0.3131430798827558 0.0624532517727778 0.08785149388441187
0 0.7852910866268517 0.23376638836095326 0.06419715425509268 0.07328028102985135
0 0.8459259588406016 0.22474288224536512 0.06419715425509268 0.07328028102985135
0 0.17446051203245344 0.33751887522595536 0.060030487588426 0.07325604007230571
0 0.03945514045199044 0.36382043767844163 0.04719105673740745 0.05859998386633549
0 0.7005039205934719 0.2509838423039872 0.05155168389037025 0.06695755815721445
0 0.6291371959228239 0.27348841269237784 0.06671689868259278 0.09204240150862428
0 0.0043086532426850396 0.3802568152484246 0.008617306485370079 0.06884696383018252
0 0.9094191353856942 0.2271958901812696 0.05155168389037049 0.06695755815721445
0 0.23153397315203675 0.34722718839220806 0.06012746783157415 0.07742270673897238
0 0.5296212261913886 0.29687102328400206 0.055815330800185234 0.07114846578142675
0 0.07557404293430524 0.37861587939029934 0.05155168389037043 0.06695755815721445
0 0.4730317953403701 0.3111271036904692 0.06027293819629639 0.08367270673897238
0 0.14844221947939784 0.3811234294806815 0.062016840678611136 0.06910149388441197
0 0.8052031076502775 0.2734709264820148 0.05135772340407409 0.05862422482388112
0 0.6996848142097686 0.01761414753433541 0.046463704913796276 0.027349983866335456
0 0.6889719811306015 0.29883990657678977 0.05596080116490754 0.07739846578142676
0 0.7278825493921296 0.014652773997768527 0.03173490121574076 0.021015140514925687
0 0.8038757259372222 0.017178504806309926 0.050581881458888964 0.025290891490547765
0 0.9146265977718516 0.2720239182842547 0.05596080116490754 0.07739846578142676
0 0.3006467781166664 0.37679989109776435 0.038809233282500105 0.0564681686179109
0 0.7314378638560645 0.30950504305829935 0.04956533080018535 0.07111210434510831
0 0.5661999138814812 0.33667252523524627 0.05581533080018535 0.07114846578142675
0 0.1915376028381478 0.40950295953491084 0.060030487588426 0.07325604007230571
0 0.6297173354873608 0.338083866504484 0.06443960486296305 0.083696947696518
0 0.03173054647986094 0.44503407624212316 0.06346109295972188 0.07744694769651801
0 0.1013966331067126 0.4329401122810127 0.05155168389037043 0.06695755815721445
0 0.8841083043313425 0.016603476572396966 0.04428339133731498 0.023171196720895966
0 0.8115492169462498 0.3141383481577197 0.05179413449824087 0.07737422482388112
0 0.2445898676557867 0.4129370317436178 0.0494683505570371 0.06694543767844152
0 0.49543844478333304 0.37793315586302334 0.05833507522768523 0.08991058626019957
0 0.4044012787499534 0.39511424836973885 0.03866376291777781 0.050218168617910904
0 0.14599433928708294 0.44153403590796175 0.055960801164907474 0.07739846578142676
0 0.3121769756851849 0.4185392806370679 0.05145470364722229 0.06279089149054778
0 0.022633929205323897 0.46787195979676643 0.045267858410647795 0.08156513244809342
0 0.6980309243931941 0.35723384230398725 0.0560577814080555 0.08156513244809342
0 0.7900127768500923 0.34422547670332476 0.04476829255305574 0.044004530054229225
0 0.08080487943407368 0.46719996773267086 0.04089256661583338 0.056480289096683595
0 0.946674942883472 0.32742617927795326 0.04564111474138907 0.08150453005422922
0 0.3911981719871293 0.4252498588304352 0.060030487588426 0.07325604007230571
0 0.5395512497479626 0.4073604128233057 0.04956533080018535 0.07111210434510831
0 0.6305399256597681 0.39226265364992347 0.06419715425509244 0.07328028102985135
0 0.28841173189097186 0.4548642887039002 0.06443960486296305 0.083696947696518
0 0.44519512322828664 0.4328566579451953 0.06419715425509268 0.07328028102985135
0 0.7903028466323608 0.3765232036093779 0.06429413449824087 0.07744694769651801
0 0.35706475164782364 0.45943093117007006 0.06245325177277792 0.08785149388441187
0 0.016564896214050714 0.525133325266501 0.03312979242810143 0.04817119672089589
0 0.20936541958106442 0.49399310408325264 0.06264721225907414 0.09618482721774531
0 0.2560949492163422 0.5005158148556411 0.055815330800185234 0.07114846578142675
0 0.15028048936333288 0.5259453973442803 0.06012746783157415 0.07742270673897238
0 0.03516376469268472 0.5481954376784416 0.051357723404074115 0.05862422482388112
0 0.8655201812322683 0.4123822677512526 0.04946835055703692 0.06694543767844165
0 0.1302221270280088 0.5372885861292718 0.07088356534925934 0.0920666424661699
0 0.6265897226458329 0.472458866504484 0.06066085916888895 0.10033937340563905
0 0.4163176553967125 0.5097824250544819 0.04704558637268524 0.05234998386633549
0 0.5794722720379625 0.4826028223987622 0.0560577814080555 0.08156513244809342
0 0.7529223300419441 0.4606921554702399 0.05596080116490754 0.07739846578142676
0 0.9119345250773143 0.4324466451903078 0.0560577814080555 0.08156513244809342
0 0.39095397948490695 0.525261979309208 0.05189111474138895 0.08154089149054779
0 0.5185949492163422 0.5020429951810169 0.06904268262379638 0.10247118865406364
0 0.46057593072606434 0.5329596820147643 0.06681387892574074 0.09620906817529094
0 0.3716463430868051 0.549111228333586 0.05605778140805562 0.08156513244809342
0 0.2293977949612495 0.573287035777034 0.07311236904731491 0.0983287629449426
0 0.028797765071805318 0.6168908955239639 0.057595530143610636 0.09620906817529094
0 0.07326814931800875 0.6119673934417919 0.06850929128648155 0.07955452198739697
0 0.15371893325921246 0.602017365207879 0.05135772340407415 0.05862422482388112
0 0.8681109189477774 0.48011484204213156 0.0560577814080555 0.08156513244809342
0 0.29892276595925876 0.5851514051492569 0.07068960486296305 0.08373330913283657
0 0.20146588450036987 0.6095878028863206 0.07311236904731491 0.0983287629449426
0 0.7910752047888423 0.5223807779002568 0.04956533080018535 0.07111210434510819
0 0.672833480118194 0.544612637516259 0.04549564437666665 0.07525453005422923
0 0.81718960663787 0.5194072838849171 0.038809233282500105 0.0564681686179109
0 0.7603819702397681 0.5430383642913843 0.049468350557037154 0.06694543767844152
0 0.5867379517494904 0.5732823645532399 0.0560577814080555 0.08156513244809342
0 0.9683040084868978 0.5171610185959469 0.04147444807472216 0.0814802890966836
0 0.14819454318847167 0.6603264575836666 0.06661991843944452 0.08787573484195738
0 0.35197415982972174 0.6333832042640171 0.05833507522768523 0.08991058626019945
0 0.287124130827731 0.6444658027553928 0.055815330800185234 0.07114846578142675
0 0.03285961297074016 0.691951497917828 0.06027293819629637 0.08367270673897238
0 0.5045666394395828 0.6123929992144331 0.06598954685898165 0.06079240150862428
0 0.445918120316018 0.6255952924754608 0.047821428317870486 0.08568331719966883
0 0.7146205011416199 0.5844444406644352 0.0411835073452778 0.06898028909668359
0 0.11212325988055498 0.6882454094445286 0.05135772340407415 0.05862422482388112
0 0.8819417844495365 0.5572890789662611 0.05566986043546294 0.06489846578142675
0 0.40480821910027726 0.6461922764727238 0.06671689868259266 0.09204240150862404
0 0.9549554313593513 0.5535466290566433 0.04956533080018535 0.07111210434510819
0 0.7530651875651384 0.5888353361883991 0.06671689868259278 0.09204240150862428