0 0.23331625540921638 0.76875 0.006856701744478973 0.010416666666666666
0 0.820037816842446 0.7375 0.010780687713354099 0.00625
0 0.7940568203502274 0.7385416666666667 0.0044093473644582085 0.004166666666666667
0 0.7681364940324564 0.740625 0.0044093473644582085 0.004166666666666667
0 0.8066174905246751 0.7395833333333334 0.004409347364458445 0.004166666666666667
0 0.214808936107008 0.7729166666666667 0.01102336841114564 0.010416666666666666
0 0.2626042624247789 0.7708333333333334 0.01102336841114564 0.010416666666666666
0 0.24802092909144555 0.7708333333333334 0.0044093473644582675 0.004166666666666667
0 0.25525192558366433 0.7697916666666667 0.006856701744478973 0.010416666666666666
0 0.7850458413969148 0.7447916666666666 0.004409347364458445 0.004166666666666667
0 0.8110268378891335 0.74375 0.01102336841114564 0.010416666666666666
0 0.8369471642069044 0.7416666666666667 0.004409347364458445 0.004166666666666667
0 0.6801408589358208 0.75 0.017637389457832834 0.016666666666666666
0 0.27736960628145596 0.7739583333333333 0.01102336841114564 0.010416666666666666
0 0.8277541747302481 0.7447916666666666 0.010780687713354099 0.00625
0 0.476702234362529 0.7625 0.024494091202312045 0.027083333333333334
0 0.7623111852535919 0.7479166666666667 0.017394708760041528 0.0125
0 0.6960085396336125 0.7541666666666667 0.01763738945783307 0.016666666666666666
0 0.22663129048702876 0.7791666666666667 0.01102336841114564 0.010416666666666666
0 0.28576360978923715 0.775 0.013470722791166404 0.016666666666666666
0 0.8217468554280397 0.7489583333333333 0.014947354380020764 0.00625
0 0.7771371992847167 0.7520833333333333 0.01763738945783307 0.016666666666666666
0 0.7087512203314041 0.7583333333333333 0.017394708760041528 0.0125
0 0.4596612729481226 0.7739583333333333 0.024494091202312045 0.027083333333333334
0 0.9414778519202585 0.7479166666666667 0.03418271577560385 0.014583333333333334
0 0.5575172694403413 0.7729166666666667 0.024251410504520503 0.022916666666666665
0 0.49838495013813294 0.7770833333333333 0.03527477891566614 0.03333333333333333
0 0.33526797469260156 0.784375 0.030865431551207814 0.029166666666666667
0 0.35505964135926826 0.784375 0.024251410504520503 0.022916666666666665
0 0.13090902380153882 0.7989583333333333 0.02841807717118711 0.022916666666666665
0 0.3178629922315077 0.7895833333333333 0.024494091202312045 0.027083333333333334
0 0.9483345536647375 0.7583333333333333 0.028175396473395627 0.01875
0 0.9026225606802998 0.7604166666666666 0.03687275085341639 0.025
0 0.377055981708164 0.7864583333333334 0.0350320982178746 0.029166666666666667
0 0.5360062904870287 0.7791666666666667 0.024251410504520503 0.022916666666666665
0 0.2556056729292993 0.79375 0.032342063140062174 0.01875
0 0.861077234362529 0.7625 0.028175396473395627 0.01875
0 0.297272339595966 0.79375 0.02180405612449974 0.016666666666666666
0 0.4229499852159453 0.7875 0.030865431551207932 0.029166666666666667
0 0.5787752939948099 0.7802083333333333 0.017880070155624612 0.020833333333333332
0 0.9599142273469666 0.7604166666666666 0.02841807717118717 0.022916666666666665
0 0.8021875957581123 0.7708333333333334 0.024494091202312045 0.027083333333333334
0 0.6642526308359246 0.78125 0.02841807717118717 0.022916666666666665
0 0.6299383010103725 0.7822916666666667 0.0325847438378536 0.022916666666666665
0 0.9746795712036435 0.7635416666666667 0.03527477891566614 0.03333333333333333
0 0.8221612729481225 0.7739583333333333 0.030865431551207696 0.029166666666666667
0 0.11086440273602818 0.8125 0.030865431551207845 0.029166666666666667
0 0.34683737467377834 0.8041666666666667 0.02841807717118717 0.022916666666666665
0 0.4560910343248825 0.8020833333333334 0.03527477891566614 0.03333333333333333
0 0.9119266168047996 0.7770833333333333 0.030865431551207696 0.029166666666666667
0 0.20265240975159063 0.8145833333333333 0.024736771900103646 0.03125
0 0.25467507291047603 0.8135416666666667 0.04581278593122858 0.035416666666666666
0 0.7365523220570599 0.7885416666666667 0.039441445582332806 0.03333333333333333
0 0.8623513080259347 0.784375 0.031229452597895127 0.035416666666666666
0 0.17323278868608 0.828125 0.08120890519579049 0.07083333333333333
0 0.6176100378326638 0.803125 0.06688879996235357 0.03958333333333333
0 0.539909729053799 0.8104166666666667 0.054752821009041004 0.04583333333333333
0 0.314464490430559 0.8385416666666666 0.07864021046687396 0.0625
0 0.09919323777619402 0.8625 0.06686825256024877 0.075
0 0.6030668272716736 0.8395833333333333 0.08685220345131152 0.06041666666666667
0 0.3887056272340271 0.8791666666666667 0.10742230868474843 0.09166666666666666
0 0.9012159009350794 0.8614583333333333 0.1102336841114564 0.10416666666666667
0 0.8391405921562147 0.86875 0.10056560694026946 0.08125
0 0.7041383430096311 0.89375 0.15214303147591485 0.10833333333333334
0 0.5402830517696724 0.90625 0.14686375426708126 0.125