0 0.7755483771659216 0.24812606135803625 0.01706667857127163 0.02379012965471734
0 0.37471435443775014 0.09574917533456029 0.004239396103867558 0.00438503241367935
0 0.25564998214309254 0.04780449344127931 0.012718188311602733 0.01315509724103802
0 0.16028939015156507 0.015698747926654526 0.016921219696869844 0.015456796321384022
0 0.6355415773821292 0.20533955072969193 0.010562125541068687 0.008879247700865041
0 0.3776575308447479 0.10632961631148645 0.012790917748803565 0.017321763907704686
0 0.3414173858230172 0.09191891602512557 0.012790917748803565 0.017321763907704686
0 0.65929990476316 0.21805348710834813 0.012718188311602792 0.01315509724103805
0 0.2761923977276222 0.06556298884300933 0.004239396103867558 0.00438503241367935
0 0.554673406927434 0.17920641866294484 0.004239396103867439 0.00438503241367935
0 0.1995272586581941 0.037564889189941573 0.021233345237938295 0.024008495401730022
0 0.21604846645045897 0.04677168551132559 0.021233345237938295 0.024008495401730022
0 0.6198438479449284 0.20868734584506107 0.004239396103867439 0.00438503241367935
0 0.4893756893948381 0.15701715814749526 0.00851515692633562 0.010853398160692033
0 0.3361545054117832 0.09477095884135972 0.004239396103867558 0.00438503241367935
0 0.5494468912348005 0.17997512814584565 0.004239396103867439 0.00438503241367935
0 0.1849802900434612 0.03471727574206389 0.01706667857127163 0.023790129654717353
0 0.6395446028150938 0.2149329164767046 0.004239396103867439 0.00438503241367935
0 0.5659680990270654 0.18918192446722965 0.008515156926335503 0.010853398160692033
0 0.6922877732697892 0.23959207975111615 0.012790917748803565 0.01732176390770466
0 0.28017724080128664 0.07619802125668867 0.01907728246740407 0.019732645861557017
0 0.30397193290091795 0.08682862430201153 0.012790917748803565 0.017321763907704686
0 0.42616130519557555 0.134937080505552 0.008587886363536513 0.0150200648273587
0 0.5421370422088335 0.18063465475524018 0.008515156926335503 0.010853398160692033
0 0.17244392532486075 0.03614551183435921 0.025436376623205467 0.02631019448207604
0 0.14241741558452972 0.02414569350185067 0.012790917748803624 0.01732176390770468
0 0.6715089870143565 0.23537525101605278 0.008515156926335503 0.010853398160692033
0 0.7336271574690516 0.2605257372212429 0.008515156926335503 0.010853398160692033
0 0.29357344859355144 0.08524104326781319 0.00851515692633562 0.010853398160692003
0 0.5514029480530324 0.18737597768601866 0.004239396103867439 0.00438503241367935
0 0.6228052067112263 0.21822612015532059 0.008587886363536513 0.0150200648273587
0 0.6849233771659216 0.24337660636051067 0.008587886363536513 0.0150200648273587
0 0.356696920996313 0.11252945424308976 0.021306074675139303 0.02817516206839669
0 0.4395029659099397 0.1471051025166765 0.02766516883094058 0.03475271068891565
0 0.662097622295756 0.23696726141860763 0.008587886363536513 0.0150200648273587
0 0.6289642949147252 0.2237620021091729 0.008587886363536513 0.0150200648273587
0 0.6051150557371933 0.21625639906385005 0.023462137445673412 0.032451011608569696
0 0.5647264264080962 0.20058566636380984 0.004239396103867439 0.00438503241367935
0 0.7055567045469523 0.2559267684289074 0.012790917748803565 0.017321763907704717
0 0.40525524242504124 0.13801191843715532 0.012790917748803565 0.01732176390770466
0 0.6454491379883895 0.2350521317638903 0.008515156926335503 0.010853398160692033
0 0.23233330357182086 0.06952014849937628 0.027628804112340137 0.03266937735558238
0 0.39694009145100817 0.1365335202764633 0.008587886363536513 0.0150200648273587
0 0.7189529123392172 0.2649697904400318 0.012790917748803565 0.017321763907704717
0 0.30373556223001497 0.1003702909686782 0.021233345237938295 0.024008495401730022
0 0.3813332738103084 0.13467298205849912 0.012790917748803565 0.017321763907704717
0 0.7809619886381112 0.296370276645222 0.012790917748803565 0.017321763907704717
0 0.8979612099587356 0.34316410899832994 0.012718188311602792 0.01315509724103805
0 0.7281097240276145 0.27796111337081036 0.008587886363536513 0.0150200648273587
0 0.27875374458931523 0.09801842981993551 0.025436376623205467 0.02631019448207604
0 0.508621885282498 0.18930439544580543 0.03840911796501132 0.054048625056447364
0 0.6235377732697891 0.2359890449254071 0.012718188311602792 0.01315509724103805
0 0.8119392532486077 0.313633019747817 0.012790917748803565 0.017321763907704717
0 0.657658220239586 0.25237389567159496 0.021306074675139303 0.02817516206839669
0 0.687684729979917 0.2643737140041035 0.01706667857127163 0.02379012965471734
0 0.8450725806296385 0.32683827905725166 0.012718188311602792 0.01315509724103805
0 0.8740028766254023 0.34190850595300704 0.004239396103867439 0.00438503241367935
0 0.7963688003265084 0.30968914819651944 0.01907728246740419 0.019732645861557076
0 0.804629404222641 0.31429254635721143 0.012790917748803565 0.017321763907704717
0 0.9599157391797288 0.37768959520352 0.008587886363536513 0.0150200648273587
0 0.7621392592009103 0.2995542974503316 0.008587886363536513 0.0150200648273587
0 0.9681945254351615 0.3812513266975453 0.012790917748803565 0.017321763907704717
0 0.7331544161272459 0.28760907055457624 0.012790917748803565 0.017321763907704717
0 0.9919164880975918 0.3960485964095348 0.004239396103867439 0.00438503241367935
0 0.5715453517329568 0.22805113975441535 0.02572729437200915 0.042976861148742704
0 0.7693218317117755 0.30618643750760377 0.01706667857127163 0.0237901296547174
0 0.7734521336598417 0.30848813658794977 0.012863647186004338 0.021488430574371383
0 0.7123210827939126 0.2865172418195128 0.012790917748803565 0.017321763907704717
0 0.6998938122311134 0.28169547791180816 0.012718188311602792 0.01315509724103805
0 0.6667059377721819 0.2716152186023734 0.025654564934808142 0.0388101944820761
0 0.9825233057382917 0.396598940145423 0.012790917748803565 0.017321763907704717
0 0.749548347404409 0.3041075335426269 0.021233345237938295 0.02400849540173008
0 0.8696543863657333 0.35210680687266105 0.008515156926335503 0.010853398160692033
0 0.6066165535729193 0.24969891527068977 0.035998502164274034 0.035189442182941025
0 0.8540839334436341 0.34816293532136355 0.010562125541068449 0.008879247700865041
0 0.5765900438325883 0.2376990969381812 0.025654564934808142 0.03881019448207604
0 0.9689634567123248 0.3969309181342985 0.012790917748803565 0.017321763907704717
0 0.6334998809539502 0.2625766259596054 0.021306074675139303 0.02817516206839675
0 0.8871263490281637 0.36657652796413154 0.029821231601474808 0.03902856022908878
0 0.9916982997859892 0.40854859640953484 0.004384854978269459 0.012718365747012683
0 0.4760938479449283 0.20115372757312394 0.07444398484788574 0.09132140057272171
0 0.38497265205726855 0.16509968113884513 0.023462137445673412 0.032451011608569696
0 0.8384407510843339 0.34838573043673265 0.008515156926335503 0.010853398160692033
0 0.8756498333355301 0.36701768882651337 0.012790917748803565 0.017321763907704717
0 0.7969559080106694 0.33578540629993925 0.012718188311602792 0.01315509724103805
0 0.9470157272751238 0.39995116462914865 0.021233345237938295 0.02400849540173008
0 0.9883914761929868 0.41880148876594203 0.010707584415470232 0.017212581034198374
0 0.845459682361497 0.3643928704940048 0.021306074675139067 0.02817516206839675
0 0.530683981062054 0.23946374038770848 0.05975155735875101 0.08430712045817744
0 0.986180866344552 0.42598397255910236 0.014983345237938294 0.02368094678121106
0 0.9208649664526559 0.4048363787103194 0.029821231601475044 0.03902856022908878
0 0.9664073820371856 0.42390506859412547 0.021233345237938295 0.02400849540173008
0 0.7622718079025657 0.35169222222041807 0.029930325757276204 0.04527856022908867
0 0.6138043982703383 0.31576064676471505 0.05138185930681729 0.08178705563081874
0 0.22210900487126395 0.17741675033868426 0.06797579653628295 0.07849385195220275
0 0.9828611325788031 0.49670812301892936 0.0195136590906093 0.04473264586155708
0 0.6860717721887506 0.41651163877419 0.06819398484788573 0.09099385195220269
0 0.49960816666886354 0.34731018015861975 0.08091217315948854 0.10414894919324075
0 0.24550895725284402 0.27039361148742697 0.08712580844088796 0.10239316448042643
0 0.9597186396143411 0.6279079609505326 0.05953336904714822 0.07180712045817757
0 0.6374330833366286 0.5150966907869641 0.0981243106051617 0.13627241218129146
0 0.32877246753589123 0.5176876255080264 0.14906979328877365 0.1930594678121101
0 0.5879996428618505 0.7189446675698247 0.23630469588546296 0.3017026322925365