0 0.31080684368285244 0.24612429558961815 0.0587963061087733 0.0748809599505775
0 0.8419840920797446 0.22965597013046052 0.09128308336160605 0.1113889006638613
0 0.5844014190006467 0.2469741264476081 0.056640221172331924 0.07272487501413635
0 0.23540670986575946 0.2602016866348326 0.06778440387007692 0.09392196636300873
0 0.45602178838976937 0.2587400167054049 0.05923281572742015 0.0873809599505775
0 0.2111937459215488 0.26832999673723906 0.0655555673305279 0.08968254809323425
0 0.3673346185168871 0.26599862650415346 0.06749339745764568 0.0855886330296754
0 0.270495994318441 0.26833990938199986 0.08682541028250815 0.10291006412431235
0 0.7723610728424508 0.25705677303301816 0.056640221172331924 0.0727248750141363
0 0.6842063084144807 0.2788623403635461 0.05879630610877342 0.0748809599505775
0 0.32781080520826505 0.29546953116164787 0.07180556733052797 0.08990080290255768
0 0.7326553805260593 0.29173601102384594 0.07626324040962563 0.09837963944210663
0 0.15237429558961818 0.3140806658227037 0.08653440387007685 0.09457673079097902
0 0.41224532523297625 0.3206117154342278 0.09574075644070396 0.11986773720341025
0 0.5574966457414471 0.3321857698833479 0.08718916829804707 0.11332673079097902
0 0.808634208234379 0.3504661592406365 0.10688493913844847 0.1410648285522826
0 0.02992392063202718 0.3841798894138339 0.05984784126405436 0.14414022117233216
0 0.6811871168855066 0.3653206736968794 0.08682541028250815 0.10291006412431235
0 0.2822287835521733 0.3792526056920246 0.12197753369353657 0.15615742310737063
0 0.1313921401164335 0.40844905444912016 0.12483467150426275 0.11880292631358623
0 0.06982467937843845 0.4137202267408005 0.10012567791669398 0.12626324040962586
0 0.45813485965738515 0.4365740102929737 0.12442462504240907 0.16664684137714497
0 0.9440707001905673 0.46434180183241336 0.08232144875709556 0.1526918093149888
0 0.7373478147703665 0.485085877206753 0.15611113466105592 0.18023811542376222
0 0.3839185767795387 0.5359225647986392 0.15884923242235943 0.19906086702686993
0 0.12356147429372973 0.6745469398693209 0.24712294858745945 0.3675727869280249
0 0.9276123315323168 0.7270964324432908 0.09981484621474124 0.2365344038700769
0 0.6328272585767751 0.8861672386086094 0.2330489647881734 0.17876325807208435
0 0.7548776321857124 0.0724767498020913 0.02609127404661725 0.0321230192372937
0 0.6192790865112763 0.08241393733743214 0.030403443919499295 0.036435189110175986
0 0.5951752499717273 0.08741724743983861 0.021706352570627037 0.025727516031078087
0 0.8045502499717273 0.08010571132750392 0.03449735898305827 0.03449735898305827
0 0.036587286027516666 0.11420634373939774 0.06058863302967537 0.06662037822035195
0 0.7323478677577422 0.0919906416347233 0.02824735898305827 0.034279104173734844
0 0.5822751161546343 0.09931209039181878 0.036726195522607225 0.03873677725283272
0 0.8425826554166395 0.0933431400033428 0.028392862189273654 0.03844577084040151
0 0.9122651946786443 0.09403096129923123 0.03694445033193053 0.044986777252832746
0 0.16438490381353155 0.11910712014826758 0.04118386860170512 0.04721561379238167
0 0.6393849038135315 0.10251975463968739 0.025873019237293703 0.025873019237293703
0 0.8632704855437571 0.09678229063893141 0.03672619552260699 0.03873677725283275
0 0.38202048554375706 0.11358791095683499 0.03263228045904836 0.040674607379950434
0 0.6569477339406492 0.10606803267993771 0.03672619552260699 0.03873677725283275
0 0.7173644006073159 0.10395823618981127 0.032632280459048486 0.040674607379950434
0 0.7849636065359875 0.10471880908880753 0.04995371155368531 0.060006620204812906
0 0.6964219398693209 0.10781075222088934 0.036726195522607225 0.03873677725283275
0 0.20353172752821802 0.13022483968921922 0.037089953538146266 0.04915344391949941
0 0.08862101198089954 0.14360117786014864 0.019695770840401514 0.02773809776130361
0 0.73657405444912 0.11993376262695375 0.032632280459048486 0.040674607379950434
0 0.8852777571715761 0.12202368967141218 0.021706352570627037 0.025727516031078087
0 0.5810747147033555 0.13368709039181875 0.03687169872882284 0.042903443919499414
0 0.3591269631002477 0.14351846945613364 0.0409656137923817 0.0409656137923817
0 0.14543979322736547 0.1551421754413506 0.02609127404661713 0.0321230192372937
0 0.8068253749575909 0.13412687478795499 0.05009921475990069 0.06417328687147959
0 0.17230487175137538 0.16044640460094908 0.036944450331930646 0.044986777252832746
0 0.5170237868149342 0.15048934761994026 0.05656746956922435 0.07064154168080303
0 0.24916995027538527 0.16400459528596023 0.04319445033193065 0.045205032062156175
0 0.12309190780716471 0.16944773394064924 0.050099214759900895 0.06417328687147959
0 0.647050241140498 0.1511507057590356 0.051891541680803024 0.05591270514125408
0 0.9188888653389442 0.14269828822013336 0.03687169872882284 0.042903443919499414
0 0.3011441562040569 0.165310805208265 0.05210979649012645 0.06216270514125408
0 0.7323214046009492 0.15233455669828214 0.04140212341102843 0.0534656137923817
0 0.8540509013947335 0.15224525458314203 0.051891541680803024 0.05591270514125408
0 0.7684159799187433 0.1614780703105622 0.03694445033193053 0.044986777252832746
0 0.8965046041171896 0.15804551338609865 0.03687169872882284 0.042903443919499414
0 0.2450628036334299 0.19223872269062195 0.04140212341102855 0.0534656137923817
0 0.9354331730225525 0.17541323292705033 0.024589953538146383 0.04871693430085256
0 0.6843915063558857 0.18417980110154114 0.04808863302967552 0.06618386860170512
0 0.17709983968921922 0.20189481645829233 0.045641541680803026 0.05569445033193065
0 0.33726187574500854 0.2035846096856578 0.03687169872882284 0.042903443919499414
0 0.029970209078341897 0.21431547114405944 0.05879630610877327 0.0748809599505775
0 0.5901686209356851 0.20099528990805915 0.04333995353814638 0.04937169872882284
0 0.10765869945969506 0.22408728602751668 0.050099214759900895 0.06417328687147959
0 0.9240343597139306 0.20390199094258937 0.05656746956922423 0.07064154168080303
0 0.7876124021821511 0.20762555427948412 0.032632280459048486 0.04067460737995046
0 0.05391531083327869 0.24365078524009906 0.07849207694917477 0.10261905771188111
0 0.1383266866348326 0.2396626786475662 0.05656746956922435 0.07064154168080303
0 0.5507903108332787 0.22629952789888694 0.06303572437854778 0.07710979649012645
0 0.6412698076270631 0.227301499830364 0.05441138463278321 0.06848545674436188