0 0.15403879194211387 0.4619805255039713 0.05438684806888254 0.08159248690352854
0 0.8200355203664053 0.3467005756863505 0.026151757367774545 0.040747727047027144
0 0.11149315254740871 0.4941295150267942 0.004287904284327156 0.004360732285615635
0 0.7851149510869332 0.36705161704267936 0.004469760710817876 0.010610732285615635
0 0.9712893528639779 0.3323740303327843 0.013166806897132706 0.02349886352351357
0 0.02571277302776059 0.5106078602152476 0.010719760710817875 0.010901830714039088
0 0.0883643200498362 0.50248854259768 0.010719760710817875 0.010901830714039088
0 0.6761754296652974 0.3929306564686855 0.023765329990290004 0.030234027570885995
0 0.43978886205734685 0.43722869727263464 0.041341278789410296 0.062260290046681634
0 0.04237943969442726 0.509831597739452 0.010719760710817875 0.010901830714039088
0 0.27037205516021423 0.46800502150673395 0.010840998328478336 0.015068497380705755
0 0.1008643200498362 0.5019063457408331 0.004469760710817876 0.010610732285615635
0 0.3550198397999503 0.45470019272301765 0.004469760710817876 0.010610732285615635
0 0.06633777302776059 0.5087157204304954 0.010719760710817875 0.010901830714039088
0 0.9208650212021662 0.3492861510935051 0.04103818474525909 0.05184362338001509
0 0.8966945220379271 0.35769369506912824 0.019477425705962996 0.02587329528527036
0 0.09127715421893035 0.509634660050135 0.010840998328478336 0.015068497380705755
0 0.8516906895403544 0.3670715671394961 0.019477425705962996 0.02587329528527036
0 0.05993622600568498 0.5142151521922521 0.010840998328478365 0.015068497380705755
0 0.5566676945549194 0.4245031932753973 0.004469760710817876 0.010610732285615635
0 0.9447021169178389 0.3523369404512152 0.02376532999029024 0.030234027570885995
0 0.2920651987337235 0.473236177007252 0.010840998328478336 0.015068497380705755
0 0.31298946028030217 0.4691408489125071 0.010840998328478336 0.015068497380705755
0 0.20940981921407537 0.48956897298149377 0.11269788756911071 0.1550457060926727
0 0.5064555287240136 0.43412364736945147 0.004469760710817876 0.010610732285615635
0 0.2857848893293084 0.4745689421023421 0.004469760710817876 0.010610732285615635
0 0.49490626717743486 0.43778232782156107 0.004469760710817876 0.010610732285615635
0 0.35578872182688087 0.46402667631828043 0.010719760710817875 0.010901830714039088
0 0.9697021169178389 0.3511725467375216 0.026030519750113966 0.03658106038036036
0 0.6099745509814102 0.41577885663379816 0.034485090701107876 0.04113585828492496
0 0.5241032432485166 0.43538220182225174 0.004469760710817876 0.010610732285615635
0 0.331678841471472 0.47035088696057026 0.037235230931573916 0.06414955776106611
0 0.8755277852560274 0.3701223564972063 0.030318424034441214 0.040941792665975994
0 0.7176299305010583 0.39828166694586264 0.027871377848126617 0.028344759856501513
0 0.4101372449200383 0.45525382327194397 0.08219760710817875 0.10785391342669684
0 0.9550278553712604 0.3549767764038429 0.023644092372629662 0.026067360904219208
0 0.1328832020767668 0.5097773371939789 0.010719760710817875 0.010901830714039088
0 0.5700881236039256 0.42803914668047993 0.023644092372629662 0.026067360904219208
0 0.472819101346529 0.44609283898770974 0.05861413354437938 0.08386988585581084
0 0.1234172738635214 0.5133389848366139 0.010719760710817875 0.010901830714039088
0 0.772929192047637 0.39258529749478904 0.023765329990290004 0.030234027570885995
0 0.7310200501456492 0.40285928701761187 0.019477425705962996 0.02587329528527024
0 0.693216956101498 0.41502254425481916 0.026030519750113966 0.03658106038036036
0 0.7600351697902404 0.40670916101830257 0.026030519750113966 0.03658106038036036
0 0.6417206483686047 0.4330248480869438 0.06510660877970054 0.09249431761756763
0 0.5528152688489565 0.44964874248960907 0.03043966165210179 0.04510845933264266
0 0.7441373851505042 0.4168119070893611 0.030318424034441214 0.040941792665975994
0 0.6060615064666169 0.44300773918134323 0.03062151807859242 0.051358459332642666
0 0.7167812671774348 0.4274483336125293 0.030318424034441214 0.040941792665975994
0 0.8569707885990706 0.40011380204440605 0.038712376176604835 0.043413257237207264
0 0.2626672037482884 0.5182961199351575 0.047833754024731334 0.07088472180843843
0 0.04065180364276537 0.5692065977394519 0.05622770616689488 0.07335618637966969
0 0.7874630534886926 0.42935755142373044 0.06278080021104605 0.08406395147475981
0 0.34003446863791037 0.5406990562465311 0.05175794545607696 0.06274545409405405