0 0.04583333333333333 0.37083333333333335 0.06041666666666667 0.08125
0 0.27291666666666664 0.4197916666666667 0.004166666666666667 0.004166666666666667
0 0.7083333333333334 0.48333333333333334 0.004166666666666667 0.004166666666666667
0 0.13020833333333334 0.40208333333333335 0.03333333333333333 0.040625
0 0.28958333333333336 0.42291666666666666 0.00625 0.009375
0 0.36875 0.4354166666666667 0.028125 0.034375
0 0.7104166666666667 0.48333333333333334 0.004166666666666667 0.004166666666666667
0 0.334375 0.43333333333333335 0.004166666666666667 0.004166666666666667
0 0.42604166666666665 0.44583333333333336 0.004166666666666667 0.004166666666666667
0 0.38645833333333335 0.4395833333333333 0.004166666666666667 0.004166666666666667
0 0.6041666666666666 0.4708333333333333 0.004166666666666667 0.004166666666666667
0 0.446875 0.4479166666666667 0.004166666666666667 0.004166666666666667
0 0.24895833333333334 0.42291666666666666 0.015625 0.015625
0 0.3104166666666667 0.43125 0.00625 0.009375
0 0.3177083333333333 0.43333333333333335 0.010416666666666666 0.015625
0 0.340625 0.4354166666666667 0.004166666666666667 0.004166666666666667
0 0.39791666666666664 0.44375 0.00625 0.009375
0 0.4510416666666667 0.45208333333333334 0.004166666666666667 0.004166666666666667
0 0.4583333333333333 0.45208333333333334 0.004166666666666667 0.004166666666666667
0 0.25833333333333336 0.4270833333333333 0.015625 0.015625
0 0.7322916666666667 0.49270833333333336 0.015625 0.015625
0 0.49375 0.459375 0.004166666666666667 0.004166666666666667
0 0.509375 0.46458333333333335 0.004166666666666667 0.004166666666666667
0 0.5208333333333334 0.465625 0.004166666666666667 0.004166666666666667
0 0.528125 0.4666666666666667 0.004166666666666667 0.004166666666666667
0 0.6479166666666667 0.48333333333333334 0.010416666666666666 0.010416666666666666
0 0.32916666666666666 0.4395833333333333 0.010416666666666666 0.015625
0 0.42291666666666666 0.45208333333333334 0.010416666666666666 0.015625
0 0.51875 0.465625 0.004166666666666667 0.004166666666666667
0 0.5770833333333333 0.47291666666666665 0.016666666666666666 0.020833333333333332
0 0.30104166666666665 0.4375 0.010416666666666666 0.015625
0 0.5510416666666667 0.47291666666666665 0.00625 0.009375
0 0.5333333333333333 0.46979166666666666 0.004166666666666667 0.004166666666666667
0 0.6395833333333333 0.48541666666666666 0.00625 0.009375
0 0.2864583333333333 0.4375 0.00625 0.014583333333333334
0 0.5645833333333333 0.47708333333333336 0.00625 0.009375
0 0.6166666666666667 0.484375 0.03125 0.027083333333333334
0 0.5572916666666666 0.47604166666666664 0.00625 0.009375
0 0.6520833333333333 0.4895833333333333 0.004166666666666667 0.004166666666666667
0 0.6302083333333334 0.48541666666666666 0.010416666666666666 0.010416666666666666
0 0.6854166666666667 0.49583333333333335 0.004166666666666667 0.004166666666666667
0 0.7208333333333333 0.5 0.009375 0.00625
0 0.678125 0.4947916666666667 0.004166666666666667 0.004166666666666667
0 0.9114583333333334 0.5291666666666667 0.016666666666666666 0.020833333333333332
0 0.471875 0.46770833333333334 0.016666666666666666 0.025
0 0.89375 0.5270833333333333 0.015625 0.010416666666666666
0 0.7833333333333333 0.5145833333333333 0.010416666666666666 0.015625
0 0.8104166666666667 0.5177083333333333 0.010416666666666666 0.015625
0 0.6552083333333333 0.49583333333333335 0.004166666666666667 0.004166666666666667
0 0.8427083333333333 0.5239583333333333 0.010416666666666666 0.010416666666666666
0 0.8625 0.5291666666666667 0.015625 0.015625
0 0.803125 0.5208333333333334 0.010416666666666666 0.015625
0 0.8291666666666667 0.525 0.015625 0.015625
0 0.778125 0.5177083333333333 0.010416666666666666 0.015625
0 0.9479166666666666 0.54375 0.010416666666666666 0.015625
0 0.8770833333333333 0.5333333333333333 0.015625 0.010416666666666666
0 0.16354166666666667 0.43333333333333335 0.06458333333333334 0.071875
0 0.9291666666666667 0.54375 0.010416666666666666 0.015625
0 0.5427083333333333 0.4895833333333333 0.016666666666666666 0.029166666666666667
0 0.9197916666666667 0.5416666666666666 0.016666666666666666 0.020833333333333332
0 0.8895833333333333 0.540625 0.015625 0.010416666666666666
0 0.9583333333333334 0.55 0.016666666666666666 0.020833333333333332
0 0.42291666666666666 0.47708333333333336 0.021875 0.029166666666666667
0 0.6958333333333333 0.525 0.0375 0.040625
0 0.6145833333333334 0.5208333333333334 0.029166666666666667 0.04375
0 0.5895833333333333 0.5166666666666667 0.029166666666666667 0.04791666666666667
0 0.7541666666666667 0.5572916666666666 0.05 0.07083333333333333