0 0.28958333333333336 0.19583333333333333 0.028125 0.053125
0 0.9541666666666667 0.13958333333333334 0.03333333333333333 0.058333333333333334
0 0.8802083333333334 0.14791666666666667 0.027083333333333334 0.04375
0 0.34791666666666665 0.19895833333333332 0.03125 0.04375
0 0.04791666666666667 0.22604166666666667 0.028125 0.053125
0 0.240625 0.21145833333333333 0.027083333333333334 0.03958333333333333
0 0.08958333333333333 0.22395833333333334 0.028125 0.053125
0 0.7541666666666667 0.17083333333333334 0.0375 0.058333333333333334
0 0.7916666666666666 0.16770833333333332 0.035416666666666666 0.04375
0 0.6895833333333333 0.19791666666666666 0.021875 0.0375
0 0.3260416666666667 0.240625 0.03333333333333333 0.053125
0 0.5572916666666666 0.22083333333333333 0.03125 0.04375
0 0.1375 0.26145833333333335 0.03333333333333333 0.04791666666666667
0 0.5041666666666667 0.22916666666666666 0.03125 0.04375
0 0.17916666666666667 0.2635416666666667 0.03125 0.04375
0 0.6041666666666666 0.228125 0.021875 0.03333333333333333
0 0.7291666666666666 0.21666666666666667 0.035416666666666666 0.04375
0 0.22708333333333333 0.265625 0.028125 0.053125
0 0.628125 0.23020833333333332 0.021875 0.03333333333333333
0 0.9208333333333333 0.21666666666666667 0.025 0.025
0 0.28541666666666665 0.275 0.028125 0.04791666666666667
0 0.07083333333333333 0.29583333333333334 0.027083333333333334 0.04375
0 0.7625 0.23958333333333334 0.03125 0.03958333333333333
0 0.8947916666666667 0.23333333333333334 0.021875 0.0375
0 0.83125 0.2520833333333333 0.027083333333333334 0.034375
0 0.93125 0.24791666666666667 0.027083333333333334 0.04375
0 0.18958333333333333 0.3177083333333333 0.035416666666666666 0.04791666666666667
0 0.23020833333333332 0.31666666666666665 0.035416666666666666 0.04791666666666667
0 0.025 0.33645833333333336 0.035416666666666666 0.04791666666666667
0 0.8791666666666667 0.26666666666666666 0.03125 0.04375
0 0.07916666666666666 0.34375 0.027083333333333334 0.034375
0 0.11979166666666667 0.34270833333333334 0.03125 0.04375
0 0.46458333333333335 0.3385416666666667 0.027083333333333334 0.03958333333333333
0 0.7833333333333333 0.31875 0.03333333333333333 0.04791666666666667
0 0.5708333333333333 0.33958333333333335 0.03333333333333333 0.04791666666666667
0 0.12916666666666668 0.38125 0.03125 0.04375
0 0.528125 0.34791666666666665 0.03125 0.03958333333333333
0 0.734375 0.33541666666666664 0.03125 0.04375
0 0.2520833333333333 0.3770833333333333 0.028125 0.04791666666666667
0 0.38958333333333334 0.36770833333333336 0.035416666666666666 0.04375
0 0.04583333333333333 0.4 0.03125 0.04375
0 0.009375 0.40625 0.01875 0.04375
0 0.20208333333333334 0.39166666666666666 0.03125 0.034375
0 0.6104166666666667 0.35520833333333335 0.035416666666666666 0.053125
0 0.6677083333333333 0.35104166666666664 0.035416666666666666 0.04375
0 0.8260416666666667 0.3458333333333333 0.03125 0.04375
0 0.8583333333333333 0.35 0.03333333333333333 0.04791666666666667
0 0.8927083333333333 0.3645833333333333 0.03333333333333333 0.058333333333333334
0 0.9677083333333333 0.3572916666666667 0.03125 0.04375
0 0.16875 0.434375 0.035416666666666666 0.053125
0 0.37395833333333334 0.41770833333333335 0.027083333333333334 0.03958333333333333
0 0.14479166666666668 0.44479166666666664 0.021875 0.0375
0 0.42083333333333334 0.42083333333333334 0.027083333333333334 0.03958333333333333
0 0.9645833333333333 0.39479166666666665 0.03125 0.034375
0 0.528125 0.45625 0.03125 0.04375
0 0.008333333333333333 0.5104166666666666 0.015625 0.046875
0 0.8645833333333334 0.4395833333333333 0.03333333333333333 0.04791666666666667
0 0.58125 0.4666666666666667 0.021875 0.0375
0 0.915625 0.44166666666666665 0.021875 0.03333333333333333
0 0.4864583333333333 0.4791666666666667 0.03125 0.03958333333333333
0 0.04791666666666667 0.5177083333333333 0.03125 0.034375
0 0.3260416666666667 0.49583333333333335 0.034375 0.034375
0 0.6645833333333333 0.46979166666666666 0.03125 0.03958333333333333
0 0.37916666666666665 0.4979166666666667 0.027083333333333334 0.04375
0 0.4083333333333333 0.5104166666666666 0.027083333333333334 0.03958333333333333
0 0.6510416666666666 0.4895833333333333 0.027083333333333334 0.03958333333333333
0 0.3416666666666667 0.5260416666666666 0.03125 0.034375
0 0.47708333333333336 0.5260416666666666 0.03333333333333333 0.053125
0 0.11979166666666667 0.559375 0.021875 0.03333333333333333
0 0.2625 0.5489583333333333 0.027083333333333334 0.04375
0 0.6458333333333334 0.5177083333333333 0.03125 0.04375
0 0.32083333333333336 0.5479166666666667 0.027083333333333334 0.04375
0 0.9802083333333333 0.49166666666666664 0.035416666666666666 0.053125
0 0.7104166666666667 0.51875 0.03125 0.04375
0 0.565625 0.5333333333333333 0.03125 0.04375
0 0.13333333333333333 0.5760416666666667 0.03125 0.03958333333333333
0 0.022916666666666665 0.5927083333333333 0.035416666666666666 0.04791666666666667
0 0.7729166666666667 0.5395833333333333 0.03333333333333333 0.053125
0 0.29791666666666666 0.5854166666666667 0.027083333333333334 0.03958333333333333
0 0.9229166666666667 0.5333333333333333 0.027083333333333334 0.03958333333333333
0 0.41041666666666665 0.5822916666666667 0.027083333333333334 0.04375
0 0.8729166666666667 0.5416666666666666 0.027083333333333334 0.04375
0 0.8041666666666667 0.55 0.03125 0.04375
0 0.6625 0.5770833333333333 0.03125 0.03958333333333333
0 0.28541666666666665 0.6145833333333334 0.027083333333333334 0.04375
0 0.22291666666666668 0.6197916666666666 0.03125 0.04375
0 0.5395833333333333 0.59375 0.03125 0.03958333333333333
0 0.7645833333333333 0.5770833333333333 0.03125 0.04375
0 0.946875 0.5604166666666667 0.03125 0.04375
0 0.6322916666666667 0.046875 0.0375 0.058333333333333334
0 0.8979166666666667 0.022916666666666665 0.027083333333333334 0.034375
0 0.6104166666666667 0.5895833333333333 0.03125 0.03958333333333333
0 0.6958333333333333 0.5947916666666667 0.03125 0.03958333333333333
0 0.5041666666666667 0.6104166666666667 0.027083333333333334 0.04375
0 0.946875 0.022916666666666665 0.01875 0.04583333333333333
0 0.23229166666666667 0.6729166666666667 0.028125 0.053125
0 0.4552083333333333 0.653125 0.03125 0.04375
0 0.6604166666666667 0.6354166666666666 0.03125 0.04375
0 0.47291666666666665 0.065625 0.040625 0.053125
0 0.8385416666666666 0.03333333333333333 0.021875 0.041666666666666664
0 0.17708333333333334 0.6822916666666666 0.03125 0.04375
0 0.35208333333333336 0.6666666666666666 0.03125 0.04375
0 0.7208333333333333 0.634375 0.03333333333333333 0.04791666666666667
0 0.9583333333333334 0.615625 0.03333333333333333 0.053125
0 0.2552083333333333 0.6770833333333334 0.040625 0.04375
0 0.5416666666666666 0.65625 0.03333333333333333 0.053125
0 0.39479166666666665 0.671875 0.03125 0.03958333333333333
0 0.49583333333333335 0.6645833333333333 0.028125 0.04791666666666667
0 0.9927083333333333 0.6229166666666667 0.014583333333333334 0.058333333333333334
0 0.615625 0.6572916666666667 0.03125 0.04375
0 0.8229166666666666 0.6416666666666667 0.035416666666666666 0.04791666666666667
0 0.7666666666666667 0.6552083333333333 0.035416666666666666 0.04375
0 0.8833333333333333 0.659375 0.03333333333333333 0.04791666666666667
0 0.35520833333333335 0.7333333333333333 0.027083333333333334 0.04375
0 0.3854166666666667 0.7302083333333333 0.03333333333333333 0.053125
0 0.5125 0.7239583333333334 0.03125 0.04375
0 0.7989583333333333 0.6989583333333333 0.03125 0.04375
0 0.4666666666666667 0.7302083333333333 0.027083333333333334 0.034375
0 0.6260416666666667 0.7166666666666667 0.03125 0.04375
0 0.9625 0.6895833333333333 0.03333333333333333 0.04791666666666667
0 0.721875 0.721875 0.03125 0.04375
0 0.85625 0.7166666666666667 0.03333333333333333 0.053125
0 0.26666666666666666 0.09583333333333334 0.027083333333333334 0.04375
0 0.13854166666666667 0.8041666666666667 0.027083333333333334 0.04375
0 0.22291666666666668 0.10208333333333333 0.028125 0.04791666666666667
0 0.5104166666666666 0.7822916666666667 0.03125 0.04375
0 0.33541666666666664 0.8 0.027083333333333334 0.04375
0 0.38958333333333334 0.7979166666666667 0.0375 0.058333333333333334
0 0.46770833333333334 0.7927083333333333 0.028125 0.04791666666666667
0 0.21458333333333332 0.8166666666666667 0.027083333333333334 0.04375
0 0.8177083333333334 0.7666666666666667 0.027083333333333334 0.04375
0 0.9833333333333333 0.7520833333333333 0.03333333333333333 0.053125
0 0.6791666666666667 0.7833333333333333 0.03333333333333333 0.053125
0 0.7177083333333333 0.7854166666666667 0.0375 0.058333333333333334
0 0.171875 0.8354166666666667 0.03333333333333333 0.04791666666666667
0 0.7083333333333334 0.06145833333333333 0.027083333333333334 0.03958333333333333
0 0.23854166666666668 0.853125 0.03333333333333333 0.04791666666666667
0 0.0375 0.8708333333333333 0.016666666666666666 0.0375
0 0.09375 0.875 0.03125 0.03958333333333333
0 0.35208333333333336 0.8541666666666666 0.028125 0.053125
0 0.6375 0.8291666666666667 0.028125 0.04791666666666667
0 0.3020833333333333 0.8635416666666667 0.034375 0.034375
0 0.7489583333333333 0.8291666666666667 0.03125 0.04375
0 0.9322916666666666 0.8145833333333333 0.03125 0.04375
0 0.41041666666666665 0.865625 0.021875 0.041666666666666664
0 0.434375 0.8635416666666667 0.027083333333333334 0.03958333333333333
0 0.7104166666666667 0.8395833333333333 0.027083333333333334 0.03958333333333333
0 0.8583333333333333 0.8291666666666667 0.035416666666666666 0.04375
0 0.0125 0.12708333333333333 0.025 0.04375
0 0.17291666666666666 0.8958333333333334 0.03125 0.034375
0 0.13333333333333333 0.9083333333333333 0.027083333333333334 0.04375
0 0.9854166666666667 0.8416666666666667 0.028125 0.04375
0 0.9239583333333333 0.8604166666666667 0.03125 0.04375
0 0.5208333333333334 0.9052083333333333 0.03125 0.04375
0 0.4708333333333333 0.9104166666666667 0.03125 0.04375
0 0.6947916666666667 0.8916666666666667 0.03125 0.03958333333333333
0 0.3104166666666667 0.9291666666666667 0.03125 0.03958333333333333
0 0.5802083333333333 0.9135416666666667 0.03333333333333333 0.053125
0 0.3541666666666667 0.9354166666666667 0.03333333333333333 0.04791666666666667
0 0.6541666666666667 0.9114583333333334 0.027083333333333334 0.04375
0 0.8739583333333333 0.8947916666666667 0.03125 0.04375
0 0.803125 0.9052083333333333 0.035416666666666666 0.04791666666666667
0 0.759375 0.9166666666666666 0.03333333333333333 0.04791666666666667
0 0.059375 0.13125 0.027083333333333334 0.04375
0 0.9854166666666667 0.9145833333333333 0.028125 0.04375
0 0.41875 0.10208333333333333 0.035416666666666666 0.04375
0 0.375 0.11041666666666666 0.035416666666666666 0.04375
0 0.9135416666666667 0.07083333333333333 0.03333333333333333 0.053125
0 0.12708333333333333 0.14895833333333333 0.027083333333333334 0.034375
0 0.6333333333333333 0.11145833333333334 0.027083333333333334 0.04375
0 0.5833333333333334 0.11666666666666667 0.03125 0.04375
0 0.175 0.15416666666666667 0.03125 0.04375
0 0.8604166666666667 0.09895833333333333 0.035416666666666666 0.053125
0 0.08020833333333334 0.16666666666666666 0.03125 0.03958333333333333
0 0.23333333333333334 0.15416666666666667 0.027083333333333334 0.04375
0 0.027083333333333334 0.17395833333333333 0.027083333333333334 0.03958333333333333
0 0.7916666666666666 0.11458333333333333 0.03333333333333333 0.04791666666666667