0 0.8185288387361795 0.1276244217350919 0.07457433674699843 0.1016001740119445
0 0.7020441825928566 0.12721486854324013 0.08070299639810254 0.09966231104333338
0 0.5408388036583672 0.14449027457111066 0.06502759992470691 0.08057288019231486
0 0.9844273405371282 0.17265505522092509 0.013186947289165356 0.08352729381962962
0 0.9235859826493263 0.18135293541323996 0.07433165604920665 0.09743350734527781
0 0.5940450212349198 0.17758028634939765 0.06502759992470715 0.08057288019231486
0 0.3333754001694092 0.17012412994027748 0.0745743367469983 0.10160017401194447
0 0.13075630896709714 0.20188676000550915 0.08094567709589413 0.10382897771000005
0 0.9497900844690982 0.24939982865041585 0.07493835779368586 0.10785017401194447
0 0.41080317917919157 0.23385801519888852 0.07164162097139445 0.08696835055703715
0 0.8472820599146296 0.25906751127421224 0.0849910034136651 0.10184262461981484
0 0.270127782705796 0.2558568533443516 0.08523368411145664 0.10600929128648152
0 0.05492747392693132 0.25358391426060184 0.0845056420180818 0.09350929128648151
0 0.5238800318523797 0.27491681345152735 0.0601328911646655 0.06797589994916665
0 0.3930322316076776 0.026013937817175772 0.07226887011797818 0.052027875634351545
0 0.12855260731673437 0.311164779762361 0.09380969814258157 0.11036991843944446
0 0.69776547724648 0.03993307409032349 0.07263289116466562 0.06826684067861116
0 0.3788765055910786 0.3355058083852312 0.08327169112701907 0.10804413449824087
0 0.49898179683103716 0.3451933813339347 0.08462698236697766 0.09559262461981485
0 0.8191580319464961 0.3668683242174067 0.08988571217370639 0.11443960486296305
0 0.7008933933420792 0.36129892781379574 0.08988571217370639 0.11443960486296305
0 0.609237000376465 0.3811165814356013 0.07433165604920665 0.09743350734527781
0 0.9428942319841426 0.4035180051955084 0.07077169112701918 0.10775319376879627
0 0.03398723876441439 0.40925290374888884 0.06797447752882878 0.1163774678315742
0 0.7244784039595391 0.45645339944509195 0.10924241391818536 0.1252926826237964
0 0.7790864211219802 0.054684380954814156 0.0623375648468946 0.07010772340407412
0 0.4315777864018097 0.44870717325370335 0.08891498938253999 0.09777293819629639
0 0.31533581095627833 0.4441309533951849 0.08094567709589408 0.1038289777100001
0 0.2444418074484971 0.44682128419537015 0.07592962798695689 0.08914866413351857
0 0.5334287127384039 0.4681819122357866 0.10924241391818536 0.1252926826237964
0 0.1282101057040181 0.459929152609398 0.0983403858559356 0.11671689868259266
0 0.9498125759349357 0.4990603977993973 0.044072926242477925 0.07800464564324076
0 0.6088842250626963 0.5121968660100921 0.08940035077812307 0.10610627152962972
0 0.8410750987825719 0.5442417273330086 0.07164162097139458 0.08696835055703715
0 0.7502783619602805 0.5671601358940271 0.08523368411145664 0.10600929128648152
0 0.2375758040348321 0.5468455292561571 0.11842512969378939 0.140069976443426
0 0.0714654426392489 0.5590338272546295 0.12503915074047678 0.1464654468081482
0 0.864124351531053 0.666455287236851 0.08438430166918588 0.09142595795314842
0 0.3802244392255839 0.6517118188969441 0.09368835779368574 0.10828658510611125
0 0.123307067306657 0.6691344371838888 0.1039836841114566 0.1064457023806483
0 0.9418496492218768 0.08210366135046217 0.06674691221135305 0.07437137031388895
0 0.5876384182730128 0.7519499147689346 0.08988571217370663 0.11443960486296305
0 0.858698326411887 0.0809182662134252 0.08021763500251922 0.09132897771000008
0 0.40381972354409623 0.7645503788007867 0.0849910034136651 0.1018426246198151
0 0.4624060112762735 0.7767100770025922 0.08915767008033164 0.10193960486296305
0 0.00016535124870439963 0.8307166086626852 0.00033070249740879925 0.10106678267462972
0 0.2761707832704934 0.8486612959736571 0.07336093325804036 0.08076684067861113
0 0.5361730324170771 0.8675757857161107 0.09419426659137381 0.0812517418943519
0 0.7310356429592441 0.8796843809548142 0.07263289116466562 0.06826684067861113
0 0.6114259868159212 0.8793475629453236 0.0703068771335405 0.06405168389037025
0 0.8197089236758589 0.8932243057271289 0.06577618942018641 0.057704703647222286