0 0.675 0.19583333333333333 0.025 0.029166666666666667
0 0.6572916666666667 0.2 0.014583333333333334 0.01875
0 0.8083333333333333 0.20833333333333334 0.020833333333333332 0.022916666666666665
0 0.42916666666666664 0.20208333333333334 0.009375 0.01875
0 0.7625 0.21354166666666666 0.020833333333333332 0.028125
0 0.6447916666666667 0.21354166666666666 0.01875 0.01875
0 0.4479166666666667 0.20833333333333334 0.020833333333333332 0.028125
0 0.6927083333333334 0.21979166666666666 0.020833333333333332 0.022916666666666665
0 0.7708333333333334 0.22708333333333333 0.020833333333333332 0.028125
0 0.16041666666666668 0.20833333333333334 0.015625 0.028125
0 0.4979166666666667 0.22708333333333333 0.025 0.029166666666666667
0 0.6854166666666667 0.2375 0.020833333333333332 0.028125
0 0.7927083333333333 0.24791666666666667 0.025 0.0375
0 0.22916666666666666 0.22916666666666666 0.015625 0.022916666666666665
0 0.6520833333333333 0.24583333333333332 0.025 0.0375
0 0.9020833333333333 0.25729166666666664 0.025 0.03333333333333333
0 0.19895833333333332 0.234375 0.015625 0.022916666666666665
0 0.32395833333333335 0.23958333333333334 0.020833333333333332 0.028125
0 0.3927083333333333 0.24166666666666667 0.020833333333333332 0.041666666666666664
0 0.4583333333333333 0.24791666666666667 0.020833333333333332 0.03333333333333333
0 0.7583333333333333 0.25833333333333336 0.025 0.0375
0 0.48020833333333335 0.25625 0.015625 0.022916666666666665
0 0.6770833333333334 0.265625 0.029166666666666667 0.0375
0 0.71875 0.271875 0.025 0.0375
0 0.359375 0.26458333333333334 0.015625 0.022916666666666665
0 0.9333333333333333 0.28854166666666664 0.034375 0.046875
0 0.8229166666666666 0.2864583333333333 0.029166666666666667 0.0375
0 0.859375 0.28854166666666664 0.029166666666666667 0.0375
0 0.46875 0.2791666666666667 0.029166666666666667 0.0375
0 0.4083333333333333 0.2791666666666667 0.025 0.0375
0 0.3229166666666667 0.2760416666666667 0.025 0.029166666666666667
0 0.65625 0.28958333333333336 0.020833333333333332 0.028125
0 0.3541666666666667 0.28125 0.020833333333333332 0.022916666666666665
0 0.12083333333333333 0.27291666666666664 0.025 0.025
0 0.634375 0.29791666666666666 0.029166666666666667 0.0375
0 0.8958333333333334 0.32708333333333334 0.020833333333333332 0.03333333333333333
0 0.7333333333333333 0.3229166666666667 0.025 0.0375
0 0.3375 0.31145833333333334 0.025 0.0375
0 0.7010416666666667 0.32395833333333335 0.025 0.046875
0 0.3 0.31979166666666664 0.025 0.0375
0 0.9125 0.3458333333333333 0.025 0.029166666666666667
0 0.3229166666666667 0.34791666666666665 0.034375 0.046875
0 0.41041666666666665 0.3770833333333333 0.029166666666666667 0.052083333333333336
0 0.515625 0.3854166666666667 0.029166666666666667 0.041666666666666664
0 0.8416666666666667 0.4083333333333333 0.03958333333333333 0.052083333333333336
0 0.16041666666666668 0.38645833333333335 0.025 0.0375
0 0.5635416666666667 0.403125 0.025 0.0375
0 0.5864583333333333 0.40625 0.029166666666666667 0.041666666666666664
0 0.2989583333333333 0.4114583333333333 0.034375 0.046875
0 0.7177083333333333 0.43125 0.03333333333333333 0.0375
0 0.17083333333333334 0.42083333333333334 0.029166666666666667 0.0375
0 0.48125 0.4322916666666667 0.029166666666666667 0.046875
0 0.096875 0.42083333333333334 0.03958333333333333 0.052083333333333336
0 0.19479166666666667 0.4239583333333333 0.029166666666666667 0.0375
0 0.640625 0.446875 0.041666666666666664 0.025
0 0.3625 0.44166666666666665 0.03958333333333333 0.07083333333333333
0 0.746875 0.4552083333333333 0.034375 0.046875
0 0.5135416666666667 0.45729166666666665 0.0375 0.041666666666666664
0 0.7 0.47708333333333336 0.034375 0.052083333333333336
0 0.8895833333333333 0.48541666666666666 0.03958333333333333 0.05625
0 0.23958333333333334 0.46458333333333335 0.025 0.046875
0 0.13541666666666666 0.46145833333333336 0.029166666666666667 0.029166666666666667
0 0.6489583333333333 0.4791666666666667 0.034375 0.046875
0 0.17395833333333333 0.4666666666666667 0.04375 0.052083333333333336
0 0.11666666666666667 0.4708333333333333 0.03333333333333333 0.025
0 0.971875 0.5072916666666667 0.053125 0.0625
0 0.846875 0.5072916666666667 0.04375 0.065625
0 0.8125 0.5104166666666666 0.03958333333333333 0.06041666666666667
0 0.25729166666666664 0.4979166666666667 0.04375 0.052083333333333336
0 0.5229166666666667 0.5166666666666667 0.03958333333333333 0.05625
0 0.48541666666666666 0.5177083333333333 0.03958333333333333 0.046875
0 0.1125 0.5166666666666667 0.04791666666666667 0.04791666666666667
0 0.3854166666666667 0.528125 0.04791666666666667 0.0625
0 0.3458333333333333 0.5354166666666667 0.04791666666666667 0.0625
0 0.016666666666666666 0.5322916666666667 0.03333333333333333 0.06041666666666667
0 0.209375 0.5427083333333333 0.04375 0.052083333333333336
0 0.43333333333333335 0.5510416666666667 0.04375 0.05625
0 0.5125 0.6020833333333333 0.04791666666666667 0.06666666666666667
0 0.05625 0.5927083333333333 0.041666666666666664 0.0375
0 0.8520833333333333 0.628125 0.053125 0.090625
0 0.6395833333333333 0.625 0.04375 0.07916666666666666
0 0.60625 0.6291666666666667 0.053125 0.08541666666666667
0 0.5458333333333333 0.6677083333333333 0.06458333333333334 0.09791666666666667
0 0.04479166666666667 0.6604166666666667 0.04791666666666667 0.07916666666666666
0 0.19270833333333334 0.671875 0.04791666666666667 0.053125
0 0.16041666666666668 0.678125 0.034375 0.07083333333333333
0 0.40208333333333335 0.7104166666666667 0.0625 0.090625
0 0.45625 0.7645833333333333 0.034375 0.07083333333333333
0 0.375 0.7645833333333333 0.04791666666666667 0.084375
0 0.196875 0.7604166666666666 0.06458333333333334 0.103125
0 0.3260416666666667 0.7875 0.058333333333333334 0.06666666666666667
0 0.9104166666666667 0.8135416666666667 0.059375 0.103125
0 0.5822916666666667 0.80625 0.06875 0.10833333333333334
0 0.7197916666666667 0.8322916666666667 0.059375 0.09791666666666667
0 0.765625 0.8520833333333333 0.03958333333333333 0.084375
0 0.290625 0.8541666666666666 0.06875 0.09791666666666667
0 0.6604166666666667 0.8708333333333333 0.053125 0.06666666666666667
0 0.8166666666666667 0.10416666666666667 0.009375 0.014583333333333334
0 0.86875 0.9416666666666667 0.06875 0.115625
0 0.19375 0.9270833333333334 0.07291666666666667 0.11875
0 0.029166666666666667 0.9260416666666667 0.058333333333333334 0.10416666666666667
0 0.34791666666666665 0.9375 0.08333333333333333 0.109375
0 0.8427083333333333 0.10625 0.009375 0.014583333333333334
0 0.7083333333333334 0.9677083333333333 0.08333333333333333 0.06458333333333334
0 0.76875 0.10833333333333334 0.014583333333333334 0.01875
0 0.8635416666666667 0.11145833333333334 0.014583333333333334 0.014583333333333334
0 0.75 0.11041666666666666 0.009375 0.014583333333333334
0 0.8010416666666667 0.11145833333333334 0.009375 0.014583333333333334
0 0.7354166666666667 0.11875 0.009375 0.014583333333333334
0 0.6479166666666667 0.125 0.014583333333333334 0.014583333333333334
0 0.796875 0.13958333333333334 0.009375 0.014583333333333334
0 0.8645833333333334 0.15625 0.014583333333333334 0.01875
0 0.7739583333333333 0.153125 0.014583333333333334 0.01875
0 0.8291666666666667 0.15729166666666666 0.015625 0.022916666666666665
0 0.6677083333333333 0.15416666666666667 0.01875 0.01875
0 0.7958333333333333 0.16041666666666668 0.014583333333333334 0.01875
0 0.8166666666666667 0.16145833333333334 0.015625 0.022916666666666665
0 0.7572916666666667 0.165625 0.014583333333333334 0.01875
0 0.8541666666666666 0.171875 0.014583333333333334 0.01875
0 0.9083333333333333 0.178125 0.014583333333333334 0.01875
0 0.7822916666666667 0.18020833333333333 0.014583333333333334 0.01875
0 0.703125 0.18020833333333333 0.020833333333333332 0.022916666666666665
0 0.7979166666666667 0.18854166666666666 0.014583333333333334 0.01875
0 0.7104166666666667 0.1875 0.015625 0.022916666666666665
0 0.7729166666666667 0.18958333333333333 0.020833333333333332 0.022916666666666665
0 0.7333333333333333 0.19583333333333333 0.020833333333333332 0.022916666666666665
0 0.5322916666666667 0.18854166666666666 0.009375 0.01875