0 0.575 0.11346780642108202 0.07916666666666666 0.10414894919324075
0 0.3375 0.13435429217469308 0.10416666666666667 0.13462581034198345
0 0.6083333333333333 0.17667306573051675 0.07916666666666666 0.12081561585990741
0 0.18125 0.1386655766617179 0.09791666666666667 0.1197149283881311
0 0.44583333333333336 0.16607346826368918 0.06458333333333334 0.09713466907869642
0 0.509375 0.17565354590563242 0.07916666666666666 0.09998228252657408
0 0.7166666666666667 0.20110057515284616 0.08541666666666667 0.1315598311470931
0 0.784375 0.2473573518751354 0.09166666666666666 0.14647071310094545
0 0.6416666666666667 0.26487832503995146 0.08958333333333333 0.13177819689410578
0 0.23958333333333334 0.25318103045322865 0.09375 0.11116322930778513
0 0.41770833333333335 0.2718911661380203 0.09166666666666666 0.1423040464342788
0 0.08645833333333333 0.2628644225838463 0.11875 0.16664009045652778
0 0.546875 0.31199383762874644 0.08958333333333333 0.13177819689410578
0 0.7260416666666667 0.3390918980836247 0.10416666666666667 0.15754247700865018
0 0.8645833333333334 0.35885255917179604 0.0875 0.14416901402059945
0 0.34791666666666665 0.3640668732088914 0.10833333333333334 0.13692750942232954
0 0.24895833333333334 0.4036723533840071 0.1 0.1385741112616375
0 0.5833333333333334 0.5514045379151074 0.12708333333333333 0.18999348861721993
0 0.4864583333333333 0.6359108676303962 0.08958333333333333 0.12761153022743912