0 0.5522618347651378 0.17597668348188217 0.013373462988050732 0.01681211733503023
0 0.48690536258054706 0.20175242037982116 0.013373462988050732 0.01681211733503023
0 0.7822650904565279 0.10971993767242909 0.030476861148742766 0.025339384892848305
0 0.4748966855113256 0.2112728710481847 0.019951011608569758 0.023134842669211984
0 0.4922774702241399 0.2048168159346697 0.013373462988050732 0.01681211733503017
0 0.06796058269179224 0.3421265306598791 0.03529862505644736 0.03788786844896942
0 0.7106040268351841 0.13452673323788317 0.026528560229088782 0.029457568003393792
0 0.8677953693650572 0.09100557054958115 0.029048625056447484 0.03781514311478773
0 0.03286260590893163 0.3883962159983031 0.02707447459662038 0.03987423467006046
0 0.06882961631148646 0.37859698488224275 0.03310610884960772 0.035780293337575604
0 0.9043584562035406 0.11246846032255106 0.025427872757312286 0.04818332622533319
0 0.15304084200122692 0.3744901928707887 0.03727277551627436 0.03582877689369681
0 0.03844864993118066 0.4154310657755153 0.03518944218294105 0.03580453511563609
0 0.28358558269179224 0.3396175066306077 0.04878127091800444 0.056783319117333045
0 0.19613131539183246 0.3812849030872132 0.04428705563081874 0.05048483556121184
0 0.24958829338070795 0.3671129501909711 0.03957447459662037 0.04001968533842396
0 0.3849592273473344 0.324887992838972 0.03957447459662037 0.04001968533842396
0 0.4363874634396297 0.3117819483874572 0.03727277551627436 0.03582877689369681
0 0.1783093698166363 0.3992114124230918 0.04428705563081874 0.05048483556121184
0 0.6470903753951317 0.2551304994695797 0.055249636665017005 0.06102271111818152
0 0.6962715038438342 0.23892369679612546 0.054594539423978954 0.04852271111818152
0 0.45135293683023525 0.3189039226076997 0.027183657470126712 0.04195756800339379
0 0.059987242573948704 0.44853410221727297 0.051082969998350394 0.060974227562060314
0 0.3083583582080666 0.37476751373860784 0.044723787124844 0.05881816889454517
0 0.7836077295335746 0.23478054211758057 0.06423806723938838 0.07361967823042383
0 0.3589588640123515 0.38564404439848693 0.05130133574536302 0.06514089422872699
0 0.45233115332343576 0.35745771016339667 0.03814623850432509 0.05249544356036348
0 0.5179605826917922 0.33689030659879105 0.055249636665017005 0.0610227111181814
0 0.7147942793601084 0.2741464292383074 0.0263101944820761 0.025290901336727126
0 0.2998523918277608 0.4113470559622442 0.06423806723938838 0.07361967823042383
0 0.14013655510217238 0.4663629146509704 0.040447937584671106 0.05668635200509063
0 0.2891037471722187 0.4250220524082441 0.05130133574536302 0.06514089422872699
0 0.49004951907044847 0.3611880248249726 0.06423806723938838 0.07361967823042383
0 0.5885209588413597 0.3308577528113975 0.05974385195220269 0.06732119467430261
0 0.7617784622336148 0.2756843225652774 0.06018058344622806 0.07565452800763595
0 0.3510032413679338 0.4128364657330929 0.05108296999835034 0.060974227562060196
0 0.03760320216974429 0.5186287911096971 0.024763916779561423 0.07524241778060592
0 0.20669403889533272 0.4635038444196981 0.0461520232171394 0.04634241067260578
0 0.609681840795212 0.33686533503079163 0.06445643298640107 0.07778634489709049
0 0.1612384162509151 0.4911326177593948 0.048781270918004375 0.056783319117333045
0 0.7342495386695432 0.30727370745812566 0.05130133574536302 0.06514089422872699
0 0.7488328720028766 0.30710401501170154 0.02872107643592822 0.03156514311478773
0 0.8462080536703681 0.27574419722049004 0.05952548620519025 0.06315452800763606
0 0.451553585103822 0.4022857394971542 0.04450542137783143 0.054651502227878505
0 0.25663501809022304 0.4816841626352742 0.052947937584671104 0.05683180267345425
0 0.12455285843385615 0.5269977573201824 0.05130133574536308 0.06514089422872699
0 0.2132081373423856 0.5082470275302435 0.051082969998350394 0.060974227562060314
0 0.3450630725150269 0.49837434129006264 0.06895064827358675 0.08408482845321169
0 0.7874660040696236 0.38795402567370174 0.07268058344622806 0.07579997867599957
0 0.957803585103822 0.3963949874284301 0.07509146540008042 0.08207422045406017
0 0.11574735865964564 0.6771916915446672 0.0776115302274391 0.09043179556545411
0 0.7453950505039024 0.4801661323467317 0.09098499321548985 0.10724391290048428
0 0.35644023820146825 0.6160220701782445 0.08024077792830416 0.10087270401018127
0 0.5423615159039828 0.5638281892637608 0.09065744459497083 0.1009939129004844
0 0.5048526571672699 0.6038721163802454 0.08670914367531685 0.10511209601102962
0 0.30012235865964565 0.6750462941863046 0.08440744459497082 0.10092118756630271
0 0.9888249216036209 0.44799348520055154 0.022350156792758234 0.10259241067260577
0 0.9895080340712732 0.7157745438680666 0.02098393185745356 0.10898786134096952