0 0.7557819139790765 0.14846571093590374 0.04617582023686187 0.053611116998597316
0 0.8045233595262763 0.13243066447404997 0.048065087951246234 0.04951720193503846
0 0.7212841869320494 0.17230168528617884 0.0437043556656306 0.045205032062156175
0 0.8284331764548722 0.13430897457645644 0.04389842128457957 0.04937169872882284
0 0.7802967499317041 0.1597553968398641 0.04578768899896393 0.045277783665263985
0 0.6558988968853677 0.209666094724724 0.0437043556656306 0.045205032062156175
0 0.69388406093274 0.2005589569139979 0.0414269567133483 0.0409656137923817
0 0.8641152473124099 0.15224879429750973 0.044286552522477506 0.05770503206215617
0 0.19326180948650107 0.44287370598521697 0.034885858284924964 0.03449735898305827
0 0.2791893344380927 0.41248681257774983 0.02853882547545048 0.03219577084040151
0 0.2536071375812458 0.4241137933404561 0.034885858284924964 0.03449735898305827
0 0.18449182851053259 0.45195769957278575 0.026164393713693692 0.025873019237293703
0 0.885987375242042 0.1978771043999162 0.02655252495159175 0.034206352570627034
0 0.09660082520226677 0.5020998838453656 0.021997727047027058 0.025727516031078087
0 0.3693548646282729 0.40311513151138556 0.030816224427732783 0.036435189110175986
0 0.42236000965161374 0.3851422549224141 0.02853882547545048 0.03219577084040151
0 0.32993990267633594 0.4205192268538911 0.034885858284924964 0.03449735898305827
0 0.24803349517719925 0.45417662346757387 0.034885858284924964 0.03449735898305827
0 0.22775666446316023 0.46390214990471634 0.02853882547545048 0.03219577084040151
0 0.04911793410786734 0.5359160152436606 0.02853882547545048 0.03219577084040139
0 0.8744063148616815 0.2225133463843772 0.0414269567133483 0.0409656137923817
0 0.3465095365335281 0.4231845730120869 0.026164393713693692 0.025873019237293703
0 0.038264619798565526 0.5449272572281214 0.024275125999309328 0.02996693430085268
0 0.02542500496540486 0.5517824142761413 0.02597032809474476 0.021706352570627037
0 0.4015009820807279 0.4073677813595566 0.017734027570885876 0.023498679491529135
0 0.448110577889857 0.3923016499612617 0.030816224427732783 0.036435189110175986
0 0.03271667163207153 0.5520370448870187 0.017734027570885914 0.023498679491529135
0 0.3916893344380927 0.41641539914557146 0.02853882547545048 0.03219577084040151
0 0.5562042012698721 0.35642864838642657 0.03507992390387405 0.03866402564972494
0 0.4349798646282729 0.40540680700928156 0.02853882547545048 0.03219577084040151
0 0.537962187484429 0.36726859309334353 0.034885858284924846 0.03449735898305827
0 0.1607960272977022 0.512688516875041 0.02853882547545048 0.03219577084040151
0 0.17467730879752957 0.5058697356285751 0.021997727047027026 0.025727516031078087
0 0.09589590129839287 0.5396362596469195 0.021997727047027026 0.025727516031078087
0 0.5142692583419666 0.3831349921258243 0.03726029004668175 0.04082011058616608
0 0.8637698883385133 0.24926929750372534 0.0437043556656306 0.04520503206215611
0 0.1329849478933103 0.5273677460346395 0.021997727047027026 0.025727516031078087
0 0.6789781907926948 0.31898157470001276 0.05698061814142648 0.06230820834746969
0 0.479166512270908 0.39755959067454544 0.03726029004668175 0.04082011058616608
0 0.08182055417961658 0.5506217075600521 0.021997727047027026 0.025727516031078087
0 0.1252566335840085 0.5364881154237622 0.02853882547545048 0.03219577084040139
0 0.5010900286756452 0.3972818158405108 0.034885858284924964 0.03449735898305827
0 0.38844160739106565 0.44134264754246366 0.030816224427732783 0.036435189110175986
0 0.34381831210579533 0.4585648638771997 0.030816224427732783 0.036435189110175986
0 0.35343589412948156 0.45368391275785147 0.0437043556656306 0.045205032062156175
0 0.32581888034403855 0.4641964752507833 0.026164393713693813 0.025873019237293703
0 0.5784901546749546 0.3707705826872791 0.04389842128457957 0.04937169872882284
0 0.008012155363926143 0.5936541041737348 0.016024310727852285 0.04067460737995058
0 0.3967264243196617 0.44267532062156156 0.04370435566563072 0.045205032062156175
0 0.532291512270908 0.3994147565537946 0.03726029004668163 0.04082011058616608
0 0.6222401546749546 0.37229836635254304 0.03726029004668163 0.04082011058616596
0 0.18632683567944391 0.5469676210487758 0.030816224427732783 0.036435189110175986
0 0.0874141466804799 0.5873346715042627 0.02853882547545048 0.03219577084040139
0 0.16677487896609552 0.5859325657556927 0.034885858284924964 0.03449735898305827
0 0.13881537827712398 0.6486012131850657 0.02853882547545048 0.03219577084040139
0 0.15671777722940625 0.6450529351448153 0.033093623380015084 0.04067460737995058
0 0.11001114861080265 0.6622023998764437 0.04617582023686193 0.0536111169985972
0 0.0206675252307876 0.6987301658792491 0.031398421284579627 0.04893518911017599
0 0.18930054232449636 0.6399305849929865 0.033093623380015084 0.04067460737995058
0 0.06783362365921103 0.6941170769491748 0.03726029004668172 0.04082011058616596
0 0.23557052330046482 0.6321561202613583 0.026164393713693692 0.025873019237293703
0 0.08568750620675608 0.6916104655755911 0.045787688998963995 0.04527778366526387
0 0.04602996223113293 0.71422289425143 0.04389842128457963 0.04937169872882284
0 0.16255395175395576 0.6765575657556927 0.04617582023686187 0.0536111169985972
0 0.2824455233004649 0.6337930313312838 0.05005138847510508 0.04750662020481305
0 0.14624972208763448 0.6905952620657175 0.03963472180843848 0.04714286218927389
0 0.20877541632518704 0.6698247676907312 0.04370435566563072 0.045205032062156175
0 0.1278621590879798 0.7045602067726345 0.04578768899896402 0.04527778366526387
0 0.25533649572957895 0.655800302959103 0.03726029004668175 0.04082011058616596
0 0.23491411580132818 0.6686508293962454 0.06124431761756763 0.06453704488701864
0 0.2145887686825519 0.6794180225000547 0.03507992390387393 0.03866402564972494
0 0.4585385784422366 0.5940344568574526 0.04617582023686187 0.0536111169985972
0 0.5748685023461105 0.560535795028382 0.026164393713693813 0.025873019237293703
0 0.046729141994271015 0.766415354989425 0.031204355665630675 0.044768522443509325
0 0.42706881858573514 0.6200628919457226 0.041426956713348416 0.04096561379238182
0 0.30267096553939876 0.6699735898305826 0.06986874937932441 0.07107805129944987
0 0.1422257325648116 0.7321891771292764 0.04123289109439945 0.03679894712571515
0 0.5118091276564484 0.5927646227367016 0.04389842128457957 0.04937169872882284
0 0.5399826440611856 0.5927051027119904 0.04191212076072072 0.05138228045904848
0 0.08170916101830254 0.7770271322422578 0.059355049903183264 0.06863095995057739
0 0.9209273396766814 0.45576401546984185 0.065799115522132 0.07301588142656759
0 0.23367551144534465 0.7176455385311328 0.06579911552213223 0.07301588142656759
0 0.6139181552273343 0.5733764088207637 0.06560504990318326 0.06884921475990093
0 0.7965294866303448 0.5056747133547018 0.05639842128457957 0.04980820834746969
0 0.5860100430134679 0.5901389713136955 0.04191212076072072 0.05138228045904848
0 0.8748257300821092 0.48232485600302405 0.05043951971300302 0.05583995353814615
0 0.656917586989091 0.5686178166844738 0.05043951971300302 0.05583995353814615
0 0.4550710915387081 0.6460814143892318 0.05043951971300302 0.055839953538146386
0 0.3743518999204498 0.6766501868044686 0.059355049903183264 0.06863095995057739
0 0.16254820761321997 0.7662864022952417 0.07936647642635145 0.09636905771188112
0 0.41061616763483416 0.6820900065255219 0.06986874937932441 0.07107805129944987
0 0.27362128177902334 0.7336475281250683 0.07699204466459465 0.09004630610877343
0 0.12676623187584007 0.7952943341772962 0.07888131237897908 0.08595239104521445
0 0.6990922398703148 0.5815675578815171 0.06390984780774762 0.07710979649012634
0 0.8998000358445566 0.5061509177085383 0.05639842128457957 0.04980820834746969
0 0.9676796126296542 0.4824373023413215 0.024275125999309446 0.029966934300852562
0 0.7529449859413734 0.5677977237607662 0.06560504990318326 0.06884921475990093
0 0.8154221637741886 0.5480688960524466 0.09414387537863386 0.10104498560030233
0 0.5360299931102847 0.6551687269104366 0.06957765095090096 0.06482805129944988
0 0.6690265836808252 0.6222520779062284 0.06986874937932441 0.07107805129944987
0 0.4590636426832425 0.7171693783334426 0.10325347118776283 0.11800265867940046
0 0.9628080220591136 0.5198281749366597 0.0324657821887989 0.07185185577684265
0 0.9353108632503297 0.5501687798978121 0.0788813123789789 0.08595239104521445
0 0.7371458704192411 0.6381945474754527 0.10068497380705707 0.10751324040962587
0 0.5603964077783327 0.7144478310841713 0.11008566804460974 0.13072091348872353
0 0.6947714077783327 0.7191403094846248 0.14686079404391894 0.1611243574082233
0 0.31949451530599016 0.868799651536097 0.11623863523513525 0.12885583496471373
0 0.8052137686825519 0.7000431019811181 0.12544526385373894 0.14789684137714498
0 0.9198713126581751 0.6800497310171603 0.10941218251902426 0.20557541028250814
0 0.18230269176086242 0.9641501426483221 0.14942354728388896 0.07169971470335573