0 0.965625 0.38333333333333336 0.035416666666666666 0.071875
0 0.9322916666666666 0.3885416666666667 0.034375 0.053125
0 0.8489583333333334 0.3885416666666667 0.020833333333333332 0.041666666666666664
0 0.7145833333333333 0.38333333333333336 0.020833333333333332 0.025
0 0.7927083333333333 0.3875 0.03125 0.052083333333333336
0 0.9020833333333333 0.4010416666666667 0.03125 0.046875
0 0.6697916666666667 0.3927083333333333 0.015625 0.022916666666666665
0 0.7270833333333333 0.39791666666666664 0.010416666666666666 0.028125
0 0.7458333333333333 0.39895833333333336 0.015625 0.028125
0 0.6395833333333333 0.3958333333333333 0.009375 0.014583333333333334
0 0.7697916666666667 0.403125 0.029166666666666667 0.041666666666666664
0 0.6770833333333334 0.39791666666666664 0.010416666666666666 0.028125
0 0.628125 0.39791666666666664 0.015625 0.022916666666666665
0 0.6541666666666667 0.39895833333333336 0.009375 0.014583333333333334
0 0.8125 0.4125 0.03125 0.046875
0 0.7041666666666667 0.40729166666666666 0.015625 0.022916666666666665
0 0.6020833333333333 0.4041666666666667 0.004166666666666667 0.014583333333333334
0 0.5958333333333333 0.403125 0.004166666666666667 0.014583333333333334
0 0.609375 0.4041666666666667 0.010416666666666666 0.01875
0 0.653125 0.4083333333333333 0.010416666666666666 0.01875
0 0.996875 0.428125 0.00625 0.075
0 0.5489583333333333 0.403125 0.004166666666666667 0.009375
0 0.5364583333333334 0.4041666666666667 0.004166666666666667 0.009375
0 0.54375 0.40520833333333334 0.004166666666666667 0.009375
0 0.571875 0.40729166666666666 0.009375 0.014583333333333334
0 0.64375 0.41041666666666665 0.010416666666666666 0.01875
0 0.6135416666666667 0.41041666666666665 0.009375 0.014583333333333334
0 0.528125 0.40729166666666666 0.009375 0.014583333333333334
0 0.58125 0.409375 0.009375 0.014583333333333334
0 0.5645833333333333 0.4125 0.009375 0.009375
0 0.340625 0.4010416666666667 0.015625 0.022916666666666665
0 0.41041666666666665 0.40729166666666666 0.015625 0.022916666666666665
0 0.48541666666666666 0.41041666666666665 0.004166666666666667 0.009375
0 0.43333333333333335 0.41041666666666665 0.014583333333333334 0.014583333333333334
0 0.39791666666666664 0.4083333333333333 0.015625 0.01875
0 0.17291666666666666 0.40625 0.020833333333333332 0.029166666666666667
0 0.44375 0.42083333333333334 0.004166666666666667 0.009375
0 0.5229166666666667 0.4239583333333333 0.010416666666666666 0.01875
0 0.5708333333333333 0.4270833333333333 0.015625 0.022916666666666665
0 0.4395833333333333 0.42291666666666666 0.00625 0.01875
0 0.5572916666666666 0.42916666666666664 0.014583333333333334 0.014583333333333334
0 0.5854166666666667 0.43020833333333336 0.014583333333333334 0.014583333333333334
0 0.3625 0.41875 0.009375 0.014583333333333334
0 0.46041666666666664 0.42291666666666666 0.004166666666666667 0.014583333333333334
0 0.41354166666666664 0.42604166666666665 0.010416666666666666 0.01875
0 0.31875 0.42291666666666666 0.015625 0.01875
0 0.45 0.44166666666666665 0.009375 0.004166666666666667
0 0.49166666666666664 0.44375 0.014583333333333334 0.014583333333333334
0 0.5197916666666667 0.44583333333333336 0.004166666666666667 0.014583333333333334
0 0.5270833333333333 0.44583333333333336 0.009375 0.014583333333333334
0 0.421875 0.4427083333333333 0.009375 0.009375
0 0.5083333333333333 0.446875 0.009375 0.009375
0 0.5833333333333334 0.45208333333333334 0.020833333333333332 0.025
0 0.5958333333333333 0.45208333333333334 0.010416666666666666 0.022916666666666665
0 0.48125 0.4479166666666667 0.004166666666666667 0.009375
0 0.6020833333333333 0.45416666666666666 0.010416666666666666 0.028125
0 0.4708333333333333 0.4479166666666667 0.004166666666666667 0.009375
0 0.6708333333333333 0.4583333333333333 0.034375 0.03958333333333333
0 0.37604166666666666 0.4427083333333333 0.009375 0.014583333333333334
0 0.409375 0.446875 0.004166666666666667 0.014583333333333334
0 0.403125 0.44583333333333336 0.009375 0.009375
0 0.38958333333333334 0.4479166666666667 0.009375 0.014583333333333334
0 0.3958333333333333 0.4479166666666667 0.00625 0.01875
0 0.5145833333333333 0.45416666666666666 0.010416666666666666 0.01875
0 0.30833333333333335 0.44375 0.010416666666666666 0.01875
0 0.46041666666666664 0.45208333333333334 0.004166666666666667 0.009375
0 0.42604166666666665 0.45208333333333334 0.014583333333333334 0.014583333333333334
0 0.44895833333333335 0.45416666666666666 0.009375 0.014583333333333334
0 0.5208333333333334 0.45729166666666665 0.004166666666666667 0.009375
0 0.49583333333333335 0.4583333333333333 0.009375 0.014583333333333334
0 0.35833333333333334 0.4510416666666667 0.015625 0.01875
0 0.4010416666666667 0.453125 0.009375 0.009375
0 0.471875 0.459375 0.004166666666666667 0.009375
0 0.6291666666666667 0.46770833333333334 0.034375 0.058333333333333334
0 0.45625 0.46041666666666664 0.009375 0.009375
0 0.32916666666666666 0.45625 0.014583333333333334 0.014583333333333334
0 0.44583333333333336 0.46458333333333335 0.015625 0.01875
0 0.50625 0.46770833333333334 0.015625 0.01875
0 0.14375 0.44895833333333335 0.020833333333333332 0.029166666666666667
0 0.4625 0.465625 0.010416666666666666 0.01875
0 0.41041666666666665 0.46458333333333335 0.014583333333333334 0.014583333333333334
0 0.3020833333333333 0.459375 0.015625 0.01875
0 0.34791666666666665 0.46458333333333335 0.015625 0.01875
0 0.47291666666666665 0.4708333333333333 0.010416666666666666 0.01875
0 0.4875 0.4708333333333333 0.015625 0.01875
0 0.31145833333333334 0.46458333333333335 0.010416666666666666 0.01875
0 0.38333333333333336 0.46770833333333334 0.015625 0.01875
0 0.24166666666666667 0.46041666666666664 0.015625 0.01875
0 0.36041666666666666 0.46979166666666666 0.020833333333333332 0.020833333333333332
0 0.2635416666666667 0.4666666666666667 0.010416666666666666 0.01875
0 0.25416666666666665 0.4708333333333333 0.015625 0.01875
0 0.37083333333333335 0.47708333333333336 0.010416666666666666 0.01875
0 0.46458333333333335 0.484375 0.015625 0.01875
0 0.32708333333333334 0.48125 0.015625 0.022916666666666665
0 0.45416666666666666 0.48854166666666665 0.015625 0.022916666666666665
0 0.24375 0.4791666666666667 0.010416666666666666 0.01875
0 0.440625 0.4895833333333333 0.014583333333333334 0.014583333333333334
0 0.3416666666666667 0.4864583333333333 0.020833333333333332 0.029166666666666667
0 0.315625 0.48541666666666666 0.020833333333333332 0.025
0 0.48854166666666665 0.496875 0.015625 0.022916666666666665
0 0.409375 0.49270833333333336 0.015625 0.028125
0 0.35833333333333334 0.490625 0.020833333333333332 0.03333333333333333
0 0.6760416666666667 0.5072916666666667 0.03958333333333333 0.058333333333333334
0 0.171875 0.48333333333333334 0.020833333333333332 0.025
0 0.23541666666666666 0.490625 0.020833333333333332 0.029166666666666667
0 0.2864583333333333 0.49375 0.020833333333333332 0.029166666666666667
0 0.390625 0.5083333333333333 0.020833333333333332 0.029166666666666667
0 0.371875 0.5114583333333333 0.020833333333333332 0.03333333333333333
0 0.4625 0.5197916666666667 0.020833333333333332 0.029166666666666667
0 0.1125 0.503125 0.029166666666666667 0.041666666666666664
0 0.06145833333333333 0.5010416666666667 0.029166666666666667 0.041666666666666664
0 0.5197916666666667 0.5270833333333333 0.025 0.0375
0 0.43854166666666666 0.5229166666666667 0.025 0.041666666666666664
0 0.175 0.5104166666666666 0.029166666666666667 0.03333333333333333
0 0.14895833333333333 0.5208333333333334 0.020833333333333332 0.029166666666666667
0 0.35208333333333336 0.5354166666666667 0.025 0.029166666666666667
0 0.016666666666666666 0.5208333333333334 0.029166666666666667 0.029166666666666667
0 0.08125 0.5270833333333333 0.034375 0.04375
0 0.20833333333333334 0.5354166666666667 0.03125 0.052083333333333336
0 0.23541666666666666 0.5364583333333334 0.025 0.0375
0 0.31875 0.5479166666666667 0.029166666666666667 0.041666666666666664
0 0.016666666666666666 0.546875 0.03333333333333333 0.04375
0 0.7552083333333334 0.7125 0.05625 0.1
0 0.078125 0.6770833333333334 0.053125 0.0625
0 0.5958333333333333 0.7583333333333333 0.075 0.12291666666666666
0 0.011458333333333333 0.7739583333333333 0.022916666666666665 0.06666666666666667
0 0.9354166666666667 0.890625 0.09791666666666667 0.17708333333333334