0 0.7747402719087504 0.31563572720061855 0.03444860612953704 0.049274895918813635
0 0.6364644299635651 0.2879050895323917 0.032074332066759345 0.036690006590554464
0 0.6690227922988892 0.2980476382777076 0.03614401849027781 0.03269311858040614
0 0.8328562706421763 0.34871793734015755 0.04268495921972217 0.04544778656518377
0 0.7166008990617133 0.32634596172520924 0.021560685156944478 0.032098893282591946
0 0.951437426163843 0.3814216902935134 0.038615272796203706 0.04944467457533198
0 0.9210836224657873 0.3764025855532716 0.05382897770999998 0.07712223320647975
0 0.9987202374613428 0.39804945708703365 0.0025595250773145987 0.02342600263622181
0 0.6906077225166207 0.3294904116617824 0.025775841945185125 0.03435200527244362
0 0.7021387910323151 0.3321485203563569 0.02805313576481486 0.04277022793403613
0 0.1906778448574539 0.21848651645159886 0.03444860612953704 0.049274895918813635
0 0.5691925077243984 0.30941399270081527 0.032074332066759345 0.036690006590554464
0 0.33648780407717616 0.25633670813758525 0.07306387892574075 0.09871957049414573
0 0.7809184076735652 0.3570901705466373 0.03221980243148152 0.04294000659055446
0 0.6541008990617132 0.3288926415729848 0.03851829255305574 0.04527800790866531
0 0.4360765089909725 0.27938779837860717 0.04878948885499999 0.03945245454996128
0 0.6248372521518986 0.3259144255019468 0.044913762917777926 0.051782675893442945
0 0.9899266834466437 0.4089330150591259 0.020146633106712622 0.03435200527244362
0 0.8619025829520837 0.38715526474199186 0.04079558637268524 0.053696230570257936
0 0.2666476472889354 0.25709716730093474 0.02345005800398147 0.023850449277517782
0 0.22054761828694466 0.24750639918930356 0.04728803698055562 0.06436756522170212
0 0.5372160268479632 0.32427144395549945 0.04510772340407409 0.060116009226776394
0 0.8977799057737041 0.4055038128282523 0.03662891970601857 0.053526451913739476
0 0.8212533378912966 0.38776893997637935 0.04510772340407409 0.060116009226776394
0 0.5791493891832874 0.33403199072364903 0.05126074316092589 0.05620401054488724
0 0.48692508611851876 0.31380878783371996 0.04501074316092589 0.05594934256010961
0 0.30560147998898174 0.2732350480614731 0.04728803698055562 0.06436756522170212
0 0.28370223492819474 0.2730847193415279 0.038615272796203706 0.049444674575332095
0 0.9855058791153011 0.4371853490515146 0.02898824176939788 0.04527800790866531
0 0.6706957014931947 0.3699226382777076 0.03444860612953704 0.049274895918813635
0 0.7870238082560189 0.395419613892656 0.06007897770999999 0.07737690119125726
0 0.7328328965285652 0.3965850697607282 0.04728803698055562 0.06436756522170223
0 0.5409956434892133 0.3522691099631106 0.056009291286481515 0.08137378920140557
0 0.695260161346204 0.39498807766939353 0.03662891970601857 0.053526451913739476
0 0.7152457884991671 0.40251496238426465 0.021560685156944478 0.032098893282591946
0 0.49930473176175955 0.3529252298616277 0.04501074316092601 0.05594934256010961
0 0.41565621263819474 0.34277913632532864 0.05789866413351857 0.07312534519633142
0 0.16199695035370396 0.2853424117113571 0.056009291286481515 0.08137378920140557
0 0.6600859452874078 0.40684786291646646 0.047433507345277806 0.07061756522170211
0 0.2309902719087503 0.3377918418762668 0.08570934929046305 0.10547890646370088
0 0.08057897682254661 0.37102965150839134 0.15010220592620394 0.2787740303165506