0 0.38697418826621305 0.12297866393991459 0.0067592612217546606 0.014765189759824082
0 0.35861770187849307 0.1602250417880411 0.017394182697744752 0.02131828380397529
0 0.3428471986722775 0.16484634952093458 0.017394182697744752 0.02131828380397529
0 0.36885248953739025 0.1651302810772232 0.010998679491529136 0.016969760710817874
0 0.5236011690289194 0.14397782255711863 0.01753968590396037 0.02548495047064196
0 0.5473048717513754 0.15057237292223752 0.017248679491529136 0.017151617137308624
0 0.5732737868149342 0.15189797114519285 0.01753968590396037 0.02548495047064196
0 0.3251256337605476 0.1955396333249098 0.017394182697744752 0.02131828380397529
0 0.7520171754413506 0.12900672965687388 0.017394182697744752 0.021318283803975262
0 0.8514847699964386 0.11154400290410409 0.01753968590396037 0.02548495047064196
0 0.8145899270444584 0.1251048320586333 0.017394182697744752 0.021318283803975262
0 0.6332539438629541 0.16264002568911587 0.017394182697744752 0.02131828380397529
0 0.29393515378525886 0.22454360605294835 0.017394182697744752 0.02131828380397529
0 0.8852777571715761 0.12721045922507174 0.013227516031078086 0.021197046186314773
0 0.7994609566878166 0.141154163720445 0.017394182697744752 0.02131828380397529
0 0.6181613493078661 0.17764769068426087 0.013227516031078086 0.021197046186314832
0 0.6767856890536307 0.1676170307036808 0.017394182697744752 0.02131828380397529
0 0.30298277157127373 0.23364582141321222 0.017394182697744752 0.02131828380397529
0 0.18867721307197508 0.25882454649446035 0.017394182697744752 0.02131828380397529
0 0.22926583727042119 0.25868414638893733 0.017248679491529136 0.017151617137308624
0 0.10889215777889204 0.2788363945633429 0.017394182697744752 0.02131828380397529
0 0.23652112813553394 0.25951364722469816 0.01078042468220571 0.010719760710817875
0 0.06693448469979414 0.2883821040732811 0.017248679491529136 0.017151617137308624
0 0.15785049111222538 0.27741185255583223 0.017394182697744752 0.02131828380397529
0 0.00006115741345593352 0.3050567863112577 0.00012231482691186705 0.021136427377484543
0 0.17016861210445586 0.2822564730361841 0.01753968590396037 0.02548495047064184
0 0.28845895826265167 0.2621648436706088 0.013227516031078086 0.021197046186314832
0 0.24650128518355377 0.271710553180547 0.01753968590396037 0.02548495047064196
0 0.2810581641913233 0.26550200950151465 0.008551588142656759 0.006492475235320979
0 0.12985776274004443 0.304241563737292 0.017394182697744752 0.02131828380397529
0 0.3819774718749317 0.2958650212021662 0.010998679491529136 0.016969760710817874
0 0.36505617459738765 0.3036416383394747 0.010998679491529136 0.016969760710817874
0 0.37346225953382883 0.30131582977082044 0.01078042468220571 0.010719760710817875
0 0.36153104078029474 0.3151908998860534 0.010998679491529136 0.016969760710817874
0 0.38236437411362806 0.31458471179775105 0.0067592612217546606 0.014765189759824082
0 0.5132274718749317 0.2920460362458609 0.01753968590396037 0.02548495047064196
0 0.4060680768360841 0.3211792621628699 0.017248679491529136 0.017151617137308624
0 0.4120634462252068 0.3282890724030459 0.010998679491529136 0.016969760710817874
0 0.42229823388410387 0.333194311692228 0.013227516031078086 0.021197046186314832
0 0.49373676842160347 0.015811366236150978 0.010998679491529136 0.016969760710817874
0 0.4501686032732266 0.33966762443968634 0.010998679491529136 0.016969760710817874
0 0.47436833563904074 0.36185686540039014 0.010998679491529136 0.016969760710817874
0 0.48887891736926625 0.3635158670719118 0.017394182697744752 0.02131828380397529
0 0.41863750950555617 0.4082246210966431 0.017394182697744752 0.02131828380397529
0 0.5645435944419972 0.4018979711451929 0.017248679491529136 0.017151617137308506
0 0.3832076112604929 0.4394331647756754 0.010998679491529136 0.016969760710817874
0 0.5828934606249043 0.41281073519905404 0.010998679491529136 0.016969760710817874
0 0.5917228236015959 0.4281629505593179 0.013227516031078086 0.021197046186314832
0 0.6061242779271596 0.43294695223083957 0.013227516031078086 0.021197046186314832
0 0.33491395499989074 0.4814220879743559 0.010998679491529136 0.016969760710817874
0 0.6257340655860568 0.4375794068802856 0.017248679491529136 0.017151617137308506
0 0.330383530317685 0.491959992258683 0.017394182697744752 0.02131828380397529
0 0.7119377683085127 0.44235539298049725 0.010998679491529136 0.016969760710817874
0 0.14764212245397493 0.5399421619602474 0.010998679491529136 0.016969760710817874
0 0.9201752058155809 0.4092404881685549 0.006541006412431234 0.008515189759824082
0 0.09947082517643094 0.5486280612300096 0.01078042468220571 0.010719760710817875
0 0.00851682765177433 0.5637649794141252 0.01703365530354866 0.017151617137308506
0 0.881342532736483 0.4186952694652477 0.017248679491529136 0.017151617137308624
0 0.8279629021256057 0.42753271575708557 0.010998679491529136 0.016969760710817874
0 0.7955257322527234 0.43263897396062095 0.017030424682205593 0.010901617137308623
0 0.7693385623798412 0.4375633757376656 0.010998679491529136 0.016969760710817874
0 0.6531315495549788 0.4575943862944107 0.017248679491529136 0.017151617137308506
0 0.908571369276032 0.4137405582837879 0.010998679491529136 0.016969760710817874
0 0.781911313982949 0.4351163295513508 0.017394182697744752 0.02131828380397529
0 0.27527109281061685 0.5206194146216025 0.010998679491529136 0.016969760710817874
0 0.6301421312852042 0.46034452652487673 0.017394182697744752 0.02131828380397517
0 0.8572750719984881 0.42251738576679543 0.013227516031078086 0.021197046186314832
0 0.7452711016418461 0.4413854920392134 0.010998679491529136 0.016969760710817874
0 0.8373015263240517 0.4283015977840161 0.006759261221754779 0.014765189759824082
0 0.3013491352788374 0.5188200128445579 0.017394182697744752 0.02131828380397517
0 0.9011705752047037 0.41707772411469374 0.010998679491529136 0.016969760710817874
0 0.8906084053318214 0.42154748482551163 0.013227516031078086 0.021197046186314832
0 0.8654992779271596 0.4253999105314745 0.017248679491529136 0.017151617137308624
0 0.9230819510062575 0.4153995599553095 0.004312169872882284 0.0042879042843271264
0 0.23636566812841112 0.5321575292516287 0.017248679491529136 0.017151617137308624
0 0.8224999381813951 0.4349759294458278 0.006759261221754779 0.014765189759823964
0 0.24574066812841114 0.5318847446118926 0.01078042468220571 0.010719760710817875
0 0.13582003110510257 0.5506922320754803 0.010998679491529136 0.016969760710817874
0 0.14210640690665646 0.5494687089823229 0.010998679491529136 0.016969760710817874
0 0.8057605199116206 0.437544213249803 0.017030424682205593 0.010901617137308623
0 0.16721553431131816 0.54561628327636 0.006541006412431234 0.008515189759823964
0 0.1598874918430976 0.5468701157739325 0.006541006412431234 0.008515189759824201
0 0.8151718957131744 0.4362297619434003 0.006759261221754779 0.014765189759824082
0 0.7460581376976355 0.4486468493014649 0.010998679491529136 0.016969760710817874
0 0.3106150078741757 0.5216722282048218 0.017248679491529136 0.017151617137308624
0 0.7554331376976354 0.44837406466172885 0.010998679491529136 0.016969760710817874
0 0.9323478236015958 0.41825177531557345 0.010780424682205591 0.010719760710817875
0 0.27074066812841113 0.5311573189059298 0.01703042468220571 0.010901617137308505
0 0.32099529873928845 0.5224108008273373 0.017248679491529136 0.017151617137308624
0 0.2833134197315189 0.5287102727196149 0.010998679491529136 0.016969760710817874
0 0.7041368404200914 0.4571508921447364 0.006541006412431234 0.008515189759824082
0 0.6811110463487631 0.46094269904186913 0.017394182697744752 0.02131828380397517
0 0.17759582517643094 0.5463548558988756 0.017248679491529136 0.017151617137308506
0 0.09802902469267133 0.560116703967758 0.010998679491529136 0.016969760710817874
0 0.7354232162216454 0.45519994334561614 0.017394182697744752 0.02131828380397529
0 0.25601183158886215 0.5357483172344081 0.01078042468220571 0.010719760710817875
0 0.2110019101128721 0.5433016216242582 0.017248679491529136 0.017151617137308506
0 0.11365402469267133 0.5596620629015312 0.017394182697744752 0.02131828380397517
0 0.7186837979518709 0.4577682271495914 0.006541006412431234 0.008515189759824082
0 0.7248974221503169 0.4586280373897674 0.017248679491529136 0.017151617137308624
0 0.007559484699794149 0.5887952888185403 0.015118969399588298 0.017151617137308506
0 0.6532274453812439 0.4846474102233289 0.017248679491529136 0.017151617137308624
0 0.7598775791983368 0.47009751763965324 0.010998679491529136 0.016969760710817874
0 0.6297287658897147 0.5019808837871282 0.017248679491529136 0.017151617137308624
0 0.4573743309145353 0.04392521931959841 0.010998679491529136 0.016969760710817874
0 0.6450263836757295 0.5109012427209014 0.017248679491529136 0.017151617137308624
0 0.6342823347950778 0.5205793367650526 0.017248679491529136 0.017151617137308624
0 0.6037829950493132 0.5297916428264245 0.017248679491529136 0.017151617137308624
0 0.6161011160415436 0.5346362633067763 0.017394182697744516 0.02131828380397517
0 0.5905554790182351 0.5509886890127392 0.017248679491529136 0.017151617137308506
0 0.582149394081794 0.5533144975813935 0.010998679491529136 0.016969760710817874
0 0.4302347081778336 0.582709361221586 0.017248679491529136 0.017151617137308506
0 0.4560944958367308 0.5871599594445414 0.017394182697744752 0.02131828380397517
0 0.5582869565747258 0.5810646378118596 0.017248679491529136 0.017151617137308506
0 0.535975446956079 0.5942011353045771 0.017394182697744752 0.02131828380397517
0 0.47612756153587826 0.6094704380229056 0.017248679491529136 0.017151617137308506
0 0.4936540158614421 0.614163511481182 0.017248679491529136 0.017151617137308506
0 0.5133001793218931 0.6177542994639612 0.010998679491529136 0.016969760710817874
0 0.5248312642583343 0.6153375626820616 0.013227516031078086 0.021197046186314593
0 0.7069774277187854 0.6142000835760821 0.010780424682205591 0.010719760710817875
0 0.5048444870055016 0.6512997986282004 0.01753968590396037 0.02548495047064184
0 0.4847981897279575 0.6591673439787544 0.017394182697744752 0.02131828380397517
0 0.6804628756319179 0.6284994853531268 0.010998679491529136 0.016969760710817874
0 0.7199007057590356 0.631514394652019 0.006541006412431234 0.008515189759824201
0 0.3084522850704631 0.7028009905871613 0.01078042468220571 0.010719760710817875
0 0.2141566480471545 0.7211538369845222 0.017394182697744752 0.02131828380397517
0 0.7416302025528199 0.6350445638259681 0.010780424682205591 0.010719760710817875
0 0.4495865462922177 0.6841258876577867 0.010998679491529136 0.016969760710817874
0 0.6892194870055015 0.6459350340467241 0.006541006412431234 0.008515189759824201
0 0.6974073171326192 0.6498592254780697 0.006759261221754779 0.014765189759823964
0 0.30273469051537505 0.7175358709425704 0.01703042468220571 0.010901617137308505
0 0.2576883932378311 0.7261308419990872 0.010998679491529136 0.016969760710817874
0 0.2545633932378311 0.7262217702123325 0.010998679491529136 0.016969760710817874
0 0.7119178988628447 0.6515182271495914 0.010998679491529136 0.016969760710817874
0 0.2963391873091595 0.7218843940357277 0.010998679491529136 0.016969760710817874
0 0.34555215125337013 0.7131681853615504 0.017248679491529136 0.017151617137308506
0 0.44386895173712976 0.6988607680131956 0.017394182697744752 0.02131828380397517
0 0.16533058634164025 0.7485897362542845 0.013227516031078086 0.021197046186314832
0 0.2678504292936204 0.7331194146216027 0.01078042468220571 0.010719760710817875
0 0.17991391967497358 0.7481654045924728 0.010998679491529136 0.016969760710817874
0 0.43323403026113966 0.7054138620573468 0.021779104173734846 0.027689521421635752
0 0.2300957986827431 0.7415022198472137 0.004312169872882284 0.004287904284327245
0 0.900968826751266 0.6314488916171211 0.010780424682205591 0.010719760710817875
0 0.4236407754518162 0.7119366466970829 0.01753968590396037 0.02548495047064184
0 0.2865276776905126 0.7346571786754638 0.01078042468220571 0.010719760710817875
0 0.258257174484297 0.7396421992613386 0.006541006412431234 0.008515189759824201
0 0.3022254292936204 0.7321192042759037 0.013227516031078086 0.021197046186314593
0 0.23835638041296864 0.743343077945226 0.006541006412431234 0.008515189759823964
0 0.33045955669828214 0.7281758503566954 0.013227516031078086 0.021197046186314832
0 0.19011233153231683 0.7541123105483216 0.017248679491529136 0.017151617137308506
0 0.21831008313542463 0.75121062329578 0.0067592612217546606 0.0147651897598242
0 0.8851255719419426 0.638153532683348 0.013227516031078086 0.021197046186314832
0 0.7040442193713157 0.6683970596471639 0.017394182697744516 0.02131828380397517
0 0.7218616801093106 0.6647567997721069 0.017248679491529136 0.017151617137308506
0 0.34701709596028707 0.7308158998860534 0.017394182697744752 0.02131828380397517
0 0.7938094317124185 0.6605821175341302 0.006541006412431234 0.008515189759824201
0 0.6198742426022424 0.6947801453337069 0.010998679491529136 0.016969760710817874
0 0.21471219771522387 0.764843218175692 0.010998679491529136 0.016969760710817874
0 0.7276024188875561 0.6791582766789495 0.010998679491529136 0.016969760710817874
0 0.3036903740005374 0.7497669188004068 0.013227516031078086 0.021197046186314593
0 0.40096550781763035 0.7354898108564671 0.017394182697744752 0.02131828380397517
0 0.7221394549433453 0.6866014903676917 0.010780424682205591 0.010719760710817875
0 0.7755190855542227 0.6777640440758539 0.010998679491529136 0.016969760710817874
0 0.7357538732131199 0.6841241347769619 0.010998679491529136 0.016969760710817874
0 0.18086960316013592 0.7803964524503092 0.010998679491529136 0.016969760710817874
0 0.696921200134022 0.6935789160736546 0.010998679491529136 0.016969760710817874
0 0.23105148216790541 0.77373326770505 0.010998679491529136 0.016969760710817874
0 0.7659258307448993 0.6842868287155901 0.010998679491529136 0.016969760710817874
0 0.16595888761281744 0.7901957841121209 0.010998679491529136 0.016969760710817874
0 0.8202016248162276 0.6795857396860038 0.010780424682205591 0.010719760710817875
0 0.22041656069191534 0.7802863617492013 0.017394182697744752 0.02131828380397517
0 0.8054727882766788 0.6841767380144821 0.010998679491529136 0.016969760710817874
0 0.6452975206424928 0.7117307435566622 0.010998679491529136 0.016969760710817874
0 0.3752379917865523 0.7570505698957635 0.017248679491529136 0.017151617137308506
0 0.15011563280349402 0.7969004251783477 0.010998679491529136 0.016969760710817874
0 0.1794278026763763 0.7918850951880576 0.017394182697744752 0.02131828380397517
0 0.19609446934304298 0.7914001447174157 0.01078042468220571 0.010719760710817875
0 0.16782396613682735 0.7963851653032906 0.010998679491529136 0.016969760710817874
0 0.8396659092689092 0.6883848610021165 0.010998679491529136 0.016969760710817874
0 0.6596262233649488 0.7185980785615171 0.017248679491529136 0.017151617137308506
0 0.1875428812003862 0.7978926199527367 0.010998679491529136 0.016969760710817874
0 0.2702346816841458 0.7840398436706087 0.010998679491529136 0.016969760710817874
0 0.25662026341437133 0.7865171992613387 0.013227516031078086 0.021197046186314832
0 0.031497904431313076 0.826367054543923 0.010998679491529136 0.016969760710817874
0 0.8333067818642476 0.6916917174286072 0.010998679491529136 0.016969760710817874
0 0.8646295334673553 0.6886991019628202 0.010780424682205591 0.010719760710817875
0 0.12341920170885708 0.8164081602887258 0.017394182697744752 0.02131828380397517
0 0.6740640534920666 0.7223404135663721 0.01753968590396037 0.02548495047064184
0 0.21336629305772944 0.8033848848423586 0.017248679491529136 0.017151617137308506
0 0.8163127329835956 0.701551667899249 0.017394182697744752 0.02131828380397517
0 0.2300329597243961 0.8028999343717167 0.010998679491529136 0.016969760710817874
0 0.043743273820435746 0.8332950083576082 0.017394182697744752 0.02131828380397517
0 0.22586629305772946 0.8030211719893772 0.01078042468220571 0.010719760710817875
0 0.05724856468554851 0.8339426527668782 0.017394182697744752 0.02131828380397517
0 0.3639483058825919 0.7823536639399147 0.017394182697744752 0.02131828380397517
0 0.3503338876128174 0.7848310195306445 0.013227516031078086 0.021197046186314832
0 0.24357462639106278 0.8025059121143201 0.01078042468220571 0.010719760710817875
0 0.751074635222292 0.7221808509729866 0.010998679491529136 0.016969760710817874
0 0.27266854145462166 0.8037405821240301 0.017394182697744752 0.02131828380397517
0 0.30927237799417057 0.7985130863028344 0.017394182697744752 0.02131828380397517
0 0.05074393407467119 0.8414161758600357 0.010998679491529136 0.016969760710817874
0 0.6872055863416403 0.733404724642309 0.010998679491529136 0.016969760710817874
0 0.24745028664529822 0.8107180078299929 0.01078042468220571 0.010719760710817875
0 0.6965442105400863 0.7341736066692395 0.010998679491529136 0.016969760710817874
0 0.2191797834390826 0.815703028415868 0.013227516031078086 0.021197046186314832
0 0.3447254204623912 0.7964408998860535 0.017394182697744752 0.02131828380397517
0 0.20861761356620032 0.8201727891266858 0.017394182697744752 0.02131828380397517
0 0.2410184076375287 0.816108197589817 0.010998679491529136 0.016969760710817874
0 0.8376784717618411 0.7154985037398649 0.010780424682205591 0.010719760710817875
0 0.14977501901111231 0.8364534491072658 0.017394182697744752 0.02131828380397517
0 0.16852501901111233 0.8359078798277937 0.017394182697744752 0.02131828380397517
0 0.08687488519401938 0.8497303467055064 0.017248679491529136 0.017151617137308506
0 0.2815706560344209 0.8170094641509607 0.017248679491529136 0.017151617137308506
0 0.733789579929209 0.7403741347769619 0.010998679491529136 0.016969760710817874
0 0.32449724417707765 0.8095167785699408 0.017248679491529136 0.017151617137308506
0 0.8196427562145225 0.7253887636149219 0.010998679491529136 0.016969760710817874
0 0.8081116712780815 0.7278055003968216 0.010998679491529136 0.016969760710817874
0 0.10361430346379384 0.8471620629015313 0.013227516031078086 0.021197046186314832
0 0.7275032041276551 0.7415976578701193 0.010998679491529136 0.016969760710817638
0 0.9210845566982822 0.7109904180533219 0.017248679491529136 0.017151617137308506
0 0.7599039981989836 0.7375330663332506 0.010998679491529136 0.016969760710817874
0 0.7765706648656502 0.7370481158626085 0.010998679491529136 0.016969760710817874
0 0.8591533379447481 0.7263203395804807 0.010998679491529136 0.016969760710817874
0 0.8487002954765276 0.7276651002912986 0.010780424682205591 0.010719760710817875
0 0.9407307201587332 0.7145812060361012 0.017394182697744752 0.02131828380397517
0 0.04678229063893139 0.8654654374066143 0.017394182697744752 0.02131828380397517
0 0.8831480470796352 0.7245815566122662 0.010998679491529136 0.016969760710817874
0 0.8046592890640962 0.7372714286100669 0.013227516031078086 0.021197046186314593
0 0.2612697281459996 0.8321686761681814 0.017248679491529136 0.017151617137308506
0 0.3115243587568769 0.8234221580895889 0.017248679491529136 0.017151617137308506
0 0.8263160342547728 0.7428849311173494 0.010998679491529136 0.016969760710817874
0 0.07777766002805407 0.8718478219408274 0.013227516031078086 0.021197046186314832
0 0.7435151063663514 0.7598627073994773 0.017394182697744752 0.02131828380397517
0 0.8365871977152238 0.7467485037398648 0.017248679491529136 0.017151617137308506
0 0.8125197369772289 0.7505706200414127 0.013227516031078086 0.021197046186314832
0 0.728604390819033 0.769662039061289 0.010998679491529136 0.016969760710817874
0 0.7003338876128175 0.7746470596471638 0.017248679491529136 0.017151617137308506
0 0.026153980536524943 0.889999649423835 0.013227516031078072 0.021197046186314832
0 0.04907064720319161 0.8893328425267024 0.013227516031078086 0.021197046186314593
0 0.7195071656530677 0.79177951429661 0.017394182697744752 0.02131828380397517
0 0.6744972441770777 0.7993328186864602 0.010998679491529136 0.016969760710817874
0 0.4050231353919281 0.08291038013593933 0.010998679491529136 0.016969760710817874
0 0.4544377153211371 0.8431977936136354 0.021779104173734846 0.027689521421635752
0 0.6458993587568769 0.813692839272335 0.017248679491529136 0.017151617137308506
0 0.8949800510732685 0.773145867688203 0.017248679491529136 0.017151617137308506
0 0.6266400975351222 0.8288217418851406 0.017248679491529136 0.017151617137308506
0 0.4900957810202845 0.8650536311257729 0.017248679491529136 0.017151617137308506
0 0.5986837449644952 0.8546097863999338 0.017248679491529136 0.017151617137308506
0 0.6205223691629413 0.855014955573883 0.017394182697744752 0.02131828380397517
0 0.6111109933613874 0.8563294068802857 0.006541006412431234 0.008515189759824201
0 0.5124668106636426 0.8800118242286403 0.017248679491529136 0.017151617137308506
0 0.5321857257272016 0.8815192788780863 0.01078042468220571 0.010719760710817875
0 0.4424140079872664 0.08494424157699498 0.017248679491529136 0.017151617137308596
0 0.4287268381143841 0.08950493050105822 0.017394182697744752 0.021318283803975262
0 0.41291995910661455 0.09516790490061837 0.017248679491529136 0.017151617137308596