0 0.3800571943741444 0.29816891035412246 0.037163257237207266 0.038530519750114206
0 0.9608762908722451 0.39516865373343274 0.03784248690352854 0.05311385308344742
0 0.6265469352066143 0.3417499537250092 0.037163257237207384 0.03853051975011409
0 0.5667838039687165 0.331688984340014 0.034885858284924846 0.03430323427461725
0 0.121172948166494 0.010807557578820674 0.021512562999654664 0.01518952142163575
0 0.14645558477957232 0.26328491316955055 0.03963472180843848 0.046924471892277705
0 0.6697404325873201 0.3534093059726959 0.04220321918914417 0.057401757367774545
0 0.7684333617297826 0.37292505665438386 0.046272853046336354 0.05543966165210179
0 0.45622158808783814 0.32535118747201125 0.03319065618948945 0.04257594879912029
0 0.42051382299274803 0.3180706677218971 0.03546805514177175 0.04680323427461725
0 0.9250001543957587 0.4066078245789035 0.03735732285615612 0.042697186416780754
0 0.5129567521352105 0.3374045619770944 0.03130138847510509 0.04668199665695667
0 0.09793389908887414 0.2712353711620399 0.03319065618948954 0.04257594879912029
0 0.07511426523168194 0.2726518975982406 0.03319065618948954 0.04257594879912029
0 0.16884144306449728 0.2972244345911863 0.03735732285615618 0.042697186416780754
0 0.6860703564911942 0.3913336376345075 0.03546805514177199 0.04680323427461725
0 0.8433392009906762 0.4177550482967757 0.04399545409405429 0.05121237617660483
0 0.22170103887362644 0.315406571478609 0.04884135042704211 0.06591694712759863
0 0.6276885067531235 0.38859464432059404 0.030719191618258417 0.03418199665695667
0 0.3551570992539868 0.3442558658393294 0.02635845933264266 0.029894092372629542
0 0.30823358284924957 0.34185027597398226 0.029023989522822903 0.04245471118145983
0 0.45533106038036036 0.03821490032499265 0.03299659057054048 0.03840928213245363
0 0.3568807132615841 0.023907482976637962 0.030428093189834846 0.027931996656956715
0 0.9470748097596849 0.12118001099568428 0.02655252495159175 0.03406075903929624
0 0.3966068781345199 0.3631462659448524 0.03735732285615612 0.042697186416780754
0 0.9482107915612166 0.4582556793338726 0.03546805514177199 0.04680323427461725
0 0.9940782809474478 0.46822572050562244 0.011843438105104553 0.04674261546578696
0 0.44282834270575117 0.3728132130724511 0.04399545409405405 0.05121237617660483
0 0.9137387587517422 0.45517213565484027 0.03784248690352854 0.05311385308344742
0 0.7419836137284013 0.4304097266640938 0.03319065618948945 0.04257594879912029
0 0.3302798263010139 0.3684981307289513 0.053008017093708774 0.06603818474525909
0 0.9786644245928454 0.12938095979480455 0.03299659057054072 0.03840928213245363
0 0.9042209272121398 0.11681232541466431 0.03546805514177175 0.04680323427461719
0 0.22027683071403903 0.016811950998257146 0.02805366142807806 0.02162137784812647
0 0.4031992106422898 0.03565776343756994 0.03319065618948945 0.04257594879912029
0 0.04602468127767301 0.3404623060613718 0.02228882547545048 0.031856188088302415
0 0.6753426412992872 0.4513562820437776 0.05131281499827338 0.07431089926976225
0 0.656883585331952 0.07736763930602916 0.037163257237207384 0.038530519750114116
0 0.29963756299965466 0.02328213240047299 0.028441792665975997 0.029954711181459804
0 0.961706813893514 0.502339082782439 0.03546805514177175 0.04680323427461725
0 0.6451828243706911 0.45151897598240576 0.030525125999309448 0.030015329990290003
0 0.8226798287837163 0.10819819187028491 0.030719191618258417 0.03418199665695673
0 0.5888356371654581 0.06810586135237966 0.03319065618948969 0.04257594879912029
0 0.2755336804521097 0.019460016098925212 0.02606736090421933 0.023644092372629565
0 0.898747344083694 0.5129902091131165 0.03546805514177199 0.04680323427461725
0 0.764637748274565 0.4924439386813145 0.046272853046336354 0.05543966165210179
0 0.8359077292505336 0.5038799781815426 0.03735732285615635 0.042697186416780754
0 0.7322490487984239 0.48942101381111236 0.043801388475105084 0.047045709509938166
0 0.2625258486333112 0.4102174006331383 0.042009153570195266 0.05323509070110788
0 0.8656792605454731 0.11569087745130485 0.02655252495159175 0.03406075903929621
0 0.7106878149982734 0.09349675226453365 0.03299659057054072 0.03840928213245363
0 0.9103055822968699 0.5601379937528527 0.04399545409405405 0.05121237617660483
0 0.4491097810840395 0.48534352247686624 0.04220321918914417 0.057401757367774545
0 0.3977770159889494 0.4776083616605253 0.03735732285615612 0.042697186416780754
0 0.8477570658921326 0.5572777628212788 0.03963472180843842 0.04692447189227759
0 0.04057951006138931 0.42456452142163575 0.033578787427387444 0.050909282132453625
0 0.9675259103916147 0.5826080349246024 0.03784248690352854 0.0531138530834473
0 0.5010732594407137 0.5066203499598738 0.04220321918914417 0.057401757367774545
0 0.7748889156302032 0.5561977711788869 0.03319065618948945 0.04257594879912029
0 0.09666113867999293 0.4449209198556371 0.03963472180843848 0.04692447189227759
0 0.9907150070293134 0.5971499119369682 0.018569985941373327 0.057401757367774545
0 0.5472174869035286 0.06793515184244149 0.03488585828492508 0.03430323427461719
0 0.21117313344140437 0.46905797827021867 0.03319065618948957 0.04257594879912029
0 0.144360917560526 0.46399317638765086 0.03546805514177181 0.04680323427461725
0 0.25073364460755304 0.4920544262335781 0.03546805514177187 0.04680323427461725
0 0.8729311814142648 0.6287475936473296 0.05024545409405405 0.05139423260309547
0 0.9444437444139194 0.6453919664808913 0.039634721808438654 0.04692447189227759
0 0.11827360655948999 0.5069248224684427 0.03546805514177181 0.04680323427461725
0 0.5681566236531987 0.5845108902958629 0.04646691866528532 0.059606328318768456
0 0.18542543727352903 0.5192812910176771 0.04646691866528532 0.059606328318768456
0 0.7488272988667198 0.6220157745219302 0.04399545409405405 0.05121237617660483
0 0.42377591039161466 0.5667865258199094 0.046272853046336354 0.05543966165210179
0 0.6293010363909239 0.6018938357519398 0.04399545409405429 0.05121237617660483
0 0.9960589145284501 0.6637862691992197 0.007882170943099946 0.044416806897132705
0 0.493011074438987 0.5792036131779741 0.04399545409405405 0.05121237617660483
0 0.3798803611774029 0.5623885308344744 0.0329965905705406 0.03840928213245363
0 0.8066041295807589 0.6340994584314286 0.04399545409405429 0.05121237617660483
0 0.2656109484396777 0.5434598057532263 0.037357322856156235 0.042697186416780636
0 0.04964633360651704 0.5298940923726295 0.044480618141426474 0.0616290428432715
0 0.43338472180843846 0.05838142676119332 0.03319065618948957 0.04257594879912029
0 0.8437930810555188 0.6955163354437942 0.04220321918914417 0.057401757367774545
0 0.9207565594121928 0.7175205886327646 0.042009153570195204 0.05323509070110788
0 0.9000687752930713 0.7200394005444621 0.04031395147475981 0.061507805225610925
0 0.771070480007801 0.6975613438014024 0.05717468376037545 0.06615942236291943
0 0.7198832641269225 0.6929511829850614 0.03319065618948969 0.04257594879912029
0 0.487080739175331 0.6528891618715714 0.03130138847510509 0.04668199665695667
0 0.09909270305759067 0.5864663489046433 0.04200915357019523 0.05323509070110788
0 0.6025373677939345 0.6749731963572346 0.03784248690352854 0.0531138530834473
0 0.964241155221322 0.7354299408804512 0.04646691866528532 0.059606328318768456
0 0.46406703969918983 0.6501390216411054 0.04031395147475981 0.061507805225610925
0 0.048099552795661235 0.5860228547549691 0.0439954540940541 0.05121237617660483
0 0.7421949117695578 0.702962680477779 0.02902398952282302 0.042454711181459714
0 0.22947227984268828 0.6162663817187849 0.04646691866528532 0.059606328318768456
0 0.796895258888334 0.7159971028406986 0.03784248690352854 0.0531138530834473
0 0.3858935232944526 0.6468241496433047 0.04031395147475981 0.061507805225610925
0 0.17208358036654714 0.61251603114262 0.04646691866528532 0.059606328318768456
0 0.5044751519130561 0.6689991123422133 0.044480618141426474 0.0616290428432715
0 0.427003687341825 0.6584228830821611 0.057368749379324416 0.07032608902958609
0 0.5763758461506089 0.6939768185091081 0.03784248690352854 0.0531138530834473
0 0.7979966214496924 0.13660712342657355 0.030719191618258417 0.03418199665695673
0 0.36189785304633637 0.06462341118988332 0.03735732285615612 0.04269718641678078
0 0.20676085828492496 0.039304286003112116 0.03546805514177181 0.04680323427461719
0 0.7226284403086112 0.05951577452193022 0.027762562999654725 0.01537137784812647
0 0.28154109842842345 0.014433539192082604 0.029748863523513573 0.013348663323623382
0 0.820211236282853 0.14453528758595777 0.037163257237207384 0.03853051975011409
0 0.4815211483316067 0.08682868329320709 0.03299659057054048 0.03840928213245363
0 0.8810160341874176 0.15462656637536812 0.03299659057054048 0.03840928213245363
0 0.24985732285615617 0.0488803049174654 0.034885858284924964 0.03430323427461719
0 0.6610046076642493 0.12117825811485942 0.03299659057054072 0.03840928213245363
0 0.7437814383782884 0.1339893677303206 0.03319065618948969 0.04257594879912029
0 0.6997888563546023 0.12750803941155223 0.03735732285615635 0.042697186416780754
0 0.4053339324507283 0.08149109677090328 0.034885858284924964 0.03430323427461719
0 0.2848630361177403 0.06342218192983105 0.03299659057054048 0.03840928213245363
0 0.5228738944026652 0.10363575006539681 0.03546805514177175 0.04680323427461719
0 0.571227208711967 0.11440498266849236 0.03299659057054072 0.03840928213245363
0 0.6027683071403904 0.12156426480094598 0.039634721808438654 0.04692447189227768
0 0.9857363314030105 0.1994151016967922 0.02852733719397899 0.04686385308344742
0 0.246172948166494 0.014444686108635163 0.029845896332988 0.015431996656956715
0 0.14954340226054808 0.061565292689198685 0.028829923903873934 0.03828804451479314
0 0.5192836804521096 0.02655241673206347 0.030234027570885877 0.02376532999029005
0 0.37117294816649404 0.018081814638449652 0.029845896332988057 0.015431996656956715
0 0.8367352258056757 0.1866262859144361 0.030719191618258417 0.03418199665695673
0 0.34394980975968475 0.10363086583932937 0.03319065618948957 0.04257594879912029
0 0.23077058009336343 0.08577411682916299 0.033190656189489506 0.04257594879912029
0 0.8001798596628679 0.18348212342657355 0.030719191618258417 0.03418199665695667
0 0.6743065643775978 0.16109499489675908 0.03319065618948969 0.04257594879912029
0 0.7079309961393546 0.16831489583804293 0.034691792665976114 0.030136567607950523
0 0.39656682354512773 0.11660466939341872 0.0307191916182583 0.0341819966569567
0 0.8352511673556382 0.08775888079434815 0.03222032809474484 0.02174261546578696
0 0.7974115525224775 0.07937607556873713 0.03231736090421909 0.023825948799120294
0 0.7627939704987914 0.0731675318897048 0.03241439371369381 0.025909282132453627
0 0.2762899928310887 0.10270242121901317 0.029023989522822903 0.042454711181459805
0 0.44617294816649405 0.020264091756338348 0.025679229666321392 0.015310759039296233
0 0.5385987992825076 0.15090477232279337 0.03299659057054048 0.03840928213245363
0 0.6360559961393546 0.16622354693339958 0.03546805514177199 0.04680323427461725
0 0.6057021135918094 0.1622195742053611 0.03299659057054072 0.03840928213245363
0 0.490488066996892 0.14534387305303115 0.028829923903873934 0.03828804451479317
0 0.4170547979045646 0.020457095099381636 0.029942929142462542 0.017515329990290048
0 0.33372146457123125 0.018032342746171975 0.029942929142462542 0.017515329990290048
0 0.10179797904564573 0.08618241734835469 0.03735732285615621 0.04269718641678078
0 0.8709190322570948 0.22819087745130487 0.03319065618948969 0.04257594879912029
0 0.92448067989973 0.23911165707647603 0.028829923903874052 0.03828804451479317
0 0.9747717783281533 0.24681650848840184 0.03319065618948945 0.04257594879912029
0 0.8049544174239341 0.2189897183064856 0.03319065618948969 0.04257594879912029
0 0.7348231359241068 0.20966732154400583 0.043801388475105084 0.047045709509938166
0 0.506235794043919 0.1707682047148428 0.029023989522822903 0.04245471118145983
0 0.15192070609267277 0.11260695935586536 0.029023989522822903 0.042454711181459805
0 0.35337619823479 0.14967636500356854 0.03784248690352854 0.05311385308344742
0 0.21926660242566076 0.12913009457176644 0.037357322856156235 0.04269718641678078
0 0.6076084593326426 0.04680674003626694 0.033093623380014967 0.04049261546578696
0 0.49135274607105855 0.029900729479521874 0.03687215880878381 0.03228051975011411
0 0.26795953156812324 0.14719099384152864 0.029023989522822903 0.04245471118145983
0 0.3080765453535662 0.15980108454263658 0.03716325723720715 0.03853051975011409
0 0.5677825439756231 0.04044664933515902 0.03299659057054072 0.03840928213245363
0 0.37869299090076597 0.179540147971783 0.03299659057054048 0.03840928213245363
0 0.07491158340162925 0.13429208735806464 0.02563358533195199 0.05900014023046598
0 0.9295463360892194 0.28086925195638807 0.03546805514177175 0.04680323427461713
0 0.5490925486618321 0.21986693815369923 0.03546805514177175 0.04680323427461725
0 0.974920199612733 0.2946725563462382 0.03130138847510532 0.04668199665695667
0 0.8880252186367645 0.2827818757797832 0.03319065618948945 0.04257594879912029
0 0.853359120208341 0.2755316654340842 0.03319065618948945 0.04257594879912029
0 0.2526998406388365 0.17691437670422008 0.029023989522822903 0.04245471118145983
0 0.677340275708859 0.24856468549234395 0.04380138847510532 0.047045709509938166
0 0.5966952947328906 0.23685586135237963 0.04399545409405405 0.05121237617660483
0 0.8011787540655334 0.2719328618799948 0.03299659057054072 0.03840928213245363
0 0.7602626556371099 0.26450079510780516 0.019720328094744843 0.02137890261280546
0 0.4509818163762164 0.21285118747201123 0.028829923903873813 0.03828804451479317
0 0.13758282685339354 0.16212200888522343 0.033190656189489506 0.04257594879912029
0 0.6359760413563289 0.05283342728880854 0.03726029004668163 0.04061385308344745
0 0.19744299090076592 0.174266311603552 0.028829923903873934 0.03828804451479317
0 0.29494870416235003 0.19062675288082487 0.03319065618948945 0.04257594879912029
0 0.3433505348763891 0.2024376521505871 0.02902398952282278 0.04245471118145983
0 0.4010303327809536 0.2124380027267521 0.0329965905705406 0.03840928213245363
0 0.7220120873988667 0.2696293471444457 0.030525125999309448 0.030015329990290003
0 0.6392837730895647 0.2578599041956512 0.03319065618948969 0.04257594879912029
0 0.9941952638537389 0.33914998205220115 0.011609472292522108 0.04656075903929621
0 0.9736873393974854 0.3352066281329929 0.03319065618948969 0.04257594879912029
0 0.1988984830428831 0.205516311603552 0.03546805514177181 0.04680323427461719
0 0.14548238461445967 0.19772053197838083 0.03319065618948957 0.04257594879912029
0 0.7516410959457211 0.3027393677303206 0.03299659057054072 0.03840928213245363
0 0.8302512599930932 0.31542923972812137 0.03735732285615635 0.042697186416780754
0 0.2610360460425378 0.2218878997973774 0.03130138847510514 0.04668199665695667
0 0.900867705540293 0.33516830315726776 0.03546805514177175 0.04680323427461725
0 0.5296918853034313 0.27235544066098166 0.03546805514177175 0.04680323427461725
0 0.5665868662793997 0.2827912698155109 0.03546805514177199 0.04680323427461725
0 0.35377007361342366 0.24747179405257475 0.0307191916182583 0.03418199665695667
0 0.4020748715179882 0.2571993599890036 0.03319065618948945 0.04257594879912029
0 0.7177027435883562 0.3111141573846216 0.03319065618948969 0.04257594879912029
0 0.44412966942255283 0.2667450694989418 0.03546805514177175 0.04680323427461725
0 0.3151798905420197 0.2453086794225486 0.04399545409405405 0.05121237617660483
0 0.4799344673271174 0.2761089225823892 0.03546805514177175 0.04680323427461725
0 0.0857706418516669 0.2334322771178887 0.028829923903873934 0.03828804451479317
0 0.9934703898530481 0.39533936324337093 0.013059220293903688 0.04251532999029
0 0.26658686627939965 0.2740621613439561 0.03319065618948957 0.04257594879912029
0 0.2015668853034312 0.2628079782702187 0.03546805514177187 0.04680323427461713
0 0.8244892961108337 0.3703950978261337 0.042009153570195204 0.05323509070110788