0 0.5501487779837049 0.22137964741814767 0.08832673079097901 0.08532142831787048
0 0.013954987906009766 0.28590069693523146 0.023670645854537837 0.08173490121574076
0 0.07239744864400481 0.28141797353115733 0.07287037822035194 0.05998199746685191
0 0.3029695399928772 0.2656431484305553 0.10298281572742016 0.08774419250222228
0 0.20450723630290196 0.28354718414453683 0.09472223399719464 0.08963356534925933
0 0.7477380624363865 0.2261480858686105 0.0981613846327832 0.06889721225907414
0 0.4365442723586913 0.2854322022556941 0.08394180931498892 0.07897444807472229
0 0.40125987731984375 0.312273955928333 0.10320107053674359 0.09399419250222228
0 0.05002310006701097 0.3558369630194444 0.09457673079097897 0.08546689868259266
0 0.5919940047245054 0.304712109804305 0.10736773720341025 0.09409117274537047
0 0.7465971810098189 0.2886238408078235 0.11175265867940022 0.10043815298851869
0 0.9345336906284658 0.2717597298661566 0.09515874361584148 0.10213356534925934
0 0.08554557520470361 0.44139822910365734 0.12900133817092946 0.11749274062777791
0 0.7597353949257569 0.3892775865018975 0.13331350804381165 0.12175638753759278
0 0.5274304966806938 0.4248683233299532 0.11650133817092936 0.11720179989833343
0 0.30371356237984115 0.45297343300504606 0.12856482855228263 0.10499274062777791
0 0.24358458319197 0.5355569113483332 0.12074075644070395 0.11938211347481484
0 0.9601553540323715 0.4918172212543047 0.04651456091809673 0.08018495921972217
0 0.48829026667713227 0.5621267436692589 0.13561509618646841 0.12805487765916676
0 0.4181348419949266 0.5741678294086571 0.12432541028250815 0.10281242705129638
0 0.03255948469979415 0.6365059525077313 0.0651189693995883 0.11448809498453727
0 0.6306678988628448 0.6576907684924068 0.15027118112290955 0.13047764184351868
0 0.25197079868274314 0.7424849021031942 0.1521362596469195 0.12427613196509289
0 0.7521295334673553 0.696496517986203 0.12037699842516503 0.10896544680814818
0 0.04058692057548184 0.8079930315351388 0.08117384115096368 0.12514721225907408
0 0.04210476951791179 0.9171255809272684 0.08420953903582358 0.1000017418943519
0 0.8770633755753726 0.8445075520544899 0.1490873301836629 0.21579732826703715
0 0.7044112521643441 0.9005670753568976 0.1533002852966445 0.15760946529842623
0 0.5171162753952708 0.9288652745711107 0.1624074231073706 0.12035191590629638
0 0.3430488146572758 0.936039199722546 0.22260583496471373 0.11550812943194444
0 0.11538346849908004 0.957991289640787 0.18873677725283275 0.03978077760833353
0 0.12339614579799249 0.13243452418986099 0.07287037822035197 0.05998199746685191
0 0.5352182371468648 0.11244105851231435 0.07301588142656759 0.06414866413351857
0 0.37526122432200243 0.13281721947939784 0.06453704488701864 0.05978803698055562
0 0.7900760440430558 0.08673359701361046 0.07941138463278322 0.06846080116490748
0 0.2644807996397967 0.14580386258949052 0.05152778366526398 0.04491376291777781
0 0.6947751161546344 0.10352323087856423 0.08164022117233216 0.07267595795314821
0 0.23358132607693918 0.1662986360189813 0.045205032062156175 0.04268495921972229
0 0.43674270187849307 0.16052918249884224 0.08164022117233216 0.07267595795314818
0 0.8745833156708749 0.11078716869574 0.057777783665263864 0.04505923328250005
0 0.2934887315218512 0.1794757558266664 0.06877646315679312 0.061968350557037095
0 0.5544146594102725 0.15883115729657363 0.07330688783899883 0.0724819974668519
0 0.16251650635588588 0.20438138842504613 0.07681879007769522 0.0538289777100001
0 0.7232010352118263 0.1538617907824068 0.0839418093149888 0.07897444807472229
0 0.03772152958681277 0.231224883992037 0.05404762661724414 0.05746225303935191
0 0.9283729927436059 0.150127180474027 0.08818122758476339 0.08115476165120376
0 0.865509234728067 0.16199855078791595 0.0839418093149888 0.07897444807472229
0 0.1538425592301709 0.24413443718388878 0.06877646315679312 0.06196835055703704