0 0.4322916666666667 0.5510416666666667 0.00625 0.009375
0 0.4979166666666667 0.5416666666666666 0.00625 0.00625
0 0.4625 0.5489583333333333 0.00625 0.00625
0 0.48333333333333334 0.5458333333333333 0.00625 0.00625
0 0.4166666666666667 0.5583333333333333 0.00625 0.00625
0 0.421875 0.5614583333333333 0.00625 0.009375
0 0.484375 0.5541666666666667 0.00625 0.00625
0 0.4625 0.559375 0.00625 0.009375
0 0.4010416666666667 0.5708333333333333 0.00625 0.009375
0 0.4479166666666667 0.5614583333333333 0.00625 0.009375
0 0.41041666666666665 0.571875 0.00625 0.00625
0 0.45625 0.5645833333333333 0.00625 0.00625
0 0.4708333333333333 0.5625 0.00625 0.00625
0 0.4354166666666667 0.5708333333333333 0.00625 0.009375
0 0.4791666666666667 0.5625 0.00625 0.009375
0 0.46041666666666664 0.5666666666666667 0.00625 0.009375
0 0.3927083333333333 0.5791666666666667 0.010416666666666666 0.010416666666666666
0 0.49583333333333335 0.5604166666666667 0.00625 0.009375
0 0.4479166666666667 0.5708333333333333 0.00625 0.00625
0 0.4114583333333333 0.578125 0.00625 0.00625
0 0.46875 0.5666666666666667 0.00625 0.009375
0 0.42083333333333334 0.5770833333333333 0.00625 0.009375
0 0.5322916666666667 0.5541666666666667 0.00625 0.00625
0 0.33958333333333335 0.5947916666666667 0.010416666666666666 0.010416666666666666
0 0.425 0.578125 0.00625 0.009375
0 0.36666666666666664 0.5916666666666667 0.00625 0.009375
0 0.5010416666666667 0.565625 0.00625 0.009375
0 0.4552083333333333 0.575 0.00625 0.00625
0 0.521875 0.5614583333333333 0.00625 0.009375
0 0.5083333333333333 0.5666666666666667 0.010416666666666666 0.010416666666666666
0 0.37395833333333334 0.5958333333333333 0.00625 0.009375
0 0.5354166666666667 0.56875 0.00625 0.009375
0 0.37083333333333335 0.6010416666666667 0.010416666666666666 0.010416666666666666
0 0.5395833333333333 0.5677083333333334 0.00625 0.009375
0 0.43645833333333334 0.5885416666666666 0.00625 0.009375
0 0.5166666666666667 0.575 0.00625 0.009375
0 0.48541666666666666 0.5833333333333334 0.008333333333333333 0.014583333333333334
0 0.40208333333333335 0.5989583333333334 0.0125 0.015625
0 0.5239583333333333 0.5760416666666667 0.00625 0.009375
0 0.43854166666666666 0.5947916666666667 0.0125 0.015625
0 0.409375 0.603125 0.00625 0.009375
0 0.5020833333333333 0.584375 0.00625 0.00625
0 0.46875 0.5916666666666667 0.0125 0.015625
0 0.45208333333333334 0.5947916666666667 0.008333333333333333 0.014583333333333334
0 0.5135416666666667 0.5833333333333334 0.00625 0.009375
0 0.44375 0.5979166666666667 0.00625 0.009375
0 0.5760416666666667 0.575 0.00625 0.009375
0 0.49375 0.5916666666666667 0.010416666666666666 0.010416666666666666
0 0.39479166666666665 0.6104166666666667 0.0125 0.015625
0 0.5354166666666667 0.5854166666666667 0.00625 0.009375
0 0.32708333333333334 0.6260416666666667 0.00625 0.009375
0 0.3875 0.6145833333333334 0.00625 0.009375
0 0.371875 0.6197916666666666 0.010416666666666666 0.010416666666666666
0 0.36041666666666666 0.621875 0.0125 0.015625
0 0.4479166666666667 0.60625 0.0125 0.015625
0 0.34270833333333334 0.6270833333333333 0.0125 0.015625
0 0.459375 0.6041666666666666 0.0125 0.015625
0 0.5020833333333333 0.5979166666666667 0.010416666666666666 0.010416666666666666
0 0.490625 0.6010416666666667 0.010416666666666666 0.010416666666666666
0 0.4041666666666667 0.6166666666666667 0.00625 0.009375
0 0.434375 0.6114583333333333 0.0125 0.015625
0 0.5145833333333333 0.5958333333333333 0.010416666666666666 0.010416666666666666
0 0.59375 0.5802083333333333 0.010416666666666666 0.010416666666666666
0 0.5333333333333333 0.5947916666666667 0.0125 0.015625
0 0.5229166666666667 0.596875 0.00625 0.009375
0 0.4270833333333333 0.6145833333333334 0.00625 0.009375
0 0.5166666666666667 0.6 0.00625 0.009375
0 0.5833333333333334 0.5875 0.008333333333333333 0.014583333333333334
0 0.3489583333333333 0.6333333333333333 0.010416666666666666 0.010416666666666666
0 0.4197916666666667 0.61875 0.010416666666666666 0.010416666666666666
0 0.4708333333333333 0.6114583333333333 0.0125 0.015625
0 0.48333333333333334 0.609375 0.0125 0.015625
0 0.36666666666666664 0.634375 0.008333333333333333 0.014583333333333334
0 0.45208333333333334 0.6166666666666667 0.00625 0.009375
0 0.575 0.59375 0.0125 0.015625
0 0.49270833333333336 0.609375 0.0125 0.015625
0 0.43854166666666666 0.6208333333333333 0.010416666666666666 0.010416666666666666
0 0.503125 0.6125 0.008333333333333333 0.014583333333333334
0 0.4197916666666667 0.6291666666666667 0.0125 0.015625
0 0.40520833333333334 0.63125 0.008333333333333333 0.014583333333333334
0 0.428125 0.6270833333333333 0.00625 0.009375
0 0.5479166666666667 0.6041666666666666 0.0125 0.015625
0 0.6125 0.59375 0.0125 0.015625
0 0.5104166666666666 0.6135416666666667 0.0125 0.015625
0 0.365625 0.64375 0.010416666666666666 0.010416666666666666
0 0.5166666666666667 0.6145833333333334 0.010416666666666666 0.010416666666666666
0 0.3958333333333333 0.640625 0.0125 0.020833333333333332
0 0.5291666666666667 0.6145833333333334 0.00625 0.009375
0 0.5354166666666667 0.6135416666666667 0.010416666666666666 0.010416666666666666
0 0.47708333333333336 0.6270833333333333 0.010416666666666666 0.010416666666666666
0 0.5895833333333333 0.6052083333333333 0.0125 0.020833333333333332
0 0.5458333333333333 0.6135416666666667 0.010416666666666666 0.010416666666666666
0 0.596875 0.6083333333333333 0.0125 0.015625
0 0.41041666666666665 0.6447916666666667 0.0125 0.020833333333333332
0 0.38125 0.653125 0.016666666666666666 0.020833333333333332
0 0.5697916666666667 0.6166666666666667 0.0125 0.020833333333333332
0 0.5239583333333333 0.625 0.0125 0.015625
0 0.47291666666666665 0.6375 0.016666666666666666 0.020833333333333332
0 0.34375 0.6645833333333333 0.01875 0.025
0 0.55625 0.6229166666666667 0.008333333333333333 0.014583333333333334
0 0.39166666666666666 0.6583333333333333 0.0125 0.015625
0 0.5041666666666667 0.6354166666666666 0.016666666666666666 0.020833333333333332
0 0.54375 0.628125 0.016666666666666666 0.020833333333333332
0 0.3697916666666667 0.6625 0.016666666666666666 0.020833333333333332
0 0.49166666666666664 0.6385416666666667 0.010416666666666666 0.010416666666666666
0 0.5354166666666667 0.6302083333333334 0.016666666666666666 0.020833333333333332
0 0.43333333333333335 0.6520833333333333 0.01875 0.025
0 0.44583333333333336 0.65 0.01875 0.025
0 0.42083333333333334 0.659375 0.01875 0.025
0 0.334375 0.6791666666666667 0.01875 0.025
0 0.6166666666666667 0.6229166666666667 0.01875 0.029166666666666667
0 0.7416666666666667 0.6020833333333333 0.022916666666666665 0.027083333333333334
0 0.7114583333333333 0.6083333333333333 0.016666666666666666 0.020833333333333332
0 0.4875 0.6520833333333333 0.01875 0.025
0 0.5166666666666667 0.6458333333333334 0.016666666666666666 0.020833333333333332
0 0.3625 0.678125 0.0125 0.020833333333333332
0 0.603125 0.63125 0.01875 0.025
0 0.6677083333333333 0.6208333333333333 0.016666666666666666 0.020833333333333332
0 0.5291666666666667 0.6479166666666667 0.01875 0.029166666666666667
0 0.4979166666666667 0.6541666666666667 0.016666666666666666 0.020833333333333332
0 0.39895833333333336 0.6729166666666667 0.01875 0.029166666666666667
0 0.06666666666666667 0.7427083333333333 0.03125 0.05
0 0.3770833333333333 0.6833333333333333 0.016666666666666666 0.020833333333333332
0 0.5875 0.6458333333333334 0.034375 0.041666666666666664
0 0.6895833333333333 0.6302083333333334 0.04791666666666667 0.07083333333333333
0 0.5635416666666667 0.659375 0.025 0.034375
0 0.15729166666666666 0.7385416666666667 0.022916666666666665 0.027083333333333334
0 0.2375 0.725 0.029166666666666667 0.035416666666666666
0 0.7739583333333333 0.6229166666666667 0.035416666666666666 0.05
0 0.10833333333333334 0.7552083333333334 0.01875 0.029166666666666667
0 0.38125 0.7020833333333333 0.022916666666666665 0.03125
0 0.8354166666666667 0.6145833333333334 0.01875 0.025
0 0.359375 0.7083333333333334 0.03125 0.04583333333333333
0 0.9947916666666666 0.5833333333333334 0.010416666666666666 0.03125
0 0.5458333333333333 0.6729166666666667 0.025 0.034375
0 0.08958333333333333 0.7645833333333333 0.022916666666666665 0.03125
0 0.16666666666666666 0.7510416666666667 0.016666666666666666 0.016666666666666666
0 0.453125 0.6979166666666666 0.029166666666666667 0.035416666666666666
0 0.14479166666666668 0.7583333333333333 0.040625 0.05625
0 0.184375 0.7541666666666667 0.021875 0.021875
0 0.9354166666666667 0.6083333333333333 0.025 0.03958333333333333
0 0.2 0.7541666666666667 0.025 0.034375
0 0.5052083333333334 0.6947916666666667 0.03125 0.05
0 0.8458333333333333 0.6291666666666667 0.01875 0.025
0 0.9 0.6270833333333333 0.029166666666666667 0.035416666666666666
0 0.7322916666666667 0.6625 0.034375 0.041666666666666664
0 0.17291666666666666 0.7729166666666667 0.01875 0.025
0 0.1875 0.7708333333333334 0.025 0.034375
0 0.8145833333333333 0.6489583333333333 0.022916666666666665 0.03125
0 0.8479166666666667 0.65 0.022916666666666665 0.03125
0 0.33645833333333336 0.7541666666666667 0.028125 0.053125
0 0.24166666666666667 0.771875 0.04375 0.046875
0 0.21666666666666667 0.7770833333333333 0.025 0.034375
0 0.7645833333333333 0.6708333333333333 0.03333333333333333 0.03333333333333333
0 0.421875 0.7395833333333334 0.05 0.07916666666666666
0 0.9635416666666666 0.6385416666666667 0.03125 0.04583333333333333
0 0.365625 0.7666666666666667 0.0375 0.05416666666666667
0 0.8395833333333333 0.6958333333333333 0.058333333333333334 0.071875
0 0.7697916666666667 0.709375 0.035416666666666666 0.04583333333333333
0 0.6354166666666666 0.7375 0.029166666666666667 0.040625
0 0.8020833333333334 0.7104166666666667 0.04583333333333333 0.05625
0 0.1 0.846875 0.03125 0.04583333333333333
0 0.25729166666666664 0.8364583333333333 0.052083333333333336 0.084375
0 0.07708333333333334 0.8739583333333333 0.040625 0.06875
0 0.8958333333333334 0.7291666666666666 0.0625 0.07291666666666667
0 0.6270833333333333 0.8104166666666667 0.052083333333333336 0.0625
0 0.7208333333333333 0.903125 0.19583333333333333 0.146875