0 0.22166972186114375 0.0453470381922438 0.008478792207735116 0.008430300445575705
0 0.23203184144990974 0.04210082930194083 0.010525760822468063 0.0063712088903029596
0 0.0062523657996389845 0.17913030399957577 0.006613647186004532 0.020906058667515146
0 0.022900850107005426 0.1778947031084244 0.014946980519337865 0.02100302577975744
0 0.006361459955440343 0.18538030399957575 0.006613647186004532 0.020906058667515146
0 0.20376902056170068 0.15391066841715279 0.010743949134070736 0.01887120889030296
0 0.10195842261787072 0.1707235155421218 0.014946980519337849 0.0210030257797575
0 0.0074940384186081435 0.1905765164438788 0.00873334523793832 0.02301363377890908
0 0.17790917748803628 0.16463035730957684 0.010743949134070736 0.01887120889030296
0 0.22158644805083536 0.15995461330363772 0.014946980519337849 0.0210030257797575
0 0.24342508333223492 0.1576167413006682 0.021378804112340135 0.03149241778060592
0 0.127140246210873 0.1808492808720614 0.010743949134070736 0.01887120889030302
0 0.06900691882984215 0.19298638399109133 0.01501970995653877 0.025169692446424106
0 0.0825304031372086 0.1917871457670308 0.014946980519337849 0.02100302577975744
0 0.19064554815893922 0.17802657330787994 0.010816678571271629 0.023037875556969685
0 0.23116145400313784 0.1713038586356984 0.014946980519337908 0.02100302577975744
0 0.16573645995544034 0.1835258079779404 0.014946980519337849 0.0210030257797575
0 0.006725107141444877 0.2062136373329091 0.006613647186004534 0.020906058667515146
0 0.10444176785580904 0.1936159404307279 0.014946980519337849 0.02100302577975744
0 0.14402510118914238 0.19315534664757664 0.012790917748803624 0.01681211733503023
0 0.09828267965231019 0.19889699909824302 0.014946980519337849 0.02100302577975744
0 0.16069176785580905 0.1929614124230919 0.010743949134070736 0.01887120889030296
0 0.13470464826704304 0.1963894346488493 0.0150197099565388 0.025169692446424165
0 0.2137804031372086 0.19025991374921342 0.014946980519337849 0.02100302577975744
0 0.012169811145681157 0.2196946995544243 0.012790917748803624 0.01681211733503017
0 0.25131676785580903 0.1919068950774561 0.014946980519337849 0.0210030257797575
0 0.23781146590774285 0.19414779996818327 0.014946980519337908 0.02100302577975744
0 0.15365465421934557 0.2076295919796373 0.0150197099565388 0.025169692446424165
0 0.00816678571271653 0.22911818311054546 0.00862425108213696 0.016763633778909083
0 0.01856527002008297 0.22795530755357582 0.014946980519337865 0.02100302577975744
0 0.22026677380811155 0.20372885508169833 0.014946980519337908 0.02100302577975744
0 0.05292208766078274 0.22651365154890937 0.014946980519337879 0.02100302577975744
0 0.25458722673021084 0.20020386574369856 0.014946980519337849 0.02100302577975744
0 0.232803138526712 0.2056667377466681 0.015092439393739691 0.029336359113090776
0 0.07689860335341629 0.22727653776787923 0.0150197099565388 0.025169692446424106
0 0.03329406222781812 0.23611894844048503 0.014946980519337865 0.0210030257797575
0 0.12824700432854783 0.06518791820497048 0.008478792207735175 0.008430300445575719
0 0.20615381601694513 0.05177885152769825 0.012754553030203179 0.014728784001696896
0 0.2630478365786458 0.20739856529812284 0.015092439393739691 0.029336359113090835
0 0.10919027002008296 0.22690079020794005 0.010743949134070736 0.01887120889030296
0 0.12063042099411607 0.2257257937619401 0.014946980519337849 0.02100302577975744
0 0.17991450919761492 0.21982656975387987 0.014946980519337908 0.02100302577975744
0 0.06247891125378501 0.2368212302143034 0.014946980519337849 0.0210030257797575
0 0.026075124998352357 0.24037046133036377 0.014946980519337872 0.0210030257797575
0 0.09988799945728388 0.23117654487587938 0.014946980519337849 0.02100302577975744
0 0.15814860335341632 0.2263311084235161 0.014946980519337908 0.02100302577975744
0 0.010613766232054397 0.2499272746658182 0.01286364718600453 0.020978784001696896
0 0.25493269155691517 0.2199955324103652 0.0150197099565388 0.025169692446424106
0 0.007561495669255303 0.25413030399957576 0.006613647186004534 0.020906058667515146
0 0.006574376080489316 0.25726742488860604 0.00442121969686984 0.01463181688945454
0 0.06891073484678728 0.24716517154678827 0.014946980519337849 0.0210030257797575
0 0.0834758858208204 0.24595381243369746 0.014946980519337849 0.02100302577975744
0 0.035741042747155984 0.2569280399957578 0.01501970995653877 0.025169692446424106
0 0.10745240151345395 0.24671669865266732 0.010743949134070736 0.01887120889030296
0 0.1781766406909859 0.23964247819860715 0.014946980519337849 0.0210030257797575
0 0.14807740151345394 0.24624398398048575 0.010743949134070736 0.01887120889030296
0 0.10123640043241541 0.06966972798642486 0.004239396103867558 0.004215150222787874
0 0.06284255843978954 0.2576545635476367 0.014946980519337879 0.02100302577975744
0 0.275966030842551 0.2312114479630926 0.021306074675139185 0.027325751113939253
0 0.04944635064752469 0.2661454684383639 0.010816678571271658 0.023037875556969567
0 0.2573433073576526 0.2387212906323046 0.0150197099565388 0.025169692446424165
0 0.14511604274715598 0.2556553466475766 0.014946980519337849 0.02100302577975744
0 0.09522513690295735 0.2624871493210309 0.014946980519337849 0.02100302577975744
0 0.007961507573860289 0.27704697066624245 0.006613647186004532 0.020906058667515146
0 0.09087428084364942 0.07291593687672784 0.008478792207735146 0.00843030044557569
0 0.1646507905839805 0.061638687088910106 0.008587886363536513 0.014680300445575703
0 0.17426452705452242 0.2542742950880617 0.0150197099565388 0.025169692446424106
0 0.0735137781366594 0.27211668799066707 0.014946980519337849 0.02100302577975744
0 0.19928270941382265 0.2550250604180012 0.014946980519337849 0.0210030257797575
0 0.06207362716262628 0.273291684436667 0.014946980519337879 0.02100302577975744
0 0.031974387985094305 0.2798931902185456 0.014946980519337865 0.02100302577975744
0 0.24295997997662172 0.2503493164120621 0.0150197099565388 0.025169692446424106
0 0.14385382196924762 0.06396443820284937 0.012718188311602733 0.012645450668363563
0 0.10745003571381496 0.06751366931890976 0.010525760822468033 0.0063712088903029596
0 0.04560696644826211 0.2849439519944851 0.014946980519337879 0.02100302577975744
0 0.21302438203279184 0.2663258221939407 0.0150197099565388 0.025169692446424106
0 0.12689333116686255 0.2860818559834553 0.008587886363536513 0.014680300445575748
0 0.10615090963003035 0.2915326070973946 0.0150197099565388 0.025169692446424106
0 0.4179599799766217 0.24831300705497228 0.034060627705342364 0.04205453511563609
0 0.08332515475986482 0.29700759998939447 0.01501970995653877 0.025169692446424106
0 0.07712970183776549 0.30020532532357624 0.014946980519337849 0.02100302577975744
0 0.09796303517109882 0.2999629075429703 0.014946980519337849 0.02100302577975744
0 0.31830544480332607 0.2692682790685474 0.010743949134070736 0.01887120889030302
0 0.07305394696759997 0.30546214221303075 0.014946980519337879 0.02100302577975744
0 0.12190318614513193 0.29864246042860676 0.01501970995653877 0.025169692446424106
0 0.2019842429633637 0.29041748530660727 0.0150197099565388 0.025169692446424106
0 0.008725166664469809 0.32079697066624246 0.006613647186004531 0.020906058667515028
0 0.00876153138307026 0.32288030399957585 0.006613647186004531 0.020906058667515028
0 0.015068984847885707 0.08734242844260615 0.010489396103867572 0.004287875556969626
0 0.025503833873852598 0.08826288621896984 0.012718188311602718 0.012645450668363563
0 0.11583500973813421 0.30913185242945523 0.014946980519337879 0.02100302577975744
0 0.08997516666446982 0.3198515413218793 0.0150197099565388 0.025169692446424106
0 0.14198577056060227 0.31507883020369776 0.0150197099565388 0.025169692446424106
0 0.04416292207735147 0.08283637688309117 0.012681823593002258 0.01056211733503023
0 0.002696261362987292 0.09477954577763636 0.0021924274891346935 0.006274241778060604
0 0.003719745670353732 0.09372575822193939 0.004312125541068479 0.008381816889454542
0 0.007919870668706088 0.3343507582219394 0.004493949134070748 0.018798483556121206
0 0.15554561958656912 0.31596292531297065 0.021306074675139185 0.027325751113939253
0 0.017367600105906995 0.3384083368873334 0.01501970995653877 0.025169692446424106
0 0.045456235387306546 0.3359977395501821 0.01501970995653877 0.025169692446424106
0 0.09119865692413874 0.3302560870995157 0.014946980519337849 0.02100302577975744
0 0.16921456276833738 0.3230970204222434 0.021306074675139185 0.027325751113939253
0 0.1879100156904367 0.31975384441969806 0.014946980519337849 0.02100302577975744
0 0.06420623538730655 0.3357795635476367 0.014946980519337865 0.02100302577975744
0 0.21561972781344624 0.05687809685975891 0.014946980519337908 0.021003025779757486
0 0.005748531925786385 0.09057651644387882 0.008515156926335598 0.010513633778909022
0 0.1068600216427392 0.33215760709739456 0.01501970995653877 0.025169692446424106
0 0.15053729220553827 0.3274818630914555 0.0150197099565388 0.025169692446424106
0 0.07431670833278411 0.07935987110121259 0.008551521644936066 0.012596967112242357
0 0.20271153733537275 0.33208415197327396 0.014946980519337908 0.02100302577975744
0 0.1299948766210086 0.34439094753872806 0.01501970995653874 0.025169692446424106
0 0.13562958279171564 0.07031140531509175 0.010743949134070736 0.01887120889030296
0 0.14081973376574874 0.0692091342032736 0.012790917748803624 0.01681211733503023
0 0.15953336904714827 0.06690762486739493 0.010743949134070736 0.01887120889030296
0 0.05422594534384532 0.36090077243793967 0.021378804112340135 0.03149241778060592
0 0.06986912770314554 0.36176062576915186 0.014946980519337849 0.02100302577975744
0 0.3869774431795714 0.3236887546149115 0.0150197099565388 0.025169692446424106
0 0.15523124729191154 0.3576417128686676 0.021306074675139185 0.027325751113939253
0 0.19684336688067752 0.3540318773074558 0.021378804112340135 0.03149241778060604
0 0.3018698766210086 0.34239100084872914 0.021306074675139303 0.027325751113939253
0 0.14918125324421402 0.3691727715361827 0.01728486688287436 0.0356106008911515
0 0.13257731222891656 0.07451443464884931 0.006431823593002258 0.010489392000848419
0 0.35716912175084303 0.34695692706345677 0.021378804112340076 0.03149241778060604
0 0.1763009512961478 0.37094096175472835 0.021306074675139185 0.027325751113939253
0 0.23558503949964668 0.3650417377466681 0.012790917748803624 0.01681211733503029
0 0.01217217694532014 0.39889772888818187 0.010962137445673465 0.0313712088903029
0 0.30428049242174604 0.36111675907066854 0.01501970995653868 0.025169692446424106
0 0.04969035930462037 0.39950304354975785 0.021306074675139217 0.027325751113939253
0 0.42803881980277686 0.3482160399427299 0.02996669047587659 0.04617271822618155
0 0.23057671211861583 0.3765606755251529 0.021306074675139244 0.02732575111393937
0 0.025841120127088394 0.4060318239974547 0.021378804112340128 0.03149241778060592
0 0.14437293181548566 0.39215004264800085 0.0150197099565388 0.025169692446424106
0 0.24002444155581676 0.3806182541905469 0.0150197099565388 0.025169692446424106
0 0.12013185930681723 0.07778488531721287 0.010743949134070736 0.01887120889030296
0 0.21057503571381495 0.06631370130491039 0.014946980519337908 0.021003025779757486
0 0.004834141774221306 0.09788030399957577 0.006540917748803626 0.01673939200084845
0 0.2712562591965165 0.37921296085297135 0.021378804112340197 0.03149241778060592
0 0.08106763581972196 0.40643108354551566 0.021306074675139217 0.02732575111393937
0 0.2048986926379537 0.39769703108424365 0.021306074675139185 0.027325751113939253
0 0.19455475540848793 0.4019849066412133 0.021306074675139244 0.027325751113939253
0 0.28605778084145256 0.3915432684065472 0.021306074675139185 0.027325751113939253
0 0.21957293776778816 0.40273567197115284 0.021378804112340135 0.03149241778060604
0 0.060579767313092926 0.4264651679927882 0.015092439393739691 0.029336359113090776
0 0.04394946536502672 0.42874243555060626 0.021451533549541043 0.03565908444727259
0 0.22693733387165574 0.4068174924146074 0.015092439393739691 0.029336359113090776
0 0.07624113203169337 0.42836668799066707 0.021306074675139244 0.027325751113939253
0 0.22722352002118143 0.065078100413759 0.010743949134070736 0.01887120889030296
0 0.08173565151455238 0.08656669154466717 0.008587886363536513 0.01468030044557569
0 0.23765836904714827 0.0659985581901227 0.014946980519337908 0.0210030257797575
0 0.19583279274605753 0.4155144524188497 0.014946980519337908 0.02100302577975744
0 0.3226252083305873 0.3973690372904868 0.021306074675139303 0.027325751113939253
0 0.1345744653650267 0.4276879182049705 0.021378804112340135 0.03149241778060592
0 0.16160325162045938 0.42424777509018274 0.021306074675139244 0.027325751113939253
0 0.17726461633905982 0.4261492950880617 0.021378804112340135 0.03149241778060592
0 0.004834141774221306 0.09788030399957577 0.006540917748803626 0.01673939200084845
0 0.0983659534626186 0.08428942398684909 0.010743949134070736 0.01887120889030296
0 0.1492985259734839 0.07744550042436457 0.008587886363536513 0.01468030044557569
0 0.022601753784733288 0.4592053075535759 0.015092439393739675 0.029336359113090776
0 0.4405699123348235 0.40954104349673 0.02996669047587659 0.04617271822618155
0 0.004997783007923346 0.10725530399957578 0.006650011904604987 0.022989392000848447
0 0.040582822507570025 0.47462425244006085 0.01501970995653877 0.025169692446424106
0 0.07183282250757002 0.4742606257691519 0.025581835497607248 0.03362423467006034
0 0.018835099022671605 0.4821704577763637 0.021378804112340135 0.03149241778060592
0 0.3089691753215655 0.450663729736911 0.019150011904604962 0.023134842669211984
0 0.2829820557327995 0.4540917519626684 0.021306074675139185 0.027325751113939253
0 0.13433282250757003 0.4735333724273341 0.021378804112340135 0.03149241778060592
0 0.20403357737773556 0.46751293952897094 0.02145153354954103 0.03565908444727259
0 0.11298565151455238 0.08620306487375826 0.014946980519337849 0.0210030257797575
0 0.10741313040793872 0.48322351554212184 0.023607596320075284 0.03984999289199986
0 0.15417903625213736 0.4764280755357585 0.025509106060406357 0.029457568003393792
0 0.22186918722617047 0.47459855108212257 0.015092439393739691 0.029336359113090776
0 0.4703729615769981 0.445659991937215 0.01728486688287442 0.03561060089115138
0 0.13378262012928524 0.08387731375981901 0.008587886363536513 0.01468030044557569
0 0.5005631125510313 0.44426681948866975 0.025763659090609535 0.044040901336727126
0 0.08999571482340901 0.5000962373223036 0.021378804112340135 0.03149241778060592
0 0.3093510048668702 0.47253872973691097 0.021451533549541088 0.03565908444727259
0 0.16905328733427433 0.492925049756001 0.021306074675139185 0.027325751113939253
0 0.5268229675293006 0.4564637972629123 0.021451533549541088 0.03565908444727259
0 0.15991465800517726 0.5065758044239403 0.027737898268141475 0.03781514311478773
0 0.3876032813819718 0.4789213297263054 0.0150197099565388 0.025169692446424106
0 0.005052330085824025 0.11038030399957578 0.006613647186004534 0.020906058667515114
0 0.45935100486687025 0.47079332171654825 0.02587275324641093 0.050290901336727124
0 0.11534117965011333 0.5195970026522432 0.023607596320075284 0.03984999289199986
0 0.6174479675293008 0.45540927991727653 0.02996669047587659 0.046172718226181665
0 0.07875611038895419 0.09493638754509139 0.008587886363536513 0.01468030044557569
0 0.16815762012928523 0.08347732442181922 0.010743949134070736 0.01887120889030296
0 0.37742298538620817 0.492584205283275 0.01501970995653868 0.025169692446424106
0 0.6414790302998348 0.4592971661362464 0.02773789826814171 0.03781514311478773
0 0.6675025146072013 0.45795247724382226 0.027737898268141475 0.03781514311478773
0 0.4243888971827092 0.497247098610245 0.0150197099565388 0.025169692446424106
0 0.23056670833278411 0.0775417377466681 0.008587886363536513 0.01468030044557569
0 0.6438169166633714 0.4738562576915192 0.03621669047587659 0.04624544356036348
0 0.049292713199654364 0.5557894062168487 0.021451533549541043 0.03565908444727247
0 0.02372960064862312 0.10599546133036378 0.01059849025966894 0.010537875556969627
0 0.04242505357072244 0.10265228532781843 0.014946980519337865 0.0210030257797575
0 0.219126557358751 0.07871673419266803 0.010743949134070736 0.01887120889030296
0 0.9547115968583976 0.43794044520479386 0.03621669047587659 0.04624544356036348
0 0.8748123636331682 0.4565820869934599 0.02558183549760713 0.03362423467006046
0 0.005052330085824025 0.11038030399957578 0.006613647186004534 0.020906058667515114
0 0.22655787012598996 0.5641455217483651 0.021378804112340135 0.031492417780605804
0 0.03622960064862312 0.10585001066200021 0.012790917748803624 0.01681211733503023
0 0.3742927131996544 0.5520076888393961 0.021378804112340076 0.031492417780605804
0 0.3420737759701886 0.556550103066002 0.021378804112340076 0.031492417780605804
0 0.20906772510425936 0.57685157686188 0.025581835497607248 0.03362423467006058
0 0.8005032932865768 0.4970381243369746 0.03621669047587659 0.04624544356036348
0 0.248596511359692 0.5732659830787287 0.021378804112340135 0.031492417780605804
0 0.7693623874423781 0.5036517510078835 0.04041972186114388 0.0483772604498179
0 0.8244798089792104 0.4978010105559445 0.03621669047587659 0.04624544356036348
0 0.22440762012928522 0.08282279641418322 0.014946980519337908 0.0210030257797575
0 0.8775866266199102 0.49614117854873274 0.03212275324641093 0.05036362667090894
0 0.032566227268533275 0.6122454613303638 0.021378804112340135 0.031492417780605804
0 0.3174556055154934 0.5787160044027291 0.021378804112340076 0.031492417780605804
0 0.9937470936130853 0.4884851554212183 0.012505812773829443 0.04607575111393925
0 0.06641975162265622 0.10445683821345494 0.010743949134070736 0.01887120889030296
0 0.8611563306241464 0.5098767794398841 0.03223184740221209 0.05661362667090894
0 0.06085486850223531 0.6212931973265458 0.025581835497607248 0.03362423467006058
0 0.3414684859267274 0.5815622239550324 0.021451533549541088 0.03565908444727247
0 0.522373021100023 0.5596615225970941 0.02996669047587659 0.04617271822618155
0 0.9891777789485368 0.5020874265330364 0.021644442102926577 0.04617271822618155
0 0.1517091417742213 0.09617125864630396 0.010743949134070736 0.01887120889030296
0 0.006166726189691598 0.11453484977721215 0.008696980519337866 0.02093030044557569
0 0.5755162034593233 0.5600850239232157 0.02996669047587659 0.04617271822618155
0 0.9050699718578485 0.5187427021006117 0.03223184740221209 0.05661362667090894
0 0.5454169642817913 0.5666865297050943 0.02996669047587659 0.04617271822618155
0 0.5651540838705574 0.5633312328135187 0.023607596320075194 0.03984999289199986
0 0.9928872505394207 0.5093306096435819 0.014225498921158437 0.046099992891999855
0 0.04674427651070787 0.6485462231063032 0.021451533549541043 0.03565908444727247
0 0.20167987445453778 0.6311152106407891 0.025581835497607248 0.03362423467006058
0 0.6174919702340939 0.5773085216953372 0.023607596320075194 0.03984999289199986
0 0.4969859193681645 0.5974645448228515 0.02996669047587659 0.04617271822618155
0 0.8753525622256213 0.5472192078824902 0.03621669047587659 0.04624544356036348
0 0.9409230151477206 0.5433305918735816 0.03632578463167799 0.05249544356036348
0 0.7102912153639284 0.581438095904974 0.028028816016945277 0.0544818097814544
0 0.2633745784587741 0.6439417448546683 0.027737898268141475 0.03781514311478773
0 0.055106877163724706 0.11292350132612154 0.012790917748803624 0.01681211733503023
0 0.005270518397426744 0.12288030399957578 0.006540917748803626 0.01673939200084845
0 0.1792723138482775 0.6605485368661222 0.027737898268141475 0.03781514311478773
0 0.7449207683941315 0.5956214399003076 0.03212275324641093 0.05036362667090894
0 0.6889071390650343 0.6098176345746104 0.029893961038675816 0.04200605155951488
0 0.9581169702340939 0.5733449909824302 0.02996669047587659 0.04617271822618155
0 0.05174733170518497 0.6964144062168487 0.02145153354954103 0.03565908444727247
0 0.5964169940433038 0.6233963936983067 0.025763659090609535 0.044040901336727244
0 0.8064154664460652 0.5969896407808534 0.025763659090609535 0.044040901336727244
0 0.6432738116840035 0.6218092870252767 0.023607596320075194 0.03984999289199986
0 0.16517990421605028 0.6888432293125464 0.021378804112340135 0.031492417780605804
0 0.6246329058398049 0.6282774630278222 0.025763659090609535 0.044040901336727244
0 0.8980094036755311 0.5917563358795206 0.03223184740221209 0.05661362667090894
0 0.014627336038126519 0.12172954933163643 0.014946980519337865 0.0210030257797575
0 0.1404162748869532 0.7026757973159403 0.021378804112340135 0.031492417780605804
0 0.7652033587619042 0.6235161430087319 0.02996669047587659 0.04617271822618155
0 0.0053796125532281054 0.12913030399957579 0.006540917748803626 0.01673939200084845
0 0.23398262608158774 0.09417204174624387 0.012790917748803624 0.01681211733503023
0 0.5448791314889773 0.6552524381498215 0.03212275324641093 0.05036362667090894
0 0.9305010762945002 0.6028389216529149 0.02996669047587659 0.04617271822618155
0 0.3328700551900834 0.685850099512002 0.021451533549541088 0.03565908444727247
0 0.11978294750592239 0.7143765484298794 0.021378804112340135 0.031492417780605804
0 0.7871874529177056 0.6295116043390957 0.03632578463167799 0.05249544356036348
0 0.10635037499505708 0.7207841199872734 0.02145153354954103 0.03565908444727247
0 0.4234405081121827 0.6816705821663663 0.02996669047587659 0.04617271822618155
0 0.08845839285635826 0.11357729954381872 0.008587886363536513 0.014680300445575719
0 0.14355763203389024 0.10668489242521302 0.008587886363536513 0.01468030044557569
0 0.15121477109892464 0.7244295884256372 0.0150197099565388 0.025169692446424106
0 0.40068748267921805 0.6913122417250327 0.02360759632007531 0.03984999289199986
0 0.9610185097359374 0.6201957492043696 0.03223184740221233 0.05661362667090894
0 0.4953518728307832 0.682917574156609 0.03621669047587659 0.04624544356036348
0 0.07811445562689251 0.11786517510078835 0.012790917748803624 0.01681211733503023
0 0.03237203409006031 0.12360682755145473 0.012790917748803624 0.01681211733503023
0 0.07550038689966206 0.7440644133248487 0.02989396103867573 0.04200605155951488
0 0.8406033706665091 0.6455601056652173 0.04268487878747938 0.05881816889454517
0 0.14838068884772826 0.7411326177593948 0.027737898268141475 0.03781514311478773
0 0.2225788398261551 0.09743037152557713 0.014946980519337908 0.0210030257797575
0 0.10929172618969159 0.11333488176321278 0.006431823593002288 0.010489392000848448
0 0.16439096536722358 0.10644247464460707 0.014946980519337908 0.0210030257797575
0 0.1245314496701963 0.7476613982070915 0.027737898268141475 0.03781514311478773
0 0.277310984843492 0.7260879608529713 0.029893961038675698 0.04200605155951488
0 0.10516142424162539 0.11546669865266732 0.014946980519337879 0.0210030257797575
0 0.21223490259668934 0.10171824708254677 0.014946980519337849 0.021003025779757472
0 0.5477624886315204 0.7010615297050943 0.025872753246410696 0.05029090133672724
0 0.09147085172636636 0.7636742666560611 0.023607596320075284 0.03984999289199986
0 0.7048723317051849 0.6888146087948528 0.02996669047587659 0.04617271822618155
0 0.004392492964462118 0.13226742488860607 0.00442121969686984 0.01463181688945454
0 0.5906526455578562 0.7109812399215187 0.02996669047587659 0.04617271822618155
0 0.05949173214199409 0.12537501777000035 0.01501970995653877 0.025169692446424165
0 0.33838221644496685 0.7628849492892141 0.023607596320075194 0.03984999289199986
0 0.2739807067046358 0.7740531110757591 0.02996669047587659 0.04617271822618155
0 0.7375640102764566 0.7113555279015803 0.03661670238048155 0.06916211022702991
0 0.8914397591943197 0.6928949696584297 0.04071063960994745 0.06504392711648468
0 0.3229026753193686 0.771400095958002 0.021451533549541088 0.03565908444727247
0 0.25331101460500444 0.7836705288563652 0.021378804112340076 0.031492417780605804
0 0.0045015871202634785 0.13851742488860605 0.00442121969686984 0.01463181688945454
0 0.24973490259668935 0.1012818950774561 0.012790917748803624 0.01681211733503023
0 0.30016783224570426 0.7820834221833352 0.02996669047587659 0.04617271822618155
0 0.538400398804267 0.7615994052620638 0.025581835497607366 0.03362423467006058
0 0.18516103246191193 0.8188455075323647 0.029893961038675698 0.04200605155951488
0 0.14063263798619274 0.11817958842563722 0.012790917748803624 0.01681211733503023
0 0.006530373375696131 0.1353681831105455 0.008769709956538772 0.025096967112242356
0 0.5533291969643047 0.7812213794823063 0.021451533549541088 0.03565908444727247
0 0.8921670535663286 0.7345616363250964 0.04275760822468015 0.06298483556121184
0 0.9885191247269943 0.7250646976448546 0.022961750546011454 0.04617271822618155
0 0.11271710713705116 0.8467773030978188 0.02145153354954103 0.03565908444727247
0 0.04088719101639591 0.13392652710587905 0.012790917748803624 0.01681211733503023
0 0.11989021644936053 0.1236303395395765 0.012790917748803624 0.01681211733503023
0 0.9445594870077658 0.7516639252069149 0.032122753246410694 0.05036362667090894
0 0.1573720340900603 0.12215232086781916 0.008587886363536513 0.01468030044557569
0 0.33879513852231824 0.8462304035115779 0.029893961038675816 0.04200605155951488
0 0.3773004404703845 0.8436985972841236 0.029893961038675816 0.04200605155951488
0 0.8076776872239736 0.7886805492255807 0.03212275324641093 0.05036362667090894
0 0.48769892477775095 0.8413721163802454 0.0323045768394131 0.060780293337575605
0 0.7330413344099782 0.8103865865690953 0.04275760822468015 0.06298483556121184
0 0.005706895020632184 0.14788030399957577 0.006540917748803626 0.016739392000848476
0 0.13659324783462765 0.12551973864842508 0.014946980519337849 0.0210030257797575
0 0.606685295448654 0.8535320016974582 0.03223184740221209 0.05661362667090894
0 0.643125446422687 0.8520661039147313 0.03212275324641093 0.05036362667090894
0 0.07531673809429658 0.13665153776787922 0.01501970995653877 0.025169692446424106
0 0.9468557364661482 0.8235268043178846 0.03632578463167799 0.05249544356036348
0 0.24063263798619275 0.11701598307872875 0.014946980519337849 0.0210030257797575
0 0.9956691515123555 0.8239139429769152 0.008661696975289127 0.037766659558666524
0 0.6789239426346584 0.8735289936877011 0.04268487878747938 0.05881816889454517
0 0.8536330248858548 0.8548260176639446 0.046960639609947445 0.06511665245066638
0 0.7507989426346583 0.8726926523446107 0.03848184740221209 0.05668635200509063
0 0.2738921607077736 0.9480478070761833 0.02996669047587659 0.04617271822618155
0 0.25219898430077586 0.9587190124124864 0.029966690475876707 0.04617271822618155
0 0.11597702163834549 0.9738485155421218 0.032122753246410875 0.05036362667090894
0 0.8155640995609941 0.8823578238913988 0.025763659090609535 0.044040901336727244
0 0.8499209172016937 0.8809161678867325 0.027737898268141475 0.03781514311478773
0 0.317751254863575 0.953788729736911 0.03632578463167799 0.052495443560363245
0 0.17314249296446213 0.13030384086569805 0.010743949134070736 0.01887120889030296
0 0.9959964339797597 0.8728722763102486 0.00800713204048075 0.06068332622533319
0 0.7338360860326344 0.915607040791459 0.04071063960994745 0.06504392711648468
0 0.9499209172016937 0.879752562539824 0.04706973376574884 0.07136665245066638
0 0.10868643614623037 0.13834700265224306 0.01501970995653877 0.025169692446424165
0 0.15892172564258178 0.9868932257585463 0.021233345237938295 0.02315908444727247
0 0.29209141774221303 0.9759667519626684 0.029893961038675816 0.04200605155951488
0 0.8482921428508661 0.9069820763314598 0.03223184740221209 0.05661362667090894
0 0.18876749296446213 0.13012202753024357 0.010743949134070736 0.01887120889030296
0 0.3348724805127473 0.9796364621790928 0.035998502164273916 0.03374544356036324
0 0.04744629112449976 0.15156213510503058 0.014946980519337879 0.0210030257797575
0 0.005925083332234904 0.16038030399957576 0.006613647186004534 0.020906058667515146
0 0.4735414236945156 0.98531605060473 0.02532728246740407 0.019040901336727246
0 0.14828795183886392 0.13892807553575848 0.014946980519337908 0.0210030257797575
0 0.032899322509766876 0.15381516088478805 0.010743949134070745 0.01887120889030296
0 0.004937963743468918 0.16351742488860607 0.00442121969686984 0.01463181688945454
0 0.09326144209853288 0.14998714932103088 0.014946980519337849 0.02100302577975744
0 0.15775386363536506 0.14402732086781916 0.010743949134070736 0.01887120889030296
0 0.00610690692523717 0.17079697066624241 0.006540917748803626 0.016739392000848476
0 0.18067053030203173 0.14376066130915263 0.014946980519337849 0.0210030257797575
0 0.20455613419816418 0.13931521419478915 0.008587886363536513 0.01468030044557569
0 0.12149553625433422 0.15590988531721284 0.01501970995653877 0.025169692446424106
0 0.23269931655746437 0.1400296168576378 0.019150011904604962 0.023134842669211984