0 0.6710529691828987 0.7759787393960269 0.024494091202312045 0.027883600967519347
0 0.6960529691828988 0.7751057201587331 0.019842063140062295 0.01940476442797016
0 0.366886302516232 0.7866004734497668 0.02216807717118717 0.023644182697744754
0 0.339620958659555 0.7906712442901683 0.02216807717118717 0.023644182697744754
0 0.2917649621673363 0.7913028644949812 0.02216807717118717 0.023644182697744754
0 0.2178672990084508 0.7928438797386418 0.02216807717118711 0.023644182697744754
0 0.3907232955006696 0.7878471633473604 0.019842063140062174 0.01940476442797016
0 0.6459316288340029 0.7789350919666539 0.02216807717118717 0.023644182697744754
0 0.6249769551517736 0.7817459413310653 0.019842063140062295 0.01940476442797016
0 0.41554128497732584 0.7900991441100668 0.02216807717118717 0.023644182697744754
0 0.4614352884851071 0.7874569421750283 0.02216807717118717 0.023644182697744754
0 0.7218519551517738 0.7783629917865523 0.02216807717118717 0.023644182697744754
0 0.24464728146954465 0.7971064422315736 0.02216807717118711 0.023644182697744754
0 0.5758366112950968 0.7865806040040988 0.02216807717118717 0.023644182697744754
0 0.7467306148028781 0.7795733058825919 0.024494091202312045 0.027883600967519347
0 0.5539616112950968 0.7873444958367308 0.0180014105045205 0.023498679491529135
0 0.484230614802878 0.7887400078741755 0.024494091202312045 0.027883600967519347
0 0.5091699446284301 0.7889086553035487 0.026456084186749607 0.025873019237293703
0 0.4394389481362113 0.7903041673409935 0.02216807717118717 0.023644182697744754
0 0.5988139481362114 0.7847386697032462 0.018001410504520265 0.023498679491529135
0 0.5311056148028779 0.7871030968042501 0.02216807717118717 0.023644182697744754
0 0.31333661129509677 0.7957473059956826 0.0180014105045205 0.023498679491529135
0 0.26541994462843005 0.7974205928671622 0.01800141050452044 0.023498679491529135
0 0.32921456569394075 0.8087069598374867 0.02216807717118717 0.023644182697744754
0 0.30317289902727407 0.8096163548763344 0.02216807717118717 0.023644182697744754
0 0.27921456569394076 0.8104529983120742 0.02216807717118717 0.023644182697744754
0 0.20825989201171158 0.815009886151073 0.015675396473395508 0.019259261221754777
0 0.3551348920117116 0.8098808981319725 0.02216807717118717 0.023644182697744754
0 0.625907555170597 0.8014648563946242 0.02216807717118717 0.023644182697744754
0 0.38221822534504496 0.808935127291571 0.02216807717118717 0.023644182697744754
0 0.43111588850393034 0.8082671312852042 0.02216807717118717 0.023644182697744754
0 0.4559945481550346 0.8094774453812439 0.019842063140062295 0.01940476442797016
0 0.40807788148836793 0.8111507322527234 0.019842063140062295 0.01940476442797016
0 0.5029302183294825 0.8067988676446516 0.015675396473395508 0.019259261221754777
0 0.23203621482170123 0.8172982427153331 0.019842063140062174 0.01940476442797016
0 0.4779302183294824 0.8076718868819451 0.02216807717118717 0.023644182697744754
0 0.6464982078061386 0.8049040070302128 0.02216807717118693 0.023644182697744754
0 0.6954565411394721 0.8031943443571793 0.02216807717118693 0.023644182697744754
0 0.2548315411394721 0.8185813084144807 0.01800141050452044 0.023498679491529135
0 0.5257255446472533 0.808081933343799 0.0180014105045205 0.023498679491529135
0 0.6755435341239097 0.8059688179200369 0.019842063140062295 0.01940476442797016
0 0.7203352007905762 0.804404658453219 0.0180014105045205 0.023498679491529135
0 0.5703958709650242 0.8086011072103145 0.019842063140062295 0.01940476442797016
0 0.5941721937750138 0.8108894637745746 0.015675396473395626 0.019259261221754777
0 0.5482175200927847 0.8145733323762798 0.0180014105045205 0.023498679491529135
0 0.7450925200927846 0.807698305882592 0.015675396473395626 0.019259261221754777
0 0.6635391692205452 0.8157439517371297 0.019842063140062295 0.01940476442797016
0 0.20612616220498273 0.8337962619526268 0.02216807717118711 0.023644182697744754
0 0.23106549203053486 0.8339649093819997 0.02216807717118717 0.023644182697744518
0 0.5571071586972015 0.822579283495628 0.015675396473395626 0.019259261221754777
0 0.4509178288716494 0.8252479485874595 0.019842063140062174 0.01940476442797016
0 0.3436261622049827 0.8289946561475116 0.02216807717118717 0.023644182697744754
0 0.4810048218560869 0.8262763836757295 0.0180014105045205 0.023498679491529135
0 0.31537982185608693 0.8320601361228003 0.02216807717118717 0.023644182697744754
0 0.2612738253638682 0.8329100111369366 0.02216807717118711 0.023644182697744754
0 0.3997548218560869 0.8291136961969341 0.019842063140062295 0.01940476442797016
0 0.3737131551894202 0.8300230912357818 0.02216807717118717 0.023644182697744754
0 0.5018988253638682 0.8245072009779849 0.019842063140062174 0.01940476442797016
0 0.42585715869720153 0.8271626344914199 0.02216807717118717 0.023644182697744754
0 0.5277584815071912 0.8267228059391374 0.015675396473395626 0.019259261221754777
0 0.6142168148405245 0.8237036144101633 0.02216807717118717 0.023644182697744754
0 0.6379931376505141 0.8259919709744233 0.0180014105045205 0.023498679491529135
0 0.7505538078249621 0.8210217177399352 0.02216807717118717 0.023644182697744754
0 0.5870121411582953 0.826732718583898 0.019842063140062295 0.01940476442797016
0 0.7223681376505141 0.8230455310485572 0.019842063140062295 0.01940476442797016
0 0.28683013063495166 0.8403339494314224 0.0180014105045205 0.023498679491529135
0 0.19301946046050375 0.8446494382379404 0.019842063140062174 0.01940476442797016
0 0.24406112712717043 0.8428670239617991 0.015675396473395508 0.019259261221754777
0 0.21887911660382672 0.8468650431990928 0.02216807717118711 0.023644182697744754
0 0.69283744993716 0.8303140534920666 0.019842063140062295 0.01940476442797016
0 0.3949207832704934 0.840717532736483 0.013228042093374744 0.012936509618646851
0 0.6541137727471497 0.834784958149561 0.013228042093374862 0.012936509618646851
0 0.31563277625493086 0.845565426987913 0.02216807717118717 0.023644182697744754
0 0.44578043941381634 0.8420601184603418 0.015675396473395508 0.019259261221754777
0 0.29467810257270177 0.8483762763523245 0.02216807717118717 0.023644182697744754
0 0.27170076573158725 0.8502182106531769 0.019842063140062174 0.01940476442797016
0 0.5560757657315871 0.8402876168289612 0.008940035077812306 0.010707673079097901
0 0.5790531025727018 0.8384456825281087 0.02216807717118717 0.023644182697744754
0 0.5279507657315873 0.8412697634709166 0.015675396473395508 0.019259261221754777
0 0.5029507657315873 0.8421427827082103 0.015675396473395508 0.019259261221754777
0 0.36545076573158725 0.8469443885133257 0.015675396473395508 0.01925926122175454
0 0.6049127587160247 0.8406612874892612 0.0180014105045205 0.023498679491529135
0 0.3434544253826914 0.8497916136792909 0.0180014105045205 0.023498679491529135
0 0.4757460920493581 0.8451718868819451 0.013228042093374862 0.012936509618646851
0 0.41949609204935806 0.847136180165856 0.011387389457833071 0.017030424682205593
0 0.7069354218749102 0.8381381256036452 0.013228042093374862 0.012936509618646851
0 0.6757460920493581 0.8381877329835956 0.024494091202312045 0.027883600967519347
0 0.756996092049358 0.8353504204623913 0.019842063140062295 0.01940476442797016
0 0.631996092049358 0.8397155166488596 0.0180014105045205 0.023498679491529135
0 0.7317534113515666 0.8403901063663516 0.015675396473395626 0.019259261221754777
0 0.4035677411771186 0.852890150522498 0.0180014105045205 0.023498679491529135
0 0.19737841135156647 0.8590508925635042 0.019842063140062174 0.01940476442797016
0 0.3793667271459936 0.8578934606249045 0.015675396473395508 0.019259261221754777
0 0.34921906398710817 0.857906692203301 0.015675396473395626 0.019259261221754777
0 0.3221357306537749 0.8588524630437023 0.015675396473395626 0.019259261221754777
0 0.6104953867970979 0.851901366013271 0.013228042093374862 0.012936509618646851
0 0.39070372013043114 0.8595766601411448 0.02216807717118717 0.023644182697744754
0 0.4636203867970978 0.8570303540323715 0.02216807717118717 0.023644182697744754
0 0.6666847166226499 0.8509787393960269 0.011387389457833071 0.017030424682205593
0 0.4104953867970978 0.8588855199116205 0.02216807717118717 0.023644182697744754
0 0.7177870534637646 0.8481546584532189 0.019842063140062295 0.01940476442797016
0 0.23653705346376455 0.8649602787711225 0.02216807717118717 0.023644182697744754
0 0.5093323797815353 0.857513152097333 0.008940035077812306 0.010707673079097901
0 0.7062073797815354 0.8506381256036453 0.015675396473395626 0.019259261221754777
0 0.5530217096070875 0.8570270350987357 0.013228042093374862 0.012936509618646851
0 0.8520407131148687 0.8455455133860987 0.013228042093374862 0.012936509618646851
0 0.04370737978153539 0.8737731353919281 0.022168077171187125 0.023644182697744754
0 0.09364670960708749 0.8730687635840073 0.02890343856677031 0.03219577084040139
0 0.14566937276597294 0.8722916401729788 0.02032742453564538 0.027738097761303492
0 0.2851920359248583 0.8684589494314224 0.015675396473395626 0.019259261221754777
0 0.5320670359248584 0.8598378844631471 0.02890343856677037 0.03219577084040139
0 0.43415036925819167 0.8632572098092142 0.0180014105045205 0.023498679491529135
0 0.5039420359248583 0.8608200311051026 0.013713403488957946 0.021269842951979947
0 0.06546103943263959 0.8750925768926294 0.024494091202312045 0.027883600967519347
0 0.645608702591525 0.8558729220937716 0.015675396473395626 0.019259261221754777
0 0.8071277060993063 0.8491930061862498 0.0180014105045205 0.023498679491529135
0 0.4248360394326396 0.8625429253565327 0.015675396473395508 0.019259261221754777
0 0.20394203592485835 0.8712962619526269 0.024494091202312045 0.027883600967519347
0 0.6892373622426292 0.8564284717618411 0.011387389457833071 0.017030424682205593
0 0.7736123622426292 0.8534820318359748 0.024494091202312045 0.02788360096751911
0 0.17465402890929588 0.8743981177294695 0.02032742453564538 0.027738097761303492
0 0.6381350254015146 0.8592525527046491 0.015675396473395626 0.019259261221754777
0 0.5642373622426292 0.8607935679483095 0.0180014105045205 0.023498679491529135
0 0.5226313657504105 0.8612069333437989 0.024494091202312045 0.027883600967519347
0 0.4465290289092959 0.8649040335239006 0.019842063140062174 0.01940476442797016
0 0.2704873622426292 0.8710515439865104 0.0180014105045205 0.023498679491529135
0 0.30798736224262924 0.8697420151305697 0.024494091202312045 0.027883600967519347
0 0.5778396990837439 0.8592790158614421 0.018001410504520265 0.023498679491529135
0 0.4829873622426292 0.8636308804695141 0.019842063140062174 0.01940476442797016
0 0.21944569557596255 0.8728339582626516 0.02216807717118711 0.023644182697744754
0 0.3423623622426292 0.868541613679291 0.019842063140062174 0.01940476442797016
0 0.49849102189373345 0.8651685767795387 0.0180014105045205 0.023498679491529135
0 0.3672410218937335 0.8697519277753306 0.0180014105045205 0.023498679491529135
0 0.6110516920681813 0.8601983235450504 0.019599382442270514 0.015238097761303493
0 0.24224102189373342 0.8741170239617991 0.02216807717118711 0.023644182697744754
0 0.40271835873484796 0.8674734838558312 0.02216807717118717 0.023644182697744754
0 0.2119720183859522 0.876213588873529 0.01800141050452044 0.023498679491529135
0 0.006011207429673858 0.8827017131285204 0.012022414859347717 0.036435189110175986
0 0.32753634821150435 0.8732175415677123 0.02216807717118717 0.023644182697744754
0 0.1671196815448376 0.8788194150070135 0.019842063140062174 0.01940476442797016
0 0.6306613482115042 0.8626321833155263 0.013713403488957946 0.021269842951980186
0 0.5733696815448377 0.864632852400991 0.024494091202312045 0.027883600967519347
0 0.1931613482115043 0.8779100199681659 0.01800141050452044 0.023498679491529135
0 0.29524468154483763 0.8743451914158833 0.019842063140062174 0.01940476442797016
0 0.378578014878171 0.871435127291571 0.013228042093374862 0.012936509618646851
0 0.01920301487817096 0.8839847788276678 0.02890343856677031 0.03219577084040139
0 0.24732801487817097 0.876018478287363 0.02032742453564538 0.027738097761303492
0 0.25664234470372305 0.8767327627400445 0.015675396473395508 0.019259261221754777
0 0.6929793376881607 0.863574635222292 0.02216807717118717 0.023644182697744754
0 0.879498341195942 0.8560217000774766 0.012115431551207697 0.02953042468220559
0 0.11693767102149394 0.8836904534816009 0.02216807717118711 0.023644182697744754
0 0.0774150078626085 0.8840310672739825 0.031229452597895245 0.03643518911017575
0 0.5867900078626086 0.8662433003141236 0.02216807717118693 0.023644182697744754
0 0.7461650078626085 0.8606778026763763 0.019842063140062295 0.01940476442797016
0 0.8534566745292752 0.8569310951163243 0.018001410504520265 0.023498679491529135
0 0.5158353341803793 0.8708001881531224 0.0180014105045205 0.023498679491529135
0 0.8209829973392648 0.8611837449644952 0.015675396473395626 0.019259261221754777
0 0.6543163306725982 0.8670038732131199 0.02216807717118693 0.023644182697744754
0 0.5407746640059315 0.8709688355824954 0.013713403488957946 0.021269842951980186
0 0.7813996640059315 0.8625660254235435 0.016039417520083057 0.025509261221754544
0 0.8282746640059315 0.8609291143536179 0.024494091202312045 0.027883600967519347
0 0.6689603341803794 0.8654529453246985 0.02216807717118717 0.023644182697744754
0 0.7197593201492545 0.8678371977152238 0.015675396473395626 0.019259261221754777
0 0.4156533236570356 0.8774172651022971 0.0180014105045205 0.023498679491529135
0 0.7073806604981503 0.8661903740005373 0.02216807717118717 0.023644182697744754
0 0.736486656990369 0.8662135182236947 0.0180014105045205 0.023498679491529135
0 0.7260699903237023 0.8665772762392338 0.0180014105045205 0.023498679491529135
0 0.5948199903237023 0.8711606272350257 0.0180014105045205 0.023498679491529135
0 0.7885699903237023 0.8643947281459996 0.024494091202312045 0.027883600967519347
0 0.5530319833081399 0.8746989926305152 0.015675396473395626 0.019259261221754777
0 0.6144296464670252 0.8735944870055015 0.02216807717118693 0.023644182697744754
0 0.3436569833081399 0.8820105287428498 0.02216807717118717 0.023644182697744754
0 0.12380464646702531 0.8907274895373902 0.02216807717118711 0.023644182697744754
0 0.8081189762925775 0.867870254583142 0.011387389457833071 0.017030424682205593
0 0.8609406254203379 0.8712234220372262 0.024494091202312045 0.027883600967519347
0 0.4993413763678704 0.9576586553035488 0.019842063140062174 0.01940476442797016
0 0.3994020465423183 0.9601090655860567 0.024130070155624614 0.02163360096751935
0 0.2963983868912141 0.96162693660656 0.025970722791166405 0.01753968590396037
0 0.2621447272401099 0.9607440047245054 0.02340202806224987 0.009133600967519346
0 0.7531440219878497 0.9550329597243962 0.02216807717118717 0.023644182697744754
0 0.6906440219878497 0.9572155078176304 0.028903438566770252 0.03219577084040139
0 0.8405226816389538 0.9540607257272015 0.024494091202312045 0.027883600967519347
0 0.3510606886545163 0.9690740191242031 0.026213403488957947 0.021706352570627037
0 0.7092120114645061 0.9596857433896601 0.026456084186749725 0.025873019237293703
0 0.6071286781311727 0.9632505719419426 0.026456084186749725 0.025873019237293703
0 0.5788823377822768 0.9663160519172315 0.02216807717118717 0.023644182697744754
0 0.3987953447978393 0.9705257322527233 0.032827424535645376 0.028174607379950582
0 0.6498370114645059 0.9617591640782327 0.02866075786897871 0.028029104173734727
0 0.5299240044489435 0.9680257145902649 0.019842063140062295 0.01940476442797016
0 0.3261820290034121 0.9678637050281634 0.01947804209337486 0.01315476442797016
0 0.8550453447978392 0.9545931311721135 0.00954673682229128 0.021124339745764567
0 0.5028406711156101 0.9689714854306664 0.024130070155624614 0.02163360096751911
0 0.42771933076671437 0.9736738764758807 0.023887389457833072 0.01746693430085268
0 0.5475716676078289 0.9684489926305152 0.02829673682229128 0.02177910417373473
0 0.7713479904178187 0.9637531952964259 0.019599382442270514 0.015238097761303493
0 0.5120336605922664 0.9717691032166812 0.019720722791166403 0.017321431094636828
0 0.3642383342744956 0.9748511337040022 0.01727336841114564 0.010998679491529136
0 0.7934050009411623 0.9598643034637938 0.032463403488957945 0.02192460737995058
0 0.7245943307667144 0.9633067730330183 0.023887389457833072 0.01746693430085268
0 0.6203063237511519 0.9690276865217418 0.01090202806224975 0.008697091348872258
0 0.5870943307667142 0.9681083788381334 0.02400872980672896 0.019550267634186012
0 0.37453366059226645 0.9765707090217965 0.021561375426708197 0.013227516031078086