0 0.5421857963770357 0.39230496889489747 0.015092594555088112 0.015092594555087994
0 0.42157071785302586 0.3818353759146446 0.00453042468220571 0.010562169872882284
0 0.40260246304370245 0.3874306114866743 0.00453042468220571 0.010562169872882284
0 0.34958659044836415 0.3824504456074252 0.015383600967519229 0.02342592788842133
0 0.4098941297103691 0.3876852420975517 0.01078042468220571 0.01078042468220571
0 0.4909986265041535 0.3946892212854228 0.01078042468220571 0.01078042468220571
0 0.45450391736926626 0.39445773489770286 0.00453042468220571 0.010562169872882284
0 0.4492955840359329 0.39427585588993336 0.00453042468220571 0.010562169872882284
0 0.5053637050281634 0.40144848250717746 0.01078042468220571 0.01078042468220571
0 0.4450561657661584 0.39621368601705104 0.010925927888421328 0.014947091348872376
0 0.41908725070259956 0.39322095764487014 0.011071431094636945 0.019113758015539044
0 0.3399569598374868 0.38941473006010674 0.010925927888421328 0.014947091348872376
0 0.43564478996460454 0.3969279704697326 0.010925927888421328 0.014947091348872376
0 0.5208795776235017 0.405119119530486 0.01078042468220571 0.01078042468220571
0 0.5364682018219479 0.40670642322046124 0.004675927888421446 0.014728836539548951
0 0.36588949909949176 0.39344912509895436 0.010925927888421328 0.014947091348872376
0 0.3773478324328251 0.3938492589160473 0.015238097761303611 0.01925926122175466
0 0.2941600023057074 0.38677252812506835 0.010925927888421328 0.014947091348872376
0 0.336759208234379 0.39138893598877833 0.010925927888421328 0.014947091348872376
0 0.39602508082971727 0.3965873566773509 0.015092594555087994 0.015092594555087994
0 0.4584523292266095 0.4008532381039185 0.010925927888421328 0.014947091348872376
0 0.47389545021883994 0.4066072084605603 0.00453042468220571 0.010562169872882284
0 0.305509208234379 0.39029766194216126 0.010925927888421328 0.014947091348872376
0 0.6070105287428499 0.41751331105946005 0.010925927888421446 0.014947091348872376
0 0.5133696561475116 0.41111448891960867 0.011071431094636945 0.019113758015539044
0 0.3834159534250556 0.39927584705870406 0.01078042468220571 0.01078042468220571
0 0.5612135712110704 0.4148711091244216 0.004530424682205591 0.010562169872882284
0 0.49257269861573216 0.40934530622186394 0.015238097761303611 0.01925926122175466
0 0.7961209766559825 0.4376753736089372 0.015092594555087876 0.015092594555087994
0 0.6182506072668598 0.42416344487655294 0.010925927888421446 0.014947091348872376
0 0.4809688620761832 0.41311183907143767 0.010925927888421328 0.014947091348872376
0 0.5807869830684136 0.4218122493539458 0.015238097761303493 0.01925926122175466
0 0.4362499470126243 0.4094643462712865 0.015092594555087994 0.015092594555087994
0 0.5464119830684135 0.420611847902667 0.015383600967519347 0.02342592788842133
0 0.2677182018219478 0.39732146641955407 0.023716934300852564 0.023716934300852564
0 0.7678868492513208 0.4398182269669818 0.015383600967519347 0.02342592788842133
0 0.6294906857908698 0.4308135786936459 0.015238097761303493 0.01925926122175466
0 0.3279529894808449 0.4046395962430138 0.026164025649724938 0.034206352570627034
0 0.5691831465288646 0.4255787822035195 0.010925927888421446 0.014947091348872376
0 0.5972717707273107 0.4276025955121416 0.015383600967519347 0.02342592788842133
0 0.6544179341877618 0.43376993126427293 0.010780424682205591 0.01078042468220571
0 0.20521820182194778 0.3951389183263198 0.01940476442797028 0.01940476442797028
0 0.534699019124203 0.4275033807522407 0.015092594555088112 0.015092594555087994
0 0.7613458428388895 0.4479333054909917 0.015383600967519347 0.02342592788842133
0 0.7425958428388896 0.4472785410630215 0.015092594555088112 0.015092594555087876
0 0.6157671401164335 0.43554902660677847 0.01925926122175454 0.015238097761303493
0 0.28919306800485484 0.4095436915855194 0.019550267634185894 0.023571431094636944
0 0.4025164798621981 0.41975865395489487 0.030330692316391607 0.03435185577684265
0 0.6406580127117718 0.43954704584407217 0.010925927888421446 0.014947091348872376
0 0.678085261108664 0.4429399080333461 0.014947091348872258 0.010925927888421328
0 0.2528074862746293 0.4061872051977994 0.01976852244350932 0.029821431094636943
0 0.3661308981319725 0.4164021675671749 0.021997358983058272 0.03406084936441142
0 0.5595535159179874 0.43254306665620107 0.0049669343008526805 0.023062169872882284
0 0.865148751490017 0.46198755231304883 0.015383600967519347 0.02342592788842133
0 0.6634291761722229 0.44451398014492477 0.010925927888421446 0.014947091348872376
0 0.49917322505287465 0.4293916034994079 0.019550267634185894 0.023571431094636944
0 0.6540541761722228 0.4441865979309396 0.010925927888421446 0.014947091348872376
0 0.7881017939582377 0.4582540763313932 0.01976852244350932 0.029821431094636943
0 0.1465574862746293 0.4024768734393012 0.023716934300852564 0.023716934300852564
0 0.4803140976482129 0.43186183907143766 0.019550267634185894 0.023571431094636944
0 0.43667322505287465 0.4272090554061737 0.015238097761303611 0.01925926122175466
0 0.4720171401164335 0.4305291659923398 0.019550267634185894 0.023571431094636826
0 0.12777111047307538 0.4028637756779976 0.01940476442797028 0.01940476442797028
0 0.8400032482838015 0.46528119974242177 0.03292328687147972 0.0490079407132838
0 0.06334323714686486 0.3940310937676704 0.12668647429372973 0.2880621875353409
0 0.6965078788946788 0.45296967246131636 0.015383600967519347 0.02342592788842133
0 0.604877588029566 0.44872693525790613 0.015238097761303493 0.01925926122175454
0 0.5497056304977866 0.4457573511088826 0.01976852244350932 0.029821431094636943
0 0.19202706159242358 0.41449407537433963 0.04162037822035198 0.05971561379238158
0 0.3812466369102179 0.4315311379238168 0.015383600967519229 0.02342592788842133
0 0.8864781144667085 0.47837644414568076 0.01976852244350932 0.029821431094636943
0 0.23035047344976683 0.42208998003183407 0.01976852244350932 0.029821431094636943
0 0.8146758660698163 0.4737831805051281 0.026164025649724938 0.034206352570627034
0 0.2739913460451051 0.42674276369709807 0.015601855776842654 0.029675927888421327
0 0.44553896383111996 0.4421197709534922 0.015092594555087994 0.015092594555087994
0 0.7241963692760319 0.46645181910327177 0.024735456744361766 0.05288360096751923
0 0.746967532736483 0.47141875340412426 0.01976852244350932 0.029821431094636825
0 0.5845402843395909 0.463660795028382 0.019550267634186012 0.023571431094636944
0 0.6864417386651547 0.47243395691399787 0.030330692316391607 0.03435185577684265
0 0.9306150167054049 0.4986906036124986 0.02393518911017599 0.029966934300852562
0 0.1568517939582377 0.43621034058972746 0.01940476442797028 0.01940476442797028
0 0.5351090655860568 0.47549279902201513 0.026164025649724938 0.034206352570627034
0 0.9666004646185375 0.513505423333552 0.03292328687147972 0.0490079407132838
0 0.1337532482838015 0.44061840628887494 0.036944450331930646 0.044986777252832746
0 0.31876978113337523 0.45855163229880314 0.04147487501413636 0.05554894712571491
0 0.2468220295302674 0.4581250353249171 0.026309528855940557 0.03837301923729371
0 0.7635482162216453 0.5043288086972073 0.028756620204813052 0.04886243750706818
0 0.9158001969843517 0.5346760515256312 0.03062169872882284 0.042685189110175985
0 0.8005257234214941 0.5504663800213685 0.04147487501413636 0.05554894712571491
0 0.4634258572385871 0.5272222869845703 0.12815478209042888 0.15429234458336072
0 0.6340277041842005 0.5696826275742978 0.13922621318506573 0.17340610259889974
0 0.9602975383049513 0.6342660050637775 0.02827382213985127 0.0946230192372937
0 0.18958656395467627 0.5739782027790014 0.07158731252120454 0.08365080290255757