0 0.3489583333333333 0.23541666666666666 0.07083333333333333 0.084375
0 0.44479166666666664 0.234375 0.06041666666666667 0.07916666666666666
0 0.16666666666666666 0.24166666666666667 0.07083333333333333 0.07083333333333333
0 0.058333333333333334 0.253125 0.07916666666666666 0.06041666666666667
0 0.5302083333333333 0.25416666666666665 0.058333333333333334 0.09375
0 0.5927083333333333 0.253125 0.06666666666666667 0.09375
0 0.6770833333333334 0.27708333333333335 0.05625 0.06041666666666667
0 0.28541666666666665 0.290625 0.046875 0.065625
0 0.09583333333333334 0.29375 0.07916666666666666 0.07083333333333333
0 0.3416666666666667 0.31354166666666666 0.052083333333333336 0.07916666666666666
0 0.15416666666666667 0.3260416666666667 0.06666666666666667 0.09375
0 0.49895833333333334 0.321875 0.06041666666666667 0.07083333333333333
0 0.425 0.328125 0.046875 0.05625
0 0.6458333333333334 0.32395833333333335 0.05625 0.08958333333333333
0 0.25625 0.33541666666666664 0.06041666666666667 0.08958333333333333
0 0.571875 0.3458333333333333 0.041666666666666664 0.07083333333333333
0 0.76875 0.3416666666666667 0.0375 0.052083333333333336
0 0.696875 0.35104166666666664 0.052083333333333336 0.07916666666666666
0 0.09479166666666666 0.38645833333333335 0.09791666666666667 0.103125
0 0.38958333333333334 0.3927083333333333 0.07708333333333334 0.09791666666666667
0 0.646875 0.3958333333333333 0.05625 0.07083333333333333
0 0.7364583333333333 0.39479166666666665 0.065625 0.07916666666666666
0 0.5395833333333333 0.4 0.06666666666666667 0.103125
0 0.7895833333333333 0.3958333333333333 0.052083333333333336 0.065625
0 0.9145833333333333 0.39375 0.065625 0.084375
0 0.020833333333333332 0.41041666666666665 0.040625 0.05625
0 0.22916666666666666 0.41875 0.075 0.08958333333333333
0 0.4791666666666667 0.4166666666666667 0.052083333333333336 0.084375
0 0.2947916666666667 0.4270833333333333 0.071875 0.1125
0 0.5854166666666667 0.45208333333333334 0.06041666666666667 0.08958333333333333
0 0.978125 0.4479166666666667 0.03333333333333333 0.07083333333333333
0 0.6635416666666667 0.4583333333333333 0.07083333333333333 0.08958333333333333
0 0.4583333333333333 0.46458333333333335 0.07083333333333333 0.084375
0 0.7604166666666666 0.4666666666666667 0.06041666666666667 0.084375
0 0.8229166666666666 0.4708333333333333 0.06041666666666667 0.07916666666666666
0 0.90625 0.471875 0.065625 0.084375
0 0.13229166666666667 0.4875 0.08125 0.09791666666666667
0 0.03958333333333333 0.4895833333333333 0.078125 0.09791666666666667
0 0.40520833333333334 0.49166666666666664 0.052083333333333336 0.075
0 0.21979166666666666 0.5 0.07083333333333333 0.065625
0 0.3104166666666667 0.5052083333333334 0.07083333333333333 0.08958333333333333
0 0.9697916666666667 0.5375 0.06041666666666667 0.084375
0 0.90625 0.553125 0.06041666666666667 0.08958333333333333
0 0.8447916666666667 0.565625 0.07708333333333334 0.09791666666666667
0 0.2635416666666667 0.5802083333333333 0.090625 0.13125
0 0.6125 0.5791666666666667 0.06666666666666667 0.10833333333333334
0 0.7604166666666666 0.5770833333333333 0.05625 0.08958333333333333
0 0.7010416666666667 0.5802083333333333 0.07708333333333334 0.13125
0 0.46041666666666664 0.5916666666666667 0.07708333333333334 0.10833333333333334
0 0.3697916666666667 0.596875 0.08541666666666667 0.11666666666666667
0 0.5541666666666667 0.5958333333333333 0.0625 0.103125
0 0.08020833333333334 0.6041666666666666 0.09583333333333334 0.1125
0 0.18958333333333333 0.6072916666666667 0.07708333333333334 0.1125