0 0.3377251731244911 0.3619627077944617 0.036386469098148196 0.042284866882874424
0 0.04850464475578732 0.33783255465395784 0.03648344934129633 0.04645153354954109
0 0.8111518570148615 0.4203927656981257 0.02810162588638884 0.04422274134180597
0 0.2784471533676392 0.3671657689412413 0.03221980243148152 0.04221213744567341
0 0.4456957014931948 0.38925659145320507 0.04297589994916677 0.05697729437200915
0 0.590899534193241 0.4044375768438069 0.038809233282500105 0.05690456493480814
0 0.9106193366247226 0.44054044156460415 0.032316782674629486 0.04637880411234008
0 0.8521647779874542 0.43635032035208354 0.04515621352564807 0.0611803257572762
0 0.6610548767717134 0.41884435877069165 0.038809233282500105 0.05690456493480814
0 0.5409722693756023 0.40843533009021776 0.049371370313888954 0.06333638852781043
0 0.733342042805093 0.43529810931230933 0.036483449341296395 0.04645153354954109
0 0.29155327988731516 0.39298924729630524 0.04287891970601857 0.05281062770534237
0 0.07638806509509291 0.37173481331215197 0.03658042958444448 0.050618200216207755
0 0.7011231113207874 0.4389867624506164 0.049274390070740755 0.05916972186114376
0 0.3744268280128707 0.41655284091158734 0.032413762917777804 0.05054547077900674
0 0.22931997555597258 0.40553852218765213 0.0475789777100001 0.07580002380920993
0 0.8416520020248153 0.477175326304386 0.04515621352564807 0.0611803257572762
0 0.9784202954653244 0.49239267641358825 0.043159409069351305 0.07386214935027838
0 0.39574506256194486 0.43702252705891614 0.03464256661583344 0.05683183549760725
0 0.7373641100542133 0.47378522890107533 0.0347395468589814 0.060998502164274035
0 0.5202852773541671 0.45985882630218916 0.038809233282500105 0.05690456493480814
0 0.6383330415385189 0.4723875530345969 0.04515621352564807 0.0611803257572762
0 0.7606929427542596 0.4910935503298037 0.04525319376879651 0.06534699242394287
0 0.14024578849916702 0.4289772050874717 0.05765621352564819 0.061398514068878994
0 0.7096755211483801 0.49302615260218147 0.05407142831787037 0.08632578463167799
0 0.4204792378404633 0.46993766612834426 0.04525319376879627 0.06534699242394287
0 0.4622428847502782 0.4733770384230019 0.04297589994916677 0.05697729437200915
0 0.5792489822679634 0.4859239475147098 0.04525319376879651 0.06534699242394287
0 0.2671845224149541 0.4653188062788109 0.05344105673740742 0.05924245129834465
0 0.800252901973982 0.5341708030356952 0.06414866413351869 0.07192427489134683
0 0.6321081575464819 0.5183481628830318 0.04341231104333332 0.07572729437200915
0 0.0661913458698615 0.470911334957088 0.05164866413351858 0.07170608657974427
0 0.9541779889799542 0.565872996218562 0.04946835055703692 0.06750305519447722
0 0.5564301667916208 0.5353004751119482 0.05189111474138907 0.08212275324641069
0 0.883465880950556 0.5723177299843107 0.07301538880416653 0.0949864004324155
0 0.5001316766700467 0.5341989891808273 0.03900319376879627 0.06523789826814147
0 0.6686400970093522 0.5656466293334909 0.06235627152962972 0.08438791017274667
0 0.4674287149171764 0.5618641580117678 0.04767595795314818 0.0799666904758766
0 0.163406647668056 0.5286135579014671 0.06235627152962972 0.08438791017274644
0 0.8251091735036117 0.6171041244644236 0.06264721225907408 0.09688791017274667
0 0.3979764791015282 0.5776657094182164 0.054168408561018566 0.09049245129834466
0 0.2830294698563894 0.5640407689412413 0.05164866413351857 0.07170608657974427
0 0.9261274660566673 0.659108617971602 0.07175638753759278 0.13036670238048156
0 0.9649358283919914 0.6698942040108269 0.05848054559240742 0.09681518073554543
0 0.053112077252500486 0.5805590703465915 0.05833507522768526 0.09056518073554543
0 0.7221547598762968 0.6710056937277796 0.06264721225907408 0.09688791017274667
0 0.5479297308743062 0.6625838143975842 0.054265388804166766 0.09465911796501132
0 0.1277761301901858 0.7439060032475093 0.06240476165120376 0.08647124350607976
0 0.17089924239842666 0.8952984069274341 0.0626472122590742 0.09688791017274667
0 0.33035554559240754 0.09010589015376193 0.019331881458888964 0.02532728246740407
0 0.4495419566865742 0.10678310119353611 0.019331881458888964 0.02532728246740407
0 0.4140283097767593 0.10323463474307713 0.017151567882407428 0.021124251082136957
0 0.478805603596389 0.11044066179979642 0.017151567882407428 0.021124251082136957
0 0.49692610296310197 0.1278398950250259 0.017151567882407428 0.021124251082136957
0 0.3957632109925001 0.12439525054381456 0.01705458763925923 0.01695758441547029
0 0.7875762189710649 0.16861853247289624 0.019331881458888724 0.02532728246740407
0 0.31880110296310193 0.13094907846536466 0.025824332066759343 0.03585304328987207
0 0.9048490121574077 0.1926237748979375 0.021560685156944478 0.031613647186004575
0 0.8297762769750465 0.19080790476755383 0.019331881458888724 0.02532728246740407
0 0.6501731992142131 0.17518527056719282 0.021657665400092677 0.035780313852671185
0 0.6220239541534262 0.17463452760163226 0.025824332066759343 0.035853043289872134
0 0.7558421887025002 0.1931405189445366 0.015165214792222296 0.02525455303020318
0 0.6723391399436576 0.18730344102188803 0.021657665400092677 0.03578031385267124
0 0.731956590551528 0.1966837132084418 0.019331881458888964 0.02532728246740407
0 0.5626974442750002 0.1777542554150785 0.025727351823611144 0.03168637662320547
0 0.6076830714279632 0.1853057472985021 0.025727351823611144 0.03168637662320547
0 0.7059876590672224 0.20026327219094747 0.021560685156944478 0.03161364718600452
0 0.7885460214025465 0.21028519913956287 0.025727351823611144 0.03168637662320547
0 0.6412831004299538 0.1961822451342282 0.021657665400092677 0.035780313852671185
0 0.45746486588087976 0.17854900703773474 0.021560685156944478 0.03161364718600452
0 0.8272574034947223 0.21690411851212116 0.017151567882407428 0.021124251082136957
0 0.3415731702122224 0.16910891558672655 0.019331881458888964 0.02532728246740407
0 0.4262391109416669 0.18013614448340823 0.019331881458888964 0.02532728246740407
0 0.3751731992142131 0.17998541342245264 0.021560685156944478 0.03161364718600452
0 0.9277665497712503 0.2370336120192994 0.025824332066759343 0.035853043289872134
0 0.3062534837887038 0.1738937824696009 0.019331881458888964 0.02532728246740407
0 0.6333619331300002 0.21403603734196333 0.021560685156944478 0.03161364718600452
0 0.0703276708455094 0.15612799567145216 0.030039488855000022 0.038009106060406354
0 0.4130611201868058 0.19599751515431116 0.019331881458888964 0.02532728246740407
0 0.6919619621319909 0.22447615855448397 0.025727351823611144 0.03168637662320547
0 0.6544134720104169 0.22304739015595879 0.021560685156944478 0.031613647186004575
0 0.5321990411593983 0.21059139286075196 0.019331881458888964 0.02532728246740407
0 0.4496891689456483 0.2026527992454699 0.025727351823611144 0.03168637662320547
0 0.34738763006523166 0.19505967045689207 0.021560685156944478 0.031613647186004575
0 0.3870679436417131 0.19853540747015017 0.021657665400092677 0.03578031385267124
0 0.635736207192778 0.22649967262336287 0.019331881458888964 0.02532728246740407
0 0.8154847553183335 0.24837230682372388 0.025727351823611144 0.03168637662320547
0 0.6723642559516205 0.23315495671452163 0.021657665400092677 0.03578031385267124
0 0.7821271769242131 0.24791247565466448 0.02800464564324064 0.04005607467513925
0 0.7267491281653705 0.2415844740309098 0.025824332066759343 0.035853043289872134
0 0.8876991861693521 0.26170105736534155 0.021657665400092677 0.03578031385267124
0 0.15756184612402796 0.18795219318286668 0.034206155521666656 0.03808183549760725
0 0.5274998541025927 0.2325573046572531 0.021657665400092677 0.03578031385267124
0 0.5713710794065281 0.2370019788999769 0.025581881458888726 0.025436376623205467
0 0.9902764949337038 0.2817396390760187 0.019447010132592386 0.03168637662320547
0 0.6800680886516669 0.2507360135327534 0.02800464564324064 0.040056074675139185
0 0.37604602140254645 0.21748541342245264 0.028004645643240757 0.04005607467513925
0 0.47747560904180575 0.2323883912369973 0.028004645643240757 0.040056074675139185
0 0.8243272349281947 0.27010184794932207 0.025727351823611144 0.03168637662320547
0 0.5464680596496762 0.24160502218984903 0.02810162588638884 0.04422274134180591
0 0.44622560904180575 0.2329338620160041 0.019331881458888964 0.02532728246740407
0 0.42539227570847243 0.23329750920200867 0.019331881458888964 0.02532728246740407
0 0.8025007250497687 0.27256701082796014 0.025824332066759343 0.035853043289872016
0 0.5048013929830095 0.24233231656185814 0.025824332066759343 0.035853043289872134
0 0.7880628620811577 0.2790715638581633 0.025581881458888962 0.02543637662320535
0 0.942665939841991 0.2951305746817298 0.021560685156944478 0.031613647186004575
0 0.738934813322315 0.2726344680786073 0.03231678267462972 0.046378804112340195
0 0.7504416367772225 0.27451779545963817 0.02175464564324064 0.039946980519337906
0 0.7222923917164353 0.2739670524940776 0.025727351823611144 0.03168637662320547
0 0.3274271189202317 0.23292331764289662 0.015262195035370378 0.029421219696869845
0 0.5656544707438428 0.260027739722445 0.02800464564324064 0.040056074675139185
0 0.47059610840851873 0.25022400108543225 0.017151567882407428 0.021124251082136957
0 0.3912597263163428 0.2443141937255828 0.02810162588638896 0.04422274134180585
0 0.6628446565340743 0.2718784469741905 0.034206155521666656 0.03808183549760725
0 0.8174962244164817 0.29002079113109036 0.030039488854999994 0.038009106060406354
0 0.8385962534184725 0.30111547727841914 0.025727351823611144 0.03168637662320535
0 0.5293658528360188 0.2679557889646195 0.02810162588638884 0.04422274134180597
0 0.8793909688439818 0.307698031932377 0.02800464564324064 0.0400560746751393
0 0.6140560386262502 0.2800246845279678 0.021657665400092677 0.03578031385267124
0 0.6924719793556947 0.2911610075804508 0.025581881458888962 0.02543637662320535
0 0.7938530768733798 0.30398065206166225 0.019331881458888724 0.02532728246740407
0 0.9704281348773615 0.3238245000065906 0.02175464564324064 0.039946980519337906
0 0.47001509789680573 0.27003385011139913 0.02994250861185179 0.03384243939373969
0 0.42406053925953724 0.2656255405872758 0.03231678267462972 0.04637880411234014
0 0.37604689234972244 0.26229526244841955 0.02824709625111114 0.05047274134180591
0 0.8493765959969448 0.31655865368541686 0.025727351823611144 0.03168637662320547
0 0.5485765089909724 0.28742017316388213 0.02810162588638908 0.04422274134180597
0 0.8244250861185188 0.3190783636419557 0.025824332066759343 0.035853043289872016
0 0.7711546157537966 0.3137556639662672 0.02824709625111126 0.050472741341805974
0 0.5936106262655094 0.29705499838063903 0.025824332066759343 0.035853043289872134
0 0.9478508990617133 0.33880784524452884 0.021560685156944478 0.031613647186004575
0 0.4474863522027317 0.2871005286826708 0.032413762917777804 0.05054547077900686
0 0.573891694781204 0.3005254632073433 0.03221980243148152 0.04221213744567341
0 0.6408493021773152 0.31186179221212884 0.02810162588638908 0.04422274134180597
0 0.3462992151713428 0.28261421753479277 0.03221980243148152 0.04221213744567341
0 0.7004425077243984 0.3202003977320159 0.02994250861185179 0.03384243939373969
0 0.8028167817871762 0.3309185265205938 0.036483449341296395 0.04645153354954109
0 0.6754425077243984 0.32063677435522137 0.025727351823611144 0.03168637662320547
0 0.7485288898165744 0.32665567587087213 0.038809233282500105 0.05690456493480814
0 0.5072977632968985 0.3048141342025579 0.03231678267462972 0.04637880411234008
0 0.46974927317532433 0.30338536580403275 0.032413762917777804 0.05054547077900674
0 0.32042726393018545 0.2903604431839651 0.032413762917777804 0.05054547077900686
0 0.1367787448066206 0.28001887175413837 0.03648344934129633 0.04645153354954109
0 0.6112713404244448 0.33947241396516875 0.03890621352564807 0.061071231601474804
0 0.6844062126381947 0.34757464881415295 0.025581881458888726 0.02543637662320535
0 0.5371675367263892 0.3345133614754848 0.03464256661583344 0.05683183549760725
0 0.7785441336107872 0.3626049031437992 0.04297589994916677 0.05697729437200903
0 0.4369978213008799 0.32896720130164 0.044865272796203705 0.048680325757276204
0 0.15814546947726876 0.30257189123480044 0.025727351823611144 0.03168637662320547
0 0.1790272929321762 0.30429157738212925 0.02824709625111114 0.050472741341805856
0 0.8508070545833799 0.3780169870187502 0.036483449341296395 0.04645153354954109
0 0.5718819675774077 0.3484966769519107 0.03464256661583344 0.05683183549760725
0 0.3598417527851855 0.3271876958898568 0.032413762917777804 0.05054547077900674
0 0.9333896619794911 0.3890805806340323 0.04297589994916677 0.05697729437200903
0 0.8258312996441669 0.37949503030862236 0.036386469098148196 0.042284866882874424
0 0.07263182256745396 0.29989617803075236 0.032413762917777804 0.05054547077900674
0 0.2366583904498614 0.31787488095395017 0.030427409827592615 0.054675772727073024
0 0.3003940176028243 0.3250990903699697 0.03231678267462972 0.04637880411234008
0 0.5093819675774077 0.3495876185099243 0.03231678267462972 0.04637880411234008
0 0.7172555157029632 0.3709693290091792 0.038809233282500105 0.05690456493480814
0 0.040412891083148404 0.30358483116905943 0.021560685156944478 0.031613647186004575
0 0.25986599784597253 0.3299748690493452 0.037016840678611135 0.06936820021620775
0 0.680845672491204 0.37368904491802046 0.04287891970601857 0.05281062770534237
0 0.3958645459715281 0.3526111623403157 0.021560685156944478 0.031613647186004575
0 0.20686222314990768 0.33611050270699006 0.04539866413351857 0.07159699242394287
0 0.08777279229888917 0.3235999583338825 0.03658042958444448 0.050618200216207755
0 0.11817508611851878 0.3314060032475093 0.034642566615833384 0.05683183549760725
0 0.7961563576481486 0.40293898539499556 0.02810162588638908 0.04422274134180597
0 0.1548031348773614 0.338061287338668 0.032413762917777804 0.05054547077900674
0 0.7418927107383337 0.39971780141194074 0.04704558637268524 0.052883357142543254