0 0.9598776675106296 0.20242097900937506 0.017685189110175987 0.02984578129274015
0 0.8708763470021588 0.2154374045608966 0.021851855776842656 0.03001555994925855
0 0.7982870625494771 0.22184127807182502 0.015092594555088112 0.015177558631147647
0 0.49502979092165816 0.23548910281265018 0.02623677725283263 0.036435338605776954
0 0.8170370625494772 0.22260528202615773 0.021706352570627037 0.025848893282591885
0 0.7723908990890261 0.22494682813525185 0.017321431094636828 0.019429114626073486
0 0.7267394447634623 0.228287596246883 0.026018522443509322 0.030185338605776952
0 0.4401488398023099 0.24261453561378163 0.02207011058616608 0.03626555994925855
0 0.6396032027790014 0.23513891112666377 0.022070110586165963 0.03626555994925855
0 0.8348181474859184 0.22541017464969418 0.011071431094636826 0.019174446641295972
0 0.7818750264936879 0.22845383011241818 0.01746693430085268 0.02359578129274015
0 0.8951256867479233 0.2247469651692106 0.021706352570627037 0.025848893282591885
0 0.6168320393185504 0.23837179518247933 0.02623677725283263 0.036435338605776954
0 0.26063164669850075 0.2550632753860285 0.02207011058616608 0.03626555994925855
0 0.9159953958828104 0.2266375251184692 0.010780424682205591 0.01084111330796264
0 0.4539451370798539 0.250457982914133 0.03277778366526398 0.04502333992388786
0 0.6794047909216582 0.24300180836358837 0.02156084936441142 0.02168222661592522
0 0.7645668269774474 0.2391906041555484 0.02156084936441142 0.02168222661592522
0 0.5476223854767461 0.2521946693524632 0.021851855776842656 0.03001555994925861
0 0.3680324407698291 0.2625600757913767 0.036798947125715034 0.04102645191373959
0 0.800019869445668 0.2416753894026213 0.025873019237293703 0.026018671939110286
0 0.22385916272957881 0.2743686008106964 0.02156084936441142 0.02168222661592528
0 0.10137900568155901 0.28186013044340436 0.035006620204812905 0.049274895918813635
0 0.07849871481644624 0.2819680144992199 0.026382280459048335 0.04060200527244362
0 0.059857842221107946 0.28432901054488724 0.02185185577684264 0.03001555994925861
0 0.5229497676907312 0.2605509974133529 0.017321431094636946 0.019429114626073545
0 0.15242067234822568 0.2839399189857544 0.01746693430085256 0.02359578129274027
0 0.13589950888777463 0.2874274710263476 0.021706352570627037 0.025848893282591944
0 0.42784395038847595 0.2774794216467636 0.03248677725283275 0.036690006590554464
0 0.2337434239513335 0.28933393612119607 0.021706352570627037 0.025848893282591944
0 0.3843122051977994 0.2819467457533206 0.03277778366526398 0.0450233399238878
0 0.028184564180857654 0.30072155929020306 0.021706352570627023 0.025848893282591944
0 0.5786309864442654 0.2763422312788881 0.021706352570627037 0.025848893282591944
0 0.2165807276413087 0.304237376830993 0.03277778366526398 0.0450233399238878
0 0.3266700120939902 0.29936151122873 0.015092594555087994 0.015177558631147647
0 0.7909491074364958 0.279792609427992 0.030039685903960372 0.02618845059562863
0 0.6756878654520349 0.2854979183762737 0.021706352570627037 0.025848893282591944
0 0.0504960737995045 0.3141128972369246 0.03277778366526395 0.0450233399238878
0 0.2763194856568478 0.3170733893530465 0.026018522443509322 0.030185338605776952
0 0.022166050568577622 0.3368827799746293 0.022361116998597292 0.04459889328259194
0 0.29949078293439174 0.3252988386305643 0.021706352570627037 0.025848893282591944
0 0.1546395962430138 0.34748158565242104 0.03263228045904836 0.04085667325722113
0 0.2148876154803075 0.374900931507808 0.03263228045904836 0.04085667325722113
0 0.9027976619421613 0.3550826324949327 0.030039685903960372 0.02618845059562863
0 0.6885913182027636 0.3869215870201067 0.032632280459048486 0.04085667325722113
0 0.2576091803920374 0.40680705140632506 0.026236777252832747 0.036435338605776954
0 0.6016005794245182 0.39793956856655416 0.03679894712571515 0.04102645191373947
0 0.9842295188718576 0.3792266496303744 0.03154096225628488 0.04085667325722113
0 0.8918254456074253 0.3983232965253776 0.03939154168080303 0.055694674575332094
0 0.4121396050742431 0.4235055283641717 0.03500662020481293 0.049274895918813635
0 0.49953047766958136 0.4239458801510576 0.04772487501413636 0.056034231888368896
0 0.7893552100353955 0.4128712747765478 0.03939154168080303 0.055694674575331976
0 0.72423947125715 0.4247805942697166 0.03500662020481305 0.049274895918813635
0 0.02645839515193828 0.45979944664129596 0.02250662020481291 0.04876555994925861
0 0.11403114675504608 0.46544813176151517 0.04787037822035198 0.060200898555035444
0 0.197146225279056 0.46259370489188273 0.03263228045904836 0.04085667325722113
0 0.06759265637369292 0.4760381218756835 0.04787037822035194 0.06020089855503556
0 0.24107810428682555 0.469584714118659 0.036507940713283796 0.03269311858040614
0 0.3273909344139432 0.4689409545747487 0.043849214759900924 0.06419778656518377
0 0.9835036623075974 0.4418115389586336 0.032992675384805166 0.07044778656518377
0 0.2985516499612617 0.47712750397912 0.03566138463278321 0.06802489591881364
0 0.41094252255659997 0.4785865277051162 0.04370371155368531 0.0600311198985171
0 0.4983333951519383 0.4790268794920022 0.043412705141254074 0.05169778656518377
0 0.6438757220728404 0.47663579913681203 0.04757937180792074 0.05186756522170211
0 0.18911712993655042 0.5007533695813831 0.03924603847458741 0.05152800790866543
0 0.2557474208016632 0.5024281614190104 0.04772487501413636 0.056034231888368896
0 0.3492791659923398 0.4999981811906739 0.04801588142656759 0.06436756522170212
0 0.555056280572139 0.49486055802166695 0.04355820834746969 0.055864453231850436
0 0.8240840554061737 0.4839787260312319 0.04772487501413636 0.05603423188836878
0 0.6976918623023646 0.49859214367408805 0.043412705141254074 0.05169778656518377
0 0.7426654079768008 0.5056255975649939 0.03953704488701864 0.05986134124199876
0 0.6263624993256731 0.511288461849146 0.05850529969634219 0.06687534519633141
0 0.7712632933970016 0.5203132701631595 0.0544841362358909 0.07087223320647974
0 0.4320205738560498 0.5460171983261156 0.05562169872882284 0.04387378920140558
0 0.15599213876777973 0.5649352510009769 0.06720239104521439 0.07763156917603477
0 0.697536446451388 0.5537155876791622 0.05218254809323402 0.06453734387822058
0 0.3418089392515393 0.5839487345493779 0.054775142648322256 0.07920556653981307
0 0.30754306665620107 0.5856730606331013 0.03953704488701864 0.059861341241998885
0 0.26936515800507344 0.5945192747269731 0.051964293283910834 0.05828734387822057
0 0.7432375081569024 0.5815823749034014 0.05901456091809673 0.08145867852966475
0 0.9488691195304859 0.5722780850677277 0.0777645609180965 0.08222268248399753
0 0.44960986713996065 0.6029038682880595 0.0669841362358909 0.07138156917603476
0 0.07182548093234234 0.6270373438782205 0.058650802902557655 0.07104201186299809
0 0.6044312982345976 0.6279356785792395 0.06957673079097901 0.08604979183762727
0 0.7913029969634204 0.677157495460974 0.07648149521894917 0.10505445982240502