0 0.49799683879428236 0.368990326052068 0.056613614363184676 0.06282725292686624
0 0.3752862202667536 0.4051221009663312 0.056613614363184676 0.06282725292686624
0 0.8332559392369023 0.33995559563631006 0.058745429611609265 0.07117270673897239
0 0.14840893507255834 0.4418598998192357 0.05876967056915502 0.07533937340563905
0 0.6293195616669193 0.38072673588938005 0.06712724486003387 0.07955452198739697
0 0.23903393507255835 0.44133265899261787 0.05035149388441186 0.06070755815721445
0 0.5535384852938684 0.4259608000312548 0.06302118058723138 0.08994694769651801
0 0.8221430395485944 0.39939725826956063 0.07134239344179179 0.08791209627827594
0 0.3392702844086284 0.48137587601152226 0.06712724486003398 0.07955452198739697
0 0.4225672563056433 0.47464105686060937 0.07131815248424628 0.08374542961160927
0 0.658855902936157 0.4440987158532272 0.0671393653388068 0.0816378553207303
0 0.18018617589917618 0.5323030926376433 0.07552118058723138 0.09001967056915501
0 0.7130952924754607 0.4562835834051338 0.07134239344179179 0.08791209627827594
0 0.5403361920328408 0.48437291647661146 0.08604693156285351 0.10883027296301909
0 0.8245596860481804 0.4566768044574544 0.07559390345986827 0.10251967056915502
0 0.3031452642415477 0.5388796510567134 0.08180754202354995 0.09630603200547345
0 0.7684793727510001 0.4861707240509873 0.07348632916898955 0.09834088342371541
0 0.24498767785042036 0.5694273577956858 0.08591360629635242 0.08591360629635242
0 0.08580660551078552 0.6036879077551401 0.09233329299917198 0.11511663439933766
0 0.6126051075929575 0.5516630932922824 0.08188026489618684 0.10880603200547347
0 0.4585778264321783 0.5765183420548047 0.07772571870829298 0.11086512438126116
0 0.9290657261204861 0.5144041138521466 0.10916964636865838 0.14438026489618683