0 0.47708333333333336 0.075 0.04791666666666667 0.03333333333333333
0 0.5770833333333333 0.00625 0.06041666666666667 0.0125
0 0.7864583333333334 0.057291666666666664 0.053125 0.040625
0 0.8489583333333334 0.05416666666666667 0.06666666666666667 0.029166666666666667
0 0.31875 0.1 0.053125 0.028125
0 0.14479166666666668 0.8979166666666667 0.22291666666666668 0.13958333333333334
0 0.7114583333333333 0.8510416666666667 0.3645833333333333 0.14166666666666666
0 0.3572916666666667 0.9052083333333333 0.18333333333333332 0.103125
0 0.21770833333333334 0.11458333333333333 0.058333333333333334 0.0375
0 0.14791666666666667 0.11979166666666667 0.08541666666666667 0.04375
0 0.7395833333333334 0.06770833333333333 0.04375 0.03125
0 0.9364583333333333 0.053125 0.03958333333333333 0.03125
0 0.21458333333333332 0.03229166666666667 0.029166666666666667 0.021875
0 0.040625 0.13333333333333333 0.053125 0.028125
0 0.0125 0.14479166666666668 0.025 0.05416666666666667
0 0.5020833333333333 0.10416666666666667 0.07083333333333333 0.020833333333333332
0 0.6427083333333333 0.09479166666666666 0.0625 0.041666666666666664
0 0.4322916666666667 0.115625 0.06875 0.046875
0 0.33541666666666664 0.12916666666666668 0.071875 0.029166666666666667
0 0.8458333333333333 0.090625 0.028125 0.04791666666666667
0 0.884375 0.08958333333333333 0.08125 0.04375
0 0.121875 0.15729166666666666 0.041666666666666664 0.021875
0 0.25729166666666664 0.146875 0.07291666666666667 0.052083333333333336
0 0.05520833333333333 0.16979166666666667 0.090625 0.03958333333333333
0 0.6229166666666667 0.008333333333333333 0.058333333333333334 0.015625
0 0.503125 0.1375 0.06041666666666667 0.022916666666666665
0 0.7645833333333333 0.11979166666666667 0.090625 0.03958333333333333
0 0.715625 0.12291666666666666 0.03333333333333333 0.0625
0 0.9458333333333333 0.103125 0.034375 0.03958333333333333
0 0.18333333333333332 0.17083333333333334 0.071875 0.0375
0 0.5833333333333334 0.14791666666666667 0.0875 0.0625
0 0.041666666666666664 0.203125 0.06041666666666667 0.022916666666666665
0 0.3302083333333333 0.184375 0.078125 0.0625
0 0.14791666666666667 0.20104166666666667 0.06666666666666667 0.041666666666666664
0 0.8895833333333333 0.13854166666666667 0.0875 0.04791666666666667
0 0.3541666666666667 0.027083333333333334 0.03958333333333333 0.027083333333333334
0 0.7697916666666667 0.153125 0.0875 0.04791666666666667
0 0.50625 0.17916666666666667 0.058333333333333334 0.028125
0 0.4708333333333333 0.184375 0.04583333333333333 0.05
0 0.2520833333333333 0.20520833333333333 0.08125 0.03958333333333333
0 0.058333333333333334 0.23229166666666667 0.08958333333333333 0.027083333333333334
0 0.40208333333333335 0.22604166666666667 0.07291666666666667 0.05625
0 0.35520833333333335 0.23125 0.071875 0.0375
0 0.509375 0.020833333333333332 0.04791666666666667 0.035416666666666666
0 0.878125 0.196875 0.0875 0.0625
0 0.24791666666666667 0.25416666666666665 0.08333333333333333 0.0625
0 0.5583333333333333 0.22916666666666666 0.09375 0.07708333333333334
0 0.728125 0.21458333333333332 0.065625 0.065625
0 0.27395833333333336 0.041666666666666664 0.03333333333333333 0.021875
0 0.175 0.265625 0.06041666666666667 0.06875
0 0.48020833333333335 0.25104166666666666 0.078125 0.058333333333333334
0 0.7104166666666667 0.013541666666666667 0.06666666666666667 0.027083333333333334
0 0.06875 0.2916666666666667 0.10833333333333334 0.08333333333333333
0 0.00625 0.07083333333333333 0.0125 0.027083333333333334
0 0.053125 0.065625 0.03333333333333333 0.0125
0 0.3416666666666667 0.2864583333333333 0.1125 0.078125
0 0.8260416666666667 0.24583333333333332 0.1125 0.078125
0 0.9427083333333334 0.253125 0.08125 0.07916666666666666
0 0.4270833333333333 0.035416666666666666 0.06666666666666667 0.0375
0 0.8791666666666667 0.004166666666666667 0.03958333333333333 0.008333333333333333
0 0.259375 0.3260416666666667 0.125 0.065625
0 0.459375 0.30833333333333335 0.09375 0.06666666666666667
0 0.5979166666666667 0.29791666666666666 0.10208333333333333 0.06875
0 0.11354166666666667 0.06458333333333334 0.04791666666666667 0.03333333333333333
0 0.042708333333333334 0.37604166666666666 0.08541666666666667 0.04791666666666667
0 0.753125 0.31354166666666666 0.10833333333333334 0.0875
0 0.03125 0.415625 0.0625 0.0375
0 0.66875 0.359375 0.08125 0.04375
0 0.215625 0.41770833333333335 0.10833333333333334 0.078125
0 0.5364583333333334 0.39166666666666666 0.11666666666666667 0.07916666666666666
0 0.7791666666666667 0.015625 0.053125 0.03125
0 0.934375 0.3645833333333333 0.10625 0.07291666666666667
0 0.3697916666666667 0.051041666666666666 0.046875 0.022916666666666665
0 0.3458333333333333 0.434375 0.11666666666666667 0.07916666666666666
0 0.8427083333333333 0.010416666666666666 0.041666666666666664 0.020833333333333332
0 0.04479166666666667 0.48125 0.08958333333333333 0.08125
0 0.8395833333333333 0.421875 0.09791666666666667 0.07291666666666667
0 0.17083333333333334 0.07291666666666667 0.04791666666666667 0.028125
0 0.22083333333333333 0.06875 0.053125 0.035416666666666666
0 0.6958333333333333 0.45416666666666666 0.121875 0.084375
0 0.47708333333333336 0.051041666666666666 0.041666666666666664 0.021875
0 0.45625 0.5270833333333333 0.153125 0.13333333333333333
0 0.042708333333333334 0.590625 0.084375 0.12708333333333333
0 0.42291666666666666 0.06041666666666667 0.053125 0.028125
0 0.026041666666666668 0.09791666666666667 0.04791666666666667 0.028125
0 0.2916666666666667 0.022916666666666665 0.07083333333333333 0.020833333333333332
0 0.915625 0.019791666666666666 0.053125 0.028125
0 0.6322916666666667 0.04479166666666667 0.058333333333333334 0.041666666666666664
0 0.7135416666666666 0.5677083333333334 0.16458333333333333 0.09166666666666666
0 0.071875 0.09583333333333334 0.0625 0.0375
0 0.9322916666666666 0.5802083333333333 0.1125 0.09166666666666666
0 0.8354166666666667 0.03125 0.041666666666666664 0.016666666666666666
0 0.3770833333333333 0.07708333333333334 0.04375 0.027083333333333334
0 0.6729166666666667 0.696875 0.17083333333333334 0.115625