0 0.11770833333333333 0.29375 0.034375 0.0625
0 0.48020833333333335 0.26666666666666666 0.046875 0.059375
0 0.434375 0.03333333333333333 0.041666666666666664 0.059375
0 0.36666666666666664 0.29270833333333335 0.046875 0.096875
0 0.6041666666666666 0.271875 0.05416666666666667 0.0875
0 0.728125 0.278125 0.05416666666666667 0.08333333333333333
0 0.2947916666666667 0.3375 0.058333333333333334 0.12083333333333333
0 0.41875 0.325 0.065625 0.11041666666666666
0 0.09583333333333334 0.36770833333333336 0.046875 0.1
0 0.04791666666666667 0.38333333333333336 0.07083333333333333 0.103125
0 0.9416666666666667 0.29583333333333334 0.058333333333333334 0.12083333333333333
0 0.20416666666666666 0.38645833333333335 0.035416666666666666 0.08125
0 0.16666666666666666 0.3927083333333333 0.0625 0.12083333333333333
0 0.6552083333333333 0.3625 0.05625 0.096875
0 0.115625 0.07708333333333334 0.03958333333333333 0.03125
0 0.7645833333333333 0.4041666666666667 0.05625 0.096875
0 0.6072916666666667 0.4375 0.07708333333333334 0.11666666666666667
0 0.4583333333333333 0.47604166666666664 0.06875 0.09375
0 0.9458333333333333 0.43645833333333334 0.07916666666666666 0.1125
0 0.035416666666666666 0.559375 0.07083333333333333 0.13958333333333334
0 0.8510416666666667 0.027083333333333334 0.05416666666666667 0.05416666666666667
0 0.784375 0.5229166666666667 0.06041666666666667 0.10208333333333333
0 0.2760416666666667 0.5822916666666667 0.07083333333333333 0.1125
0 0.5229166666666667 0.6489583333333333 0.07916666666666666 0.1125
0 0.8072916666666666 0.03333333333333333 0.03333333333333333 0.053125
0 0.7677083333333333 0.6604166666666667 0.08541666666666667 0.11875
0 0.029166666666666667 0.11875 0.053125 0.078125
0 0.9635416666666666 0.6677083333333333 0.07291666666666667 0.12291666666666666
0 0.24583333333333332 0.7666666666666667 0.0875 0.1375
0 0.37083333333333335 0.08958333333333333 0.04791666666666667 0.078125
0 0.40520833333333334 0.840625 0.09166666666666666 0.178125
0 0.7104166666666667 0.06145833333333333 0.04375 0.078125
0 0.678125 0.9114583333333334 0.075 0.1125
0 0.6416666666666667 0.07604166666666666 0.058333333333333334 0.07083333333333333
0 0.23333333333333334 0.13229166666666667 0.04791666666666667 0.078125
0 0.125 0.14375 0.04583333333333333 0.08333333333333333
0 0.55 0.10625 0.034375 0.0625
0 0.44166666666666665 0.12395833333333334 0.035416666666666666 0.071875
0 0.5416666666666666 0.011458333333333333 0.04375 0.022916666666666665
0 0.8958333333333334 0.09791666666666667 0.03125 0.071875
0 0.42604166666666665 0.17083333333333334 0.03958333333333333 0.071875
0 0.28541666666666665 0.18645833333333334 0.04583333333333333 0.08333333333333333
0 0.9260416666666667 0.121875 0.05416666666666667 0.0875
0 0.584375 0.17395833333333333 0.04791666666666667 0.07291666666666667
0 0.7104166666666667 0.16354166666666667 0.04583333333333333 0.08333333333333333
0 0.19791666666666666 0.22708333333333333 0.053125 0.07291666666666667
0 0.8645833333333334 0.16145833333333334 0.046875 0.1
0 0.019791666666666666 0.2552083333333333 0.03958333333333333 0.07291666666666667
0 0.375 0.21770833333333334 0.059375 0.08958333333333333
0 0.4739583333333333 0.21145833333333333 0.05416666666666667 0.08333333333333333
0 0.6958333333333333 0.21666666666666667 0.04791666666666667 0.07291666666666667