0 0.47378426126988543 0.19080938006736073 0.08834688677791173 0.1373077814080556
0 0.7721288006938646 0.13600711613717528 0.042968002412029686 0.06550464564324075
0 0.7513589175339973 0.17498519389800862 0.03803705563081886 0.050824332066759285
0 0.7160558631091934 0.19349361423731418 0.042312905170991635 0.05300464564324076
0 0.26399024724928594 0.2830856570424072 0.06522071310094546 0.09307288019231486
0 0.8725743909246028 0.16488110018004556 0.09865437057107206 0.13546689868259268
0 0.33427323684673116 0.2720862379696756 0.07881254183600876 0.11419715425509266
0 0.5903506037997588 0.22971210980430504 0.03803705563081886 0.050824332066759285
0 0.23998175184755596 0.30445238171305533 0.04296800241202974 0.06550464564324075
0 0.008095811096419304 0.36523707902740743 0.01619162219283861 0.07785917527851846
0 0.45176320443305185 0.273513212767407 0.05557718528553603 0.06787891970601857
0 0.6703405713860794 0.2320119067903698 0.08111424091635465 0.11841231104333337
0 0.0814389115039229 0.35183914083111106 0.030913592642768044 0.03401219503537049
0 0.25676203075608545 0.321748549013009 0.024336044022249047 0.027616724670648077
0 0.6256625169612756 0.2507385326767587 0.04033875471116488 0.055039488855000054
0 0.3933251175945686 0.2967216911106941 0.0336520232171394 0.046560685156944476
0 0.21970319161846727 0.33405545947388865 0.030913592642768013 0.03401219503537049
0 0.06477667420561271 0.3719944834095833 0.02006019448207604 0.02543641109416678
0 0.046304060757735035 0.38698998277629626 0.024336044022249034 0.027616724670648195
0 0.1568343396662645 0.4021040946054165 0.09624348861721982 0.12916840856101858