0 0.4290568488754552 0.12401511538031577 0.03602271111818141 0.054146119264561914
0 0.597637156429031 0.14842701697420882 0.027543927116484686 0.04116075786897871
0 0.14288941687884896 0.08233081740714346 0.04239392000848442 0.06492680697791595
0 0.5070606399851522 0.13898204513057488 0.03171059378315135 0.04140343856677031
0 0.22193487465521264 0.09735841733185047 0.04217574400593911 0.04617680697791598
0 0.6381167057606675 0.16329315377767686 0.04215150222787851 0.04409347364458268
0 0.6091568239974546 0.05424205205202114 0.025290901336727244 0.026456084186749575
0 0.7692091342032736 0.18447926242477888 0.03599846934012092 0.05206278593122858
0 0.9595795955336374 0.21745690434874448 0.03602271111818141 0.054146119264561914
0 0.45922954933163646 0.03925554693152363 0.03154090133672713 0.02682010523343698
0 0.9116629288669706 0.2146660763241411 0.03175907733927232 0.04557010523343698
0 0.7097250462020009 0.1903960624812486 0.04239392000848454 0.06492680697791595
0 0.8387341413112738 0.2114608307794548 0.03175907733927256 0.04557010523343698
0 0.5352348533312122 0.04680946966622028 0.03161362667090894 0.03307010523343698
0 0.06443715287503095 0.10590555432355099 0.03592574400593913 0.04581278593122858
0 0.5899455004243647 0.18237732575307353 0.027568168894545407 0.04324409120231205
0 0.869270468438364 0.09545126233066266 0.03369696000424227 0.03319144558233278
0 0.33491898042648566 0.15188813301333817 0.03175907733927256 0.04557010523343698
0 0.3744659510927281 0.15731859964235836 0.036095436452363336 0.06039611926456191
0 0.6533053537555769 0.2017032063943954 0.03587726044981802 0.041646119264561916
0 0.25684246398260685 0.14317120326307903 0.03599846934012092 0.05206278593122858
0 0.742803840865698 0.21421250806358139 0.03599846934012092 0.05206278593122858
0 0.791665207086789 0.225397339595966 0.03599846934012092 0.05206278593122858
0 0.05927803288775763 0.011791533276863598 0.03144393422448474 0.018486771900103647
0 0.8706985439741224 0.2414666061873397 0.03599846934012092 0.05206278593122858
0 0.2691970133142433 0.15639924535645383 0.03393937778484819 0.05402477891566614
0 0.4585985333121222 0.18306621710597154 0.031637868448969424 0.03515343856677031
0 0.14221064709315234 0.14066415074047678 0.03599846934012092 0.05206278593122858
0 0.5043470204222434 0.19302737144834575 0.03599846934012092 0.05206278593122858
0 0.1973220133142433 0.1522130033195488 0.02756816889454517 0.04324409120231205
0 0.9881644595268497 0.2691556692332856 0.019259077339272325 0.0448420631400623
0 0.181684892425213 0.15234461736949698 0.03599846934012092 0.05206278593122858
0 0.12017807553575847 0.15293174374373755 0.03609543645236327 0.06039611926456191
0 0.9245621884150317 0.2706631219252971 0.033939377784848075 0.05402477891566614
0 0.34595308264375857 0.18901383826559837 0.033939377784848075 0.05402477891566614
0 0.5967402106407891 0.22551035030754213 0.03175907733927232 0.04557010523343698
0 0.7236659724167285 0.24645377825685255 0.03592574400593899 0.04581278593122858
0 0.5342280897517587 0.22291180650733486 0.03602271111818141 0.054146119264561914
0 0.7964371884150317 0.2632006904682055 0.03171059378315135 0.041403438566770374
0 0.3957712693083042 0.2075510066390976 0.04224846934012092 0.05242680697791601
0 0.07005686664545552 0.16043624203690504 0.0422727111181815 0.054510140311249344
0 0.8858871919690318 0.27987665880405815 0.03592574400593899 0.04581278593122858
0 0.4654417270846679 0.2220325749937735 0.03175907733927244 0.04557010523343698
0 0.6579561261935164 0.24992322393330155 0.027689377784848073 0.05366075786897871
0 0.24267051108636478 0.19654915766192302 0.03599846934012092 0.05206278593122858
0 0.10421369064291017 0.18118835779368575 0.027640894228726984 0.049494091202312046
0 0.9410000177700003 0.11213750436756771 0.03175907733927256 0.04557010523343698
0 0.9554000781880015 0.3078998938254008 0.03592574400593899 0.04581278593122858
0 0.26235308975175875 0.2070768909764331 0.03163786844896948 0.03515343856677031
0 0.5744652213027893 0.25861127664413625 0.03592574400593899 0.04581278593122858
0 0.3205046097496377 0.22609942074551548 0.0358772604498179 0.041646119264561916
0 0.4422220381922438 0.24673949782258636 0.023401502227878505 0.043001410504520506
0 0.16229248530660728 0.2064608875627681 0.03183180267345425 0.051820105233436976
0 0.6336705288563652 0.27665280992099983 0.03401210311902977 0.06027477891566614
0 0.714835682633153 0.2886767501946027 0.03372120178230276 0.03527477891566614
0 0.5098334044133348 0.25901639249503317 0.02768937778484819 0.05366075786897871
0 0.38701370485891046 0.2435239785768477 0.031710593783151234 0.04140343856677031
0 0.8500341732972744 0.3153138728728296 0.03602271111818141 0.054146119264561914
0 0.081030364417577 0.20277028062249863 0.03599846934012089 0.05206278593122858
0 0.7896781110757591 0.30658666942151813 0.04224846934012092 0.052426806977915894
0 0.9290675101846078 0.33138313946420334 0.03171059378315135 0.04140343856677025
0 0.6860219813282427 0.07748164496116569 0.03592574400593899 0.04581278593122858
0 0.19050379110969703 0.021519308590632256 0.03149241778060592 0.022653438566770313
0 0.14119249241460743 0.22816415074047675 0.042272711118181525 0.054510140311249344
0 0.9851235759601231 0.35132599555105654 0.023256051559514882 0.0305014105045205
0 0.2670402248567894 0.25217190851533927 0.03587726044981802 0.041646119264561916
0 0.3273478035221834 0.26506577863331743 0.03599846934012092 0.05206278593122858
0 0.033815979524728694 0.2292067894390098 0.02577573689793898 0.06812275085341628
0 0.6581978141841834 0.31873389410774944 0.025339384892848215 0.030622750853416272
0 0.7247796346276381 0.32990845193908164 0.03602271111818141 0.054146119264561914
0 0.3834523528538198 0.280841968053504 0.03599846934012092 0.05206278593122858
0 0.525990993740729 0.3037371152861995 0.036095436452363336 0.06039611926456191
0 0.7955160008487291 0.34236735713487215 0.03372120178230276 0.03527477891566614
0 0.45209326485254714 0.2942211995670654 0.04656058667515121 0.06516948767570756
0 0.8672940337364868 0.35488693250511055 0.03592574400593899 0.04581278593122858
0 0.9879697955124261 0.37546633940773355 0.017127260449818018 0.040554056124499735
0 0.19494704885424402 0.2667356664784342 0.03609543645236327 0.06039611926456191
0 0.9222841910672748 0.37685245175084925 0.035925744005939224 0.04581278593122858
0 0.5788250924040018 0.3318312941830424 0.03602271111818141 0.054146119264561914
0 0.07516750307660765 0.2587169297502591 0.03393937778484816 0.05402477891566608
0 0.14062281063018348 0.27712248407381007 0.036022711118181526 0.054146119264561914
0 0.21759705596224416 0.2909870769829547 0.04234543645236328 0.060760140311249225
0 0.6587546452896383 0.360461230948864 0.03599846934012068 0.05206278593122858
0 0.2872553928495776 0.3065103120042973 0.036022711118181526 0.054146119264561914
0 0.3538372132930322 0.3176848698356295 0.03599846934012092 0.05206278593122858
0 0.6098205537343657 0.3555263994164794 0.0360954364523631 0.06039611926456191
0 0.42249024618078984 0.3300224346825242 0.04224846934012092 0.05242680697791601
0 0.7273591946212749 0.37696546246242535 0.04215150222787851 0.04409347364458268
0 0.8022258648419416 0.39279204835600745 0.04227271111818141 0.054510140311249226
0 0.5379091910672748 0.35446515737957435 0.04227271111818141 0.054510140311249344
0 0.9874607181731538 0.41921633940773356 0.01717574400593899 0.04472072279116641
0 0.49105843284533535 0.3496516661960855 0.046463619562908794 0.05683615434237434
0 0.12277121599830311 0.019659080584852124 0.04195756800339379 0.027426806977915975
0 0.9259781430617599 0.4177201324486408 0.03599846934012092 0.05206278593122858
0 0.8635145057288507 0.4109549219817668 0.04227271111818141 0.054510140311249226
0 0.034069788404426087 0.296975792946791 0.03602271111818149 0.054146119264561914
0 0.31396297862297173 0.34037940320660925 0.04217574400593911 0.046176806977915895
0 0.511576623063881 0.3779484030183769 0.042272711118181525 0.054510140311249226
0 0.17546979551242625 0.328143603338372 0.04656058667515109 0.06516948767570767
0 0.38462661950988086 0.35908830840239975 0.042272711118181525 0.054510140311249226
0 0.2534857075111535 0.3420688664219645 0.04224846934012092 0.05242680697791601
0 0.7154523883938205 0.41483975721016514 0.03599846934012092 0.05206278593122858
0 0.44172435195206283 0.3790918346637009 0.044331802673454254 0.05254814732681178
0 0.11393873684491111 0.330814063045946 0.03599846934012092 0.05206278593122858
0 0.7861039083916993 0.4345903290726223 0.03599846934012092 0.05206278593122858
0 0.6466660257267296 0.4139605256966038 0.042345436452363334 0.060760140311249225
0 0.5778554212815782 0.41516462751637573 0.04239392000848454 0.06492680697791589
0 0.9399796737216389 0.4685695148909114 0.03163786844896966 0.03515343856677025
0 0.2177538977296992 0.36708941382406923 0.052883312009332904 0.07178350872239499
0 0.05229859017612334 0.3428595227535199 0.03183180267345422 0.05182010523343692
0 0.8866636586569095 0.12356598862961027 0.03183180267345425 0.051820105233436976
0 0.8690251314980026 0.4748606096951209 0.03602271111818141 0.054146119264561914
0 0.4589963332803055 0.41762322762931525 0.042272711118181525 0.054510140311249226
0 0.5349652746127904 0.4283021503640119 0.04656058667515121 0.06516948767570767
0 0.29872511728200235 0.39578002076433877 0.042272711118181525 0.054510140311249226
0 0.3944614835030933 0.4096950101468788 0.04656058667515121 0.06516948767570756
0 0.12907890128369923 0.3733907823293311 0.04653634489709055 0.06308615434237422
0 0.4110825857733941 0.05625638557358692 0.035925744005939106 0.04581278593122858
0 0.9823243803840634 0.5023069920432753 0.02579997867599957 0.0702060841867496
0 0.6191463403883055 0.4498831011609584 0.04239392000848454 0.06492680697791589
0 0.7731311937195178 0.47448728697924747 0.04239392000848454 0.06492680697791589
0 0.6784364941650936 0.4606329677711553 0.05271361956290879 0.05720017538906165
0 0.8355463474963057 0.4854191641127881 0.04227271111818141 0.054510140311249226
0 0.9207569590494574 0.5081024517508492 0.05293179556545411 0.07595017538906153
0 0.06639708794824481 0.38537557186245713 0.04224846934012091 0.05242680697791601
0 0.37430619016551775 0.4397922768323687 0.04224846934012092 0.052426806977915894
0 0.5411333475493336 0.077381824046241 0.027543927116484686 0.04116075786897871
0 0.14427967016763887 0.4107591682793829 0.0466333120093329 0.07141948767570767
0 0.33054406927648744 0.43828579617222363 0.04227271111818141 0.054510140311249226
0 0.24727134038830562 0.4282238488830583 0.036143920008484424 0.06456278593122858
0 0.6977796879376392 0.5003273677523321 0.04656058667515121 0.06516948767570767
0 0.18888952349885108 0.42899298578064265 0.04224846934012092 0.052426806977915894
0 0.8558948452684272 0.5282992342684127 0.04227271111818141 0.054510140311249344
0 0.6217380212709726 0.49589844501763547 0.04227271111818141 0.054510140311249226
0 0.4572758968279422 0.47589589078820066 0.042345436452363334 0.060760140311249225
0 0.7736031786017605 0.5235062904870288 0.0423454364523631 0.060760140311249225
0 0.9733001563760032 0.561196630647692 0.04239392000848454 0.06492680697791589
0 0.5372296914916392 0.502442494220689 0.044574220454060294 0.07338148066014512
0 0.06892816438576027 0.43659924905246755 0.044549978675999566 0.07129814732681178
0 0.5080630248249726 0.5007437293361477 0.036095436452363336 0.06039611926456191
0 0.015766801718669385 0.4366300701556246 0.03006361245490861 0.0787820982178746
0 0.4299137830469121 0.4982767995858886 0.042345436452363334 0.060760140311249225
0 0.11562135105030583 0.45495440690262295 0.03599846934012089 0.05206278593122858
0 0.6681766692658819 0.536128602867791 0.046536344897090486 0.06308615434237434
0 0.258159991937215 0.47784955413531854 0.046463619562908794 0.05683615434237434
0 0.1988455963823665 0.4691830208584549 0.046463619562908794 0.05683615434237422
0 0.311118948440485 0.04730704882658858 0.03602271111818141 0.054146119264561914
0 0.5838501528220031 0.5270476520708444 0.0466333120093329 0.07141948767570755
0 0.36427666215788174 0.4954962452623376 0.04224846934012092 0.052426806977915894
0 0.8126289510397003 0.5737284237827157 0.04239392000848454 0.06492680697791589
0 0.8043235084341217 0.12293971151489289 0.03599846934012092 0.05206278593122858
0 0.7375441048164882 0.5766518378891334 0.03602271111818141 0.054146119264561796
0 0.9425100203692156 0.6094371955887029 0.03183180267345425 0.05182010523343716
0 0.8696418372586702 0.6010236167106835 0.04227271111818141 0.054510140311249226
0 0.3358122772650335 0.523024817218911 0.035925744005939106 0.04581278593122858
0 0.46716289332697 0.07411590832710682 0.03599846934012092 0.05206278593122858
0 0.20875318570976067 0.513539722602934 0.042272711118181525 0.054510140311249344
0 0.27743046037557895 0.5237939541164953 0.05281058667515109 0.06553350872239487
0 0.48449183015067 0.5556589854982938 0.046536344897090486 0.06308615434237434
0 0.13273576082115462 0.5070274665349039 0.046560586675151124 0.06516948767570767
0 0.029695607044366707 0.49372945259789525 0.03171059378315127 0.041403438566770374
0 0.5489539545937003 0.5698372029807305 0.046463619562908794 0.05683615434237434
0 0.41055773859539724 0.5492680697791598 0.03599846934012092 0.05206278593122846
0 0.616553199925761 0.583155764319844 0.04656058667515121 0.06516948767570767
0 0.7070206283683671 0.6019757361634778 0.04224846934012092 0.052426806977915894
0 0.8349880568109732 0.6229798342872359 0.0360954364523631 0.060396119264561794
0 0.7642032070337611 0.6146875957581123 0.042345436452363334 0.060760140311249225
0 0.9190357928071553 0.6560191184175159 0.044331802673454254 0.05254814732681178
0 0.09797289237218514 0.5383586841114566 0.04653634489709055 0.06308615434237434
0 0.024026679927882107 0.5330094350589891 0.046560586675151124 0.06516948767570743
0 0.47981608614473087 0.5991663048005023 0.03602271111818141 0.054146119264561796
0 0.2414562328135186 0.5696478348519333 0.036143920008484424 0.06456278593122847
0 0.3361266905898823 0.585585487393359 0.04656058667515109 0.06516948767570767
0 0.4089463901443066 0.5981657329380451 0.05281058667515109 0.0655335087223951
0 0.5566206390303673 0.6276142310429802 0.052883312009332904 0.07178350872239486
0 0.8604115581370948 0.6776215886484335 0.04227271111818141 0.054510140311249226
0 0.7011456461383676 0.658964051957905 0.04239392000848454 0.06492680697791589
0 0.9561401822087885 0.15471422365095286 0.03183180267345425 0.051820105233436976
0 0.42439395554848514 0.07683676450807628 0.03599846934012092 0.05206278593122858
0 0.6427880710269736 0.6576498555221559 0.05281058667515121 0.0655335087223951
0 0.7905350452472161 0.6808483536270908 0.03599846934012092 0.05206278593122846
0 0.2526644062168487 0.05432618572417288 0.03183180267345425 0.051820105233436976
0 0.9445198985784283 0.70545253944538 0.042345436452363334 0.060760140311249225
0 0.040196390144306614 0.5766884911834889 0.0422727111181815 0.054510140311249226
0 0.20560321414176128 0.6050850489207048 0.04646361956290874 0.05683615434237434
0 0.4480570088054584 0.6410961995670654 0.04227271111818141 0.054510140311249226
0 0.6574606293231521 0.11334355025107241 0.0360954364523631 0.06039611926456191
0 0.6612956532463677 0.6795752519955514 0.0423454364523631 0.060760140311249225
0 0.811065356354792 0.7081034237827156 0.0466333120093329 0.07141948767570767
0 0.3355085252493372 0.6387104873933589 0.04217574400593911 0.046176806977915895
0 0.5134517119138827 0.6647100872239496 0.042345436452363334 0.060760140311249225
0 0.12839867191812498 0.6110121226782269 0.046560586675151124 0.06516948767570767
0 0.28449110036073116 0.6336543155120785 0.033939377784848075 0.05402477891566614
0 0.5768721696902465 0.6788276345319382 0.042248469340120685 0.052426806977915894
0 0.8817168763526709 0.7278539956451728 0.0466333120093329 0.07141948767570767
0 0.026133525249337198 0.6206914455823328 0.038324220454060164 0.07301745961345768
0 0.1060994408020646 0.6461963823481544 0.044549978675999566 0.07129814732681178
0 0.6357623341290346 0.7239525011421352 0.046463619562908794 0.05683615434237434
0 0.5138075964353944 0.09663773284392896 0.035925744005939106 0.04581278593122858
0 0.42547899724170113 0.7002387925703262 0.03406058667515121 0.06444144558233281
0 0.17465550657757986 0.6668672805283824 0.04239392000848442 0.06492680697791589
0 0.7114939662104853 0.12795673265569651 0.046463619562908794 0.05683615434237425
0 0.25683808524297386 0.6810352243097664 0.0466333120093329 0.07141948767570767
0 0.32960930124127696 0.6977821365211194 0.0466333120093329 0.07141948767570767
0 0.2328121351050306 0.058381785742996135 0.03369696000424227 0.03319144558233278
0 0.5668305207935802 0.7355732696285737 0.05281058667515121 0.0655335087223951
0 0.7894684070125499 0.7725150202937576 0.044549978675999566 0.07129814732681178
0 0.7373608319011561 0.7715648449046959 0.046463619562908794 0.05683615434237434
0 0.904887351899035 0.7969577429908078 0.033939377784848075 0.05402477891566614
0 0.536639416878849 0.1052641433484494 0.021221201782302756 0.03454673682229134
0 0.0207035097337293 0.6848500876945309 0.0414070194674586 0.07141948767570767
0 0.1907403705707923 0.7178380033195488 0.0466333120093329 0.07141948767570767
0 0.08355779190539829 0.702213975351415 0.04653634489709051 0.06308615434237434
0 0.48315780256739854 0.7598863223394086 0.04239392000848454 0.06492680697791589
0 0.6094591164332732 0.1178443888931357 0.03599846934012092 0.05206278593122858
0 0.4383297732336409 0.7604025048381489 0.04239392000848454 0.06492680697791589
0 0.2790638612349136 0.7417449681476201 0.04668179556545411 0.07558615434237434
0 0.5964085678973381 0.7914993713542294 0.04656058667515121 0.06516948767570767
0 0.36118583545515615 0.7611212452623376 0.044549978675999566 0.07129814732681178
0 0.7690828167833987 0.8224039536459142 0.04227271111818141 0.054510140311249226
0 0.6785426630066109 0.8098339818022803 0.04656058667515121 0.06516948767570767
0 0.8231646372268533 0.8328504693838716 0.04239392000848454 0.06492680697791589
0 0.9861182186505462 0.17626532537660863 0.025581802673454255 0.05145608418674961
0 0.2868333511033337 0.07403663481428689 0.03609543645236322 0.06039611926456191
0 0.7283487287821262 0.8294128168424462 0.0423454364523631 0.060760140311249225
0 0.5201608461171563 0.8047787819528662 0.05293179556545411 0.07595017538906176
0 0.07996007723321673 0.7426569648280714 0.0466333120093329 0.07141948767570767
0 0.9228494941120656 0.8657581394642032 0.04239392000848454 0.06492680697791589
0 0.1640805385635805 0.7694462489583512 0.04656058667515109 0.06516948767570767
0 0.01353874750691133 0.7479063929656142 0.02707749501382266 0.06247945259789513
0 0.304438879004914 0.8005533891754844 0.04668179556545411 0.07558615434237434
0 0.8818002629960053 0.8998503359940685 0.04227271111818141 0.054510140311249226
0 0.7787601092192173 0.8865523220570598 0.044549978675999566 0.07129814732681178
0 0.4634260105559445 0.8431692591993463 0.0466333120093329 0.07141948767570767
0 0.49668661855509605 0.8513607047816791 0.03183180267345425 0.05182010523343692
0 0.6558798052196415 0.8762682414722076 0.05271361956290879 0.05720017538906177
0 0.3883532852217627 0.8450510066390976 0.044549978675999566 0.07129814732681178
0 0.258254039889702 0.82809223483311 0.04234543645236328 0.060760140311249225
0 0.10627979455764137 0.8098593893637168 0.04224846934012092 0.052426806977915894
0 0.2040146478888536 0.8311873857618193 0.0466333120093329 0.07141948767570767
0 0.8277007688839397 0.08469112201941334 0.03357575111393914 0.02277477891566611
0 0.5244964754403083 0.8800821328251056 0.04656058667515121 0.06516948767570767
0 0.42651920432849016 0.8795874697603364 0.0466333120093329 0.07141948767570767
0 0.8198086105453389 0.9421041290349758 0.04883785423296937 0.08195749469126999
0 0.7406419438786723 0.9374931957769356 0.03587726044981802 0.04164611926456179
0 0.6532267901018843 0.9251052344566453 0.05704997867599957 0.0720261894201864
0 0.5824661821027328 0.9147296625941882 0.052786344897090484 0.06345017538906177
0 0.9070904345427936 0.9659504236885994 0.05281058667515121 0.0655335087223951
0 0.10998586744115676 0.8496854033948418 0.05489392000848448 0.06565484907129075
0 0.31692602832594485 0.891967101443307 0.04423483556121184 0.04421481399347845
0 0.020696719499275318 0.8515167543611976 0.041393438998550636 0.044578835040165646
0 0.24092072432636907 0.8844131787086105 0.04423483556121184 0.04421481399347845
0 0.35953739454703576 0.9027879119290042 0.03372120178230276 0.03527477891566614
0 0.7518214967643088 0.9621189010291957 0.041981809781454396 0.029510140311249225
0 0.06917350132612153 0.05718990168800926 0.04653634489709055 0.06308615434237425
0 0.9172591306492737 0.18163609386304724 0.025290901336727244 0.026456084186749607
0 0.8777242808720614 0.17516396056736042 0.03183180267345425 0.051820105233436976
0 0.8495992808720614 0.17352586585726712 0.021221201782302756 0.03454673682229128
0 0.36569699554424295 0.1046892347389939 0.03183180267345425 0.051820105233436976