0 0.68125 0.5336194663032384 0.027083333333333334 0.038919377355582443
0 0.821875 0.5514059769315829 0.025 0.030476861148742766
0 0.6604166666666667 0.5346109709015084 0.025 0.0263101944820761
0 0.11041666666666666 0.4672450256291691 0.027083333333333334 0.038919377355582443
0 0.4479166666666667 0.5078493178038622 0.03125 0.03497107643592834
0 0.7375 0.5459424038879095 0.029166666666666667 0.030695226895755448
0 0.2760416666666667 0.4894667307395895 0.029166666666666667 0.04319522689575533
0 0.934375 0.572926852100925 0.027083333333333334 0.03475271068891577
0 0.18125 0.4824155766617179 0.03125 0.03497107643592846
0 0.8885416666666667 0.5715664955504522 0.03333333333333333 0.03299692597610147
0 0.41354166666666664 0.06542280039100766 0.022916666666666665 0.03661767827523635
0 0.9166666666666666 0.12720713100945444 0.01875 0.02806597919489038
0 0.946875 0.12983194934196296 0.01875 0.028065979194890348
0 0.035416666666666666 0.469564442182941 0.027083333333333334 0.03475271068891577
0 0.25104166666666666 0.4954482029241801 0.025 0.0263101944820761
0 0.2864583333333333 0.5004293117737878 0.025 0.0263101944820761
0 0.396875 0.5135076707362903 0.027083333333333334 0.03475271068891577
0 0.15729166666666666 0.4863683069497283 0.029166666666666667 0.04319522689575545
0 0.3333333333333333 0.5080942597610137 0.03333333333333333 0.045496925976101464
0 0.390625 0.0631801221157713 0.025 0.026310194482076023
0 0.428125 0.06722874717221868 0.022916666666666665 0.03661767827523636
0 0.8197916666666667 0.1158801273914098 0.025 0.02631019448207604
0 0.9895833333333334 0.5904035315821762 0.020833333333333332 0.032341828735063416
0 0.13541666666666666 0.4883468867779118 0.025 0.030476861148742766
0 0.746875 0.5631003934853548 0.025 0.030476861148742766
0 0.6052083333333333 0.5483842914202571 0.029166666666666667 0.026528560229088782
0 0.6697916666666667 0.5590606271656203 0.03125 0.03913774310259489
0 0.8916666666666667 0.12485526986071173 0.027083333333333334 0.03891937735558235
0 0.5770833333333333 0.08545198929458836 0.025 0.030476861148742707
0 0.7270833333333333 0.5683131561870446 0.027083333333333334 0.03475271068891577
0 0.9489583333333333 0.5945244655488027 0.027083333333333334 0.038919377355582443
0 0.3697916666666667 0.5245882933807079 0.027083333333333334 0.03475271068891577
0 0.38333333333333336 0.5284229820584991 0.03125 0.03913774310259512
0 0.234375 0.5112414066027962 0.027083333333333334 0.038919377355582326
0 0.43854166666666666 0.06881632820641702 0.027083333333333334 0.03891937735558238
0 0.022916666666666665 0.48661767827523633 0.020833333333333332 0.032341828735063416
0 0.43645833333333334 0.5374571453329106 0.03333333333333333 0.045496925976101464
0 0.8541666666666666 0.5916399781375977 0.03333333333333333 0.045496925976101464
0 0.07916666666666666 0.4958156158599074 0.029166666666666667 0.04319522689575545
0 0.396875 0.536424337402957 0.020833333333333332 0.032341828735063416
0 0.6322916666666667 0.0935536687758396 0.027083333333333334 0.034752710688915715
0 0.27708333333333335 0.050979655509675995 0.025 0.030476861148742707
0 0.5614583333333333 0.5565081177432909 0.029166666666666667 0.04736189356242212
0 0.9895833333333334 0.6091535315821762 0.0125 0.029821763907704715
0 0.8229166666666666 0.5889605683683359 0.029166666666666667 0.04319522689575545
0 0.2875 0.5265255698772077 0.03125 0.03913774310259512
0 0.5489583333333333 0.5579363538355862 0.025 0.042976861148742766
0 0.6479166666666667 0.5704142069938037 0.027083333333333334 0.03475271068891577
0 0.1375 0.5072060696514182 0.029166666666666667 0.026528560229088782
0 0.5302083333333333 0.08299537464069578 0.01875 0.023899312528223682
0 0.33958333333333335 0.059463475048199405 0.01875 0.028065979194890362
0 0.8885416666666667 0.6017748288837855 0.03125 0.03913774310259489
0 0.7770833333333333 0.58864187848453 0.025 0.04714352781540943
0 0.09270833333333334 0.5048586378710319 0.01875 0.02389931252822374
0 0.9104166666666667 0.6070879157222687 0.027083333333333334 0.0389193773555822
0 0.253125 0.5268073857976865 0.027083333333333334 0.03475271068891577
0 0.840625 0.5982219561264732 0.020833333333333332 0.032341828735063416
0 0.178125 0.5166268023514584 0.0375 0.045715291723113914
0 0.7104166666666667 0.5841063598656606 0.029166666666666667 0.04736189356242212
0 0.7927083333333333 0.11341908336916079 0.025 0.030476861148742707
0 0.6604166666666667 0.09919430423484178 0.027083333333333334 0.034752710688915715
0 0.036458333333333336 0.5019107002863609 0.020833333333333332 0.032341828735063416
0 0.42291666666666666 0.5492474566551195 0.03333333333333333 0.04966359264276813
0 0.5989583333333334 0.5730567427997382 0.029166666666666667 0.04319522689575545
0 0.8645833333333334 0.1223942258384627 0.025 0.030476861148742707
0 0.06458333333333334 0.5096346690786964 0.01875 0.02389931252822374
0 0.740625 0.5940228448648358 0.03333333333333333 0.045496925976101464
0 0.684375 0.5879499072801646 0.027083333333333334 0.03475271068891577
0 0.36354166666666665 0.5534274114268556 0.03333333333333333 0.04966359264276813
0 0.9791666666666666 0.6304826172146445 0.025 0.030476861148742766
0 0.24270833333333333 0.5408448047634881 0.027083333333333334 0.03475271068891577
0 0.07395833333333333 0.5226259920094749 0.029166666666666667 0.026528560229088782
0 0.79375 0.610348674805914 0.029166666666666667 0.04319522689575545
0 0.146875 0.53165572591553 0.03125 0.03497107643592834
0 0.19375 0.5403623405694227 0.027083333333333334 0.0389193773555822
0 0.37916666666666665 0.5615379496448198 0.03333333333333333 0.04966359264276813
0 0.2989583333333333 0.5521260756814925 0.025 0.042976861148742766
0 0.9260416666666667 0.6318651206068997 0.03333333333333333 0.04966359264276813
0 0.015625 0.5206105382179642 0.029166666666666667 0.026528560229088664
0 0.9447916666666667 0.6370144331351233 0.027083333333333334 0.03475271068891577
0 0.8364583333333333 0.6240452570461272 0.020833333333333332 0.032341828735063416
0 0.646875 0.5995262822237173 0.0375 0.029048625056447484
0 0.8510416666666667 0.6268928704940049 0.027083333333333334 0.03475271068891577
0 0.31875 0.561496646313136 0.03125 0.03497107643592822
0 0.5052083333333334 0.08168518015861977 0.010416666666666666 0.010962581034198345
0 0.7177083333333333 0.6157384999229326 0.01875 0.02389931252822374
0 0.68125 0.6107027996365718 0.029166666666666667 0.04319522689575545
0 0.5739583333333333 0.5998715483176622 0.0375 0.041548625056447484
0 0.26666666666666666 0.05251707447547765 0.027083333333333334 0.034752710688915715
0 0.36875 0.0672420352772881 0.027083333333333334 0.03475271068891569
0 0.7208333333333333 0.11069394089985887 0.01875 0.028065979194890348
0 0.09791666666666667 0.5447149283881312 0.03333333333333333 0.045496925976101464
0 0.553125 0.6008630529159321 0.027083333333333334 0.03475271068891577
0 0.05625 0.5394062709180043 0.03333333333333333 0.04966359264276813
0 0.42604166666666665 0.5848278976320457 0.03125 0.03497107643592846
0 0.959375 0.6513203799163343 0.01875 0.023899312528223506
0 0.603125 0.6086917752134176 0.03125 0.03497107643592846
0 0.9822916666666667 0.6546047248582373 0.025 0.042976861148742766
0 0.13229166666666667 0.046516445800985656 0.016666666666666666 0.01129012965471734
0 0.6489583333333333 0.6183854650972236 0.027083333333333334 0.0389193773555822
0 0.22916666666666666 0.5672184494190302 0.03958333333333333 0.052074474596620256
0 0.7229166666666667 0.6274697904400318 0.025 0.0263101944820761
0 0.029166666666666667 0.5421535602290887 0.03333333333333333 0.04966359264276813
0 0.83125 0.12377229986236134 0.01875 0.02806597919489038
0 0.29791666666666666 0.058321484244739354 0.01875 0.028065979194890348
0 0.5135416666666667 0.6050385783193117 0.025 0.0263101944820761
0 0.5 0.6032872229748539 0.01875 0.023899312528223506
0 0.45 0.5996251673440353 0.03333333333333333 0.045496925976101464
0 0.48333333333333334 0.6034554266534699 0.029166666666666667 0.026528560229088782
0 0.7552083333333334 0.6364537916460468 0.03125 0.03913774310259489
0 0.771875 0.6404522546340974 0.01875 0.02389931252822374
0 0.578125 0.041756580731341524 0.016666666666666666 0.01754012965471734
0 0.9322916666666666 0.08427600256075195 0.0125 0.01732176390770466
0 0.9489583333333333 0.08827446554880264 0.0125 0.017321763907704686
0 0.6916666666666667 0.0549987140041035 0.0125 0.017321763907704686
0 0.08125 0.5563414654000804 0.03125 0.03913774310259512
0 0.15208333333333332 0.5673453497659625 0.027083333333333334 0.034752710688915535
0 0.25625 0.580096160107946 0.03333333333333333 0.045496925976101464
0 0.19479166666666667 0.5747919320061757 0.03125 0.03913774310259489
0 0.8895833333333333 0.6622460869872053 0.01875 0.02389931252822374
0 0.17083333333333334 0.5735363289608528 0.029166666666666667 0.026528560229088782
0 0.6510416666666666 0.10391131463739661 0.020833333333333332 0.032341828735063353
0 0.31145833333333334 0.5965311729225306 0.029166666666666667 0.04319522689575545
0 0.4166666666666667 0.6093365747012671 0.03958333333333333 0.052074474596620256
0 0.7864583333333334 0.6537165347486417 0.025 0.042976861148742766
0 0.6770833333333334 0.10631776722289249 0.016666666666666666 0.01754012965471734
0 0.19791666666666666 0.05203903964976857 0.025 0.02839352781540936
0 0.8291666666666667 0.6622047836555216 0.03333333333333333 0.04966359264276813
0 0.9635416666666666 0.6775804123300136 0.0375 0.03946529172311415
0 0.440625 0.6147588444132566 0.03125 0.03497107643592822
0 0.7229166666666667 0.6503864571066985 0.027083333333333334 0.038919377355582443
0 0.12395833333333334 0.5773297143069603 0.03333333333333333 0.04966359264276813
0 0.7958333333333333 0.6594161910127537 0.029166666666666667 0.04319522689575545
0 0.16041666666666668 0.050073747926654526 0.020833333333333332 0.019841828735063356
0 0.240625 0.054277288556648456 0.027083333333333334 0.03475271068891569
0 0.6010416666666667 0.6377492590065779 0.027083333333333334 0.038919377355582443
0 0.8135416666666667 0.6665942454375575 0.027083333333333334 0.03475271068891577
0 0.5510416666666667 0.6340872033757592 0.029166666666666667 0.04319522689575545
0 0.325 0.6066158616003217 0.01875 0.02806597919489017
0 0.06770833333333333 0.5775067767222893 0.0375 0.04571529172311415
0 0.3177083333333333 0.062483721543049556 0.01875 0.028065979194890348
0 0.3927083333333333 0.6195393049892777 0.03333333333333333 0.04966359264276813
0 0.6291666666666667 0.6485982277989135 0.03333333333333333 0.045496925976101464
0 0.659375 0.6522647127980886 0.027083333333333334 0.0389193773555822
0 0.91875 0.688774647216294 0.027083333333333334 0.0389193773555822
0 0.7 0.6627271121647955 0.03958333333333333 0.05624114126328692
0 0.8958333333333334 0.6854903022743911 0.029166666666666667 0.030695226895755448
0 0.17291666666666666 0.5996871785010259 0.03125 0.03913774310259512
0 0.7635416666666667 0.671265523140072 0.027083333333333334 0.038919377355582443
0 0.25104166666666666 0.05794820292418013 0.027083333333333334 0.03891937735558235
0 0.178125 0.05308513568479171 0.025 0.02839352781540936
0 0.28854166666666664 0.6161634946472941 0.027083333333333334 0.034752710688915535
0 0.4895833333333333 0.6412829752739888 0.029166666666666667 0.04736189356242212
0 0.3375 0.6249792921746931 0.03333333333333333 0.045496925976101464
0 0.7385416666666667 0.6741219953246628 0.029166666666666667 0.04319522689575545
0 0.50625 0.6452814382620395 0.020833333333333332 0.032341828735063416
0 0.11666666666666667 0.045697574249688136 0.016666666666666666 0.007123462988050674
0 0.35 0.06938438941573108 0.020833333333333332 0.032341828735063353
0 0.5635416666666667 0.6545339672834639 0.03333333333333333 0.04966359264276813
0 0.014583333333333334 0.586180946781211 0.020833333333333332 0.03650849540173008
0 0.371875 0.6309474762542142 0.03125 0.03913774310259489
0 0.68125 0.6690361329699052 0.025 0.042976861148742766
0 0.43854166666666666 0.6448579948730836 0.03125 0.03913774310259489
0 0.5916666666666667 0.6674662694091327 0.03125 0.03497107643592822
0 0.10729166666666666 0.6077062513189095 0.03333333333333333 0.04966359264276813
0 0.9802083333333333 0.716995541984731 0.020833333333333332 0.04484182873506341
0 0.2625 0.6293820420617984 0.035416666666666666 0.0539394421829409
0 0.8958333333333334 0.7073653022743911 0.027083333333333334 0.03475271068891577
0 0.31979166666666664 0.640717904416556 0.03333333333333333 0.04966359264276813
0 0.12395833333333334 0.6169130476402936 0.022916666666666665 0.036617678275236425
0 0.9354166666666667 0.7188147768710115 0.027083333333333334 0.03475271068891577
0 0.8572916666666667 0.7095120857811905 0.03958333333333333 0.05207447459662049
0 0.81875 0.7043672026213232 0.03333333333333333 0.045496925976101464
0 0.6177083333333333 0.6823727219946285 0.027083333333333334 0.0389193773555822
0 0.221875 0.056419642695091435 0.01875 0.028065979194890362
0 0.9604166666666667 0.7263749713530875 0.03125 0.03497107643592822
0 0.08020833333333334 0.6219118739633274 0.03333333333333333 0.045496925976101464
0 0.21666666666666667 0.6373966855113256 0.025 0.030476861148742766
0 0.6989583333333333 0.11475585406137569 0.020833333333333332 0.032341828735063353
0 0.03229166666666667 0.6183590012060148 0.027083333333333334 0.0389193773555822
0 0.37395833333333334 0.6633483257943873 0.0375 0.03946529172311415
0 0.8375 0.131391515149547 0.027083333333333334 0.03475271068891569
0 0.5822916666666667 0.6930166131450209 0.027083333333333334 0.0389193773555822
0 0.40625 0.6712906603337354 0.029166666666666667 0.026528560229088782
0 0.0875 0.049377347353932774 0.022916666666666665 0.011617678275236364
0 0.017708333333333333 0.6248863877581371 0.01875 0.038482645861556836
0 0.896875 0.7365865603778109 0.03333333333333333 0.04966359264276813
0 0.1375 0.6467894029847514 0.029166666666666667 0.04319522689575545
0 0.7333333333333333 0.7186407048075635 0.03333333333333333 0.045496925976101464
0 0.6802083333333333 0.7148148748664854 0.03333333333333333 0.04966359264276813
0 0.9760416666666667 0.7501105095710516 0.020833333333333332 0.032341828735063416
0 0.5604166666666667 0.10020352630653769 0.016666666666666666 0.027956796321384005
0 0.26666666666666666 0.663975407808811 0.03333333333333333 0.04966359264276813
0 0.21041666666666667 0.6599858035574734 0.03958333333333333 0.052074474596620256
0 0.6520833333333333 0.7143825727408164 0.03333333333333333 0.04966359264276813
0 0.8385416666666666 0.7366544399196335 0.03333333333333333 0.04966359264276813
0 0.59375 0.7071587856159723 0.029166666666666667 0.04736189356242212
0 0.278125 0.6708259136130957 0.020833333333333332 0.032341828735063416
0 0.3885416666666667 0.07869593924226498 0.025 0.030476861148742707
0 0.49583333333333335 0.09161052389450793 0.0125 0.017321763907704686
0 0.4375 0.6916784034363306 0.03333333333333333 0.04966359264276813
0 0.9541666666666667 0.7562557560659019 0.03333333333333333 0.04966359264276813
0 0.7791666666666667 0.733542728024703 0.03958333333333333 0.052074474596620256
0 0.09895833333333333 0.6531028531582176 0.03333333333333333 0.04966359264276813
0 0.9260416666666667 0.7537401206068997 0.029166666666666667 0.04736189356242212
0 0.4791666666666667 0.7011537275731238 0.03125 0.03913774310259489
0 0.6072916666666667 0.7172434742937634 0.03333333333333333 0.04966359264276813
0 0.04895833333333333 0.652565797527399 0.03958333333333333 0.052074474596620256
0 0.6166666666666667 0.1073181305578754 0.025 0.030476861148742707
0 0.5354166666666667 0.7134766651577951 0.03958333333333333 0.052074474596620256
0 0.37395833333333334 0.6966816591277206 0.027083333333333334 0.0389193773555822
0 0.7677083333333333 0.12669222222041807 0.020833333333333332 0.032341828735063353
0 0.4083333333333333 0.7026498432072418 0.03125 0.03913774310259489
0 0.7572916666666667 0.7459379745195531 0.027083333333333334 0.0389193773555822
0 0.8708333333333333 0.7623051077923151 0.029166666666666667 0.026528560229088782
0 0.065625 0.050314260515449585 0.014583333333333334 0.011180946781211029
0 0.809375 0.7570008796905447 0.035416666666666666 0.0539394421829409
0 0.8270833333333333 0.7610539341153486 0.029166666666666667 0.04319522689575545
0 0.9760416666666667 0.7813605095710516 0.029166666666666667 0.04736189356242212
0 0.5145833333333333 0.7248848364227316 0.025 0.0263101944820761
0 0.3385416666666667 0.7062838836114462 0.035416666666666666 0.05393944218294114
0 0.7375 0.7563590705545761 0.027083333333333334 0.034752710688915535
0 0.3104166666666667 0.07251824815244404 0.01875 0.028065979194890348
0 0.46041666666666664 0.09079608171156689 0.027083333333333334 0.034752710688915715
0 0.54375 0.09933006331848698 0.022916666666666665 0.03661767827523636
0 0.6572916666666667 0.11361386325791561 0.016666666666666666 0.01754012965471737
0 0.1375 0.6832477363180848 0.027083333333333334 0.0389193773555822
0 0.159375 0.6885608231565681 0.03333333333333333 0.04966359264276813
0 0.7114583333333333 0.758119284635747 0.03333333333333333 0.045496925976101464
0 0.59375 0.7467421189493056 0.0375 0.03946529172311415
0 0.28229166666666666 0.7116692793601085 0.029166666666666667 0.04736189356242212
0 0.4510416666666667 0.731971425447455 0.03125 0.03913774310259489
0 0.6729166666666667 0.7613077348092131 0.03333333333333333 0.045496925976101464
0 0.22291666666666668 0.7085575674651778 0.035416666666666666 0.0539394421829409
0 0.8666666666666667 0.7870867420453024 0.03125 0.03913774310259489
0 0.4895833333333333 0.7433663086073222 0.03333333333333333 0.04966359264276813
0 0.9520833333333333 0.7998965731923955 0.027083333333333334 0.0389193773555822
0 0.8822916666666667 0.7931139469299332 0.027083333333333334 0.034752710688915535
0 0.20104166666666667 0.7094944806266947 0.029166666666666667 0.04319522689575545
0 0.030208333333333334 0.6911664849991752 0.025 0.030476861148742766
0 0.8072916666666666 0.7881416968170385 0.0375 0.029048625056447484
0 0.9229166666666667 0.08378467962997345 0.016666666666666666 0.01754012965471734
0 0.9270833333333334 0.8048363787103194 0.029166666666666667 0.04319522689575545
0 0.7541666666666667 0.7874408668759602 0.0375 0.03946529172311415
0 0.8458333333333333 0.798494913310239 0.01875 0.02389931252822374
0 0.3072916666666667 0.7327711405088512 0.03333333333333333 0.04966359264276813
0 0.47708333333333336 0.7562528780329508 0.03125 0.03913774310259489
0 0.43854166666666666 0.7500663282064169 0.027083333333333334 0.034752710688915535
0 0.128125 0.7140064133873063 0.03958333333333333 0.05624114126328716
0 0.6916666666666667 0.7841653806707701 0.027083333333333334 0.0389193773555822
0 0.7697916666666667 0.7924264050939244 0.01875 0.028065979194890407
0 0.925 0.15056052917014642 0.01875 0.028065979194890348
0 0.4197916666666667 0.75220868234486 0.035416666666666666 0.0539394421829409
0 0.041666666666666664 0.7063503241367933 0.0375 0.05821529172311415
0 0.5833333333333334 0.10869620458177404 0.01875 0.028065979194890348
0 0.43125 0.09135085481581152 0.025 0.030476861148742707
0 0.5291666666666667 0.1027324498706093 0.020833333333333332 0.032341828735063353
0 0.5979166666666667 0.7792521513629851 0.03333333333333333 0.045496925976101464
0 0.3770833333333333 0.7551787667713136 0.03958333333333333 0.052074474596620256
0 0.09270833333333334 0.7194419712043651 0.03125 0.03913774310259489
0 0.7979166666666667 0.13556704055292662 0.025 0.030476861148742707
0 0.25729166666666664 0.7426507515446992 0.03958333333333333 0.05624114126328716
0 0.528125 0.7776778584338561 0.029166666666666667 0.04319522689575545
0 0.63125 0.7903740773390865 0.03958333333333333 0.052074474596620256
0 0.5572916666666666 0.7823314186629449 0.029166666666666667 0.04736189356242212
0 0.8645833333333334 0.8213525591717961 0.027083333333333334 0.034752710688915535
0 0.6697916666666667 0.7976022938322871 0.027083333333333334 0.034752710688915535
0 0.515625 0.10098109452615146 0.014583333333333334 0.023680946781211
0 0.7916666666666666 0.812322825265741 0.029166666666666667 0.04736189356242212
0 0.74375 0.8087699525084285 0.0375 0.041548625056447484
0 0.8125 0.8217479873341377 0.03333333333333333 0.04966359264276813
0 0.946875 0.8381652826752962 0.03333333333333333 0.045496925976101464
0 0.33229166666666665 0.763248001657594 0.03125 0.03913774310259489
0 0.46770833333333334 0.7807615551021724 0.0375 0.03946529172311415
0 0.971875 0.843642143824039 0.029166666666666667 0.04319522689575545
0 0.8677083333333333 0.14651633348205553 0.022916666666666665 0.0199510116085697
0 0.175 0.7466713613745323 0.041666666666666664 0.060516990803460166
0 0.209375 0.7547228787873868 0.03958333333333333 0.052074474596620256
0 0.026041666666666668 0.7315731192521625 0.0125 0.04648843057437138
0 0.9541666666666667 0.1562557560659018 0.016666666666666666 0.027956796321384005
0 0.06770833333333333 0.7389651100556226 0.029166666666666667 0.04736189356242212
0 0.7166666666666667 0.12818390848617953 0.01875 0.028065979194890348
0 0.6916666666666667 0.8216653806707702 0.029166666666666667 0.04736189356242212
0 0.7864583333333334 0.13600820141530842 0.016666666666666666 0.0175401296547174
0 0.11354166666666667 0.058033799939428636 0.020833333333333332 0.030258495401730024
0 0.6270833333333333 0.8234890449254072 0.0375 0.03946529172311415
0 0.415625 0.7988653165978474 0.03333333333333333 0.04966359264276813
0 0.8802083333333334 0.8555047640564268 0.03958333333333333 0.052074474596620256
0 0.3541666666666667 0.7904360884960772 0.03333333333333333 0.045496925976101464
0 0.109375 0.7619821008590826 0.029166666666666667 0.04736189356242212
0 0.49583333333333335 0.8082771905611745 0.029166666666666667 0.04736189356242212
0 0.7458333333333333 0.8390874687152682 0.029166666666666667 0.04736189356242212
0 0.8302083333333333 0.14455104175894148 0.01875 0.02389931252822374
0 0.5041666666666667 0.1035055887218666 0.020833333333333332 0.032341828735063353
0 0.28125 0.7845313545900221 0.03333333333333333 0.04966359264276813
0 0.6697916666666667 0.8351022938322871 0.0375 0.04571529172311415
0 0.44583333333333336 0.8077401349303559 0.03333333333333333 0.04966359264276813
0 0.915625 0.15423587290603458 0.027083333333333334 0.03475271068891565
0 0.3958333333333333 0.804078079299537 0.03333333333333333 0.04966359264276813
0 0.08645833333333333 0.7680727559171795 0.041666666666666664 0.060516990803460166
0 0.34270833333333334 0.7992105826917922 0.03958333333333333 0.05207447459662049
0 0.4791666666666667 0.8188620609064572 0.035416666666666666 0.0539394421829409
0 0.9072916666666667 0.8704658080786759 0.027083333333333334 0.0389193773555822
0 0.5697916666666667 0.8288198492373162 0.04375 0.052292840343632935
0 0.165625 0.7815967051104205 0.041666666666666664 0.043850324136793496
0 0.534375 0.8280054070543751 0.03958333333333333 0.052074474596620256
0 0.30520833333333336 0.07953695763534487 0.022916666666666665 0.0199510116085697
0 0.3885416666666667 0.0932792725755983 0.01875 0.028065979194890348
0 0.31354166666666666 0.8018486891293702 0.03125 0.03497107643592822
0 0.63125 0.8434990773390865 0.0375 0.041548625056447484
0 0.48333333333333334 0.10345542665346992 0.016666666666666666 0.01754012965471734
0 0.7885416666666667 0.8652840509554813 0.022916666666666665 0.03661767827523619
0 0.9604166666666667 0.8878333046864209 0.03333333333333333 0.045496925976101464
0 0.20729166666666668 0.7973220292472137 0.041666666666666664 0.043850324136793496
0 0.76875 0.8684134803238379 0.03333333333333333 0.04966359264276813
0 0.21041666666666667 0.07144413689080657 0.025 0.02631019448207604
0 0.690625 0.8632774559006837 0.03125 0.03913774310259512
0 0.2375 0.8093218475797223 0.03125 0.03913774310259489
0 0.15625 0.8040220488463085 0.041666666666666664 0.04801699080346016
0 0.8083333333333333 0.8840296215871251 0.03958333333333333 0.05624114126328692
0 0.9260416666666667 0.9016567872735664 0.03333333333333333 0.04966359264276813
0 0.3697916666666667 0.8329216267140412 0.03333333333333333 0.045496925976101464
0 0.41354166666666664 0.03104780039100766 0.022916666666666665 0.009534344941903031
0 0.5708333333333333 0.11741610734073601 0.027083333333333334 0.03891937735558235
0 0.43645833333333334 0.8416238119995773 0.03333333333333333 0.04966359264276813
0 0.2604166666666667 0.8219811925216253 0.03333333333333333 0.045496925976101464
0 0.3958333333333333 0.8436614126328704 0.029166666666666667 0.030695226895755448
0 0.6791666666666667 0.13142695009639882 0.020833333333333332 0.032341828735063353
0 0.15 0.06619450022578952 0.01875 0.028065979194890348
0 0.26145833333333335 0.07932745062504515 0.025 0.030476861148742707
0 0.034375 0.7986765174128545 0.016666666666666666 0.05087346298805073
0 0.5552083333333333 0.8665972357894385 0.041666666666666664 0.043850324136793496
0 0.8489583333333334 0.9028253542871653 0.03333333333333333 0.04966359264276813
0 0.625 0.8754631953852342 0.0375 0.04571529172311415
0 0.9114583333333334 0.913392507159022 0.03958333333333333 0.05624114126328692
0 0.890625 0.15709234509062525 0.025 0.030476861148742707
0 0.3104166666666667 0.8423099148191107 0.03333333333333333 0.04966359264276813
0 0.215625 0.8300504274079058 0.03333333333333333 0.045496925976101464
0 0.5822916666666667 0.8784332798116876 0.0375 0.041548625056447484
0 0.6979166666666666 0.8917845959579559 0.027083333333333334 0.0389193773555822
0 0.6520833333333333 0.890424239407483 0.03958333333333333 0.05624114126328692
0 0.115625 0.8248096494796016 0.0375 0.04571529172311415
0 0.678125 0.8928306919929789 0.025 0.030476861148742766
0 0.3375 0.8531042921746931 0.04375 0.052292840343632935
0 0.16145833333333334 0.06992000603007437 0.01875 0.028065979194890348
0 0.4583333333333333 0.8698535655047273 0.041666666666666664 0.060516990803460166
0 0.8822916666666667 0.9212389469299331 0.0375 0.05821529172311415
0 0.9583333333333334 0.9325157884795812 0.035416666666666666 0.0539394421829409
0 0.096875 0.8321603369513778 0.03125 0.03497107643592822
0 0.5166666666666667 0.8854106859629046 0.03958333333333333 0.052074474596620256
0 0.7166666666666667 0.9094339084861797 0.03333333333333333 0.04966359264276813
0 0.7916666666666666 0.921697825265741 0.0375 0.05821529172311415
0 0.253125 0.8580573857976865 0.03958333333333333 0.05624114126328692
0 0.6645833333333333 0.13066266998185444 0.027083333333333334 0.03475271068891569
0 0.628125 0.12666863636216025 0.01875 0.028065979194890348
0 0.275 0.08316213930283632 0.01875 0.028065979194890348
0 0.2791666666666667 0.8604638383831824 0.03125 0.03913774310259489
0 0.5729166666666666 0.8998169568809089 0.04583333333333333 0.04406868988380618
0 0.3885416666666667 0.8766126059089316 0.03125 0.03913774310259512
0 0.05625 0.8383646042513376 0.020833333333333332 0.032341828735063416
0 0.3375 0.09268762550802641 0.027083333333333334 0.03475271068891569
0 0.7552083333333334 0.1437454583127134 0.020833333333333332 0.032341828735063353
0 0.8135416666666667 0.9363859121042242 0.029166666666666667 0.04319522689575545
0 0.9666666666666667 0.9610775199736066 0.020833333333333332 0.055258495401730084
0 0.19583333333333333 0.07588819010959558 0.027083333333333334 0.034752710688915715
0 0.16770833333333332 0.8608725546505934 0.0375 0.04571529172311415
0 0.8572916666666667 0.9480537524478572 0.035416666666666666 0.05393944218294114
0 0.4041666666666667 0.8930564774602291 0.03333333333333333 0.04966359264276813
0 0.22604166666666667 0.8733046751087709 0.029166666666666667 0.04736189356242212
0 0.5364583333333334 0.9114479232612147 0.027083333333333334 0.034752710688915535
0 0.8197916666666667 0.1533801273914098 0.025 0.030476861148742707
0 0.09583333333333334 0.8591890788479581 0.03333333333333333 0.045496925976101464
0 0.6822916666666666 0.9336740577399917 0.03958333333333333 0.05207447459662049
0 0.3020833333333333 0.8897898499917519 0.03958333333333333 0.05624114126328692
0 0.9104166666666667 0.9643795823889353 0.03333333333333333 0.045496925976101464
0 0.5791666666666667 0.9230611721680947 0.03125 0.03497107643592822
0 0.2125 0.880928319764313 0.04583333333333333 0.06281868988380594
0 0.03958333333333333 0.8572828079299537 0.014583333333333334 0.046597613447877724
0 0.12708333333333333 0.8702018219505532 0.03125 0.03913774310259512
0 0.703125 0.9462242198083882 0.035416666666666666 0.0539394421829409
0 0.271875 0.8944566983259101 0.03125 0.03913774310259489
0 0.43333333333333335 0.9154183710226512 0.025 0.0263101944820761
0 0.46458333333333335 0.9201811141252463 0.0375 0.04571529172311415
0 0.7447916666666666 0.9577828772785151 0.0375 0.03946529172311415
0 0.340625 0.9105597331516192 0.03958333333333333 0.05624114126328716
0 0.8364583333333333 0.9740452570461272 0.022916666666666665 0.03661767827523619
0 0.059375 0.880195045228264 0.03125 0.03497107643592822
0 0.08541666666666667 0.8836431644804265 0.0375 0.041548625056447484
0 0.14270833333333333 0.894979026835184 0.03333333333333333 0.045496925976101464
0 0.5708333333333333 0.9497077740074026 0.03958333333333333 0.052074474596620256
0 0.76875 0.06841348032383791 0.014583333333333334 0.023680946781211028
0 0.7833333333333333 0.06917776043838228 0.025 0.02631019448207604
0 0.44895833333333335 0.030820575907282037 0.016666666666666666 0.013373462988050689
0 0.875 0.16356514020599439 0.0125 0.017321763907704717
0 0.4197916666666667 0.9386670156781934 0.03958333333333333 0.05624114126328692
0 0.8822916666666667 0.985128150534188 0.0375 0.029743698931623895
0 0.49270833333333336 0.9497800829175819 0.03333333333333333 0.04966359264276813
0 0.121875 0.9063871981001206 0.03125 0.03913774310259489
0 0.6 0.964778000903158 0.03958333333333333 0.052074474596620256
0 0.9541666666666667 0.9912874046423454 0.029166666666666667 0.017425190715309215
0 0.175 0.0779213613745322 0.020833333333333332 0.032341828735063353
0 0.5510416666666667 0.9611705367090925 0.03958333333333333 0.052074474596620256
0 0.821875 0.9894106441268957 0.027083333333333334 0.021178711746208497
0 0.47708333333333336 0.9552112113662843 0.027083333333333334 0.03475271068891577
0 0.934375 0.9912350278897705 0.03333333333333333 0.017529944220459014
0 0.25104166666666666 0.9298232029241802 0.0375 0.05821529172311415
0 0.35520833333333335 0.09986567993283027 0.01875 0.028065979194890348
0 0.74375 0.14731161917509525 0.022916666666666665 0.0199510116085697
0 0.121875 0.07201219810012065 0.020833333333333332 0.032341828735063353
0 0.9583333333333334 0.17522412181291447 0.0125 0.02565509724103805
0 0.309375 0.9391303233823576 0.04375 0.052292840343632935
0 0.7385416666666667 0.9829511371165961 0.035416666666666666 0.0340977257668077
0 0.1875 0.9275347919489036 0.03958333333333333 0.052074474596620256
0 0.7885416666666667 0.9831923692136288 0.0375 0.03361526157274237
0 0.27291666666666664 0.9424279564293301 0.03958333333333333 0.052074474596620256
0 0.6635416666666667 0.9788479206233957 0.03958333333333333 0.042304158753208775
0 0.628125 0.9773171457101287 0.04583333333333333 0.04536570857974264
0 0.69375 0.98375157168623 0.04375 0.032496856627540184
0 0.05520833333333333 0.9185183461479179 0.03333333333333333 0.053830259309434796
0 0.5239583333333333 0.1232928260201768 0.029166666666666667 0.03069522689575539
0 0.36041666666666666 0.9615969704499295 0.03333333333333333 0.04966359264276813
0 0.8614583333333333 0.9970822361666564 0.0375 0.005835527666687312
0 0.3729166666666667 0.10391873435763412 0.01875 0.028065979194890348
0 0.22083333333333333 0.9490733845916715 0.04375 0.052292840343632935
0 0.6166666666666667 0.13440146389120872 0.027083333333333334 0.034752710688915715
0 0.6458333333333334 0.1369716907869641 0.027083333333333334 0.03475271068891565
0 0.16041666666666668 0.9438237479266545 0.04583333333333333 0.06698535655047284
0 0.08854166666666667 0.9390152721240193 0.052083333333333336 0.06314623850432496
0 0.490625 0.9826501647062159 0.03958333333333333 0.03469967058756822
0 0.2947916666666667 0.9764223115479983 0.04375 0.047155376904003295
0 0.084375 0.07108857304367326 0.027083333333333334 0.034752710688915715
0 0.31979166666666664 0.10009290441655588 0.027083333333333334 0.03891937735558238
0 0.465625 0.9876150512583383 0.04791666666666667 0.024769897483323432
0 0.18541666666666667 0.9680506090753973 0.04375 0.052292840343632935
0 0.2125 0.9725949864309796 0.0375 0.04571529172311415
0 0.31979166666666664 0.9844509626108328 0.0375 0.03109807477833447
0 0.3489583333333333 0.9857360760587104 0.0375 0.028527847882579258
0 0.5520833333333334 0.9978568701938542 0.035416666666666666 0.004286259612291588
0 0.39479166666666665 0.9917064748224099 0.03125 0.01658705035518011
0 0.38958333333333334 0.11104219734568481 0.01875 0.028065979194890348
0 0.03854166666666667 0.06868654982653388 0.01875 0.028065979194890348
0 0.052083333333333336 0.07043790517099173 0.020833333333333332 0.032341828735063353
0 0.42916666666666664 0.11624167194230518 0.01875 0.028065979194890348
0 0.06458333333333334 0.9596346690786963 0.03958333333333333 0.03124114126328692
0 0.13125 0.9683368543642323 0.0375 0.029048625056447484
0 0.46979166666666666 0.12149573797567872 0.01875 0.028065979194890348
0 0.7791666666666667 0.15854272802470293 0.01875 0.023899312528223682
0 0.30625 0.10042488240543136 0.027083333333333334 0.03891937735558238
0 0.4822916666666667 0.12319250188338342 0.020833333333333332 0.032341828735063353
0 0.559375 0.1313989348697845 0.027083333333333334 0.03475271068891569
0 0.20416666666666666 0.08778325493695424 0.022916666666666665 0.03661767827523636
0 0.8645833333333334 0.17135255917179604 0.022916666666666665 0.03661767827523636
0 0.6197916666666666 0.051231904868134906 0.01875 0.028065979194890348
0 0.21875 0.09271420171816526 0.029166666666666667 0.03069522689575536
0 0.7083333333333334 0.15274717699215418 0.020833333333333332 0.032341828735063353
0 0.15833333333333333 0.08746456505314819 0.027083333333333334 0.03891937735558238
0 0.6041666666666666 0.1410380333168374 0.027083333333333334 0.03475271068891565
0 0.825 0.168236417908509 0.01875 0.028065979194890348
0 0.34791666666666665 0.1109418732088914 0.025 0.030476861148742707
0 0.28541666666666665 0.10558305367036801 0.03125 0.03913774310259503
0 0.4 0.11887977837988316 0.020833333333333332 0.032341828735063353
0 0.7927083333333333 0.16758575003582746 0.027083333333333334 0.03475271068891565
0 0.95 0.18624572365222247 0.027083333333333334 0.034752710688915715
0 0.09583333333333334 0.08418907884795811 0.01875 0.028065979194890348
0 0.453125 0.12895560832096137 0.027083333333333334 0.03891937735558235
0 0.9625 0.19106748755992714 0.004166666666666667 0.01688503241367935
0 0.14583333333333334 0.08993446781211016 0.025 0.030476861148742707
0 0.834375 0.1749777408392875 0.01875 0.028065979194890348
0 0.8729166666666667 0.1801226239991547 0.01875 0.02389931252822374
0 0.7239583333333334 0.16398271521011837 0.014583333333333334 0.02368094678121106
0 0.259375 0.10734326775153882 0.025 0.030476861148742707
0 0.665625 0.15571726141860764 0.016666666666666666 0.0175401296547174
0 0.584375 0.1472924626851939 0.016666666666666666 0.027956796321384068
0 0.38125 0.12414713251832613 0.01875 0.02806597919489038
0 0.9239583333333333 0.1911309377333933 0.01875 0.02389931252822374
0 0.5145833333333333 0.13946816975606496 0.027083333333333334 0.034752710688915715
0 0.046875 0.0857899479872259 0.027083333333333334 0.03891937735558238
0 0.74375 0.17126995250842858 0.020833333333333332 0.032341828735063353
0 0.8229166666666666 0.07646056836833598 0.025 0.030476861148742707
0 0.8083333333333333 0.17882128825379162 0.01875 0.028065979194890407
0 0.06875 0.09006136815904241 0.025 0.02631019448207604
0 0.10416666666666667 0.09504247700865012 0.01875 0.023899312528223682
0 0.5583333333333333 0.15009434343303135 0.01875 0.023899312528223682
0 0.6822916666666666 0.1659657244066583 0.027083333333333334 0.03475271068891565
0 0.7739583333333333 0.1770197708409371 0.01875 0.02389931252822374
0 0.6197916666666666 0.1574819048681349 0.016666666666666666 0.01754012965471734
0 0.475 0.14156036182611126 0.025 0.026310194482075982
0 0.08125 0.09384146540008044 0.0125 0.017321763907704686
0 0.503125 0.03782599728511344 0.016666666666666666 0.01754012965471734
0 0.8739583333333333 0.0822605487692412 0.016666666666666666 0.01754012965471734
0 0.18020833333333333 0.10631931855829804 0.0125 0.01732176390770466
0 0.8802083333333334 0.19404643072309355 0.01875 0.02389931252822374
0 0.4083333333333333 0.13702484320724181 0.01875 0.028065979194890348
0 0.6770833333333334 0.1688177672228925 0.016666666666666666 0.027956796321384005
0 0.734375 0.17702862957765003 0.025 0.030476861148742707
0 0.140625 0.10632817729501101 0.025 0.030476861148742707
0 0.5927083333333333 0.16127086084588585 0.027083333333333334 0.03475271068891565
0 0.9614583333333333 0.20559622945650732 0.0125 0.015238430574371383
0 0.8666666666666667 0.19437840871196904 0.01875 0.023899312528223682
0 0.7114583333333333 0.062285951302413683 0.01875 0.028065979194890348
0 0.49583333333333335 0.14994385722784126 0.027083333333333334 0.03475271068891565
0 0.3625 0.13566448665676908 0.020833333333333332 0.032341828735063353
0 0.53125 0.15596663274411562 0.027083333333333334 0.03475271068891565
0 0.21145833333333333 0.11733206166089308 0.027083333333333334 0.03891937735558238
0 0.41875 0.14277909090810684 0.03333333333333333 0.045496925976101346
0 0.6520833333333333 0.1716742394074831 0.020833333333333332 0.032341828735063353
0 0.6677083333333333 0.1735347776254473 0.016666666666666666 0.0175401296547174
0 0.8947916666666667 0.20210237750430457 0.022916666666666665 0.03661767827523631
0 0.35520833333333335 0.13528234659949692 0.01875 0.028065979194890348
0 0.965625 0.21310626187018666 0.00625 0.025327548620519023
0 0.8260416666666667 0.19433267601192883 0.025 0.030476861148742707
0 0.19270833333333334 0.11739108246600273 0.027083333333333334 0.03891937735558238
0 0.040625 0.09900406603337354 0.027083333333333334 0.034752710688915715
0 0.5583333333333333 0.046969343433031344 0.020833333333333332 0.032341828735063353
0 0.7510416666666667 0.06956875923236741 0.01875 0.028065979194890348
0 0.7354166666666667 0.0677082210144032 0.025 0.02631019448207604
0 0.06458333333333334 0.10442633574536307 0.027083333333333334 0.03891937735558238
0 0.2989583333333333 0.13233440901482585 0.025 0.030476861148742707
0 0.2375 0.12494684757972227 0.027083333333333334 0.03891937735558235
0 0.940625 0.21179606738811063 0.01875 0.028065979194890348
0 0.2604166666666667 0.12823119252162532 0.027083333333333334 0.03475271068891569
0 0.178125 0.11766846901812504 0.01875 0.028065979194890348
0 0.3875 0.14322468113884515 0.027083333333333334 0.03475271068891565
0 0.37083333333333335 0.14443455148412776 0.020833333333333332 0.032341828735063353
0 0.959375 0.21590371324966764 0.016666666666666666 0.0175401296547174
0 0.6177083333333333 0.17403938866129523 0.025 0.02631019448207604
0 0.34479166666666666 0.14098643223196525 0.027083333333333334 0.03475271068891565
0 0.6614583333333334 0.18154056233826163 0.016666666666666666 0.01754012965471734
0 0.07916666666666666 0.11039894919324075 0.020833333333333332 0.032341828735063353
0 0.7458333333333333 0.19117080204860154 0.016666666666666666 0.013373462988050732
0 0.39791666666666664 0.1500205955063768 0.020833333333333332 0.032341828735063353
0 0.7947916666666667 0.1989449329093338 0.01875 0.02389931252822374
0 0.16770833333333332 0.12337255465059335 0.020833333333333332 0.032341828735063353
0 0.8802083333333334 0.21071309738976024 0.0125 0.017321763907704717
0 0.71875 0.19079309135968586 0.027083333333333334 0.034752710688915715
0 0.4322916666666667 0.15598877958589802 0.01875 0.028065979194890407
0 0.7385416666666667 0.19495532865799606 0.014583333333333334 0.023680946781211
0 0.47291666666666665 0.03624284561927157 0.025 0.02422686114874269
0 0.5135416666666667 0.16858024498597846 0.025 0.030476861148742707
0 0.5635416666666667 0.1774506339501305 0.025 0.030476861148742707
0 0.4739583333333333 0.16650577038935807 0.01875 0.028065979194890407
0 0.7739583333333333 0.2020197708409371 0.01875 0.028065979194890407
0 0.10416666666666667 0.12108414367531678 0.027083333333333334 0.034752710688915715
0 0.7864583333333334 0.20684153474864175 0.01875 0.028065979194890407
0 0.5458333333333333 0.04423091285865999 0.01875 0.023899312528223682
0 0.8114583333333333 0.0769017292307178 0.01875 0.023899312528223682
0 0.134375 0.12683396200782535 0.01875 0.028065979194890348
0 0.153125 0.128858274536049 0.027083333333333334 0.03891937735558235
0 0.9208333333333333 0.22325883008980044 0.020833333333333332 0.032341828735063353
0 0.8270833333333333 0.213137267448682 0.027083333333333334 0.034752710688915715
0 0.859375 0.2179546019880302 0.027083333333333334 0.03475271068891565
0 0.5177083333333333 0.17504861073299113 0.016666666666666666 0.0175401296547174
0 0.18125 0.1344989099950512 0.029166666666666667 0.026528560229088723
0 0.6739583333333333 0.06032065957929964 0.020833333333333332 0.032341828735063353
0 0.675 0.1978752510160528 0.01875 0.028065979194890348
0 0.6302083333333334 0.1913611525689999 0.025 0.030476861148742707
0 0.4875 0.17659045906714924 0.027083333333333334 0.038919377355582326
0 0.9447916666666667 0.23284776646845665 0.01875 0.028065979194890407
0 0.7135416666666666 0.20510346750925335 0.027083333333333334 0.034752710688915715
0 0.4041666666666667 0.16701481079356248 0.01875 0.028065979194890348
0 0.59375 0.19257545228263903 0.01875 0.028065979194890407
0 0.253125 0.1507657191310198 0.020833333333333332 0.032341828735063353
0 0.45 0.17462516734403521 0.01875 0.023899312528223682
0 0.7479166666666667 0.21315498492210788 0.020833333333333332 0.032341828735063353
0 0.9583333333333334 0.23772412181291447 0.022916666666666665 0.03661767827523631
0 0.29375 0.15706145183106 0.027083333333333334 0.03475271068891565
0 0.6572916666666667 0.2011138632579156 0.027083333333333334 0.038919377355582326
0 0.05 0.1265787222974854 0.016666666666666666 0.01754012965471737
0 0.5677083333333334 0.1922523330304765 0.01875 0.023899312528223682
0 0.38229166666666664 0.17003505728841262 0.027083333333333334 0.038919377355582326
0 0.03125 0.1276794097692617 0.022916666666666665 0.03661767827523636
0 0.759375 0.21583882405972607 0.01875 0.028065979194890348
0 0.8010416666666667 0.22114748152985278 0.01875 0.028065979194890348
0 0.8166666666666667 0.226133019747817 0.027083333333333334 0.03475271068891565
0 0.9052083333333333 0.23702329187183624 0.027083333333333334 0.03891937735558238
0 0.6114583333333333 0.20079517337410957 0.01875 0.028065979194890348
0 0.4708333333333333 0.1840503294124319 0.025 0.02631019448207604
0 0.8416666666666667 0.22952654756322632 0.027083333333333334 0.034752710688915715
0 0.7895833333333333 0.2247136423922346 0.016666666666666666 0.0175401296547174
0 0.13958333333333334 0.1448152525249245 0.020833333333333332 0.032341828735063353
0 0.5208333333333334 0.1918790517099173 0.01875 0.023899312528223682
0 0.21666666666666667 0.15510501884465894 0.01875 0.028065979194890348
0 0.3614583333333333 0.17519322855334926 0.020833333333333332 0.032341828735063353
0 0.06770833333333333 0.13792344338895593 0.025 0.030476861148742648
0 0.9364583333333333 0.24595270164109795 0.01875 0.028065979194890407
0 0.24375 0.16069106286690796 0.025 0.02631019448207604
0 0.353125 0.17371483039265725 0.022916666666666665 0.03661767827523636
0 0.37083333333333335 0.17568455148412776 0.022916666666666665 0.03661767827523636
0 0.6020833333333333 0.20447051710999772 0.027083333333333334 0.038919377355582326
0 0.271875 0.16529003165924347 0.027083333333333334 0.038919377355582326
0 0.3104166666666667 0.17043491481911072 0.01875 0.028065979194890348
0 0.446875 0.18800305970044237 0.025 0.030476861148742707
0 0.9635416666666666 0.2536220789966803 0.020833333333333332 0.03442516206839663
0 0.578125 0.2052982473980082 0.027083333333333334 0.034752710688915715
0 0.09791666666666667 0.14679826172146446 0.027083333333333334 0.034752710688915715
0 0.23541666666666666 0.1644209980395493 0.027083333333333334 0.034752710688915715
0 0.18125 0.15741557666171788 0.027083333333333334 0.03891937735558238
0 0.428125 0.18910374717221867 0.03333333333333333 0.045496925976101346
0 0.19479166666666667 0.16125026533950906 0.020833333333333332 0.032341828735063353
0 0.321875 0.17728542062339556 0.027083333333333334 0.034752710688915715
0 0.4125 0.18828487562092114 0.01875 0.028065979194890348
0 0.052083333333333336 0.1433545718376584 0.01875 0.023899312528223682
0 0.13020833333333334 0.153698929594146 0.020833333333333332 0.032341828735063353
0 0.171875 0.15796592039760604 0.01875 0.028065979194890348
0 0.534375 0.20613040705437513 0.027083333333333334 0.034752710688915715
0 0.85625 0.244874161011104 0.016666666666666666 0.027956796321384005
0 0.20625 0.16601743781046058 0.022916666666666665 0.03661767827523636
0 0.03854166666666667 0.14368654982653387 0.022916666666666665 0.03661767827523636
0 0.875 0.2500234735393277 0.016666666666666666 0.027956796321384068
0 0.6760416666666667 0.2250131757861393 0.022916666666666665 0.03661767827523636
0 0.603125 0.056608441880084216 0.020833333333333332 0.032341828735063353
0 0.7 0.22835211216479548 0.025 0.030476861148742648
0 0.8885416666666667 0.2507331622171189 0.027083333333333334 0.03891937735558238
0 0.5083333333333333 0.20684895446887927 0.01875 0.02389931252822374
0 0.628125 0.2214603030288269 0.027083333333333334 0.03891937735558238
0 0.34270833333333334 0.18671058269179225 0.025 0.030476861148742707
0 0.7552083333333334 0.2374954583127134 0.025 0.030476861148742707
0 0.475 0.20301869515944457 0.025 0.030476861148742648
0 0.3 0.18134733378491236 0.027083333333333334 0.03891937735558238
0 0.740625 0.23777284486483571 0.020833333333333332 0.032341828735063353
0 0.5635416666666667 0.2159923006167972 0.027083333333333334 0.03475271068891565
0 0.5177083333333333 0.21046527739965779 0.025 0.026310194482075982
0 0.8666666666666667 0.25375340871196905 0.020833333333333332 0.032341828735063353
0 0.5729166666666666 0.05294195688090902 0.01875 0.023899312528223682
0 0.396875 0.1978826707362903 0.03333333333333333 0.04966359264276801
0 0.928125 0.26322430348040593 0.01875 0.028065979194890348
0 0.278125 0.1843675802797625 0.027083333333333334 0.03891937735558238
0 0.6604166666666667 0.23044430423484177 0.01875 0.023899312528223682
0 0.8229166666666666 0.25250223503500263 0.01875 0.028065979194890348
0 0.7822916666666667 0.2472481690016291 0.022916666666666665 0.03661767827523636
0 0.43020833333333336 0.039212930045725014 0.03125 0.028721076435928368
0 0.840625 0.2565552894598065 0.025 0.02631019448207604
0 0.1375 0.17178940298475148 0.025 0.02631019448207604
0 0.4375 0.2104284034363305 0.027083333333333334 0.03891937735558238
0 0.36770833333333336 0.20260411050720162 0.025 0.030476861148742648
0 0.9635416666666666 0.273413745663347 0.01875 0.02806597919489029
0 0.246875 0.18689650384383413 0.020833333333333332 0.032341828735063353
0 0.6114583333333333 0.23308684004077623 0.027083333333333334 0.034752710688915715
0 0.7989583333333333 0.25749663198967976 0.027083333333333334 0.03891937735558238
0 0.23541666666666666 0.18733766470621596 0.020833333333333332 0.032341828735063353
0 0.03229166666666667 0.16315066787268154 0.025 0.030476861148742707
0 0.4083333333333333 0.21202484320724183 0.01875 0.028065979194890348
0 0.07708333333333334 0.1707064329864011 0.020833333333333332 0.032341828735063353
0 0.09270833333333334 0.17256697120436526 0.01875 0.028065979194890348
0 0.465625 0.21815237222866604 0.027083333333333334 0.038919377355582326
0 0.30833333333333335 0.19949239861227103 0.025 0.02631019448207604
0 0.85 0.08829661239058502 0.020833333333333332 0.032341828735063353
0 0.5229166666666667 0.2274049012500903 0.01875 0.023899312528223682
0 0.9697916666666667 0.2851996276171993 0.0125 0.029821763907704715
0 0.052083333333333336 0.17147957183765838 0.025 0.02631019448207604
0 0.909375 0.27682499095218227 0.025 0.030476861148742766
0 0.7010416666666667 0.07111503693488201 0.01875 0.023899312528223682
0 0.634375 0.24574618498267928 0.025 0.02631019448207604
0 0.35208333333333336 0.21116023895590408 0.027083333333333334 0.03891937735558238
0 0.590625 0.24241167797237956 0.020833333333333332 0.032341828735063353
0 0.11041666666666666 0.18391169229583582 0.027083333333333334 0.038919377355582326
0 0.665625 0.06717559475194097 0.01875 0.028065979194890348
0 0.9333333333333333 0.2874555939975051 0.027083333333333334 0.038919377355582443
0 0.09791666666666667 0.18533992838813113 0.016666666666666666 0.01754012965471734
0 0.5479166666666667 0.24017342906549966 0.020833333333333332 0.032341828735063353
0 0.37916666666666665 0.21987128297815312 0.027083333333333334 0.038919377355582326
0 0.865625 0.2786988172752159 0.029166666666666667 0.04319522689575545
0 0.178125 0.1947518023514584 0.027083333333333334 0.038919377355582326
0 0.6760416666666667 0.25834650911947266 0.025 0.02631019448207604
0 0.6947916666666667 0.2603708216476963 0.027083333333333334 0.03891937735558238
0 0.5041666666666667 0.23683892205519994 0.027083333333333334 0.03891937735558238
0 0.26875 0.208876257348984 0.025 0.02631019448207604
0 0.7583333333333333 0.2689092326229729 0.022916666666666665 0.036617678275236425
0 0.521875 0.23880864314667044 0.022916666666666665 0.01578434494190303
0 0.203125 0.20022866350020108 0.027083333333333334 0.03891937735558238
0 0.95625 0.29490660560607485 0.027083333333333334 0.038919377355582443
0 0.4791666666666667 0.23657039423979057 0.027083333333333334 0.034752710688915715
0 0.840625 0.2794719561264732 0.03333333333333333 0.045496925976101346
0 0.18645833333333334 0.2024802005121504 0.020833333333333332 0.032341828735063353
0 0.24270833333333333 0.20959480476348816 0.029166666666666667 0.026528560229088664
0 0.15 0.19744450022578952 0.027083333333333334 0.03891937735558238
0 0.4875 0.2401321257338159 0.027083333333333334 0.038919377355582326
0 0.771875 0.2769105879674308 0.027083333333333334 0.038919377355582326
0 0.5729166666666666 0.2519002902142424 0.027083333333333334 0.034752710688915715
0 0.5583333333333333 0.251136010099698 0.016666666666666666 0.027956796321384005
0 0.315625 0.22070787200287653 0.027083333333333334 0.038919377355582326
0 0.7229166666666667 0.27121979044003186 0.03333333333333333 0.04966359264276801
0 0.7 0.26897711216479553 0.020833333333333332 0.032341828735063416
0 0.13645833333333332 0.20090147821466503 0.03125 0.039137743102595005
0 0.7114583333333333 0.27061928463574697 0.020833333333333332 0.032341828735063416
0 0.9666666666666667 0.3027441866402731 0.025 0.03672686114874277
0 0.33958333333333335 0.2250884750481994 0.027083333333333334 0.038919377355582326
0 0.05520833333333333 0.1935183461479179 0.025 0.02631019448207604
0 0.9052083333333333 0.29639829187183625 0.025 0.030476861148742766
0 0.28854166666666664 0.22137182798062752 0.027083333333333334 0.03891937735558238
0 0.6604166666666667 0.2669026375681751 0.027083333333333334 0.038919377355582326
0 0.10104166666666667 0.19800370269839063 0.020833333333333332 0.032341828735063353
0 0.325 0.22849086160032173 0.022916666666666665 0.03661767827523631
0 0.6135416666666667 0.26340435624761593 0.022916666666666665 0.0199510116085697
0 0.45625 0.2468277159645542 0.020833333333333332 0.032341828735063353
0 0.44479166666666664 0.2451855434936027 0.027083333333333334 0.038919377355582326
0 0.634375 0.2686628516493459 0.025 0.030476861148742766
0 0.03854166666666667 0.19785321649320053 0.027083333333333334 0.038919377355582326
0 0.7895833333333333 0.29033864239223467 0.020833333333333332 0.032341828735063416
0 0.5260416666666666 0.2598603422270165 0.03125 0.0349710764359284
0 0.6760416666666667 0.2781381757861393 0.027083333333333334 0.03475271068891577
0 0.36770833333333336 0.2411457771738683 0.027083333333333334 0.03475271068891565
0 0.9208333333333333 0.30763383008980044 0.022916666666666665 0.03661767827523631
0 0.2760416666666667 0.23217506407292282 0.03333333333333333 0.045496925976101346
0 0.46979166666666666 0.25795407130901205 0.022916666666666665 0.019951011608569758
0 0.12604166666666666 0.21598056384713332 0.025 0.02631019448207604
0 0.20833333333333334 0.2286266206839669 0.027083333333333334 0.03475271068891565
0 0.40208333333333335 0.2512806279200561 0.022916666666666665 0.01995101160856964
0 0.23020833333333332 0.2339397075224501 0.027083333333333334 0.03475271068891565
0 0.171875 0.22567425373093938 0.027083333333333334 0.034752710688915715
0 0.5666666666666667 0.27448940826039003 0.027083333333333334 0.03475271068891577
0 0.6572916666666667 0.04694719659124895 0.010416666666666666 0.006795914367531678
0 0.31875 0.03753831297980271 0.022916666666666665 0.011617678275236364
0 0.91875 0.10231631388296077 0.01875 0.023899312528223682
0 0.24270833333333333 0.23667813809682145 0.025 0.030476861148742707
0 0.6166666666666667 0.2833597972245421 0.022916666666666665 0.036617678275236425
0 0.028125 0.21084896879233556 0.025 0.030476861148742648
0 0.084375 0.2169219063770066 0.025 0.02631019448207604
0 0.8 0.3054678900930996 0.01875 0.028065979194890407
0 0.44166666666666665 0.26064676918334323 0.029166666666666667 0.03069522689575539
0 0.8864583333333333 0.31833231267694584 0.027083333333333334 0.03475271068891577
0 0.3697916666666667 0.03917162671404128 0.01875 0.019732645861557017
0 0.13645833333333332 0.22902647821466499 0.016666666666666666 0.027956796321384005
0 0.8635416666666667 0.3171313010683762 0.03333333333333333 0.045496925976101464
0 0.5447916666666667 0.28063465475524013 0.025 0.030476861148742766
0 0.7458333333333333 0.30575413538193497 0.016666666666666666 0.0175401296547174
0 0.8197916666666667 0.31483846072474314 0.025 0.0263101944820761
0 0.42083333333333334 0.26580494044827985 0.025 0.042976861148742704
0 0.159375 0.2364774898232347 0.027083333333333334 0.034752710688915715
0 0.121875 0.23138719810012062 0.025 0.026310194482075982
0 0.48125 0.27626291044663026 0.016666666666666666 0.027956796321384068
0 0.903125 0.3264974423316633 0.03125 0.03913774310259512
0 0.4083333333333333 0.26723317654057516 0.01875 0.023899312528223624
0 0.190625 0.24019856625916305 0.03125 0.039137743102595005
0 0.29375 0.2518531184977267 0.029166666666666667 0.04319522689575539
0 0.057291666666666664 0.22591919568809088 0.027083333333333334 0.03475271068891565
0 0.35625 0.26242027136958346 0.027083333333333334 0.03891937735558238
0 0.31145833333333334 0.25798950625586387 0.025 0.030476861148742707
0 0.3875 0.2692663478055118 0.027083333333333334 0.038919377355582326
0 0.35625 0.03846193803625009 0.01875 0.01764931252822368
0 0.6364583333333333 0.06773036785618558 0.025 0.030476861148742707
0 0.8385416666666666 0.32415443991963344 0.027083333333333334 0.038919377355582443
0 0.784375 0.3192323518751355 0.027083333333333334 0.03475271068891577
0 0.46979166666666666 0.28087073797567874 0.027083333333333334 0.038919377355582326
0 0.43333333333333335 0.2758350376893179 0.027083333333333334 0.03475271068891565
0 0.6854166666666667 0.30675449871691784 0.027083333333333334 0.03475271068891565
0 0.20729166666666668 0.24940536258054707 0.025 0.030476861148742648
0 0.58125 0.298170355041601 0.01875 0.028065979194890407
0 0.5354166666666667 0.29160166515779495 0.025 0.030476861148742648
0 0.9270833333333334 0.10379471204365277 0.016666666666666666 0.01754012965471734
0 0.9708333333333333 0.3456708857206191 0.022916666666666665 0.030367678275236423
0 0.628125 0.3027103030288269 0.025 0.030476861148742766
0 0.3385416666666667 0.2698255502781129 0.025 0.030476861148742766
0 0.3729166666666667 0.2737104010243007 0.01875 0.028065979194890407
0 0.32708333333333334 0.27026671114049466 0.016666666666666666 0.03212346298805073
0 0.084375 0.24088023971033992 0.025 0.042976861148742704
0 0.6625 0.3128451537750148 0.027083333333333334 0.03475271068891565
0 0.4895833333333333 0.291282975273989 0.022916666666666665 0.015784344941903092
0 0.559375 0.30119060153645116 0.025 0.030476861148742766
0 0.036458333333333336 0.2383690336196942 0.025 0.030476861148742648
0 0.7510416666666667 0.3279020925657007 0.020833333333333332 0.032341828735063416
0 0.40520833333333334 0.284777735563649 0.027083333333333334 0.03475271068891565
0 0.12291666666666666 0.2501917895368738 0.027083333333333334 0.034752710688915715
0 0.6427083333333333 0.31701624981003795 0.01875 0.028065979194890407
0 0.7416666666666667 0.3294941029682556 0.027083333333333334 0.03475271068891577
0 0.5895833333333333 0.3100654198689597 0.025 0.030476861148742766
0 0.2520833333333333 0.2694611276942666 0.025 0.030476861148742766
0 0.453125 0.295622274987628 0.027083333333333334 0.038919377355582443
0 0.815625 0.3396200949777305 0.03125 0.039137743102595005
0 0.4864583333333333 0.2994525342970628 0.022916666666666665 0.019951011608569758
0 0.9385416666666667 0.3543952178479376 0.027083333333333334 0.03475271068891577
0 0.38333333333333336 0.28883964872516577 0.027083333333333334 0.03475271068891565
0 0.19479166666666667 0.2664585986728424 0.025 0.026310194482075982
0 0.878125 0.35227058118292054 0.025 0.030476861148742648
0 0.046875 0.25037328132055925 0.01875 0.028065979194890407
0 0.3802083333333333 0.04075920774823962 0.020833333333333332 0.02609182873506336
0 0.5354166666666667 0.310351665157795 0.025 0.030476861148742648
0 0.946875 0.3600402826752963 0.022916666666666665 0.036617678275236425
0 0.6947916666666667 0.3312041549810297 0.027083333333333334 0.03475271068891577
0 0.5635416666666667 0.3159923006167972 0.025 0.0263101944820761
0 0.6208333333333333 0.32316149630488805 0.029166666666666667 0.03069522689575533
0 0.23541666666666666 0.27483766470621596 0.027083333333333334 0.03475271068891565
0 0.43854166666666666 0.30214966153975037 0.025 0.030476861148742766
0 0.284375 0.2836534622336148 0.01875 0.028065979194890407
0 0.9177083333333333 0.3637200557795409 0.027083333333333334 0.038919377355582326
0 0.3104166666666667 0.28918491481911074 0.027083333333333334 0.03475271068891577
0 0.8458333333333333 0.354744913310239 0.027083333333333334 0.038919377355582443
0 0.16458333333333333 0.27320878034033386 0.020833333333333332 0.032341828735063416
0 0.7333333333333333 0.34364070480756354 0.025 0.030476861148742766
0 0.171875 0.2756742537309394 0.025 0.030476861148742648
0 0.8833333333333333 0.10150187170001972 0.01875 0.023899312528223682
0 0.5864583333333333 0.3276099788920335 0.025 0.030476861148742766
0 0.9270833333333334 0.36941971204365276 0.01875 0.028065979194890407
0 0.5260416666666666 0.32027700889368316 0.025 0.0263101944820761
0 0.15 0.27452783355912286 0.029166666666666667 0.047361893562422
0 0.029166666666666667 0.26194522689575533 0.025 0.030476861148742707
0 0.340625 0.3001430664849526 0.029166666666666667 0.047361893562422
0 0.790625 0.09143490049565445 0.016666666666666666 0.027956796321384005
0 0.20520833333333333 0.28262951304037404 0.027083333333333334 0.03475271068891577
0 0.9645833333333333 0.37763500376676684 0.027083333333333334 0.038919377355582326
0 0.6729166666666667 0.34359940147587975 0.03125 0.03497107643592846
0 0.48854166666666665 0.3224783838372358 0.025 0.030476861148742766
0 0.265625 0.29517081637205783 0.03333333333333333 0.045496925976101464
0 0.765625 0.3567913726802451 0.025 0.0263101944820761
0 0.7197916666666667 0.3512643494631057 0.020833333333333332 0.032341828735063416
0 0.11979166666666667 0.2781530152266143 0.03125 0.03913774310259512
0 0.49895833333333334 0.0553159648714341 0.01875 0.028065979194890348
0 0.521875 0.05755864314667046 0.01875 0.028065979194890362
0 0.29583333333333334 0.03946230137123303 0.01875 0.013482645861557015
0 0.3541666666666667 0.30918608849607715 0.03333333333333333 0.045496925976101464
0 0.2947916666666667 0.3008660432678132 0.027083333333333334 0.038919377355582443
0 0.4125 0.31849320895425454 0.03333333333333333 0.04966359264276801
0 0.5572916666666666 0.3364980853296115 0.020833333333333332 0.032341828735063416
0 0.09583333333333334 0.2789807455146248 0.020833333333333332 0.032341828735063416
0 0.425 0.3191483061952925 0.025 0.030476861148742766
0 0.8989583333333333 0.37732074325131726 0.027083333333333334 0.03475271068891565
0 0.390625 0.042346788782437965 0.01875 0.028065979194890348
0 0.5322916666666667 0.0591462241808688 0.01875 0.028065979194890362
0 0.590625 0.06637001130571288 0.027083333333333334 0.0347527106889157
0 0.5416666666666666 0.3367208804449806 0.027083333333333334 0.03475271068891577
0 0.06770833333333333 0.27750677672228924 0.03125 0.039137743102595005
0 0.6145833333333334 0.34575061435103577 0.025 0.030476861148742766
0 0.6614583333333334 0.3534155623382616 0.03333333333333333 0.045496925976101346
0 0.08229166666666667 0.28243772350350027 0.020833333333333332 0.032341828735063416
0 0.43125 0.04760085481581152 0.016666666666666666 0.017540129654717355
0 0.7041666666666667 0.3608621445784748 0.025 0.030476861148742648
0 0.790625 0.37164323382898784 0.01875 0.03639931252822374
0 0.834375 0.37706107417262086 0.027083333333333334 0.03475271068891565
0 0.50625 0.3390314382620396 0.016666666666666666 0.03212346298805073
0 0.38645833333333335 0.3233784230354253 0.03333333333333333 0.045496925976101346
0 0.4510416666666667 0.33197142544745506 0.03125 0.03497107643592834
0 0.9354166666666667 0.39277311020434474 0.025 0.030476861148742766
0 0.5708333333333333 0.34866610734073605 0.029166666666666667 0.030695226895755448
0 0.6489583333333333 0.3590104650972236 0.03125 0.03913774310259512
0 0.8708333333333333 0.3852217744589817 0.03333333333333333 0.045496925976101346
0 0.7802083333333333 0.3773473194614561 0.029166666666666667 0.04319522689575545
0 0.325 0.32119919493365506 0.029166666666666667 0.04319522689575533
0 0.17291666666666666 0.3028121785010259 0.03125 0.03497107643592834
0 0.08645833333333333 0.29203108925051297 0.01875 0.028065979194890407
0 0.23541666666666666 0.3102543313728826 0.027083333333333334 0.03475271068891565
0 0.521875 0.34610030981333717 0.03125 0.03913774310259512
0 0.7604166666666666 0.3752684154964792 0.027083333333333334 0.03475271068891577
0 0.246875 0.31085483717716744 0.025 0.030476861148742766
0 0.034375 0.28930151741285454 0.025 0.030476861148742766
0 0.5489583333333333 0.0631446871689195 0.027083333333333334 0.0347527106889157
0 0.41458333333333336 0.04672739182776083 0.025 0.030476861148742693
0 0.9822916666666667 0.40460472485823734 0.0125 0.027738430574371382
0 0.9770833333333333 0.4032901010078048 0.01875 0.02389931252822374
0 0.11770833333333333 0.29783549901977463 0.020833333333333332 0.032341828735063416
0 0.30833333333333335 0.32136739861227104 0.027083333333333334 0.03475271068891577
0 0.20833333333333334 0.31195995401730026 0.03125 0.03913774310259512
0 0.89375 0.3978811194008847 0.029166666666666667 0.026528560229088782
0 0.8770833333333333 0.10325765641283405 0.01875 0.028065979194890348
0 0.7385416666666667 0.08662199532466272 0.020833333333333332 0.032341828735063353
0 0.8635416666666667 0.10150630106837619 0.016666666666666666 0.01754012965471734
0 0.8125 0.3884146540008043 0.027083333333333334 0.038919377355582326
0 0.15208333333333332 0.30797034976596255 0.027083333333333334 0.03475271068891565
0 0.5927083333333333 0.36127086084588583 0.025 0.030476861148742766
0 0.6875 0.3745720149237575 0.025 0.030476861148742766
0 0.44895833333333335 0.34852890924061536 0.025 0.030476861148742648
0 0.10625 0.3055683265488231 0.01875 0.028065979194890407
0 0.5833333333333334 0.36702953791510734 0.025 0.0263101944820761
0 0.725 0.3848706399802049 0.027083333333333334 0.03475271068891577
0 0.26875 0.3286679240156507 0.029166666666666667 0.04736189356242212
0 0.46770833333333334 0.05576155510217239 0.01875 0.023899312528223696
0 0.5760416666666667 0.06873073119116851 0.01875 0.023899312528223682
0 0.94375 0.4130015083650368 0.027083333333333334 0.038919377355582443
0 0.019791666666666666 0.3031205706316436 0.01875 0.028065979194890407
0 0.04895833333333333 0.3067324641940656 0.025 0.030476861148742766
0 0.30104166666666665 0.33973525855499886 0.025 0.0263101944820761
0 0.21875 0.3291725350514986 0.0375 0.041548625056447366
0 0.24791666666666667 0.3327844286139206 0.01875 0.02389931252822374
0 0.6822916666666666 0.3867990577399916 0.025 0.030476861148742766
0 0.6520833333333333 0.3852159060741498 0.025 0.0263101944820761
0 0.28229166666666666 0.33979427936010853 0.035416666666666666 0.05393944218294102
0 0.8927083333333333 0.4144931946307982 0.025 0.030476861148742766
0 0.44895833333333335 0.36207057590728203 0.025 0.026310194482075982
0 0.8322916666666667 0.4102852246324478 0.027083333333333334 0.03475271068891565
0 0.18854166666666666 0.33175605005232345 0.025 0.0263101944820761
0 0.7322916666666667 0.3987944467041437 0.01875 0.02389931252822374
0 0.13020833333333334 0.32453226292747933 0.027083333333333334 0.03475271068891565
0 0.153125 0.3278166078693823 0.027083333333333334 0.03475271068891577
0 0.33541666666666664 0.3529951093011867 0.022916666666666665 0.036617678275236425
0 0.809375 0.09762587969054479 0.020833333333333332 0.032341828735063353
0 0.6166666666666667 0.38752646389120876 0.027083333333333334 0.038919377355582443
0 0.17083333333333334 0.3339529956275195 0.022916666666666665 0.03661767827523631
0 0.057291666666666664 0.3207108623547576 0.025 0.030476861148742766
0 0.9833333333333333 0.4359093162949905 0.01875 0.03848264586155707
0 0.346875 0.3588039484388049 0.027083333333333334 0.038919377355582443
0 0.48854166666666665 0.3756033838372358 0.022916666666666665 0.019951011608569758
0 0.584375 0.38791746268519384 0.03125 0.022471076435928456
0 0.09270833333333334 0.32777530453769865 0.03125 0.03913774310259512
0 0.6333333333333333 0.3936082602125927 0.027083333333333334 0.038919377355582443
0 0.3572916666666667 0.3624748628063366 0.020833333333333332 0.032341828735063416
0 0.7145833333333333 0.40619972561267315 0.027083333333333334 0.03475271068891577
0 0.39166666666666666 0.3694847135525245 0.03333333333333333 0.045496925976101464
0 0.7760416666666666 0.41567062038111013 0.029166666666666667 0.04736189356242212
0 0.6520833333333333 0.4029242394074831 0.025 0.030476861148742766
0 0.01875 0.3249409791948904 0.022916666666666665 0.036617678275236425
0 0.2989583333333333 0.3594177423481592 0.03125 0.039137743102595005
0 0.684375 0.40982490728016463 0.01875 0.028065979194890407
0 0.515625 0.39160609452615147 0.029166666666666667 0.047361893562422
0 0.6229166666666667 0.07639567917839442 0.01875 0.028065979194890348
0 0.303125 0.04088610809517186 0.014583333333333334 0.01743094678121103
0 0.4635416666666667 0.3847098560218264 0.01875 0.028065979194890407
0 0.140625 0.3448698439616777 0.03125 0.03913774310259512
0 0.190625 0.35374023292582973 0.027083333333333334 0.038919377355582326
0 0.534375 0.39571374038770846 0.052083333333333336 0.06314623850432509
0 0.8510416666666667 0.4341845371606715 0.027083333333333334 0.038919377355582443
0 0.9208333333333333 0.4430504967564671 0.029166666666666667 0.04319522689575533
0 0.58125 0.40442035504160095 0.022916666666666665 0.019951011608569758
0 0.75 0.0924308344622809 0.027083333333333334 0.034752710688915715
0 0.44479166666666664 0.3868522101602693 0.03333333333333333 0.04966359264276801
0 0.73125 0.42373985526739055 0.027083333333333334 0.03475271068891577
0 0.046875 0.34099828132055926 0.027083333333333334 0.03475271068891577
0 0.25 0.36518527815409363 0.029166666666666667 0.04736189356242212
0 0.8927083333333333 0.44470152796413154 0.027083333333333334 0.038919377355582443
0 0.815625 0.43753676164439714 0.027083333333333334 0.038919377355582443
0 0.22291666666666668 0.36480756746517795 0.03125 0.03913774310259512
0 0.06041666666666667 0.34483296999835045 0.025 0.0263101944820761
0 0.8072916666666666 0.4371000301503718 0.016666666666666666 0.027956796321384068
0 0.6197916666666666 0.4126902382014682 0.025 0.030476861148742648
0 0.4895833333333333 0.39857464194065556 0.03125 0.039137743102595005
0 0.09791666666666667 0.35096492838813115 0.022916666666666665 0.036617678275236425
0 0.115625 0.3539763161462683 0.03125 0.03913774310259512
0 0.6697916666666667 0.4236439604989536 0.027083333333333334 0.038919377355582443
0 0.2375 0.37182184757972225 0.020833333333333332 0.032341828735063416
0 0.9791666666666666 0.4638159505479778 0.027083333333333334 0.038919377355582443
0 0.9708333333333333 0.4623375523872858 0.025 0.042976861148742766
0 0.7020833333333333 0.43054462837163515 0.03333333333333333 0.045496925976101346
0 0.7927083333333333 0.4415440833691608 0.029166666666666667 0.04319522689575533
0 0.4625 0.4034052645850732 0.025 0.030476861148742766
0 0.8260416666666667 0.10370767601192883 0.016666666666666666 0.013373462988050673
0 0.38125 0.39602213251832613 0.03333333333333333 0.04966359264276801
0 0.28229166666666666 0.38354427936010843 0.029166666666666667 0.04319522689575545
0 0.575 0.42180113975441536 0.025 0.030476861148742648
0 0.30833333333333335 0.39011739861227107 0.025 0.0263101944820761
0 0.225 0.04095841700535094 0.027083333333333334 0.0097527106889157
0 0.9395833333333333 0.4659081426180241 0.03333333333333333 0.045496925976101346
0 0.18020833333333333 0.37506931855829806 0.027083333333333334 0.038919377355582443
0 0.4041666666666667 0.4034731441268959 0.022916666666666665 0.036617678275236425
0 0.6822916666666666 0.43679905773999167 0.029166666666666667 0.03069522689575533
0 0.6510416666666666 0.43516131463739666 0.025 0.030476861148742766
0 0.165625 0.376388371777087 0.025 0.030476861148742766
0 0.35104166666666664 0.39860564751915095 0.03333333333333333 0.045496925976101464
0 0.8572916666666667 0.46159541911452384 0.029166666666666667 0.04319522689575533
0 0.5145833333333333 0.4217598364227316 0.03125 0.05163774310259501
0 0.06354166666666666 0.36583007764194325 0.029166666666666667 0.026528560229088664
0 0.017708333333333333 0.3613447210914706 0.025 0.030476861148742766
0 0.41770833333333335 0.4125161661380203 0.03333333333333333 0.04966359264276813
0 0.3104166666666667 0.04126824815244404 0.01875 0.019732645861557017
0 0.3541666666666667 0.04564442182941043 0.01875 0.023899312528223682
0 0.50625 0.06507310492870627 0.025 0.026310194482076023
0 0.7635416666666667 0.4535571898067387 0.027083333333333334 0.03475271068891577
0 0.6260416666666667 0.44010112015532055 0.025 0.030476861148742766
0 0.5572916666666666 0.43128975199627817 0.01875 0.02389931252822374
0 0.9916666666666667 0.48426271445568253 0.010416666666666666 0.02554591436753171
0 0.146875 0.3837390592488633 0.029166666666666667 0.04319522689575533
0 0.10520833333333333 0.3784304017787366 0.03333333333333333 0.045496925976101346
0 0.21145833333333333 0.3912903949942264 0.03125 0.03497107643592834
0 0.26458333333333334 0.03782455826863798 0.016666666666666666 0.007123462988050689
0 0.7052083333333333 0.09008340268189467 0.025 0.02631019448207604
0 0.7322916666666667 0.45712778003747706 0.025 0.030476861148742766
0 0.259375 0.40005160108487214 0.03333333333333333 0.04966359264276801
0 0.365625 0.4118699276336953 0.029166666666666667 0.026528560229088664
0 0.6083333333333333 0.4443813990638501 0.027083333333333334 0.03475271068891577
0 0.496875 0.43124844866459444 0.03125 0.039137743102595005
0 0.47291666666666665 0.42790951228593826 0.025 0.030476861148742766
0 0.4510416666666667 0.42572142544745506 0.029166666666666667 0.04319522689575533
0 0.875 0.4812734735393277 0.029166666666666667 0.026528560229088664
0 0.525 0.43897241745693 0.035416666666666666 0.05393944218294114
0 0.309375 0.4151719900490242 0.022916666666666665 0.036617678275236425
0 0.56875 0.4464735911338964 0.025 0.030476861148742766
0 0.665625 0.45780059475194096 0.027083333333333334 0.038919377355582326
0 0.9885416666666667 0.4976406068120897 0.01875 0.02389931252822374
0 0.06770833333333333 0.38479844338895586 0.027083333333333334 0.03475271068891577
0 0.23541666666666666 0.40504599803954927 0.029166666666666667 0.04319522689575533
0 0.921875 0.4910217548598869 0.027083333333333334 0.038919377355582326
0 0.43854166666666666 0.43548299487308373 0.03333333333333333 0.045496925976101464
0 0.48020833333333335 0.4397499856765438 0.0375 0.03946529172311415
0 0.6229166666666667 0.4597290125117277 0.016666666666666666 0.0175401296547174
0 0.9447916666666667 0.4984727664684566 0.025 0.0263101944820761
0 0.5375 0.45004418136463464 0.029166666666666667 0.047361893562422
0 0.7 0.4721021121647955 0.03333333333333333 0.045496925976101346
0 0.16354166666666667 0.4054458555702473 0.027083333333333334 0.038919377355582443
0 0.20520833333333333 0.4159628463737074 0.03125 0.03497107643592846
0 0.47708333333333336 0.06458621136628424 0.01875 0.028065979194890348
0 0.9770833333333333 0.5105817676744715 0.027083333333333334 0.038919377355582443
0 0.33125 0.43090174355417404 0.025 0.042976861148742766
0 0.021875 0.3959380868384832 0.027083333333333334 0.038919377355582326
0 0.034375 0.3976348507461879 0.029166666666666667 0.04319522689575545
0 0.9 0.5034170013547371 0.027083333333333334 0.038919377355582443
0 0.6364583333333333 0.4729387011895189 0.029166666666666667 0.04319522689575545
0 0.8677083333333333 0.5017246668153889 0.01875 0.028065979194890407
0 0.7197916666666667 0.09605601612977237 0.01875 0.023899312528223682
0 0.05416666666666667 0.4017970880444981 0.029166666666666667 0.030695226895755448
0 0.065625 0.4065642605154496 0.027083333333333334 0.03475271068891565
0 0.3177083333333333 0.43748372154304954 0.0375 0.041548625056447366
0 0.9458333333333333 0.5131106912385431 0.01875 0.028065979194890407
0 0.375 0.4425695838978071 0.03333333333333333 0.045496925976101464
0 0.965625 0.51831459520352 0.025 0.030476861148742766
0 0.7583333333333333 0.4928675659563062 0.029166666666666667 0.04736189356242212
0 0.88125 0.5107676888265134 0.029166666666666667 0.04319522689575533
0 0.35833333333333334 0.44690445424308983 0.027083333333333334 0.038919377355582443
0 0.10520833333333333 0.41488873511207 0.03125 0.039137743102595005
0 0.7927083333333333 0.4988357500358274 0.020833333333333332 0.032341828735063416
0 0.6114583333333333 0.47996184004077624 0.025 0.030476861148742766
0 0.8416666666666667 0.5076515475632263 0.029166666666666667 0.04319522689575545
0 0.4114583333333333 0.45593861751750125 0.029166666666666667 0.04319522689575545
0 0.14375 0.4221169516052706 0.027083333333333334 0.03475271068891577
0 0.4895833333333333 0.4673246419406556 0.029166666666666667 0.03069522689575533
0 0.559375 0.4751489348697845 0.03125 0.039137743102595005
0 0.990625 0.5279581230189294 0.01875 0.04473264586155708
0 0.42916666666666664 0.45999167194230517 0.03125 0.05163774310259501
0 0.17291666666666666 0.4278121785010259 0.029166666666666667 0.03069522689575533
0 0.7416666666666667 0.4982441029682556 0.027083333333333334 0.03475271068891577
0 0.8114583333333333 0.5071100625640511 0.025 0.030476861148742766
0 0.22916666666666666 0.4359684494190303 0.03125 0.03913774310259512
0 0.78125 0.5076102442315427 0.029166666666666667 0.04736189356242212
0 0.396875 0.46038267073629036 0.03125 0.03913774310259512
0 0.8520833333333333 0.5165307952640913 0.016666666666666666 0.027956796321384068
0 0.19375 0.4372373405694226 0.025 0.030476861148742648
0 0.6895833333333333 0.09238953113059716 0.025 0.030476861148742675
0 0.490625 0.07050423337740876 0.027083333333333334 0.034752710688915715
0 0.6885416666666667 0.498584939693844 0.03125 0.03913774310259512
0 0.275 0.449828805969503 0.03125 0.039137743102595005
0 0.08333333333333333 0.42624231494025344 0.027083333333333334 0.038919377355582326
0 0.9166666666666666 0.5313737976761211 0.027083333333333334 0.038919377355582326
0 0.9583333333333334 0.5377241218129145 0.03125 0.03913774310259489
0 0.459375 0.477199823608147 0.03125 0.03913774310259512
0 0.6270833333333333 0.5005723782587403 0.03333333333333333 0.045496925976101464
0 0.953125 0.12703449796248198 0.014583333333333334 0.036180946781211
0 0.39895833333333336 0.05840852027646331 0.01875 0.023899312528223696
0 0.9052083333333333 0.12035662520516957 0.027083333333333334 0.034752710688915715
0 0.14375 0.4429502849386039 0.025 0.030476861148742766
0 0.8260416666666667 0.5266243426785955 0.025 0.030476861148742648
0 0.8791666666666667 0.535658505953007 0.022916666666666665 0.019951011608569758
0 0.25729166666666664 0.4593174182113658 0.027083333333333334 0.038919377355582326
0 0.49895833333333334 0.49177429820476737 0.029166666666666667 0.030695226895755448
0 0.04895833333333333 0.4390241308607322 0.029166666666666667 0.04319522689575545
0 0.6729166666666667 0.5154744014758798 0.022916666666666665 0.019951011608569758
0 0.7395833333333334 0.5241765867614159 0.029166666666666667 0.03069522689575533
0 0.5239583333333333 0.4962094926868435 0.025 0.030476861148742766
0 0.37916666666666665 0.48028794964481974 0.03125 0.03913774310259512
0 0.7645833333333333 0.10361178124349192 0.025 0.02631019448207601
0 0.78125 0.10552691089820927 0.020833333333333332 0.032341828735063353
0 0.16666666666666666 0.4545679632138402 0.027083333333333334 0.03475271068891577
0 0.7177083333333333 0.5230301665895993 0.03125 0.03913774310259512
0 0.1875 0.45982645861557025 0.01875 0.028065979194890407
0 0.8854166666666666 0.545361054573526 0.025 0.030476861148742766
0 0.9791666666666666 0.5596492838813112 0.027083333333333334 0.03475271068891577
0 0.8041666666666667 0.5431862558401123 0.027083333333333334 0.03475271068891577
0 0.6010416666666667 0.5169159256732445 0.027083333333333334 0.038919377355582443
0 0.29791666666666666 0.4801964842447394 0.03125 0.039137743102595005
0 0.9270833333333334 0.12566971204365276 0.01875 0.028065979194890348
0 0.041666666666666664 0.4490586574701267 0.027083333333333334 0.038919377355582326
0 0.09375 0.4559548959744518 0.029166666666666667 0.04736189356242212
0 0.12916666666666668 0.45989433815739283 0.029166666666666667 0.03069522689575533
0 0.565625 0.5129764834903036 0.027083333333333334 0.038919377355582443
0 0.4 0.4959631117132165 0.03125 0.03913774310259512
0 0.7833333333333333 0.542094427105049 0.027083333333333334 0.034752710688915535
0 0.33958333333333335 0.4875884750481994 0.029166666666666667 0.03069522689575533
0 0.24479166666666666 0.47532898763699444 0.027083333333333334 0.03475271068891577
0 0.31875 0.48545497964646944 0.022916666666666665 0.036617678275236425
0 0.903125 0.5577474423316633 0.027083333333333334 0.03475271068891577
0 0.20833333333333334 0.47133495401730024 0.027083333333333334 0.038919377355582443