0 0.6614583333333334 0.2833333333333333 0.029166666666666667 0.058333333333333334
0 0.6208333333333333 0.2791666666666667 0.041666666666666664 0.06041666666666667
0 0.07083333333333333 0.1625 0.03125 0.0625
0 0.6145833333333334 0.03958333333333333 0.046875 0.058333333333333334
0 0.10416666666666667 0.17708333333333334 0.0375 0.05625
0 0.14895833333333333 0.19375 0.03125 0.04583333333333333
0 0.18125 0.20833333333333334 0.03333333333333333 0.05
0 0.6739583333333333 0.3145833333333333 0.052083333333333336 0.0625
0 0.20833333333333334 0.22291666666666668 0.0375 0.05625
0 0.421875 0.27708333333333335 0.040625 0.052083333333333336
0 0.7354166666666667 0.35833333333333334 0.05 0.07083333333333333
0 0.7885416666666667 0.37916666666666665 0.05 0.075
0 0.8229166666666666 0.4010416666666667 0.04583333333333333 0.075
0 0.4583333333333333 0.3260416666666667 0.041666666666666664 0.05625
0 0.8541666666666666 0.4125 0.052083333333333336 0.07916666666666666
0 0.42083333333333334 0.33125 0.03333333333333333 0.028125
0 0.051041666666666666 0.26458333333333334 0.0375 0.07291666666666667
0 0.809375 0.09479166666666666 0.04583333333333333 0.07083333333333333
0 0.14895833333333333 0.3145833333333333 0.0375 0.05625
0 0.49166666666666664 0.3875 0.040625 0.06458333333333334
0 0.11354166666666667 0.3072916666666667 0.03333333333333333 0.05
0 0.9333333333333333 0.48333333333333334 0.046875 0.07916666666666666
0 0.9489583333333333 0.4895833333333333 0.03958333333333333 0.078125
0 0.5145833333333333 0.396875 0.041666666666666664 0.07291666666666667
0 0.06770833333333333 0.30416666666666664 0.03958333333333333 0.059375
0 0.41875 0.38125 0.046875 0.0625
0 0.9666666666666667 0.5 0.05625 0.103125
0 0.5375 0.41354166666666664 0.03125 0.06666666666666667
0 0.5854166666666667 0.43020833333333336 0.0375 0.05625
0 0.175 0.34791666666666665 0.041666666666666664 0.06041666666666667
0 0.24791666666666667 0.3802083333333333 0.04375 0.065625
0 0.209375 0.37395833333333334 0.0375 0.05625
0 0.6145833333333334 0.46041666666666664 0.05 0.075
0 0.5447916666666667 0.4552083333333333 0.05416666666666667 0.07708333333333334
0 0.9791666666666666 0.55 0.041666666666666664 0.0875
0 0.6625 0.48333333333333334 0.05 0.075
0 0.30625 0.42083333333333334 0.034375 0.041666666666666664
0 0.27291666666666664 0.4354166666666667 0.035416666666666666 0.06458333333333334
0 0.8447916666666667 0.11458333333333333 0.046875 0.058333333333333334
0 0.29791666666666666 0.46875 0.03958333333333333 0.059375
0 0.35208333333333336 0.48541666666666666 0.040625 0.06458333333333334
0 0.027083333333333334 0.42083333333333334 0.028125 0.053125
0 0.04791666666666667 0.43333333333333335 0.040625 0.06458333333333334
0 0.7770833333333333 0.5875 0.0625 0.06875
0 0.3770833333333333 0.5114583333333333 0.052083333333333336 0.07916666666666666
0 0.7020833333333333 0.5875 0.04583333333333333 0.07083333333333333
0 0.4895833333333333 0.55 0.046875 0.035416666666666666
0 0.9697916666666667 0.6635416666666667 0.027083333333333334 0.0625
0 0.75 0.6270833333333333 0.058333333333333334 0.090625
0 0.3020833333333333 0.015625 0.040625 0.03125
0 0.27708333333333335 0.015625 0.041666666666666664 0.03125
0 0.1625 0.5166666666666667 0.04791666666666667 0.06666666666666667
0 0.478125 0.590625 0.03958333333333333 0.059375
0 0.428125 0.58125 0.04375 0.065625
0 0.08125 0.5125 0.03333333333333333 0.05416666666666667
0 0.13541666666666666 0.5458333333333333 0.041666666666666664 0.07291666666666667
0 0.48333333333333334 0.6270833333333333 0.041666666666666664 0.03958333333333333
0 0.7854166666666667 0.6927083333333334 0.06458333333333334 0.06041666666666667
0 0.7 0.6822916666666666 0.059375 0.09583333333333334
0 0.503125 0.6604166666666667 0.052083333333333336 0.07916666666666666
0 0.23125 0.013541666666666667 0.040625 0.027083333333333334
0 0.32708333333333334 0.022916666666666665 0.03333333333333333 0.04583333333333333
0 0.17916666666666667 0.6166666666666667 0.04375 0.065625
0 0.5208333333333334 0.6895833333333333 0.035416666666666666 0.06875
0 0.45416666666666666 0.684375 0.05 0.075
0 0.21041666666666667 0.6354166666666666 0.04583333333333333 0.07083333333333333
0 0.259375 0.6520833333333333 0.041666666666666664 0.05625
0 0.7760416666666666 0.7625 0.06666666666666667 0.09166666666666666
0 0.35625 0.029166666666666667 0.0375 0.052083333333333336
0 0.5291666666666667 0.7197916666666667 0.05 0.07083333333333333
0 0.5604166666666667 0.7354166666666667 0.06041666666666667 0.08333333333333333
0 0.8302083333333333 0.8041666666666667 0.059375 0.09583333333333334
0 0.2677083333333333 0.6895833333333333 0.05 0.075
0 0.008333333333333333 0.6447916666666667 0.015625 0.07916666666666666
0 0.03333333333333333 0.66875 0.05625 0.06458333333333334
0 0.4979166666666667 0.8020833333333334 0.07708333333333334 0.09791666666666667
0 0.290625 0.7729166666666667 0.052083333333333336 0.040625
0 0.022916666666666665 0.7333333333333333 0.04583333333333333 0.0875
0 0.709375 0.8833333333333333 0.058333333333333334 0.10625
0 0.5645833333333333 0.8614583333333333 0.06041666666666667 0.06041666666666667
0 0.815625 0.921875 0.075 0.10625
0 0.30520833333333336 0.815625 0.06666666666666667 0.075
0 0.07916666666666666 0.7770833333333333 0.04791666666666667 0.06666666666666667
0 0.7458333333333333 0.928125 0.08333333333333333 0.10416666666666667
0 0.8875 0.9666666666666667 0.05 0.06666666666666667
0 0.2520833333333333 0.8677083333333333 0.06041666666666667 0.08333333333333333
0 0.20104166666666667 0.8697916666666666 0.07708333333333334 0.05416666666666667
0 0.5354166666666667 0.9447916666666667 0.07916666666666666 0.11041666666666666
0 0.029166666666666667 0.8395833333333333 0.058333333333333334 0.07291666666666667
0 0.07916666666666666 0.8625 0.07083333333333333 0.084375
0 0.7583333333333333 0.9770833333333333 0.084375 0.04583333333333333
0 0.7020833333333333 0.9833333333333333 0.075 0.03333333333333333
0 0.6197916666666666 0.9791666666666666 0.08333333333333333 0.040625
0 0.40208333333333335 0.9520833333333333 0.0625 0.07291666666666667
0 0.19375 0.9145833333333333 0.09166666666666666 0.06666666666666667
0 0.44375 0.9697916666666667 0.07916666666666666 0.06041666666666667
0 0.06354166666666666 0.896875 0.065625 0.04375
0 0.4270833333333333 0.075 0.041666666666666664 0.05625
0 0.25833333333333336 0.9458333333333333 0.058333333333333334 0.029166666666666667
0 0.371875 0.065625 0.05 0.07083333333333333
0 0.48333333333333334 0.09166666666666666 0.041666666666666664 0.06041666666666667
0 0.6041666666666666 0.12395833333333334 0.041666666666666664 0.06041666666666667
0 0.5697916666666667 0.11666666666666667 0.03958333333333333 0.059375
0 0.515625 0.11458333333333333 0.03958333333333333 0.059375
0 0.6479166666666667 0.15833333333333333 0.035416666666666666 0.06458333333333334
0 0.49583333333333335 0.009375 0.03333333333333333 0.01875
0 0.15104166666666666 0.06145833333333333 0.028125 0.04791666666666667
0 0.16458333333333333 0.06666666666666667 0.035416666666666666 0.046875
0 0.09791666666666667 0.05520833333333333 0.041666666666666664 0.07291666666666667
0 0.7395833333333334 0.19583333333333333 0.034375 0.059375
0 0.6666666666666666 0.184375 0.04375 0.065625
0 0.7645833333333333 0.21041666666666667 0.04583333333333333 0.07083333333333333
0 0.22916666666666666 0.10208333333333333 0.028125 0.053125
0 0.8885416666666667 0.24375 0.058333333333333334 0.07291666666666667
0 0.9416666666666667 0.25833333333333336 0.04583333333333333 0.075
0 0.40208333333333335 0.15 0.040625 0.06875
0 0.2520833333333333 0.12083333333333333 0.0375 0.05625
0 0.5916666666666667 0.25416666666666665 0.040625 0.06458333333333334
0 0.5708333333333333 0.030208333333333334 0.046875 0.058333333333333334