0 0.12260891964480987 0.1505871357158479 0.07082624375136692 0.10479979183762739
0 0.95279780304157 0.1584163110245975 0.06534024770569952 0.12329512385284976
0 0.7171034736625693 0.1675313722671796 0.08591891305425534 0.1178940171354417
0 0.549117477616902 0.1794053366781853 0.08341113307962615 0.1073924611405158
0 0.41446481490456816 0.19263753034133804 0.08183713571584784 0.11980757181225664
0 0.02281405338349142 0.25363433596955515 0.030348027680328887 0.1322686719391103
0 0.8687552707726404 0.2652251812402487 0.07784024770569951 0.12380445982240497
0 0.2417338320400098 0.2667143821034366 0.0818371357158479 0.1198075718122567
0 0.45331422859309156 0.04862931756557728 0.05871179051951643 0.06270867852966475
0 0.5002139493023051 0.30636488081011304 0.0835809117361445 0.11155912780718254
0 0.6545698445620634 0.34281257977049673 0.06449135442310781 0.10246179051951643
0 0.34874074641237607 0.3917072925214702 0.08226158235714381 0.13022423847892337
0 0.9913341525217618 0.4660669849408741 0.01733169495647644 0.06794000659055446
0 0.8396168696061704 0.4689055066649166 0.09659024770569952 0.12456846377673768
0 0.15585554484055794 0.48160191766764354 0.08625847036729214 0.12622735046877503
0 0.6534061146756484 0.5694714664625342 0.09025535837744059 0.12223046245862672
0 0.9056326871469603 0.6598240745228404 0.1010964716854031 0.13307157576658948
0 0.5519523617222925 0.6828504440546489 0.09709958367525479 0.13706846377673756
0 0.32080670098712477 0.7015102839537494 0.08226158235714381 0.13022423847892337
0 0.27918257181225664 0.08833116932767583 0.06840335310499684 0.09638156917603483
0 0.07964582549903003 0.7551198992140908 0.07826469434699555 0.1342211264890717
0 0.7135273946750649 0.8454246990099584 0.12027091832669896 0.14425224638758868
0 0.4678178505431371 0.8894895356137816 0.10590335310499685 0.09790957708470008
0 0.25282952050508106 0.8963284901389557 0.08388156917603483 0.0678940171354417
0 0.016169691051718303 0.11609189130542555 0.027246022407885286 0.10718378261085108