0 0.46365078925077735 0.2396112240610881 0.11632124895835123 0.17415299734775685
0 0.37768809101407963 0.22924231116060376 0.05461093325804036 0.07974846934012092
0 0.05914064893952806 0.19326589422872698 0.04247495430472773 0.08585301867175729
0 0.257582799774121 0.2403362880330894 0.07174241391818548 0.12366816178654502
0 0.28355352256528743 0.2572938560364832 0.07137839287149804 0.11741816178654503
0 0.3267266698920992 0.3015165707086647 0.08632574725151881 0.12383785423296925
0 0.9606681630177112 0.3912383423509032 0.07866367396457766 0.17185148801187822
0 0.09352495060871406 0.2831886124549087 0.09316190159389302 0.16971967112242367
0 0.23013447336223394 0.3409900862507866 0.08215908058485215 0.12378937067684793
0 0.7372935539470862 0.46972477965199555 0.14326269454068427 0.20777723201781745
0 0.6232655538529699 0.5672892107468448 0.10946454721387226 0.16366360534690852
0 0.19546348009544776 0.6393423751326051 0.1048125191516224 0.15528178845745397
0 0.8173330665537272 0.1281800516655707 0.09635784546939329 0.15310148801187826
0 0.5241393718248106 0.11644074851472405 0.09478042093374792 0.1260181546785449
0 0.9228745998305908 0.18874289879053976 0.1052978805472056 0.1636151217907873
0 0.9919895929091446 0.2146156028007211 0.016020814181710818 0.0982075680033938
0 0.6896019366717053 0.18706948631442 0.09635784546939329 0.15310148801187828
0 0.41865753669052863 0.16413850938890653 0.07959038585593561 0.1154317955654541
0 0.839146424347413 0.23461186500102515 0.07137839287149793 0.11741816178654509
0 0.6069863717306945 0.21629602763629932 0.08901578232933123 0.13427876267769648
0 0.20541922089610143 0.16686206047102908 0.07590908058485214 0.12371664534266623
0 0.15449889457833058 0.16835147024187788 0.06452169112701907 0.10692876978569661