0 0.33645833333333336 0.153125 0.084375 0.11041666666666666
0 0.8833333333333333 0.25416666666666665 0.09583333333333334 0.121875
0 0.06666666666666667 0.14791666666666667 0.052083333333333336 0.13333333333333333
0 0.16458333333333333 0.16458333333333333 0.0875 0.134375
0 0.5708333333333333 0.253125 0.075 0.109375
0 0.7229166666666667 0.3333333333333333 0.07916666666666666 0.084375
0 0.8197916666666667 0.36041666666666666 0.07083333333333333 0.10416666666666667
0 0.44166666666666665 0.303125 0.08125 0.12083333333333333
0 0.4708333333333333 0.03333333333333333 0.0625 0.06666666666666667
0 0.8447916666666667 0.42604166666666665 0.08541666666666667 0.09375
0 0.7885416666666667 0.07916666666666666 0.07708333333333334 0.0875
0 0.675 0.42916666666666664 0.09375 0.14375
0 0.3729166666666667 0.3854166666666667 0.09583333333333334 0.12708333333333333
0 0.5052083333333334 0.40729166666666666 0.075 0.109375
0 0.13958333333333334 0.353125 0.08958333333333333 0.1125
0 0.36041666666666666 0.03125 0.08125 0.0625
0 0.9635416666666666 0.11354166666666667 0.07291666666666667 0.10208333333333333
0 0.978125 0.5385416666666667 0.04375 0.15208333333333332
0 0.8291666666666667 0.5260416666666666 0.103125 0.11875
0 0.5666666666666667 0.5666666666666667 0.090625 0.12708333333333333
0 0.014583333333333334 0.4791666666666667 0.029166666666666667 0.13125
0 0.18125 0.5145833333333333 0.08333333333333333 0.12916666666666668
0 0.35208333333333336 0.5635416666666667 0.0875 0.12916666666666668
0 0.778125 0.6354166666666666 0.121875 0.12708333333333333
0 0.7354166666666667 0.09479166666666666 0.06875 0.1
0 0.225 0.034375 0.084375 0.06875
0 0.9479166666666666 0.7291666666666666 0.065625 0.15833333333333333
0 0.6708333333333333 0.7458333333333333 0.10833333333333334 0.14166666666666666
0 0.7729166666666667 0.7916666666666666 0.1125 0.14166666666666666
0 0.027083333333333334 0.7135416666666666 0.053125 0.14583333333333334
0 0.35104166666666664 0.7958333333333333 0.10416666666666667 0.15416666666666667
0 0.834375 0.9041666666666667 0.15625 0.140625
0 0.15 0.8166666666666667 0.1 0.096875
0 0.0875 0.04479166666666667 0.05625 0.08958333333333333