0 0.9046211047898165 0.4814381769541075 0.02193689460070279 0.02744698051933791
0 0.9720517754108158 0.499024505958893 0.02193689460070279 0.02744698051933791
0 0.9162067721155386 0.48436317100180504 0.019683782610851117 0.023243949134070855
0 0.9447562187568346 0.49428891396736563 0.019514003954332775 0.01907728246740407
0 0.9900572213930564 0.5060070725174559 0.013179114626073367 0.016884854978269342
0 0.8827036601256869 0.48077833983274565 0.006674446641295854 0.010525760822468063
0 0.8354891028126502 0.47326321266792254 0.017176002636221693 0.012790917748803565
0 0.9565541094032047 0.5024222413483964 0.019514003954332775 0.01907728246740407
0 0.8639112154615572 0.48006395563348303 0.013179114626073367 0.01688485497826946
0 0.854451326133298 0.4781442635338518 0.017176002636221693 0.012790917748803565
0 0.07313061596897177 0.28538557413461996 0.019683782610851058 0.023243949134070737
0 0.47325086037939407 0.38368461093386713 0.013179114626073603 0.01688485497826946
0 0.8228617688202614 0.4703564009795252 0.017176002636221693 0.012790917748803565
0 0.4901297503667088 0.38860202651839687 0.013179114626073603 0.016884854978269342
0 0.7892737675021505 0.46468823647713253 0.010841113307962757 0.010598490259668953
0 0.8093201021535947 0.4705927716504282 0.017176002636221693 0.012790917748803565
0 0.7408477648659287 0.45302462500494295 0.026018671939110286 0.025436376623205467
0 0.5018427516848196 0.3946520205660944 0.010841113307962521 0.010598490259668953
0 0.8409945487948906 0.48046396753808807 0.008927558631147766 0.014728792207735117
0 0.7630623221789655 0.4609761287929715 0.019514003954332775 0.01907728246740407
0 0.885211440100316 0.4911586417808119 0.008927558631147766 0.014728792207735117
0 0.8483286601256869 0.4813783576896532 0.013179114626073367 0.01688485497826946
0 0.4176605250688945 0.3752732759767792 0.010841113307962521 0.010598490259668953
0 0.7946518794920022 0.468763991347298 0.010841113307962521 0.010598490259668953
0 0.6777535395681143 0.43953223322962315 0.010841113307962757 0.010598490259668835
0 0.9053426640800197 0.4991465102874409 0.013179114626073367 0.01688485497826946
0 0.6820475402271698 0.44258450379242226 0.004336445323185009 0.004239396103867676
0 0.4462099717101904 0.38519901894233965 0.013179114626073485 0.01688485497826946
0 0.9801074460318152 0.5176472294437915 0.015432226615925042 0.021087886363536514
0 0.6925915408862252 0.44552768019941996 0.006674446641295854 0.010525760822468063
0 0.4577531943717829 0.3870823463233706 0.019514003954332657 0.01907728246740407
0 0.7758169901637431 0.4670079404813688 0.008927558631147766 0.014728792207735117
0 0.7126378755376696 0.4514322153727157 0.02193689460070279 0.02744698051933791
0 0.8717122180977791 0.4924366791183815 0.02635822925214697 0.0337697099565388
0 0.7011370975402066 0.4505905546583515 0.010841113307962757 0.010598490259668953
0 0.40524541439715367 0.3775747976217152 0.013179114626073603 0.01688485497826946
0 0.5789879796188557 0.4204080416705112 0.019514003954332775 0.01907728246740407
0 0.4315417490485978 0.38337023863920955 0.006674446641295854 0.010525760822468063
0 0.3557353004301356 0.3648877018421592 0.019514003954332775 0.01907728246740407
0 0.9391428887187785 0.510023008123167 0.019514003954332775 0.01907728246740407
0 0.9275572213930564 0.5070980140754695 0.019683782610851117 0.023243949134070737
0 0.5674023122931336 0.4174830476228137 0.019514003954332775 0.01907728246740407
0 0.7328539888456321 0.46150341721267807 0.019514003954332775 0.01907728246740407
0 0.4748443076797455 0.3972080952412336 0.004336445323185009 0.004239396103867676
0 0.9160564433955934 0.5062563533611053 0.02193689460070279 0.02744698051933791
0 0.14732062255952627 0.31536280898360414 0.013179114626073485 0.01688485497826946
0 0.8455007727745941 0.4887245714342205 0.004336445323185009 0.004239396103867558
0 0.6875105415452808 0.4487435919959212 0.010841113307962757 0.010598490259668835
0 0.5432742003032819 0.4137345752200522 0.019514003954332775 0.01907728246740407
0 0.42008341571526453 0.38357024459151207 0.019514003954332775 0.01907728246740407
0 0.48747164167213436 0.4001149069296309 0.01067133465144418 0.006431823593002288
0 0.30843585378883964 0.35528924134400275 0.019683782610851117 0.023243949134070737
0 0.2400908504935624 0.3408460946985175 0.013179114626073485 0.01688485497826946
0 0.9583173353600745 0.5201123923224296 0.02618845059562863 0.029603043289872132
0 0.09372873125410072 0.30483177597458233 0.015432226615925219 0.021087886363536514
0 0.8203309941180758 0.48499428139075923 0.013179114626073367 0.01688485497826946
0 0.6602149848912994 0.4440080000043937 0.013179114626073603 0.01688485497826946
0 0.5949525369318924 0.42846863961434106 0.019514003954332775 0.01907728246740407
0 0.8919283314057417 0.5025078809583439 0.02193689460070279 0.02744698051933791
0 0.856214552090168 0.4958344145078849 0.026018671939110286 0.025436376623205467
0 0.8372947734336494 0.49199503030862235 0.0066744466412960906 0.010525760822468063
0 0.6234595389090588 0.437352715913235 0.019514003954332775 0.01907728246740407
0 0.3718271917355611 0.3760732997859891 0.01717600263622181 0.012790917748803565
0 0.2823092977939138 0.3536604669931751 0.02618845059562863 0.029603043289872132
0 0.6498407628887624 0.44523149026406267 0.019514003954332775 0.01907728246740407
0 0.5297749783007449 0.4150126125576218 0.004336445323185009 0.004239396103867558
0 0.7782823254742427 0.47634657576276834 0.0066744466412960906 0.010525760822468063
0 0.4444661956898938 0.39356871699427354 0.008927558631147647 0.014728792207735117
0 0.8278773287695199 0.4911170048756576 0.013179114626073367 0.01688485497826946
0 0.7478193241561317 0.47062386418247487 0.019514003954332775 0.01907728246740407
0 0.9916798900121021 0.5320123744655221 0.016640219975795862 0.02324394913407062
0 0.8090424394412606 0.4893609540097284 0.02618845059562863 0.029603043289872014
0 0.5426145356137816 0.42312775757935245 0.010841113307962757 0.010598490259668835
0 0.46151486433372685 0.4026527992454699 0.019514003954332775 0.01907728246740407
0 0.4373018630156159 0.3968209935093751 0.010841113307962521 0.010598490259668953
0 0.6373832075528919 0.4464913452423321 0.019683782610851117 0.023243949134070737
0 0.703729766843095 0.46305418993975106 0.010841113307962757 0.010598490259668953
0 0.5236523122931337 0.4182467067134232 0.01084111330796264 0.010598490259668835
0 0.4278419736873567 0.39490130140974383 0.01084111330796264 0.010598490259668953
0 0.6679310981992619 0.45429739015595877 0.019514003954332775 0.01907728246740407
0 0.9796600046629629 0.5322487451364251 0.02618845059562863 0.029603043289872132
0 0.5668275369318925 0.4289595633154472 0.019514003954332775 0.01907728246740419
0 0.611044428237318 0.43965423755817107 0.019514003954332775 0.01907728246740407
0 0.37833185972033867 0.3822142056301878 0.01717600263622181 0.012790917748803565
0 0.7659521041307611 0.48073143074103775 0.02618845059562863 0.029603043289872132
0 0.8385911080850937 0.4982268479493221 0.010841113307962521 0.010598490259668953
0 0.4921476443083561 0.41254217749242994 0.01084111330796264 0.010598490259668835
0 0.5142773122931337 0.4184103479471252 0.019514003954332775 0.01907728246740407
0 0.40683886169750505 0.39109828192908164 0.019514003954332775 0.01907728246740407
0 0.3595818597203387 0.38254148809759186 0.019514003954332775 0.01907728246740407
0 0.4533088649927823 0.40592325811987173 0.019514003954332775 0.01907728246740419
0 0.7386989921409094 0.4770375054161769 0.019514003954332775 0.01907728246740419
0 0.48068931097502277 0.4127421834447325 0.019683782610851117 0.023243949134070737
0 0.3901297503667088 0.39034753301121866 0.017176002636221693 0.012790917748803565
0 0.23743274179898796 0.35235897510975156 0.013179114626073485 0.01688485497826946
0 0.3501219703920795 0.3806217959979606 0.019683782610851117 0.023243949134070737
0 0.3322863030663574 0.3778058961060644 0.019514003954332775 0.01907728246740407
0 0.7535369934590203 0.4830329523859737 0.019514003954332775 0.01907728246740419
0 0.581920206234781 0.441205010285244 0.02193689460070279 0.02744698051933791
0 0.2869853004301356 0.3660877375559741 0.02618845059562863 0.029603043289872014
0 0.2543965211145618 0.3593597240276145 0.019514003954332657 0.01907728246740407
0 0.41130264101307884 0.39831721915854745 0.019514003954332775 0.01907728246740407
0 0.6809404341688172 0.4665792018443561 0.026018671939110286 0.02543637662320535
0 0.4724408669699487 0.4149709756524676 0.019514003954332775 0.01907728246740407
0 0.5293275369318926 0.4296141282502554 0.019683782610851117 0.023243949134070737
0 0.3124097470714315 0.3760680275994354 0.008927558631147647 0.014728792207735117
0 0.9294477813423149 0.5279131650495026 0.022106673257221134 0.031613647186004575
0 0.5967157628887623 0.4461587905883742 0.019514003954332775 0.01907728246740407
0 0.4977379796188558 0.42182626569592885 0.010841113307962521 0.010598490259668953
0 0.8548527780470376 0.5135791125598187 0.026018671939110286 0.02543637662320535
0 0.7147831034717055 0.47849736634674883 0.010841113307962757 0.010598490259668835
0 0.10399506920082222 0.3265431347408803 0.02618845059562863 0.029603043289872132
0 0.790674441418427 0.4990632364771325 0.034691562585480305 0.03391516883094058
0 0.9444131166528146 0.5370336120192994 0.022106673257221134 0.031613647186004575
0 0.43160364364930065 0.41047175433184313 0.019514003954332775 0.01907728246740407
0 0.3662987510257642 0.3938907272751238 0.013179114626073485 0.01688485497826946
0 0.13262940517037736 0.3385522110397742 0.03503111989851711 0.042248502164273914
0 0.2189374097837655 0.35893625757715564 0.02618845059562863 0.029603043289872014
0 0.39059664167213437 0.40180586634455195 0.01067133465144418 0.006431823593002288
0 0.5360444282373181 0.4409633674277874 0.02618845059562863 0.029603043289872014
0 0.5118314269192071 0.43513156169169254 0.019683782610851117 0.023243949134070737
0 0.3790958636746714 0.4009642056301878 0.019514003954332657 0.01907728246740419
0 0.7424182174387236 0.4915662916716096 0.019514003954332775 0.01907728246740407
0 0.2633240797457094 0.3737975984865461 0.02193689460070279 0.02744698051933791
0 0.6223524328507062 0.46134741396516876 0.019683782610851117 0.023243949134070737
0 0.7277924394412608 0.49077917803514615 0.019683782610851117 0.023243949134070737
0 0.564593874878614 0.4508891103933479 0.026018671939110286 0.025436376623205467
0 0.29183108172287575 0.3826816747854399 0.026018671939110286 0.02543637662320535
0 0.8973258933321666 0.5326434848544763 0.026358229252147206 0.033769709956538684
0 0.8393975567035561 0.5180185146159887 0.02861134124199888 0.03797274134180597
0 0.7035369934590202 0.48390570563238466 0.026018671939110286 0.02543637662320535
0 0.3276721950308384 0.39248014123589886 0.019683782610851117 0.023243949134070737
0 0.14451218514500663 0.34876887175413834 0.02618845059562863 0.029603043289872014
0 0.18556163178630258 0.3584764264080962 0.02193689460070279 0.02744698051933791
0 0.4951647602525405 0.43542247944049617 0.019683782610851117 0.023243949134070737
0 0.4784132042576147 0.4336300638559665 0.013179114626073485 0.01688485497826946
0 0.8627811146756482 0.5290768360447171 0.02618845059562863 0.029603043289872132
0 0.3425950856772084 0.40055892153902906 0.019683782610851117 0.023243949134070737
0 0.6879968827872794 0.4862617743552214 0.019514003954332775 0.01907728246740407
0 0.5806008768557803 0.4599913750038445 0.019514003954332775 0.01907728246740407
0 0.2741227483895424 0.3829907748935438 0.030185338605776952 0.025509106060406357
0 0.463660092267763 0.429717950219503 0.019683782610851117 0.023243949134070737
0 0.762761664739075 0.504762493511572 0.02861134124199888 0.03797274134180585
0 0.6386141028126501 0.4766996785756653 0.02618845059562863 0.029603043289872014
0 0.15639496511963588 0.3589855324685025 0.02618845059562863 0.029603043289872132
0 0.2469545257279499 0.3813801829020163 0.02635822925214697 0.033769709956538684
0 0.6061102128253355 0.4720549983806391 0.02618845059562863 0.029603043289872132
0 0.9809757892509803 0.5645404118030918 0.030524895918813636 0.03384243939373969
0 0.5713956555122989 0.4643216829042132 0.019514003954332775 0.01907728246740407
0 0.20711652440983902 0.37582111255542494 0.019683782610851117 0.023243949134070737
0 0.37139920030328194 0.4167346645045896 0.02618845059562863 0.029603043289872132
0 0.42311998159602215 0.43251039556554516 0.022276451913739472 0.03578031385267124
0 0.3809864236239299 0.4217793566042209 0.019683782610851117 0.023243949134070737
0 0.40099031361124454 0.4266422251108499 0.041705566539813076 0.05277426298674186
0 0.35673097764168943 0.41490588420145946 0.02618845059562863 0.029603043289872132
0 0.08196974048087702 0.3488181466454853 0.02618845059562863 0.029603043289872014
0 0.5179310981992621 0.45691564989519146 0.03702956390359115 0.040201533549541084
0 0.43895720491667006 0.43744599350937513 0.028611341241998645 0.03797274134180585
0 0.3073481976670602 0.4053437884219034 0.026018671939110286 0.02543637662320535
0 0.23579330504352375 0.38887185552098547 0.03277800790866543 0.038045470779006746
0 0.10210096446058045 0.35680601515211424 0.030524895918813695 0.03384243939373969
0 0.7424376673752968 0.5176261406975765 0.02618845059562863 0.029603043289872014
0 0.5023485428633916 0.4582300519513615 0.02193689460070279 0.02744698051933791
0 0.2906815310003935 0.40563470617070707 0.028611341241998645 0.03797274134180597
0 0.9224726772611286 0.5613919572572378 0.03277800790866555 0.03804547077900698
0 0.06534551847833996 0.35015073106095557 0.0327780079086654 0.038045470779006746
0 0.580365658807576 0.4798012240298114 0.02618845059562863 0.029603043289872132
0 0.27076253034133807 0.40285517099741136 0.026018671939110286 0.025436376623205467
0 0.6814692200749454 0.505139050870323 0.02193689460070279 0.02744698051933791
0 0.8014925599988333 0.5343162619100972 0.0415357878832945 0.04860759632007519
0 0.3202726443083561 0.4155422667769674 0.02193689460070279 0.02744698051933791
0 0.4729696528760769 0.45353082467843453 0.02635822925214697 0.0337697099565388
0 0.9892552269702403 0.5861063116949878 0.021489546059519426 0.06319092965340853
0 0.845794340632518 0.5470942694861542 0.03277800790866555 0.038045470779006746
0 0.7710720033448519 0.5296352169964703 0.04995401054488724 0.05083638852781055
0 0.4530082075528919 0.4497096228384721 0.019683782610851117 0.023243949134070855
0 0.3066460883134302 0.413695304114537 0.02368067062099944 0.019150011904604962
0 0.5521557694793168 0.4782088143975842 0.02635822925214697 0.033769709956538684
0 0.15832796973302404 0.38084235010920225 0.028611341241998704 0.03797274134180597
0 0.18375241637432 0.3908226401526635 0.03936756522170217 0.046487898268141474
0 0.7040657793651486 0.5224655546583515 0.04821023452459059 0.05913335714254326
0 0.335535092267763 0.43195438041343087 0.030524895918813636 0.03384243939373969
0 0.96016190585422 0.590963908015063 0.035031119898517225 0.042248502164273796
0 0.8211338979455547 0.5558639794426931 0.0435342318883689 0.046560627705342486
0 0.6338921107213156 0.5143087727314667 0.022106673257221134 0.031613647186004575
0 0.6138882207340008 0.5094459042248377 0.037538899873146174 0.05270153354954109
0 0.089790193053672 0.38725071915635056 0.037029563903591266 0.040201533549541084
0 0.5047908834463348 0.4925868695920613 0.030864453231850556 0.04217577272707303
0 0.6501113360191298 0.5286193706752966 0.044043567857923925 0.059060627705342365
0 0.5848913327238526 0.5141216769519107 0.03753889987314641 0.05270153354954109
0 0.8630322378694425 0.5864048674299842 0.0415357878832945 0.04860759632007519
0 0.2459942035985592 0.434559729979917 0.041705566539813076 0.05277426298674186
0 0.35976754352244705 0.4638460351754926 0.044043567857923925 0.05906062770534248
0 0.2902535395681144 0.44629607088930745 0.041535787883294734 0.04860759632007519
0 0.336681098199262 0.4600793804134309 0.026018671939110286 0.025436376623205467
0 0.6663730059810739 0.5439716352857933 0.02861134124199888 0.037972741341805734
0 0.056881306361634625 0.3982492213206245 0.03469156258548036 0.03391516883094058
0 0.78031612456148 0.5774246071480355 0.05420556653981308 0.05299245129834465
0 0.3279003234970764 0.47482635498046627 0.038603561267369454 0.027737898268141475
0 0.4732207760698713 0.5108588560637017 0.04846490250936822 0.06538335714254326
0 0.22367176222970686 0.44954307521785536 0.030524895918813695 0.03384243939373969
0 0.5322332240292781 0.5265073106095556 0.03728423188836878 0.04645153354954097
0 0.8642631331292009 0.6166132007633176 0.0435342318883689 0.046560627705342486
0 0.9318211377425889 0.637324529768103 0.052631569176035 0.06545608657974403
0 0.20326287553766947 0.46032338907052656 0.030864453231850438 0.04217577272707303
0 0.8932794710759223 0.6379972770622115 0.04995401054488724 0.05083638852781055
0 0.4195210007086302 0.5232626720806467 0.030864453231850438 0.04217577272707303
0 0.2576612154615573 0.49064608874621496 0.04995401054488718 0.05083638852781043
0 0.16076676552498412 0.4662771991351692 0.04153578788329468 0.04860759632007531
0 0.7757214664625341 0.6181587013038368 0.06755445982240502 0.07404397294328077
0 0.12943187619672492 0.46473933658084265 0.030524895918813695 0.03384243939373969
0 0.04437776157065141 0.44954544101749433 0.05530912780718251 0.08007578463167798
0 0.8544601416969217 0.65743820671562 0.05896645850429394 0.06764851406887876
0 0.3156090020267411 0.5313309080106694 0.06138934915066419 0.07601821212081271
0 0.12825933074668627 0.51271055032541 0.04846490250936816 0.06538335714254326
0 0.5498071337882563 0.625229273271986 0.059645573130367543 0.08431518073554566
0 0.6846684750302551 0.6604019312815569 0.09591113307962615 0.10576671428508651
0 0.23667400861729557 0.5639809496767868 0.08349602240788533 0.10763185930681729
0 0.061847332064797166 0.5201242213206245 0.08583402372599619 0.11391822402541768
0 0.5701240415700681 0.7145216888565157 0.09123513044340446 0.09319398484788574
0 0.8498583940160095 0.8003283636419556 0.12209958367525478 0.13536975757495875
0 0.40753915224180887 0.7152748035740176 0.12052558631147647 0.14783339285635813
0 0.23347647964364315 0.6901680752178554 0.09017046904918123 0.11815762012928512
0 0.5127828406573054 0.8166361147218957 0.1305178063368473 0.13759854978269387
0 0.5851017372351744 0.8518580476228137 0.07108091173614449 0.10949700432854784
0 0.06712637556245685 0.7264287683985252 0.08077247432162483 0.14297579653628295