0 0.523003281976583 0.31013772877913875 0.035540455868072245 0.05591359264276801
0 0.85942271543677 0.275796612390585 0.047955566539813074 0.05448535655047273
0 0.1885168531297842 0.3664084366044457 0.06398201845355254 0.09066630333168367
0 0.5980457266407126 0.3151099788920335 0.03520089855503557 0.0475802593094348
0 0.7481536106965282 0.3001090705545762 0.04421334651444227 0.06468365747012671
0 0.694453835335287 0.3087286491767448 0.05314090514559003 0.07970372229748542
0 0.6180920612921568 0.3223972161903437 0.04421334651444227 0.06468365747012671
0 0.7225788353352871 0.3102026179690804 0.04187534519633142 0.05832447459662037
0 0.2479342977939138 0.3705618151660429 0.04838001318110893 0.06490202321713939
0 0.32134085049356237 0.3608961405088512 0.05237690119125726 0.060953722297485295
0 0.6608852839537493 0.32671879843055696 0.041705566539813076 0.05415780792995371
0 0.8244075006838429 0.3093025787708908 0.03520089855503557 0.04758025930943468
0 0.4469580705189331 0.3570850376893179 0.039792011862998085 0.05821529172311403
0 0.47316951584211814 0.3626164902748137 0.039792011862998085 0.05821529172311415
0 0.9193689460070279 0.3184370661820958 0.039537343878220575 0.05196529172311415
0 0.41906474377615427 0.38680647746022917 0.039537343878220575 0.05196529172311403
0 0.5784202938395812 0.3691718920535504 0.039792011862998085 0.05821529172311415
0 0.7574401765772857 0.34944954394518174 0.03537067721155391 0.051746925976101345
0 0.7884779532566378 0.34587895371444344 0.04421334651444227 0.06468365747012671
0 0.5495931844859512 0.375976665157795 0.039792011862998085 0.05821529172311403
0 0.8372435132058964 0.3692234931384225 0.039792011862998085 0.05821529172311415
0 0.7797519835731885 0.48886467359989905 0.05080290382747895 0.07334453942397895
0 0.8141198939912221 0.5925311585990743 0.11368136101366227 0.13692750942232929
0 0.6041665738389977 0.643894505501428 0.12770936892232782 0.17508260666336734
0 0.05930774179898793 0.3585974317803862 0.0950162503419214 0.13802819689410578