0 0.003584609685657814 0.3442460296433581 0.006613758015539039 0.010634921475990093
0 0.0672354037569862 0.33890210574857 0.010634921475990093 0.006613758015539043
0 0.0007506381761622403 0.34643849038135316 0.0015012763523244805 0.004239418269774475
0 0.04424598548721172 0.34178570671608915 0.013082012824862469 0.017103176285313517
0 0.023230773146108864 0.3477215560805006 0.01078042468220571 0.01078042468220571
0 0.05663685808255001 0.3444741970974423 0.01078042468220571 0.010780424682205591
0 0.009616354876334391 0.35027777483403466 0.004312169872882284 0.004312169872882284
0 0.10455352474921667 0.34280091022596276 0.006613758015539043 0.010634921475990093
0 0.0031547379342824356 0.35886573877824535 0.006309475868564871 0.006541006412431234
0 0.23505286449498125 0.32992060169839144 0.017248679491529136 0.017248679491529136
0 0.1284027306778883 0.34508926679022295 0.017248679491529136 0.017248679491529136
0 0.09600193660655991 0.34934191663839403 0.01078042468220571 0.01078042468220571
0 0.04273143340034429 0.35536374918430974 0.013082012824862469 0.017103176285313517
0 0.9088194061757842 0.2522915430294568 0.04549603847458741 0.05152778366526398
0 0.4490674165818486 0.30892189571317447 0.026018522443509322 0.030039685903960372
0 0.06352839093212373 0.3556778998198984 0.01078042468220571 0.01078042468220571
0 0.1596527306778883 0.3439979927436058 0.019695770840401514 0.02773809776130361
0 0.05515868179723649 0.3570105728989963 0.01078042468220571 0.010780424682205591
0 0.17948077314610886 0.342265185847415 0.01078042468220571 0.01078042468220571
0 0.14704360327322658 0.3475595023622527 0.019550267634185894 0.023571431094636944
0 0.19194439734455496 0.3428703428954349 0.019550267634185894 0.023571431094636826
0 0.08644505759879038 0.3548776321857125 0.01078042468220571 0.01078042468220571
0 0.7342426842160346 0.27607463522229203 0.026018522443509322 0.030039685903960372
0 0.017404051186359168 0.3656117684216034 0.019695770840401507 0.02773809776130361
0 0.08008593019412867 0.3582208869950359 0.017248679491529136 0.017248679491529136
0 0.11758593019412868 0.35691135813909536 0.017248679491529136 0.017248679491529136
0 0.03195100871813859 0.36614417386651543 0.013082012824862462 0.017103176285313517
0 0.0019857559621771054 0.3714384903813531 0.003971511924354211 0.0169576730790979
0 0.7737168901447062 0.2778173547632437 0.03255952885594056 0.03859127404661713
0 0.3317459854872117 0.3317459854872117 0.019550267634185776 0.023571431094636826
0 0.07365405118635916 0.3636474751376927 0.013082012824862469 0.017103176285313517
0 0.17293976673367764 0.3508167739900718 0.013082012824862469 0.017103176285313517
0 0.18755947586856486 0.3492658461016504 0.01078042468220571 0.01078042468220571
0 0.22617389413833935 0.3458366081108227 0.019550267634185894 0.023571431094636944
0 0.24187164574144715 0.3432076377541808 0.017248679491529136 0.017248679491529136
0 0.06416992378169746 0.3670998573516778 0.013082012824862469 0.017103176285313517
0 0.4737764101694174 0.31638220980921417 0.03241402564972494 0.034424607379950345
0 0.09445100871813858 0.3639616257732812 0.013082012824862469 0.017103176285313517
0 0.5050991617725252 0.3132076024292637 0.0366534439194993 0.036653443919499415
0 0.25630947586856484 0.3468650431990928 0.03255952885594056 0.03859127404661713
0 0.3743088156143294 0.33442124429016834 0.019550267634185776 0.023571431094636944
0 0.8852479750811474 0.2718418106636426 0.039173286871479716 0.04922619552260722
0 0.11521159044836411 0.3653174430755365 0.019695770840401514 0.02773809776130361
0 0.3513557731461089 0.3362631785910209 0.019550267634185776 0.023571431094636944
0 0.18723209365457974 0.3586408461016505 0.017248679491529136 0.017248679491529136
0 0.8277016778036033 0.28113414641577406 0.04988095995057762 0.0579232868714796
0 0.303111724265457 0.3473114654625004 0.034861116998597196 0.04491402564972494
0 0.36371026993989325 0.3399933356390407 0.017248679491529136 0.017248679491529136
0 0.41910048228099606 0.33285708482335047 0.019695770840401396 0.02773809776130361
0 0.2101123845196925 0.35888224513413125 0.023716934300852564 0.023716934300852564
0 0.041858414163050604 0.38036374918430976 0.019695770840401496 0.02773809776130361
0 0.05324399589327613 0.3820469487005501 0.019695770840401514 0.027738097761303492
0 0.10651449909949175 0.3760251161546344 0.017248679491529136 0.017248679491529136
0 0.08032732922660948 0.3811011778601487 0.026018522443509322 0.030039685903960372
0 0.5484126521538784 0.3241798187639997 0.026018522443509322 0.030039685903960372
0 0.33841926352746204 0.34919968820966774 0.026164025649724938 0.034206352570627034
0 0.13884254156771234 0.3738557996397967 0.03255952885594056 0.03859127404661713
0 0.41043976673367766 0.3425230912357817 0.026018522443509322 0.030039685903960372
0 0.27343579637703574 0.3629133212393431 0.034861116998597313 0.04491402564972494
0 0.193009208234379 0.37196425795899374 0.023716934300852564 0.023716934300852442
0 0.31941463291658473 0.3571461193043047 0.03902778366526398 0.045059528855940556
0 0.011626958684633112 0.39395502323092685 0.023253917369266224 0.034206352570627034
0 0.665115694622099 0.3190640623232958 0.036726195522607225 0.03873677725283275
0 0.6045171489476627 0.3263821921467555 0.019695770840401396 0.027738097761303492
0 0.5260647667336776 0.33848537726329836 0.023716934300852442 0.023716934300852564
0 0.577179185003452 0.3346196296538237 0.019695770840401396 0.02773809776130361
0 0.6346527306778884 0.32741062723502573 0.02371693430085268 0.023716934300852564
0 0.7506778644949813 0.31191457992920907 0.026018522443509322 0.030039685903960372
0 0.42038354798014355 0.3557009998869093 0.026018522443509322 0.030039685903960372
0 0.244837910956835 0.3774371345479652 0.034861116998597313 0.04491402564972494
0 0.5499503484639032 0.3397320671608919 0.036289685903960374 0.026236777252832747
0 0.3962797114405946 0.3607043099893158 0.034861116998597313 0.04491402564972494
0 0.3743319598374868 0.3635515351552811 0.034861116998597313 0.04491402564972494
0 0.10991727393352643 0.3977546129484188 0.03062169872882284 0.042685189110175985
0 0.4744774630437024 0.3558927915394397 0.034861116998597313 0.04491402564972494
0 0.0845898917195413 0.4080026321857125 0.021924607379950462 0.03197751603107809
0 0.9234854037569863 0.309001196871261 0.052109796490126335 0.06216270514125408
0 0.5870502146468102 0.3498808716382847 0.026018522443509322 0.030039685903960372
0 0.524259208234379 0.36039675306485225 0.013082012824862469 0.017103176285313517
0 0.557738044773928 0.35506606074846064 0.03902778366526386 0.045059528855940556
0 0.6392426753848053 0.3449370815605895 0.026164025649724938 0.034206352570627034
0 0.6873048452576875 0.33909712802244324 0.034206352570627034 0.026164025649724938
0 0.18045960085442853 0.4036143917760866 0.0391732868714796 0.04922619552260722
0 0.44584320182194775 0.3714582715147284 0.034861116998597313 0.04491402564972494
0 0.49383262009172224 0.36770165130991544 0.04743386860170513 0.04743386860170513
0 0.7245865904483642 0.3440375991665027 0.03255952885594056 0.03859127404661713
0 0.7725760087181386 0.3402809789616898 0.026164025649724938 0.034206352570627034
0 0.8278570936545797 0.33626972814599954 0.052109796490126335 0.06216270514125408
0 0.14870033963267387 0.41928899915603707 0.03500662020481293 0.0490806923163916
0 0.22496026110866396 0.41038356564260214 0.06935847598165559 0.07941138463278322
0 0.310631558386208 0.4001090832485153 0.034861116998597313 0.04491402564972494
0 0.7473213781072613 0.3484456648656502 0.02623677725283263 0.036289685903960374
0 0.3450429341877619 0.3978670151305698 0.05448413623589102 0.07056879007769509
0 0.6887334141630507 0.35777437641933546 0.03241402564972494 0.03442460737995046
0 0.4075793099893158 0.3946428003706689 0.036726195522607225 0.03873677725283275
0 0.66013552874285 0.37229818972795753 0.04319445033193053 0.045205032062156175
0 0.906441747496384 0.3501718338945696 0.05634921475990093 0.06439154168080302
0 0.4443881697597916 0.413124938181395 0.034861116998597313 0.04491402564972494
0 0.5330389638311199 0.40690799504931324 0.054702391045214446 0.07681879007769522
0 0.3418319510062575 0.4302314334003443 0.03500662020481293 0.0490806923163916
0 0.5831844670373356 0.40099528990805916 0.04794312982345967 0.06201720193503846
0 0.7041633035768845 0.39260903026113964 0.04312169872882284 0.04312169872882284
0 0.38625985965738513 0.4390839406001931 0.05046297277543985 0.07458995353814626
0 0.6137797026093653 0.418654015861442 0.02623677725283263 0.036289685903960374
0 0.6730091994031497 0.4207472618395362 0.04571429328391095 0.05777778366526398
0 0.4891302290465079 0.4427744029130232 0.05857805129944988 0.06863095995057739
0 0.9287267939582377 0.39725185712549643 0.07330688783899883 0.07330688783899883
0 0.4299602522774347 0.4687697811333752 0.054702391045214446 0.07681879007769522
0 0.16787029873928846 0.5257803981885179 0.09530424682205704 0.10736773720341025
0 0.18649462082259446 0.6478967972209986 0.12311509618646846 0.12914684137714497
0 0.031486398553953986 0.6835615007874175 0.06297279710790797 0.08767196636300885
0 0.016575683006635516 0.7124867684216035 0.03315136601327103 0.10598545674436176