0 0.7030000892845375 0.1881676808488895 0.06603792207735164 0.08483652710212966
0 0.027979000538322408 0.4098599012157408 0.04293943181768253 0.0738864690981482
0 0.585031930734447 0.23019541058583382 0.06596519264015038 0.08066986043546305
0 0.2217160903655759 0.3539770609162502 0.05331973376574872 0.07204558637268524
0 0.4548365075738603 0.2875571995933337 0.05752276515101589 0.07422589994916666
0 0.1890736866856512 0.39278455230439835 0.04897124350607983 0.061531939462870375
0 0.12821537120922535 0.425729093717963 0.05975155735875101 0.08260772340407409
0 0.51381440205617 0.02757781496800969 0.04846213744567341 0.03236527279620374
0 0.4080653295431079 0.35206692679713003 0.06581973376574872 0.07233652710212961
0 0.08303660281070017 0.46216231104333344 0.06596519264015056 0.08066986043546294
0 0.29029717694532015 0.4055529898674076 0.06603792207735151 0.0848365271021296
0 0.6449471293269001 0.3221781339899079 0.06603792207735164 0.0848365271021296
0 0.9080758739162155 0.24500304609648224 0.09435765584310024 0.156300232015926
0 0.4805039826814149 0.3860315026581022 0.06190762012928523 0.08682288019231485
0 0.20942373430407113 0.48488763006523167 0.06190762012928523 0.08682288019231485
0 0.47963940800847255 0.03823606129537078 0.055112149350278375 0.055427409827592644
0 0.5792804924217461 0.3779181167662042 0.08529702813775776 0.11443960486296305
0 0.7346031920974345 0.3284298758842599 0.09169248701215954 0.12291840856101857
0 0.6798130530280063 0.3511032209958802 0.048971243506079766 0.061531939462870375
0 0.10267280681713332 0.15545252583555563 0.04264851406887891 0.057219802431481524
0 0.4265502321397972 0.45662151443638926 0.08950005952302492 0.11661991843944447
0 0.7573825784631677 0.022834492525509894 0.048098490259668836 0.01153193946287041
0 0.6256592965340863 0.41023489944083386 0.08310460064862327 0.10814111474138895
0 0.8576834999978031 0.34066579305713035 0.07455307900368714 0.09544715425509268
0 0.2861926953427469 0.5283241861693521 0.09154702813775775 0.11458507522768523
0 0.7256774788933863 0.41360409194305614 0.0957500595230248 0.11676538880416677
0 0.41225254436871384 0.5322995051912504 0.06168943181768256 0.07432288019231498
0 0.0964897234805047 0.6363630949845371 0.08529702813775782 0.11443960486296305
0 0.2711442586538004 0.6206445985300929 0.10203642424162543 0.11899419250222251
0 0.628646475645877 0.5217174778349543 0.10663946753149768 0.14409117274537048
0 0.8566494713173292 0.4603847245414359 0.10663946753149768 0.14409117274537048
0 0.9294024967502938 0.45270687879652854 0.09790612229355915 0.12098054559240741
0 0.4239003392812421 0.662726044071667 0.11522735389503395 0.15886846656500023
0 0.011146326838314716 0.2210030487588426 0.015237898268141497 0.03783943085101852
0 0.3284435633066598 0.7417212534184725 0.12535310281289705 0.14244425050620368
0 0.12874739122820988 0.8141252900199075 0.11102432250976688 0.15668815298851843
0 0.08037434036667436 0.19033580116490748 0.05331973376574875 0.07204558637268524
0 0.769224566554169 0.641608737586297 0.1173834166655683 0.16308362335324086
0 0.6939863706709029 0.029688877150833914 0.054639408008472404 0.028344076494259303
0 0.37438071860924077 0.8083887910323152 0.1171652283539655 0.15058362335324085
0 0.3362337916606253 0.8897591453890743 0.09761520454475558 0.10431387892574075
0 0.01754178571271653 0.22948185245689814 0.027956086579744212 0.05063037158046294
0 0.5953735021642739 0.04717726304273198 0.06158033766188117 0.06807288019231487
0 0.2040053912326036 0.174470963398565 0.04889851406887888 0.05736527279620371
0 0.12945995021510928 0.19876698568856493 0.036216690475876646 0.04665766540009262
0 0.3295379518388639 0.1482379490871299 0.038372753246410936 0.05087282218833338
0 0.41444551244512423 0.12105937740500033 0.042648514068879 0.057219802431481524
0 0.3639311341981642 0.1500797027597688 0.05331973376574872 0.07204558637268524
0 0.7201916785712716 0.039670003670509865 0.04871669047587659 0.046948606129537086
0 0.6828735021642739 0.04921384814884317 0.0574136709952145 0.06797589994916671
0 0.0483865016215578 0.2666432925530556 0.0489712435060798 0.06153193946287043
0 0.014447878244763235 0.2908432055470833 0.019877306276614052 0.0650197444275
0 0.10434558387275418 0.251285859168889 0.029821231601474808 0.03817886170203704
0 0.31474934036667435 0.195790939841991 0.05967882792155012 0.07844105673740748
0 0.019710758655997248 0.2940894308510185 0.03033033766188117 0.06734552836870371
0 0.21330238960884895 0.22987325721819463 0.05752276515101589 0.07422589994916677
0 0.10077893506299498 0.28556387892574087 0.04889851406887891 0.05736527279620371
0 0.1328887781366594 0.2758988091434723 0.051127306276614055 0.06574709625111114
0 0.7226697516226562 0.12198591539796358 0.042648514068878755 0.057219802431481524
0 0.8304576141769827 0.0932574017198155 0.05112730627661411 0.06574709625111114
0 0.7756674751075546 0.11593074683143584 0.042575784631677986 0.05305313576481486
0 0.40292208766078275 0.23636919161476885 0.04031062770534236 0.04258797897657409
0 0.43168637662320547 0.035037455165833696 0.046633357142543255 0.046900116007963
0 0.5346319188298421 0.20611498100138934 0.06161670238048155 0.07015621352564819
0 0.45401830140535004 0.24068219959333373 0.04239396103867581 0.042636469098148194
0 0.737029624457833 0.16917610118819507 0.0574136709952145 0.06797589994916671
0 0.6189887364705419 0.20703716425847274 0.05752276515101589 0.07422589994916672