0 0.4797260449591204 0.10243742882620331 0.032074332066759345 0.03614401849027781
0 0.3017205283687037 0.02215984409921271 0.027374274062777697 0.013130371580462988
0 0.32052076038462973 0.11343858979328676 0.05799564437666665 0.07630923328250004
0 0.4477738091434723 0.11777235904393481 0.044525841945185246 0.03435162588638896
0 0.595690475810139 0.11432956041217543 0.05799564437666665 0.07630923328250004
0 0.3645617011140742 0.12492029724023117 0.057704703647222286 0.06380923328250004
0 0.013810975176851974 0.14559088272546294 0.022288036980555606 0.06298490121574077
0 0.559401857902315 0.12246980420638844 0.05392595795314818 0.08037891970601857
0 0.5065677986317595 0.13620630230652736 0.06410017401194447 0.07020470364722228
0 0.1536367591180557 0.15275871124666654 0.05780168389037043 0.06797589994916671
0 0.28200159688439813 0.025745500254166432 0.03575609751768525 0.015407665400092625
0 0.09055574860634273 0.17402932662134252 0.061822880192314855 0.061822880192314855
0 0.6518443665141668 0.15366957219046243 0.06831533080018536 0.07238501722370376
0 0.7122852782416206 0.15330502533148088 0.07282142831787036 0.08706533080018523
0 0.2469027288494909 0.1745592341699535 0.053489546858981524 0.061628919706018574
0 0.03973228748675941 0.18459233459990737 0.06657142831787044 0.086919860435463
0 0.5979201504553705 0.16534698201805503 0.04903193946287037 0.04903193946287037
0 0.1877216893357872 0.184274535968148 0.04912891970601858 0.05319860612953704
0 0.44593379736518535 0.17305342755962927 0.07282142831787049 0.08706533080018523
0 0.4064231992142131 0.17709973986953673 0.060418408561018565 0.09094105673740742
0 0.29513458130638903 0.18698562804041644 0.062210801164907535 0.07848954685898152
0 0.7939474442750002 0.16912224392342526 0.07049564437666665 0.07660017401194454
0 0.02340505167111128 0.19956358890583334 0.03934262461981488 0.080039488855
0 0.4774989831554168 0.18586774240268478 0.053586527102129605 0.06579558637268525
0 0.7464186985809261 0.18690418338629566 0.07078658510611126 0.08910017401194446
0 0.14891419794763908 0.21852918161138876 0.06041840856101863 0.09094105673740742
0 0.5052611781907872 0.21440403748888848 0.0688972122590742 0.09738501722370377
0 0.543802844857454 0.21350697023976808 0.07529268262379626 0.10378048758842601
0 0.5866081584339354 0.21667958941416618 0.07311236904731497 0.09956533080018523
0 0.10773243249671317 0.2403323173762036 0.07732752583555562 0.10174564437666676
0 0.6814483152221762 0.21655662221587904 0.05232752583555562 0.1011637629177778
0 0.18704456952810206 0.24473969275638874 0.06899419250222229 0.10155168389037043
0 0.32250972631634284 0.24367116818740714 0.05358652710212972 0.06579558637268525
0 0.621346834345741 0.23150450240819392 0.03662891970601857 0.05290766540009262
0 0.6630862361947687 0.2336596999767124 0.05610627152962972 0.08459407649425928
0 0.812044569528102 0.23019265628416596 0.07698809498453703 0.08716231104333337
0 0.24254384359087985 0.2559547045346757 0.05780168389037037 0.06797589994916671
0 0.8862453534693058 0.23888792363495298 0.08149419250222228 0.10184262461981491
0 0.9581445985300928 0.238256681107314 0.04321835055703692 0.06763646909814819
0 0.6082900688948151 0.2526530215317588 0.05290766540009268 0.03662891970601857
0 0.46584843123013914 0.2674329281929163 0.06671689868259266 0.09316986043546306
0 0.2690704114732873 0.27618191134833314 0.04685162588638884 0.04481678267462973
0 0.43580981332231505 0.27542770162240704 0.058092624619814855 0.08047589994916678
0 0.31112499911254654 0.29187877558351827 0.055427409827592554 0.055427409827592554
0 0.7349863522027318 0.2778443691765272 0.0728214283178706 0.08706533080018523
0 0.3418667237831947 0.3140923354873608 0.05310162588638896 0.044962253039351904
0 0.2765569095734262 0.32916144098361083 0.08120325177277792 0.08934262461981485
0 0.3798031348773614 0.33196951329902746 0.07756997644342599 0.11216231104333332
0 0.34358115552166674 0.02952337500106453 0.04055313576481486 0.042587978976574105
0 0.6163099583322688 0.32854921783370317 0.07088356534925945 0.09326684067861114
0 0.7788099583322688 0.32476698835092527 0.062210801164907535 0.07848954685898152
0 0.6842122521518985 0.3353066222158791 0.08178513323166688 0.11434262461981486
0 0.9564708183886113 0.3289544162896751 0.08705836322277752 0.12907142831787036
0 0.08976001633625032 0.36373388525861106 0.07441986043546299 0.066280487588426
0 0.9228266540009263 0.33287950329564736 0.06671689868259278 0.09316986043546306
0 0.025322153367639204 0.37148707902740746 0.03570934929046305 0.10285917527851846
0 0.04116535891472253 0.38049840311560185 0.05625174189435193 0.09084407649425923
0 0.185635743160926 0.04987529090736095 0.031831881458888905 0.025727351823611144
0 0.3072440474922685 0.03558028546194419 0.038130371580462945 0.02795615552166669
0 0.3332926817363429 0.39350145276189785 0.09457607396111124 0.12713356534925932
0 0.7113934366755559 0.38365882902953646 0.10324883814546316 0.14191085916888896
0 0.52520179901088 0.39945702824374957 0.06657142831787048 0.08691986043546306
0 0.48813821010504665 0.4190798504320829 0.10286091717287048 0.12524419250222227
0 0.7497177687423151 0.41820267350786977 0.11371399493370381 0.14423664311009265
0 0.8500087094717597 0.4283751476723141 0.07955632953361112 0.10804413449824087
0 0.060740561928657795 0.46029457041555555 0.09263821099250011 0.13333507522768523
0 0.6622913748718523 0.46818017034143466 0.10964430851018533 0.14830632953361125
0 0.15761643287583377 0.5028556914898147 0.09874274062777785 0.12723054559240754
0 0.20143045858643524 0.05680328166222205 0.0406016258863889 0.04467131230990744
0 0.39709407649425926 0.04495354356759226 0.05789866413351857 0.07214256661583338
0 0.44388167667004674 0.5326708781674997 0.09874274062777791 0.12723054559240754
0 0.8209650100033801 0.5238941661625919 0.08178513323166688 0.11434262461981486
0 0.7695362933112968 0.5532314192019439 0.1265049356631484 0.15702758383953727
0 0.04448867413689866 0.6128385599038426 0.051939604862963035 0.08449709625111126
0 0.5468871932604635 0.614694107271157 0.11133972087092588 0.13168815298851844
0 0.26508042780953756 0.6420978520777775 0.10416840856101857 0.09195934929046293
0 0.40488196668995424 0.6482240139323144 0.09874274062777791 0.1272305455924074
0 0.12494032902527834 0.666204268617361 0.12432462208666681 0.15281242705129638
0 0.21833957586097227 0.06683202735629612 0.042830429584444475 0.050969802431481526
0 0.09973504622569451 0.07584596428601845 0.044816782674629664 0.04685162588638893
0 0.3620895758609723 0.06348620896768488 0.04903193946287037 0.049031939462870405
0 0.8908077796331487 0.6588008156055548 0.09457607396111124 0.12713356534925946
0 0.9570310676282411 0.6653885045622214 0.08593786474351787 0.16899419250222228
0 0.799722994425371 0.6859343809548141 0.12020644554157418 0.15479878014148152
0 0.0555132092175932 0.7282695994175462 0.03842305420425936 0.129990998733426
0 0.23935568882745434 0.7458774687190276 0.11182462208666676 0.15252148632185178
0 0.30499186968060193 0.0731530206443053 0.05552439007074075 0.05959407649425931
0 0.4988770301393525 0.7909063603105089 0.16725203191425944 0.2079488961494448
0 0.1416684085610186 0.08633449518787026 0.06230778140805562 0.08265621352564818
0 0.44675551659041673 0.07402235904393481 0.055427409827592554 0.055427409827592644
0 0.25940098695513897 0.08463646998560165 0.05164866413351857 0.07199709625111114
0 0.1282627733002785 0.8537285136781481 0.13440185790231493 0.13847154432583342
0 0.5484666060003248 0.8616660875143052 0.14181387892574074 0.09908217147879649
0 0.11402830977675936 0.10782244516245362 0.05780168389037043 0.06797589994916671
0 0.2316881529885186 0.102999419960185 0.05780168389037043 0.06797589994916671