0 0.5381548085841167 0.32850522021527856 0.026455032062156172 0.04253968590396037
0 0.3751951547423124 0.35088288772590814 0.030185189110175988 0.030185189110175988
0 0.15498021003539547 0.3763028909886691 0.026455032062156172 0.04253968590396037
0 0.19686513151138557 0.3810978589265129 0.03939154168080303 0.05547619552260722
0 0.2738393374400572 0.37528104961152403 0.03285053526837179 0.04692460737995046
0 0.43392862189273873 0.3603041761722228 0.03285053526837179 0.04692460737995046
0 0.3864848406462728 0.3755191297103691 0.03449735898305827 0.03449735898305827
0 0.3345470105191551 0.3815045864547309 0.03299603847458741 0.05109127404661713
0 0.026736169985972967 0.437099866182907 0.025244717966116513 0.06746693430085256
0 0.29832016357354174 0.4192724486440048 0.04198413623589102 0.07013228045904836
0 0.7451455561935914 0.3723808539758261 0.04622355450566526 0.07236111699859732
0 0.5499669872882281 0.39796950466796005 0.04154762661724429 0.05763228045904836
0 0.08137572207284038 0.44874999116877073 0.03062169872882281 0.042685189110175985
0 0.7713691018680274 0.37667979227031184 0.04154762661724405 0.057632280459048245
0 0.6779101082804587 0.3882869477434966 0.05678572437854778 0.07689154168080302
0 0.50133603616888 0.40905416734099354 0.03285053526837179 0.04692460737995034
0 0.1782870978743943 0.4464087082909243 0.037162705141254075 0.051236777252832745
0 0.5908829937006594 0.40488418174069113 0.03960979649012633 0.061726195522607226
0 0.9150827260664737 0.3706182649892065 0.05937831893363589 0.09154762661724405
0 0.14926593441394326 0.4515938974011003 0.043776463156793115 0.06187169872882284
0 0.5318353759146446 0.4163326024292637 0.03299603847458741 0.05109127404661713
0 0.5661740001130906 0.4140905343113182 0.050390221172331925 0.07250662020481294
0 0.4582044247952964 0.4282902843395908 0.04154762661724417 0.05763228045904836
0 0.9434623566773509 0.37692778501391777 0.03365080290255757 0.06984127404661714
0 0.20688498329459507 0.45896822831563555 0.043776463156793115 0.06187169872882284
0 0.33806223169148725 0.4523015439865104 0.043776463156793 0.06187169872882284
0 0.6227877581286297 0.42254290769407404 0.046369057711881115 0.07652778366526386
0 0.7322355097317375 0.42080678186424747 0.05024471796611654 0.06833995353814627
0 0.6980060129379531 0.42617384998219293 0.05039022117233216 0.07250662020481294
0 0.7697355097317374 0.4194972530083069 0.046078051299449876 0.06819445033193053
0 0.2807474208016632 0.48350525554019563 0.061388900663861296 0.08953704488701865
0 0.8598644800883795 0.4319939340746712 0.07246033175849813 0.10865080290255769
0 0.1773446459676285 0.509017835695586 0.061388900663861296 0.08953704488701865
0 0.5121065482063248 0.47855482759522894 0.03939154168080303 0.05547619552260722
0 0.4196892212854228 0.4901256072668597 0.0571494823940867 0.08730820834746969
0 0.3818386948482803 0.5112631785910209 0.05261905771188111 0.07674603847458741
0 0.7134888286653732 0.5111540070302127 0.06778440387007692 0.09392196636300862
0 0.5519345995057747 0.5439119654059551 0.07483467150426269 0.11705688783899883
0 0.9187699136018144 0.506071307457427 0.1138624551695268 0.1621164166949394
0 0.4963426828673808 0.6543187194278609 0.09402118112290954 0.13021165226696924
0 0.1004895242445258 0.78703702722456 0.08016536382065435 0.15053572437854779
0 0.5422190298695394 0.833144772302146 0.13542330453393822 0.1836772660593508
0 0.18148821256728423 0.866600508774684 0.17883600967519217 0.235132298121507
0 0.1920139183263198 0.21231148312495898 0.024153443919499414 0.036216934300852564
0 0.23821100967519218 0.22112761452325394 0.026455032062156172 0.04253968590396037
0 0.30092926448451557 0.22519506643001966 0.017394182697744752 0.021415346158195802
0 0.2542361434922851 0.2320403108332787 0.02386243750706818 0.02788360096751923
0 0.46843257458692206 0.24333327151472836 0.026455032062156172 0.04253968590396037
0 0.3656349568009072 0.2563094758685649 0.015456352570627037 0.02550926122175466
0 0.29922292074511786 0.2659291938346814 0.024153443919499414 0.036216934300852564
0 0.43549937507068165 0.25595563049778663 0.030403443919499413 0.036435189110175986
0 0.45925268517308815 0.2791136961969341 0.024153443919499414 0.036216934300852564
0 0.3597255705932889 0.2961474398127756 0.02660053526837179 0.04670635257062704
0 0.31217266194216126 0.30823739335092176 0.015601855776842654 0.029675927888421327
0 0.2810681651483769 0.31349533406420554 0.03299603847458741 0.05109127404661713
0 0.38196432860882795 0.30580021464681023 0.019623019237293704 0.025654764427970277
0 0.4872090377437151 0.3031679253565326 0.02882937180792074 0.050945770840401396
0 0.6318552012041662 0.29394502227387326 0.024007940713283916 0.032050267634185774
0 0.43240083822747477 0.3165541761722228 0.03062169872882284 0.042685189110175985
0 0.5633598318150436 0.30363749184309763 0.024007940713283916 0.0320502676341859
0 0.24336314191744998 0.33879957205503336 0.02897487501413636 0.05511243750706818
0 0.22203377894075854 0.3551884638876653 0.02660053526837179 0.04670635257062704
0 0.6086243839019109 0.3156149990429464 0.037017201935038456 0.04707011058616608