0 0.7697226824839976 0.08838221644496681 0.041196230570257814 0.04027426298674195
0 0.3701434915066412 0.7559274491318739 0.16210736364988396 0.14647735389503397
0 0.9343484604814604 0.0922966958810693 0.06071023452459059 0.05935154545414602
0 0.8923774987562513 0.7993936287819873 0.14118914098829147 0.1440303733756963
0 0.49104944664129596 0.01898055789707342 0.027932226615925277 0.021306074675139224
0 0.1401934637767376 0.09404855573499636 0.05012378920140558 0.055003055194477096
0 0.5987390204307189 0.10725712716042943 0.04995401054488724 0.05083638852781043
0 0.46305178063368474 0.021614634195967302 0.03443689460070279 0.02766516883094059
0 0.2607066897336074 0.11384786038785576 0.05012378920140558 0.055003055194477096
0 0.9099196910517183 0.13142547023189696 0.05662845718618333 0.061362149350278464
0 0.42142046904918123 0.12393961038675733 0.04187534519633142 0.05694092965340861
0 0.4162616699619439 0.022879761360790434 0.036690006590554464 0.03186820021620771
0 0.22297147168540304 0.13296677976041404 0.06912845718618309 0.06158033766188117
0 0.3690170283393844 0.1407206433957791 0.04995401054488724 0.05083638852781043
0 0.22139747432162482 0.1454304150418136 0.05420556653981308 0.05299245129834465
0 0.9846685678579239 0.1650626314867804 0.030662864284152155 0.06311820021620769
0 0.7561544762987912 0.16413296536282987 0.07580290382747895 0.07210609848434917
0 0.05653647827595753 0.16128941991307755 0.031543567857923956 0.05884243939373969
0 0.5763705896067537 0.17140408387055733 0.0631331251709606 0.06772124350607976
0 0.8401244795940684 0.18121255410684797 0.06729979183762727 0.06779397294328073
0 0.06850414757884599 0.17398942586538002 0.05905134783255323 0.06973184740221221
0 0.720108229252147 0.04587916125048972 0.04476867193911005 0.02576365909060952
0 0.6929400065905544 0.04332308657535049 0.038603561267369454 0.02773789826814149
0 0.6563118946007028 0.0385200373331759 0.03443689460070279 0.02766516883094058
0 0.2862283860577693 0.2548183252145601 0.0782257944738492 0.08047579653628295
0 0.3874770052724436 0.03174565530038409 0.04102645191373947 0.036107596320075284
0 0.3979838320400098 0.264055504326351 0.08056379579196005 0.08676216125488345
0 0.28335278326990654 0.03096908603702809 0.04119623057025793 0.04027426298674195
0 0.5698111166032399 0.03596923484459042 0.051952454549961405 0.04878941991307754
0 0.9774158010644036 0.284690656919745 0.045168397871192666 0.09469548268361182
0 0.7486205020019537 0.28578977705122716 0.06963779315573836 0.07408033766188117
0 0.2246586238776372 0.3276493522712794 0.08056379579196005 0.08676216125488345
0 0.06594156258548035 0.034460639609947386 0.02678267589344297 0.04418637662320544
0 0.6104572925214702 0.34375182521236325 0.08872735046877504 0.08274095346261869
0 0.09587395918813685 0.3347697397180512 0.07805601581733076 0.07630912986961629
0 0.8531850757913767 0.37401179923668243 0.07805601581733086 0.07630912986961629
0 0.3296105632445358 0.042185776512904734 0.035116009226776275 0.04433183549760725
0 0.43962041439715366 0.39177522023519223 0.08490024111514506 0.09100155735875101
0 0.5617076377178016 0.3991108896066521 0.08473046245862671 0.08683489069208435
0 0.19844545257279497 0.04197813257440951 0.041366009226776274 0.044440929653408616
0 0.5194432009623374 0.4348055638493759 0.10016268907455199 0.10792277705562085
0 0.06125665155796605 0.45595381006464264 0.08974602240788528 0.10774095346261857
0 0.34570245454996135 0.05391684523574146 0.051782675893442945 0.04462275324641087
0 0.21004166144379782 0.5053925227259746 0.11032468775644103 0.10185460064862314
0 0.6729131218756834 0.06275110605601263 0.041196230570257814 0.04027426298674195
0 0.9262608867416122 0.5324671368985636 0.08239246114051563 0.08054852597348396
0 0.4426923353600744 0.5438040064906249 0.0960809117361445 0.10993338095175317
0 0.7803745671988686 0.06879055573060264 0.032778007908665314 0.0380454707790068
0 0.666392455917647 0.59246851568824 0.1266906969832173 0.1458591536788262
0 0.5084181298339236 0.6240616147153052 0.13068758499336564 0.14176521644936055
0 0.19442556983509032 0.07105388744457503 0.041366009226776274 0.044440929653408616
0 0.22537836435851422 0.6774129816003764 0.14467669302888464 0.1274364361462304
0 0.2997187924966828 0.07497363906723127 0.045787343878220574 0.050763659090609536