0 0.9052514495168343 0.23384370043508307 0.05872118865406387 0.06972378712484405
0 0.8312264535502505 0.2185093750922748 0.048280281029851345 0.06501120609064574
0 0.497699192556552 0.16770678199792777 0.06093784725389805 0.09274963666501707
0 0.928301441450002 0.25796137871031943 0.06086512438126116 0.08024963666501707
0 0.3852294937534841 0.16701924016191896 0.05666209627827593 0.07378127091800438
0 0.7074378069197367 0.24117966078531453 0.060889365338806796 0.08441630333168379
0 0.27378934113831 0.16430295642933002 0.06086512438126116 0.08024963666501707
0 0.8242499193316772 0.27229390170166934 0.05038785532073054 0.06928705563081863
0 0.15809767850505943 0.146784973616395 0.052446947696518066 0.06522957183765841
0 0.47297190332894057 0.21327158751585173 0.060913606296352424 0.0885829699983504
0 0.6053847747833354 0.24103803331683737 0.05674693962968576 0.08836460425133771
0 0.6262416545664183 0.06718445348865391 0.0335878633875628 0.045496925976101374
0 0.16982802810298514 0.01514840419076637 0.03548938953930361 0.014356108849607712
0 0.8191196746025711 0.10645053595465664 0.052386345302654055 0.05481290517099172
0 0.1645961483199023 0.18982085557024733 0.050387855320730306 0.06928705563081874
0 0.35853401574088106 0.23226652947300325 0.052519670569154894 0.07772957183765843
0 0.8785552769964352 0.11997891451625389 0.04824391959353278 0.05876120609064574
0 0.6327711200859893 0.2945407440057531 0.06716360629635242 0.08891051861886937
0 0.0573287226107813 0.18836460425133775 0.04206664246616985 0.07093365747012671
0 0.27417113621965394 0.22992795642932998 0.0482439195935329 0.05876120609064574
0 0.5345325662240467 0.055088740387708474 0.044065132448093416 0.05645950701029972
0 0.8382097425160063 0.3448785903794605 0.05672269867214012 0.0841979375846711
0 0.6846658914905478 0.08586657394683132 0.05869694769651801 0.06555712045817738
0 0.3118832445981783 0.26835158148577737 0.04210300390248823 0.07718365747012672
0 0.18992946148615494 0.24842271671899008 0.06718784725389805 0.09307718528553609
0 0.42200832526650106 0.04502619855169967 0.048183317199668826 0.048344539423979045
0 0.7237233730128556 0.35554019900327866 0.0608287629449426 0.07399963666501701
0 0.6069900437129384 0.3379676247535906 0.06305754202354995 0.09910881953852334
0 0.7644756380399703 0.37954426503665223 0.07548481915091305 0.0872639167795614
0 0.0806150638800191 0.25310728252657405 0.05249542961160933 0.07356290517099176
0 0.905330927136654 0.42649744233166326 0.06716360629635242 0.08891051861886937
0 0.5415165496975988 0.3605700309048076 0.06093784725389805 0.092749636665017
0 0.13705293130099785 0.28834688677791187 0.06082876294494266 0.07399963666501701
0 0.969958323249793 0.14665796095053266 0.060083353500413966 0.08024963666501707
0 0.6676915416307665 0.3900922614186076 0.06499542961160927 0.07421800241202968
0 0.2746741360887261 0.31638628976266336 0.07136663439933753 0.09537888436588204
0 0.3778960999189087 0.3384575086678936 0.05869694769651801 0.06555712045817733
0 0.32094847788167513 0.03660582918664238 0.0627302890966836 0.042858819538523406
0 0.45004987093068366 0.39014098447052886 0.060913606296352424 0.08858296999835046
0 0.34162563400655416 0.3688384750481994 0.060889365338806796 0.08441630333168366
0 0.23027499596658388 0.023523040855783443 0.05221665859983441 0.02564623850432506
0 0.08102716015829509 0.3239406158599074 0.05038785532073036 0.06928705563081874
0 0.7639066700454438 0.46073967359989904 0.06933178298109557 0.10360303482570904
0 0.391843802624465 0.4089588640123515 0.06499542961160927 0.07421800241202968
0 0.12497108781866026 0.3595667895368738 0.06722420869021656 0.09932718528553602
0 0.13237044977869003 0.020474779134318995 0.04807423289071337 0.029594539423979056
0 0.6618960595847473 0.46788971279808866 0.06716360629635242 0.08891051861886937
0 0.5138763688485117 0.44242939544580545 0.06716360629635242 0.08891051861886937
0 0.21781274641849463 0.38734209407457243 0.05260451392056472 0.09231290517099175
0 0.6002969517299341 0.08248633423649139 0.05255603200547346 0.08397957183765839
0 0.492938622430017 0.06540508291758176 0.06087724486003398 0.0823329699983504
0 0.15328395523963903 0.393332424995876 0.060913606296352424 0.08858296999835046
0 0.25343546122429933 0.42461486959084677 0.06716360629635242 0.08891051861886937
0 0.02319682669403394 0.40734182873506336 0.029421196720895968 0.04527856022908867
0 0.3902695293995902 0.49634968113884514 0.060889365338806796 0.08441630333168366
0 0.45286043299038636 0.5152501673440353 0.07351057012653506 0.10590473390605505
0 0.7859196665357387 0.12762027664522194 0.05251967056915514 0.0777295718376584
0 0.24450285869950739 0.500165213326735 0.06722420869021656 0.09932718528553615
0 0.6072998104294416 0.5702046999835041 0.07347420869021662 0.09965473390605505
0 0.03603013986028659 0.465288592642768 0.0671393653388068 0.0847438519522027
0 0.11736498321169635 0.4841300580428484 0.06718784725389808 0.09307718528553603
0 0.7199937380898068 0.6094339084861796 0.06516511631442891 0.10338466907869635
0 0.9266961725203992 0.1610317872735663 0.05668633723582157 0.0779479375846711
0 0.5826937259895584 0.6366028388347613 0.06935602393864121 0.1077697014923757
0 0.45464144886219526 0.6423880921141216 0.07983329299917194 0.11873228252657432
0 0.29726493884411886 0.61956145183106 0.06933178298109557 0.10360303482570904
0 0.17340962958035452 0.6307734041907663 0.07980905204162632 0.1145656158599074
0 0.041105842434915024 0.6217569583897807 0.075618144417414 0.11018058344622807
0 0.39927346578142675 0.07507518694312997 0.052495429611609384 0.07356290517099172
0 0.2983227027055563 0.08540481757807268 0.0608287629449426 0.07399963666501706
0 0.10129619672089597 0.04904536936505729 0.04411361436318471 0.06479284034363306
0 0.2159764938844119 0.07171709407457243 0.054554521987397034 0.0695054213778314