0 0.5666666666666667 0.22708333333333333 0.03333333333333333 0.053125
0 0.60625 0.24895833333333334 0.028125 0.04791666666666667
0 0.4791666666666667 0.27395833333333336 0.035416666666666666 0.04791666666666667
0 0.6708333333333333 0.259375 0.0375 0.053125
0 0.70625 0.2708333333333333 0.0375 0.053125
0 0.5770833333333333 0.284375 0.034375 0.058333333333333334
0 0.328125 0.3104166666666667 0.046875 0.05416666666666667
0 0.7583333333333333 0.265625 0.03958333333333333 0.06666666666666667
0 0.25833333333333336 0.32083333333333336 0.034375 0.0625
0 0.08541666666666667 0.35208333333333336 0.041666666666666664 0.06458333333333334
0 0.19583333333333333 0.34375 0.041666666666666664 0.05416666666666667
0 0.6375 0.30416666666666664 0.034375 0.058333333333333334
0 0.8416666666666667 0.2833333333333333 0.0375 0.058333333333333334
0 0.5479166666666667 0.3177083333333333 0.0375 0.058333333333333334
0 0.45416666666666666 0.3333333333333333 0.041666666666666664 0.06458333333333334
0 0.30520833333333336 0.35104166666666664 0.0375 0.053125
0 0.3770833333333333 0.3458333333333333 0.046875 0.06458333333333334
0 0.49166666666666664 0.3333333333333333 0.034375 0.0625
0 0.3416666666666667 0.3697916666666667 0.034375 0.0625
0 0.6802083333333333 0.334375 0.0375 0.053125
0 0.409375 0.36666666666666664 0.0375 0.058333333333333334
0 0.23645833333333333 0.3854166666666667 0.0375 0.0625
0 0.11458333333333333 0.4010416666666667 0.0375 0.0625
0 0.5822916666666667 0.35625 0.041666666666666664 0.05416666666666667
0 0.7916666666666666 0.35104166666666664 0.034375 0.058333333333333334
0 0.5020833333333333 0.49270833333333336 0.041666666666666664 0.06458333333333334
0 0.3229166666666667 0.546875 0.0375 0.0625