0 0.7300351341191202 0.20355110118819505 0.004263646909814867 0.004263646909814867
0 0.7247298205426387 0.20759654255092652 0.008575783941203714 0.010610627152962949
0 0.7068275267230091 0.21551770985088023 0.010610627152963067 0.008575783941203714
0 0.6659358310543517 0.2260304858135191 0.008672764184351915 0.014777293819629615
0 0.7151851051171294 0.21467000367050987 0.008672764184351915 0.014777293819629615
0 0.736139663754398 0.2099465715529173 0.008575783941203714 0.010610627152962949
0 0.7225010168445832 0.2137980524293525 0.012790940729444363 0.012790940729444481
0 0.47908870580124974 0.2831731983267597 0.015116724670648196 0.02325609751768525
0 0.7454661736328239 0.21224811043333394 0.00426364690981463 0.004263646909814867
0 0.6794047625386573 0.22947067160375056 0.00426364690981463 0.004263646909814807
0 0.8608980840937036 0.1784567337865748 0.00426364690981463 0.004263646909814867
0 0.5293311564091201 0.2739202945778708 0.008672764184351915 0.014777293819629615
0 0.8063192513936573 0.19490432395898213 0.012887920972592563 0.016957607396111147
0 0.6981790075994443 0.22886541603125057 0.008575783941203714 0.010610627152962949
0 0.8198851631211109 0.194177843082547 0.008575783941203714 0.010610627152962949
0 0.7569245069661572 0.2125148061019914 0.010610627152963067 0.008575783941203714
0 0.6331350181111571 0.2471538889291209 0.004263646909814867 0.004263646909814807
0 0.5869137638052313 0.2627537729211579 0.012790940729444363 0.012790940729444481
0 0.799875290907361 0.2030921869275933 0.008575783941203714 0.010610627152962949
0 0.6152569693523146 0.25403338956240795 0.00426364690981463 0.004263646909814807
0 0.7672926835112499 0.21484059004319508 0.004263646909814867 0.004263646909814807
0 0.47252352001101827 0.2965693946287041 0.008672764184351915 0.014777293819629615
0 0.7337168995700462 0.22448141476467656 0.004263646909814867 0.004263646909814807
0 0.662422910081759 0.2426244172978246 0.008575783941203714 0.010610627152962949
0 0.6498016847778239 0.24754180990171354 0.008575783941203714 0.010610627152962949
0 0.8785094371838887 0.1830355664866211 0.004263646909814867 0.004263646909814867
0 0.9025889958211573 0.17838486955138963 0.004263646909814867 0.004263646909814807
0 0.7903063304210647 0.21120731471384327 0.015116724670648314 0.02325609751768519
0 0.6014970971385646 0.26309320377217643 0.008575783941203714 0.010610627152962949
0 0.8259896927563888 0.2005733134472692 0.012887920972592563 0.016957607396111147
0 0.8207328693014814 0.20253542147666737 0.008575783941203714 0.010610627152962949
0 0.704235047113148 0.23734421972930614 0.008575783941203714 0.010610627152962949
0 0.8469200063328702 0.19689154799634329 0.0128879209725928 0.016957607396111147
0 0.7472585662367128 0.22479660055490805 0.004263646909814867 0.004263646909814867
0 0.625503920593472 0.26156750683694496 0.008575783941203714 0.010610627152963008
0 0.8132957322700924 0.2086157060511581 0.0128879209725928 0.016957607396111147
0 0.8866488100309258 0.19156286030625078 0.008672764184351915 0.014777293819629615
0 0.5771750878934258 0.2781605673740746 0.012790940729444363 0.012790940729444481
0 0.5635606860443978 0.2809703815838431 0.012790940729444363 0.012790940729444363
0 0.6401357440483795 0.2598236043546302 0.012790940729444363 0.012790940729444481
0 0.6149660286228702 0.2665333895624079 0.012790940729444363 0.012790940729444481
0 0.5918796465306942 0.27329166489175977 0.012790940729444363 0.012790940729444481
0 0.7554949193268979 0.229157227707871 0.008575783941203714 0.010610627152962949
0 0.7900881248739814 0.22058231471384324 0.008575783941203714 0.010610627152962949
0 0.6484690773817127 0.2600175648409265 0.008575783941203714 0.010610627152962949
0 0.644278165654259 0.260962251264445 0.008575783941203714 0.010610627152962949
0 0.5047424514953238 0.3004459915131023 0.008575783941203714 0.010610627152962949
0 0.8667116729995369 0.19735220415129703 0.008672764184351915 0.014777293819629615
0 0.6872289495954628 0.25153963209004687 0.008672764184351915 0.014777293819629615
0 0.5539917255581017 0.28908550937009303 0.012790940729444363 0.012790940729444363
0 0.497329559524722 0.30548460942092637 0.004263646909814867 0.004263646909814867
0 0.7239539785974536 0.24092987588425985 0.008672764184351915 0.014777293819629615
0 0.5193742749502313 0.2987020890307875 0.008672764184351915 0.014777293819629615
0 0.7637555174778702 0.23247618819416732 0.008575783941203714 0.010610627152962949
0 0.8749722711505091 0.20067116463759332 0.008672764184351915 0.014777293819629615
0 0.774244919326898 0.2295936388020377 0.008672764184351915 0.014777293819629615
0 0.7102425965052777 0.24790635676069506 0.015116724670648314 0.02325609751768519
0 0.6766910576248609 0.2565055148155098 0.004263646909814867 0.004263646909814807
0 0.4668302854619442 0.31728150265810223 0.008575783941203714 0.010610627152962949
0 0.6997047045346757 0.252872239486158 0.008672764184351915 0.014777293819629615
0 0.8297926835112499 0.21629529369041736 0.015116724670648314 0.02325609751768519
0 0.7804221841445369 0.2328641091667599 0.013081881458888963 0.025290940729444482
0 0.845490418693611 0.21353396960222296 0.008672764184351915 0.014777293819629615
0 0.7499714002033332 0.24257766907060246 0.008575783941203714 0.010610627152962949
0 0.5810508138306479 0.2907575476172227 0.012790940729444363 0.012790940729444481
0 0.45411207991486086 0.32636556192865773 0.012790940729444481 0.012790940729444363
0 0.3733218651226386 0.3494986922480559 0.012790940729444363 0.012790940729444363
0 0.8538237520269443 0.21372793008851923 0.015116724670648079 0.02325609751768519
0 0.6660319403503239 0.2666797308743061 0.012887920972592563 0.016957607396111147
0 0.7194721261405553 0.2543745623077784 0.012887920972592563 0.016957607396111147
0 0.6219182644385183 0.2812864383212505 0.012887920972592563 0.016957607396111147
0 0.9114548495446295 0.200478075098473 0.025581881458888726 0.025581881458888962
0 0.7928736940229627 0.23523838322953772 0.012887920972592563 0.016957607396111147
0 0.6596122249248145 0.2738259271762506 0.008672764184351915 0.014777293819629615
0 0.6532894897424535 0.27680545681152835 0.008575783941203714 0.010610627152962949
0 0.629185686044398 0.28249782041342647 0.012887920972592563 0.01695760739611103
0 0.6480084212267591 0.2798092315075931 0.008575783941203714 0.010610627152962949
0 0.7403539495954627 0.2527761301901858 0.015116724670648079 0.02325609751768519
0 0.6354356860443979 0.28264329077814865 0.012887920972592563 0.01695760739611103
0 0.8169290075994442 0.2316293529609729 0.01695760739611103 0.012887920972592563
0 0.5986621669208331 0.295336380317269 0.008672764184351915 0.014777293819629733
0 0.6983236070169905 0.26743132775870426 0.012887920972592563 0.016957607396111147
0 0.6049606570424072 0.29339851734865796 0.015116724670648314 0.02325609751768525
0 0.5115977070678238 0.3193657069386115 0.012790940729444481 0.012790940729444363
0 0.49374390336976826 0.3252035409052319 0.008672764184351915 0.014777293819629615
0 0.830519164387685 0.22986120541787106 0.0128879209725928 0.016957607396111147
0 0.6930182934405091 0.27147676912143576 0.008672764184351915 0.014777293819629615
0 0.6143356570424071 0.29361672289574126 0.008575783941203714 0.010610627152963067
0 0.44229007066972187 0.3417238662600004 0.008672764184351915 0.014777293819629615
0 0.8713623699347683 0.22143176278856555 0.025581881458888962 0.025581881458888903
0 0.48737267806583306 0.330266403873843 0.008575783941203714 0.010610627152962949
0 0.46535220770111085 0.33600725759731526 0.008672764184351915 0.014777293819629733
0 0.44963022745796266 0.3398102483521763 0.008575783941203714 0.010610627152963067
0 0.5765689613737498 0.30420223404074126 0.019283391337314746 0.02335307776083333
0 0.566079559524722 0.3070847834328709 0.015116724670648314 0.02325609751768525
0 0.8839593501779165 0.21755603685134334 0.019283391337314982 0.02335307776083333
0 0.5346113539776386 0.31573243160925973 0.012887920972592563 0.016957607396111147
0 0.5576250008874535 0.3120991562799079 0.012887920972592563 0.01695760739611103
0 0.4369847570932405 0.34576930762273184 0.012887920972592563 0.016957607396111147
0 0.5890932064345369 0.30345150810351906 0.0128879209725928 0.01695760739611103
0 0.48104994288347197 0.3332459335091208 0.015116724670648196 0.02325609751768525
0 0.4736370509128701 0.33828455141694486 0.008672764184351915 0.014777293819629615
0 0.8565365859935646 0.23150899860421367 0.012887920972592563 0.016957607396111147
0 0.6750675094993054 0.28148126975472276 0.008672764184351915 0.014777293819629733
0 0.3708263657559256 0.36715853545981514 0.012790940729444481 0.012790940729444481
0 0.28376190590291633 0.3911878620811577 0.012790940729444481 0.012790940729444363
0 0.4609915805481479 0.34424361068750037 0.015116724670648196 0.02325609751768525
0 0.25117929850680526 0.40293626519675946 0.012887920972592563 0.016957607396111147
0 0.652974303952222 0.290347123478195 0.008672764184351915 0.014777293819629615
0 0.40750290463634237 0.3586321125873615 0.012887920972592563 0.01695760739611103
0 0.8397002039013887 0.23841274429828774 0.025581881458888726 0.025581881458888903
0 0.8250198903249071 0.24223998011393588 0.015116724670648314 0.02325609751768519
0 0.900480546479861 0.22419395782393595 0.019283391337314982 0.02335307776083333
0 0.5312196583089812 0.32711802976023197 0.012887920972592563 0.01695760739611103
0 0.38330212069513864 0.36849114285592627 0.012887920972592563 0.01695760739611103
0 0.7379069403503239 0.2683526400686117 0.02146370491379628 0.027568234549074096
0 0.2007913775342126 0.41843916894564825 0.004263646909814807 0.004263646909814867
0 0.7871562144131017 0.25699215792560254 0.019283391337314982 0.02335307776083333
0 0.7252614699856016 0.27431169933916727 0.019283391337314982 0.02335307776083333
0 0.7115985780149998 0.2792048468822691 0.008672764184351915 0.014777293819629733
0 0.6623008138306479 0.29264866235861164 0.012887920972592563 0.016957607396111147
0 0.4997029626403238 0.33784901126995415 0.019186411094166664 0.019186411094166664
0 0.9214108600563424 0.22051219237301006 0.012887920972592563 0.016957607396111147
0 0.3486361799656941 0.380191055849954 0.015116724670648196 0.02325609751768525
0 0.6455371669208331 0.2964274080526857 0.010853077760833212 0.01899245060787038
0 0.7472334502287498 0.27065417894902843 0.015116724670648314 0.02325609751768525
0 0.6255272947070831 0.30534175189773205 0.015116724670648079 0.02325609751768525
0 0.3107967491146756 0.39390156699495393 0.012887920972592563 0.01695760739611103
0 0.2352876028381478 0.4140309226182872 0.008575783941203714 0.010610627152962949
0 0.21532622074597185 0.4208619331300002 0.012887920972592563 0.016957607396111147
0 0.19226408371458298 0.42657854179268534 0.008575783941203714 0.010610627152963067
0 0.18598983865379595 0.4274747380946298 0.012790940729444481 0.012790940729444363
0 0.8059789495954628 0.2543035690197692 0.025581881458888962 0.025581881458888962
0 0.7619137638052312 0.2668269431333803 0.010853077760833212 0.01899245060787038
0 0.589868177432546 0.3149340864976394 0.015116724670648079 0.02325609751768525
0 0.5646984620070368 0.32164387170541714 0.015116724670648314 0.02325609751768525
0 0.554209060158009 0.32452642109754676 0.012887920972592563 0.016957607396111147
0 0.5405461681874072 0.3294195686406486 0.015116724670648079 0.02325609751768525
0 0.2761065633244441 0.4066431466556484 0.012887920972592563 0.016957607396111147
0 0.17855270162240705 0.43355502266912055 0.004263646909814807 0.004263646909814867
0 0.7681637638052313 0.2669724134981025 0.010853077760833212 0.01899245060787038
0 0.40098620896768483 0.36994497555597256 0.012790940729444363 0.012790940729444481
0 0.2551762497479626 0.4103249121065743 0.012887920972592563 0.016957607396111147
0 0.8562698903249072 0.24296733193754702 0.02146370491379628 0.027568234549074096
0 0.1628307213792589 0.4373580134239816 0.008575783941203714 0.010610627152962949
0 0.2624921614754163 0.4094529608654169 0.008575783941203714 0.010610627152962949
0 0.20900348556361076 0.42384146276527795 0.012790940729444481 0.012790940729444481
0 0.13242842755962927 0.44498823999449083 0.004263646909814807 0.004263646909814867
0 0.5782158836129163 0.32300072416231534 0.015116724670648314 0.02325609751768525
0 0.4323816793324072 0.36442232737958363 0.015116724670648079 0.02325609751768525
0 0.2446141127165737 0.4163324614987039 0.010610627152962949 0.008575783941203714
0 0.31905734726564783 0.39722052748125025 0.015116724670648079 0.02325609751768525
0 0.22363530901851816 0.42209756028296314 0.004263646909814807 0.004263646909814867
0 0.4533362379696756 0.35969889526199117 0.01085307776083333 0.01899245060787038
0 0.3368869059029163 0.39242436018129656 0.012887920972592563 0.01695760739611103
0 0.32743917072055523 0.39533115463421326 0.019283391337314864 0.02335307776083333
0 0.47327337500106453 0.35390955141694486 0.019283391337314864 0.02335307776083333
0 0.4124202972402312 0.37125333789129666 0.012790940729444481 0.012790940729444363
0 0.2970126318401386 0.40400304787138913 0.008575783941203714 0.010610627152962949
0 0.2854815633244441 0.4068613522027318 0.012887920972592563 0.01695760739611103
0 0.15435191768120332 0.4434140529376853 0.004263646909814807 0.004263646909814867
0 0.13022386892236074 0.45014808320625016 0.004263646909814807 0.004263646909814867
0 0.7039917255581016 0.2925767981234265 0.010853077760833212 0.01899245060787038
0 0.2350693972910645 0.42340592261828724 0.008575783941203714 0.010610627152962949
0 0.17421631953023112 0.44074970909263905 0.008575783941203714 0.010610627152962949
0 0.6725477650718052 0.3001827796331487 0.017297038247129613 0.027471254305925896
0 0.6410553144639349 0.30987209447620423 0.019283391337314982 0.02335307776083333
0 0.4847317083343979 0.35417624708560225 0.017297038247129613 0.027471254305925896
0 0.42390287563435153 0.3704783668932874 0.019283391337314746 0.023353077760833448
0 0.30742929850680517 0.4042454984792595 0.012790940729444363 0.012790940729444481
0 0.16161933928708294 0.4446254350298613 0.008575783941203714 0.010610627152963067
0 0.7868895187444441 0.2684504912589359 0.015116724670648314 0.02325609751768525
0 0.6651833632227775 0.3031380642076395 0.010853077760833212 0.01899245060787038
0 0.46271123796967567 0.35991710080907446 0.012790940729444363 0.012790940729444481
0 0.588535570036435 0.32740984143685237 0.019186411094166543 0.019186411094166782
0 0.20248678989495333 0.43515432573388907 0.012790940729444481 0.012790940729444363
0 0.14897386892236072 0.4505844943004168 0.008575783941203714 0.010610627152962949
0 0.14163371213412 0.4524981122082409 0.004263646909814807 0.004263646909814867
0 0.8896274687190275 0.24270150721606557 0.025581881458888962 0.025581881458888962
0 0.4458748558774997 0.3668208465031485 0.019283391337314746 0.02335307776083333
0 0.24444439729106449 0.4236241281653706 0.012790940729444481 0.012790940729444481
0 0.18884814298513852 0.43900580661032423 0.012887920972592622 0.016957607396111147
0 0.7196167255581016 0.2929404740352321 0.02146370491379628 0.027568234549074096
0 0.3555884157813422 0.3949441046087966 0.019186411094166782 0.019186411094166782
0 0.506655198455972 0.35260206002879674 0.019283391337314746 0.02335307776083333
0 0.39442102317745337 0.383341171857917 0.012887920972592563 0.016957607396111147
0 0.1562655355890274 0.4507542097259261 0.012790940729444481 0.012790940729444363
0 0.8171463421993516 0.2670702646884266 0.02146370491379628 0.027568234549074096
0 0.6839091181619905 0.3046161419684728 0.02364401849027781 0.031783391337314865
0 0.6020529916423146 0.3287666938937505 0.015116724670648314 0.02325609751768525
0 0.2747739559283329 0.41911890159486137 0.008672764184351915 0.014777293819629733
0 0.5223286885775461 0.35088240260726894 0.02146370491379628 0.027568234549074096
0 0.5568976490638423 0.3433491562799079 0.02146370491379628 0.027568234549074096
0 0.6544757558266665 0.3153956135997691 0.019186411094166543 0.019186411094166782
0 0.4163445132990275 0.3817669848011115 0.012887920972592563 0.016957607396111147
0 0.9240994489621758 0.23933492755537114 0.02364401849027781 0.031783391337314865
0 0.9062214002033332 0.24621442818865819 0.019477351823611145 0.031686411094166665
0 0.29989518123226816 0.4144924497204169 0.015116724670648079 0.02325609751768525
0 0.010285860943795879 0.49842581294319444 0.012790940729444455 0.012790940729444363
0 0.00044330794150442064 0.5043606271529629 0.0008866158830088413 0.010610627152963067
0 0.6260355700364351 0.3282826636251857 0.027762195035370495 0.02979703824712961
0 0.5410544435167589 0.35236048036810236 0.02364401849027781 0.03178339133731475
0 0.23053905471259223 0.4389339423751391 0.015116724670648196 0.02325609751768525
0 0.094128340553657 0.4784904178061575 0.012887920972592622 0.01695760739611103
0 0.4434278466323608 0.38239735638157446 0.019283391337314864 0.023353077760833448
0 0.20003978064981442 0.45073083561231503 0.012887920972592563 0.016957607396111147
0 0.18010264361842554 0.4565201794573613 0.019283391337314864 0.02335307776083333
0 0.732988676799259 0.30054732649213023 0.019283391337314982 0.02335307776083333
0 0.8725243909581942 0.261063586243473 0.025581881458888962 0.025581881458888962
0 0.31963835777736077 0.417036439208704 0.015116724670648196 0.02325609751768525
0 0.7508182354365276 0.2957511591921766 0.02146370491379628 0.027568234549074096
0 0.19272386892236074 0.4516027868534724 0.019186411094166664 0.019186411094166664
0 0.14655110473800886 0.46511933751217605 0.012887920972592563 0.016957607396111147
0 0.08569802697717552 0.48246312398652785 0.004263646909814807 0.004263646909814867
0 0.07416695846148107 0.4853214283178705 0.01729703824712967 0.027471254305925896
0 0.05948664488499959 0.4891486641335186 0.012887920972592592 0.016957607396111147
0 0.33112093617148114 0.4162614682106947 0.019283391337314864 0.02335307776083333
0 0.29231257383615705 0.42682273429490764 0.015116724670648196 0.02325609751768525
0 0.7696167255581017 0.2941042369530099 0.027762195035370495 0.02979703824712961
0 0.6164908546109257 0.33535612474476906 0.019283391337314982 0.02335307776083333
0 0.465424071936296 0.3776981693247689 0.02146370491379628 0.027568234549074096
0 0.4255255528127312 0.39031852368152814 0.012887920972592563 0.016957607396111147
0 0.24090723125768482 0.4412597263163428 0.015116724670648196 0.02325609751768525
0 0.21886251583217559 0.44804224670648174 0.015116724670648196 0.02325609751768525
0 0.04577526279282366 0.49612514500995375 0.019283391337314833 0.02335307776083333
0 0.6709484620070367 0.324116867905695 0.02146370491379628 0.027568234549074096
0 0.4317755528127312 0.3904639940462503 0.015116724670648079 0.02325609751768525
0 0.34788458308129594 0.41248272251662066 0.02364401849027781 0.031783391337314865
0 0.26287921150083293 0.4376022059262039 0.015116724670648196 0.02325609751768525
0 0.02578963563986069 0.5039978221883333 0.004263646909814822 0.004263646909814867
0 0.1065556053712959 0.48190635853560193 0.019283391337314833 0.02335307776083333
0 0.49052105217944414 0.3741133841169912 0.012887920972592563 0.01695760739611103
0 0.40663008244800897 0.3961321125873615 0.027762195035370377 0.02979703824712961
0 0.16006852634388852 0.4664761899690742 0.015116724670648196 0.02325609751768525
0 0.12118742882620331 0.48016245605328717 0.019283391337314833 0.02335307776083333
0 0.30793757383615705 0.4271864102067132 0.019283391337314864 0.02335307776083333
0 0.8040887058012498 0.29073765729231554 0.025581881458888962 0.025581881458888962
0 0.7148924224933332 0.31680182712541727 0.02146370491379628 0.027568234549074096
0 0.2826951232282867 0.437021195414491 0.02146370491379628 0.027568234549074096
0 0.035116145518286616 0.5062993610687501 0.010853077760833359 0.01899245060787038
0 0.47678542502648114 0.382131531660093 0.02146370491379628 0.027568234549074096
0 0.3802489849303238 0.41010931940101886 0.015116724670648079 0.02325609751768525
0 0.1421177424026848 0.47648069060236126 0.019283391337314864 0.02335307776083333
0 0.25641100595374966 0.4468317355614817 0.021463704913796337 0.027568234549074096
0 0.7850962551933793 0.3007179128648155 0.02364401849027781 0.031783391337314865
0 0.5133649836637496 0.37777177545430596 0.015116724670648079 0.02325609751768525
0 0.3172155935930089 0.4315712824204632 0.015116724670648196 0.02325609751768525
0 0.17348896770662 0.47199970909263905 0.019283391337314864 0.02335307776083333
0 0.005542538501296083 0.5201553425784723 0.011085077002592167 0.02325609751768525
0 0.8186720391345831 0.291077088143334 0.017297038247129613 0.027471254305925896
0 0.7494371379188424 0.31031024746472285 0.02146370491379628 0.027568234549074096
0 0.016050959728055123 0.51940461664125 0.015116724670648167 0.02325609751768525
0 0.5070180034206015 0.38179297175625043 0.019283391337314746 0.02335307776083333
0 0.9277084792307406 0.2633902411318526 0.02364401849027781 0.031783391337314865
0 0.5940582182128238 0.35880531180157454 0.027956155521666658 0.038130371580462945
0 0.10936541958106441 0.4955207603846297 0.012887920972592622 0.01695760739611103
0 0.371648955928333 0.42137369224805593 0.015116724670648196 0.02325609751768525
0 0.33073301519888854 0.43292813487736137 0.019283391337314864 0.02335307776083333
0 0.5761559243931942 0.3667264791015282 0.017297038247129613 0.027471254305925896
0 0.23836324176939777 0.46100290286143536 0.019283391337314864 0.02335307776083333
0 0.5258164935421756 0.38014604951708375 0.019283391337314864 0.023353077760833448
0 0.4460921904774071 0.40226175823060223 0.019477351823611145 0.031686411094166665
0 0.10093510600458293 0.4994934665650001 0.012887920972592622 0.016957607396111147
0 0.07363356712416623 0.5082380949845372 0.015116724670648167 0.02325609751768525
0 0.028550959728055117 0.5196955573706945 0.012887920972592608 0.016957607396111147
0 0.2036730559791663 0.4737444825221298 0.017297038247129613 0.027471254305925896
0 0.1879268306752311 0.4785891399436576 0.015116724670648196 0.02325609751768525
0 0.18165258561444406 0.479485336245602 0.012887920972592622 0.016957607396111147
0 0.8394083922247684 0.29572865602574144 0.045107723404074325 0.05935162588638896
0 0.732334060158009 0.3286723264921303 0.027859175278518458 0.03396370491379628
0 0.1364972430359718 0.49406779863175937 0.019283391337314864 0.02335307776083333
0 0.6610158256089349 0.347856995691945 0.027859175278518458 0.03396370491379628
0 0.15851771340069404 0.4883269449082872 0.012790940729444481 0.012790940729444481
0 0.27278673189097186 0.45971965653407426 0.02146370491379628 0.027568234549074096
0 0.494154327508796 0.39712703102680597 0.019283391337314746 0.023353077760833448
0 0.05355095972805512 0.5202774388295833 0.021463704913796306 0.027568234549074096
0 0.12167145909476809 0.5041450344474075 0.027762195035370377 0.02979703824712961
0 0.06605095972805512 0.5205683795590279 0.021463704913796323 0.027568234549074096
0 0.3702436133498607 0.43697444718726886 0.02146370491379628 0.027568234549074096
0 0.5643339151480552 0.38208478343287083 0.027859175278518458 0.03396370491379628
0 0.005324332954212742 0.5389053425784722 0.010648665908425484 0.02325609751768525
0 0.6786756688206943 0.35035249505865795 0.03018495921972241 0.044428861702037165
0 0.8150136477972683 0.3139210196276396 0.019283391337314982 0.02335307776083333
0 0.695415070669722 0.3476154160312506 0.027859175278518458 0.03396370491379628
0 0.4079618188969441 0.4284722693756022 0.013081881458888963 0.025290940729444482
0 0.545389954661759 0.38998170567203755 0.027859175278518458 0.03396370491379628
0 0.0449024406044903 0.5336251450099537 0.015116724670648167 0.02325609751768525
0 0.6187187873618053 0.3739705265937968 0.02146370491379628 0.027568234549074096
0 0.8033371089168516 0.3230293239589822 0.017297038247129613 0.027471254305925896
0 0.7561469231266201 0.33547996289023213 0.03018495921972241 0.044428861702037165
0 0.44560728926166626 0.4230950915639356 0.02146370491379628 0.027568234549074096
0 0.024941058512314363 0.5404561555216667 0.015116724670648167 0.02325609751768525
0 0.2661730559791663 0.4751991861693521 0.019283391337314864 0.02335307776083333
0 0.867290941616898 0.3067999393336581 0.019283391337314982 0.02335307776083333
0 0.01648649987504584 0.5454705283687037 0.02146370491379632 0.027568234549074096
0 0.47174593617148114 0.41953455141694485 0.02146370491379628 0.027568234549074096
0 0.5252346120832867 0.4051460495170838 0.02364401849027781 0.03178339133731475
0 0.14340098873004586 0.5109041807239353 0.019283391337314864 0.023353077760833448
0 0.23562529179481442 0.48907941273986133 0.019283391337314864 0.02335307776083333
0 0.8944470101325924 0.3043053109141211 0.03018495921972241 0.044428861702037165
0 0.29962761461643483 0.47076669478120403 0.027859175278518458 0.03396370491379628
0 0.908037166920833 0.30253716337101927 0.027859175278518458 0.03396370491379628
0 0.3394291534968515 0.46231300709111145 0.030184959219722293 0.044428861702037165
0 0.10863806775745326 0.5267707603846297 0.021463704913796337 0.027568234549074096
0 0.7390680904265738 0.35280037525097285 0.03425464564324064 0.04035917527851858
0 0.7715537175795367 0.34521863880203774 0.032025841945185124 0.03406068515694448
0 0.6509134737853237 0.37888879014486165 0.027859175278518458 0.03396370491379628
0 0.9414432354365274 0.3001880053162045 0.02810162588638908 0.04438037158046294
0 0.19771312576143477 0.5059149238848613 0.021463704913796337 0.027568234549074096
0 0.17881765539671252 0.5117285127906946 0.019186411094166664 0.019186411094166664
0 0.600428572569583 0.3985583605604172 0.03837282218833333 0.03837282218833333
0 0.496600465806759 0.42636643287583376 0.02146370491379628 0.027568234549074096
0 0.1335895776358792 0.5294359751768519 0.019283391337314805 0.02335307776083333
0 0.21227221403398105 0.5072960214025465 0.02146370491379628 0.027568234549074096
0 0.0412682943279625 0.5554274098275926 0.021463704913796323 0.027568234549074096
0 0.07792058814759213 0.5479426536218057 0.015116724670648167 0.02325609751768525
0 0.5132671324734256 0.42675435384842636 0.019283391337314864 0.023353077760833448
0 0.5593429164146293 0.41740446985638935 0.027859175278518458 0.03396370491379628
0 0.030584931992638415 0.5666432925530555 0.019283391337314833 0.023353077760833212
0 0.35478745782819404 0.4741350163362503 0.027956155521666658 0.038130371580462945
0 0.7953180904265739 0.3541096085334729 0.025581881458888962 0.025581881458888962
0 0.23514039057907368 0.5099127460731946 0.027956155521666658 0.038130371580462945
0 0.0054208777237729116 0.5753879209725926 0.010841755447545823 0.02325609751768525
0 0.6924589151480552 0.3850669259096765 0.02374099873342601 0.03595005800398153
0 0.6966255818147219 0.38516390615282464 0.030184959219722175 0.04442886170203705
0 0.9211181774325461 0.32264401582791746 0.027859175278518458 0.03396370491379628
0 0.15001379369467546 0.5402405628161112 0.027956155521666717 0.038130371580462945
0 0.0022110200110182793 0.5846416956686575 0.004422040022036559 0.027374274062777697
0 0.6818240429343052 0.39419947530180616 0.027956155521666897 0.038130371580462945
0 0.016703834474953216 0.5809114400961574 0.017297038247129647 0.027471254305926132
0 0.4100927714046756 0.4712533378912967 0.02146370491379628 0.027568234549074096
0 0.8202453552442127 0.3578164899923618 0.03018495921972241 0.04442886170203705
0 0.7603854540284719 0.37726785486083403 0.03406068515694448 0.032025841945185124
0 0.3376116448849996 0.49562209536365764 0.03653193946287037 0.04874099873342601
0 0.2589290084868977 0.5177620491379632 0.02374099873342601 0.03595005800398153
0 0.08162659865930508 0.5678313005316205 0.021463704913796306 0.027568234549074096
0 0.39524274240268475 0.4823722403736114 0.03425464564324088 0.04035917527851846
0 0.7801771206951387 0.37772851101578764 0.03435162588638908 0.04452584194518513
0 0.18746530357310137 0.5431967183377779 0.027859175278518576 0.03396370491379628
0 0.3018313023065274 0.5104227632968984 0.03236527279620371 0.04864401849027781
0 0.12242131408481434 0.5614851912356483 0.030184959219722262 0.044428861702037165
0 0.04165534435337914 0.5835766548883796 0.019283391337314833 0.023353077760833212
0 0.4580579281929163 0.47028527735416703 0.027859175278518576 0.03396370491379628
0 0.6038678874126385 0.42990534080356535 0.023837978976573974 0.040116724670648196
0 0.5482958781674996 0.44424535258185227 0.02364401849027781 0.03178339133731475
0 0.7464558663892126 0.39361933573726915 0.03246225303935191 0.052810685156944474
0 0.7999202972402312 0.38027250050407474 0.03435162588638884 0.04452584194518513
0 0.7159081022048608 0.4074995623077784 0.044913762917777926 0.05101829255305563
0 0.06760003077689765 0.5883494480747223 0.02984552836870374 0.02984552836870383
0 0.21755241160249952 0.5491081584339353 0.02810162588638896 0.04438037158046294
0 0.0318681783199995 0.6010667826746298 0.02785917527851855 0.03396370491379628
0 0.23848272517898103 0.5454263929830094 0.038566782674629665 0.04670615552166666
0 0.006583334220786787 0.615043989488287 0.013166668441573574 0.03367276418435192
0 0.10415534435337914 0.585031358535602 0.02785917527851855 0.03396370491379628
0 0.17230008878087913 0.5678572874867595 0.03236527279620371 0.04864401849027781
0 0.5961155645910182 0.44952729204472275 0.03653193946287037 0.04874099873342601
0 0.21004253938874953 0.5583134430084262 0.030184959219722293 0.044428861702037165
0 0.5708731139831478 0.4593620772525005 0.03435162588638908 0.044525841945185246
0 0.413507841186944 0.5036419848011114 0.032025841945185124 0.03406068515694448
0 0.257208480118194 0.5469044707438429 0.03653193946287037 0.04874099873342601
0 0.015903747468980968 0.6152864400961574 0.02785917527851855 0.03396370491379628
0 0.648489838653796 0.43823954508407464 0.032025841945185124 0.03406068515694448
0 0.3883381257614348 0.5103517700088892 0.03202584194518524 0.03406068515694448
0 0.9149642867285183 0.3631477905239823 0.04927439007074099 0.05944860612953704
0 0.1354538344749532 0.5836753770258798 0.03236527279620376 0.04864401849027781
0 0.4344381547634255 0.49996021935018553 0.047336527102129725 0.06565011600796306
0 0.4983677424026848 0.4847725013915282 0.03653193946287037 0.04874099873342601
0 0.15323490299064765 0.5809625430592594 0.036531939462870436 0.04874099873342601
0 0.7669255238107404 0.4097292369530099 0.044913762917777926 0.05101829255305563
0 0.05345223759055504 0.6140759289511575 0.027762195035370394 0.02979703824712961
0 0.5255238109183793 0.4822778729719912 0.03885772340407409 0.05920615552166666
0 0.6335428294086571 0.4535251142330561 0.03653193946287037 0.04874099873342601
0 0.349117597392731 0.5386213694264355 0.03653193946287037 0.04874099873342601
0 0.3699994208476384 0.5370229373088429 0.027762195035370495 0.02979703824712961
0 0.41605095972805517 0.5287147199834726 0.03246225303935191 0.052810685156944474
0 0.30904936284365697 0.5585333904498614 0.03425464564324076 0.04035917527851846
0 0.6855776726204162 0.4568207006057413 0.027859175278518458 0.03396370491379628
0 0.47990781218495326 0.5166520020248152 0.03885772340407409 0.05920615552166666
0 0.8208012497479626 0.42348998011393585 0.045107723404074325 0.05935162588638884
0 0.6582276436184257 0.4676486623586117 0.044913762917777926 0.05101829255305563
0 0.7913921324734257 0.43322778507856546 0.04951684067861114 0.0698652727962037
0 0.2542280795357403 0.5853976472889355 0.036531939462870436 0.04874099873342601
0 0.13150450240819392 0.6190193085101854 0.038421312309907425 0.04045615552166666
0 0.7451466331067126 0.4498693357372692 0.049274390070740755 0.05944860612953704
0 0.06842262094930503 0.6425646048629631 0.03425464564324076 0.04035917527851846
0 0.2163644036239347 0.600149825100602 0.027956155521666717 0.038130371580462945
0 0.0327150135531939 0.6542402727962037 0.04283042958444449 0.050969802431481526
0 0.6096806053712959 0.4936167228957412 0.03435162588638884 0.04452584194518513
0 0.5592926843987033 0.5091196266446301 0.03425464564324064 0.04035917527851846
0 0.5855283115516663 0.5013924198309727 0.05130923328250011 0.057413762917777805
0 0.7239011337399996 0.4670927678548617 0.03236527279620371 0.04864401849027781
0 0.3388940202651847 0.5748614972126855 0.03246225303935191 0.052810685156944474
0 0.2840000017749069 0.6048507540517595 0.042830429584444475 0.050969802431481526
0 0.6773646936438422 0.49623431851356536 0.047433507345277806 0.06981678267462972
0 0.32171820732199025 0.5963485762400929 0.03653193946287037 0.04874099873342601
0 0.7117881837654162 0.49495107218620427 0.057704703647222286 0.06380923328250011
0 0.40546370668870324 0.5805798477697226 0.04113501722370382 0.06758797897657422
0 0.21650900304148096 0.6387157368280557 0.03246225303935191 0.052810685156944474
0 0.031890681486434605 0.6896569394628703 0.030184959219722262 0.044428861702037165
0 0.030703544455045712 0.6958826944020834 0.026260743160925977 0.05474854812555563
0 0.24368931661796242 0.635179441741852 0.03653193946287037 0.04874099873342601
0 0.2027248857669439 0.6488172177044909 0.045107723404074145 0.05935162588638908
0 0.554156215300555 0.5506893130681486 0.041135017223703586 0.06758797897657397
0 0.06423083827467536 0.6883252030139353 0.03885772340407412 0.059206155521666894
0 0.1753263666433791 0.6617285127906947 0.04510772340407409 0.05935162588638908
0 0.13966724936884206 0.6713208473906019 0.049274390070740755 0.05944860612953704
0 0.08300508333546239 0.6877199474414353 0.04951684067861117 0.0698652727962037
0 0.268398375888518 0.6482613232007409 0.042830429584444475 0.050969802431481526
0 0.47716899126319395 0.5895444236306948 0.03885772340407409 0.059206155521666894
0 0.5956531665417125 0.5589507821662968 0.06448809498453703 0.08687137031388896
0 0.5033561282945829 0.5839005501503709 0.04670615552166666 0.03856678267462949
0 0.38644614007286987 0.6364176817363429 0.06700783941203715 0.10566986043546317
0 0.6455319412377774 0.565322878417408 0.05799564437666665 0.07630923328250011
0 0.7398395776358792 0.543546600554908 0.07538966286694446 0.10794715425509267
0 0.8790843510653699 0.5165628603062508 0.09452758383953702 0.125050232015926
0 0.31144526912569387 0.67948794908713 0.047433507345277806 0.06981678267462972
0 0.34603847467277726 0.6709130360931022 0.04971080116490754 0.07819860612953704
0 0.5095567672258328 0.63094526557588 0.053877467831574086 0.07829558637268524
0 0.4642801993434254 0.6507360612953708 0.053780487588426004 0.07412891970601858
0 0.07612384080782345 0.7594737221375001 0.060030487588425975 0.07427439007074076
0 0.7924796764201384 0.5656164319883803 0.08595179989833354 0.11443960486296305
0 0.5414120227983328 0.6504468624602783 0.042636469098148194 0.042636469098148194
0 0.9653487239124071 0.5269085336849082 0.04845179989833355 0.11356678267462973
0 0.26641028090398083 0.7336779898674076 0.05799564437666677 0.07630923328250011
0 0.20008217414115675 0.7623588843711576 0.03236527279620371 0.04864401849027781
0 0.1392048513195364 0.7807443375121761 0.049516840678611194 0.0698652727962037
0 0.4463285444550457 0.7055564736561114 0.07335481965518523 0.10998199746685203
0 0.09276539146652711 0.8057192215042132 0.07689111474138895 0.08299564437666665
0 0.24816768528615674 0.8009984022281483 0.06468205547083337 0.09520470364722229
0 0.664594514186481 0.6866653580272691 0.07538966286694469 0.10794715425509267
0 0.32978136119796225 0.7872645169695373 0.07316085916888895 0.10164866413351868
0 0.5455527025098605 0.7412173328250005 0.09225029001990753 0.11666840856101857
0 0.9455301993434254 0.6619372793789823 0.0823670146905556 0.13934262461981486
0 0.44460627419199006 0.8243307187168986 0.09273519123564829 0.1375017418943519
0 0.803329270392268 0.7263725295060655 0.09103977887490752 0.15411991843944434
0 0.1548272384780085 0.9155557486063427 0.10993524923962976 0.16080632953361138
0 0.6113699211018049 0.8240432617761579 0.08813211347481484 0.11865476165120394
0 0.3511688471406937 0.9380844943004168 0.1113882109925001 0.12383101139916637
0 0.7945577840704161 0.8345603924746766 0.14845354179268544 0.20542915172194445
0 0.6103507576015732 0.9126091735036116 0.09685336778074098 0.13551538880416678