0 0.6593363006078677 0.7333026495125111 0.15729655089273392 0.18359183971127446
0 0.41002089152844523 0.28781561942512146 0.010719760710817875 0.010719760710817875
0 0.8599076694820947 0.20707424219328618 0.01525014023046604 0.023340998328478336
0 0.9060744062639944 0.19428229506568756 0.01525014023046604 0.023340998328478336
0 0.6019411803469854 0.30929171294165747 0.010719760710817875 0.010719760710817875
0 0.5420812298763434 0.327686015659986 0.0065530940441512085 0.010598523093157416
0 0.9354946950825346 0.2204866556709824 0.017151617137308506 0.017151617137308624
0 0.6941534162931242 0.2878744853531269 0.0065530940441512085 0.010598523093157296
0 0.5262743734498527 0.3343906567262128 0.012984950470641958 0.017030379519648163
0 0.6804905120087971 0.29243517427719007 0.0065530940441512085 0.010598523093157416
0 0.6511419889156398 0.29953383760081337 0.012984950470641838 0.017030379519648163
0 0.639592727369061 0.3029922410493798 0.012984950470641838 0.017030379519648163
0 0.5619638247562555 0.3239851369760987 0.010719760710817875 0.010719760710817875
0 0.5472592538052616 0.3285761353045771 0.012984950470641838 0.017030379519648163
0 0.7150473684352878 0.2851849639314911 0.012984950470641838 0.017030379519648163
0 0.6584033461778913 0.3003633384365743 0.010719760710817875 0.010719760710817875
0 0.5965206811827463 0.3167349266303997 0.0065530940441512085 0.010598523093157416
0 0.5388046828542679 0.33298527720656473 0.0065530940441512085 0.010598523093157416
0 0.9227825292516287 0.2281420351906305 0.01525014023046604 0.023340998328478336
0 0.5786911102317523 0.32141685317212343 0.010719760710817875 0.010719760710817875
0 0.5702668486851737 0.3247843284074444 0.010719760710817875 0.010719760710817875
0 0.8713771497319807 0.2421271960069714 0.012984950470641838 0.017030379519648163
0 0.8000588659280052 0.2608549021738663 0.008757664995144883 0.014825808568654253
0 0.769608057359351 0.2700672082352381 0.012984950470641838 0.017030379519648163
0 0.6311381564180673 0.3074013829513674 0.010719760710817875 0.010719760710817875
0 0.7821989855725965 0.2665784953822567 0.012984950470641838 0.017030379519648163
0 0.6678692743911366 0.29696555379683814 0.0065530940441512085 0.010598523093157416
0 0.6468843940357277 0.302780075218474 0.008757664995144883 0.014825808568654253
0 0.7443655821240301 0.2791279672745343 0.004287904284327245 0.004287904284327245
0 0.6992405120087971 0.29188960499771793 0.0065530940441512085 0.010598523093157296
0 0.5880358008273373 0.322185735199054 0.010598523093157534 0.0065530940441512085
0 0.5324334452366074 0.3373338002997221 0.004287904284327245 0.004287904284327245
0 0.7128731068887092 0.28837058274032135 0.010598523093157534 0.0065530940441512085
0 0.6216116093959916 0.31288250092443687 0.008757664995145121 0.014825808568654253
0 0.6111040145160795 0.31631059496858804 0.008757664995144883 0.014825808568654253
0 0.47787275631254417 0.35245155599597505 0.010598523093157296 0.0065530940441512085
0 0.887062768540811 0.23958922160741125 0.017151617137308506 0.017151617137308624
0 0.6898352026043819 0.29320405630412066 0.01071976071081764 0.010719760710817875
0 0.6751003222489731 0.29883672129926564 0.006553094044150972 0.010598523093157416
0 0.9164416010383835 0.23144889161712126 0.017151617137308506 0.017151617137308624
0 0.49567201785912285 0.34881129612091794 0.010719760710817875 0.010719760710817875
0 0.8335437462834143 0.2546766678992491 0.010719760710817875 0.010719760710817875
0 0.7317746539107848 0.28261668012751584 0.010719760710817875 0.010719760710817875
0 0.8187785565235902 0.26135099956106084 0.008757664995145121 0.014825808568654312
0 0.8124982471191752 0.2625745226542182 0.017151617137308506 0.017151617137308624
0 0.5092743033346198 0.34633394053018807 0.012984950470641838 0.017030379519648163
0 0.7747254624794391 0.2730406612131625 0.012984950470641838 0.017030379519648163
0 0.9006347446118926 0.23815353268334805 0.01525014023046604 0.023340998328478336
0 0.7537405821240301 0.27885518263479825 0.012984950470641838 0.017030379519648163
0 0.8649756027099049 0.2475173857667955 0.012984950470641838 0.017030379519648163
0 0.8555399839010748 0.2498735037398649 0.010719760710817875 0.010719760710817875
0 0.45256966226839296 0.3635956483686046 0.010719760710817875 0.010719760710817875
0 0.7945777479549359 0.2703814491959419 0.017151617137308506 0.017151617137308624
0 0.5396341836900287 0.34024663446881626 0.012984950470641838 0.017030379519648163
0 0.8690816505677414 0.24947948148246832 0.012984950470641838 0.017030379519648104
0 0.7673428675995271 0.2763778270440684 0.008757664995144883 0.014825808568654253
0 0.6151494435650858 0.3203560240175943 0.012984950470641838 0.017030379519648163
0 0.559577397378771 0.33446242245159563 0.010719760710817875 0.010719760710817875
0 0.7368920590308726 0.28559013310544024 0.0065530940441512085 0.010598523093157416
0 0.40009230667766305 0.3786527852560273 0.0065530940441512085 0.010598523093157416
0 0.4693575665527201 0.35894403123129603 0.012984950470641958 0.017030379519648163
0 0.7022442743911366 0.2959653434511392 0.012984950470641838 0.017030379519648163
0 0.42003552036640535 0.3728685732388067 0.008757664995145001 0.014825808568654253
0 0.4105999015575751 0.37522469121187607 0.012984950470641838 0.017030379519648163
0 0.35493692715801495 0.3924560896458775 0.0065530940441512085 0.010598523093157296
0 0.6812897034401428 0.30073819820610825 0.0065530940441512085 0.010598523093157296
0 0.4620052810772232 0.36123953039553514 0.0065530940441512085 0.010598523093157296
0 0.43783478191298403 0.3692283133637496 0.0065530940441512085 0.010598523093157416
0 0.6602138948714885 0.309677719627744 0.012984950470641838 0.017030379519648163
0 0.3885127357266692 0.38315285537126026 0.0065530940441512085 0.010598523093157296
0 0.3622589032290967 0.391202257148305 0.0042879042843271264 0.004287904284327245
0 0.4787325665527201 0.3586712465915599 0.012984950470641958 0.017030379519648163
0 0.42205823489090843 0.37489128776330977 0.010719760710817875 0.010719760710817875
0 0.3695808793001785 0.3899484246507325 0.010719760710817875 0.010719760710817875
0 0.841725532594672 0.25964252599726145 0.012984950470641838 0.017030379519648163
0 0.6392290145160795 0.31549224104937973 0.012984950470641838 0.017030379519648163
0 0.9424529583006349 0.2317328231734099 0.01525014023046604 0.023340998328478336
0 0.44720978191298405 0.36895552872401355 0.010719760710817875 0.010719760710817875
0 0.19434955098141013 0.43876009518805764 0.008757664995145001 0.014825808568654253
0 0.761982987244118 0.28173770739947734 0.012984950470641838 0.017030379519648163
0 0.5920206110675132 0.3283144975813935 0.01525014023046604 0.023340998328478454
0 0.576304682854268 0.33189413864762035 0.017151617137308506 0.017151617137308506
0 0.6508085854670734 0.3109921709341467 0.012984950470641838 0.017030379519648163
0 0.8889036266388232 0.24786193613191437 0.017151617137308506 0.017151617137308624
0 0.42931959215315996 0.3757207885990706 0.008757664995145001 0.014825808568654253
0 0.2939746912118761 0.4129640351019545 0.012984950470641958 0.017030379519648163
0 0.8500588659280053 0.2594000507619405 0.012984950470641838 0.017030379519648163
0 0.8049641052171874 0.27112002181845735 0.012984950470641838 0.017030379519648163
0 0.6013956110675132 0.32804171294165746 0.017151617137308506 0.017151617137308624
0 0.6318161102317525 0.3198710735469523 0.012984950470641838 0.017030379519648163
0 0.7105169889156397 0.29780620154915155 0.012984950470641838 0.017030379519648163
0 0.4859636144105565 0.3605424140939874 0.010719760710817875 0.010719760710817875
0 0.17014874241275582 0.44779054482293873 0.012984950470641958 0.017030379519648163
0 0.7524867496264577 0.28617715870588006 0.012984950470641838 0.017030379519648163
0 0.8259186761681813 0.26634716706348827 0.008757664995145121 0.014825808568654253
0 0.7807936060529482 0.27910880478667177 0.019416806897132707 0.023462235946138794
0 0.6758692042759037 0.30818141189485054 0.017151617137308506 0.017151617137308506
0 0.2813231441898005 0.4185360812882693 0.0065530940441512085 0.010598523093157296
0 0.8101118197416906 0.2730518081297151 0.010962235946138795 0.01905309404415121
0 0.7198919889156398 0.29753341690941554 0.012984950470641838 0.017030379519648163
0 0.5677591836900286 0.33942828054960805 0.012984950470641838 0.017030379519648163
0 0.4387249015575751 0.37440633729266787 0.010719760710817875 0.010719760710817875
0 0.9349794352074775 0.23819498900431574 0.01525014023046604 0.023340998328478336
0 0.6999487752268974 0.3033176289266361 0.01525014023046604 0.023340998328478336
0 0.684202537609237 0.3079389366595296 0.008757664995144883 0.014825808568654253
0 0.40300514084675726 0.3858535237094486 0.012984950470641838 0.017030379519648163
0 0.45756582977082044 0.37073576801319563 0.008757664995145121 0.014825808568654253
0 0.7461458214132122 0.2894840151323708 0.012984950470641838 0.017030379519648163
0 0.3505277852560273 0.4009106605968713 0.0042879042843271264 0.0042879042843271264
0 0.1521979338441015 0.45663913803132916 0.012984950470641958 0.017030379519648163
0 0.4082134741800906 0.385701976687373 0.008757664995145121 0.014825808568654253
0 0.357819451922694 0.4006984947659654 0.012984950470641958 0.017030379519648163
0 0.31480802454520945 0.4123578470136521 0.012984950470641958 0.017030379519648163
0 0.8624982471191751 0.2611196712422924 0.019416806897132707 0.023462235946138794
0 0.8194868197416907 0.272779023489979 0.012984950470641838 0.017030379519648163
0 0.7586458214132122 0.28912030227938934 0.010719760710817875 0.010719760710817875
0 0.9118202933054899 0.2471951292347817 0.019538044514793285 0.027628902612805522
0 0.336834571567285 0.40651301618760116 0.012984950470641958 0.017030379519648163
0 0.6201456110675132 0.3274961436621853 0.012984950470641838 0.017030379519648163
0 0.1826184330083407 0.44846849863662397 0.010719760710817875 0.010719760710817875
0 0.7911799633151998 0.27984737740918725 0.019416806897132707 0.023462235946138794
0 0.9233998642564837 0.24269505911954872 0.019416806897132707 0.023462235946138853
0 0.6159486349964315 0.32865904794651246 0.012984950470641838 0.017030379519648163
0 0.6882782760626582 0.31094269904186905 0.0065530940441512085 0.010598523093157416
0 0.7407253222489731 0.2969272288211131 0.01525014023046604 0.023340998328478454
0 0.6441948726140919 0.3236740273606375 0.012984950470641838 0.017030379519648163
0 0.5581720178591228 0.34699273185601076 0.010719760710817875 0.010719760710817875
0 0.5287931853615503 0.3551330618463008 0.012984950470641958 0.017030379519648163
0 0.34308457156728506 0.40633115976111056 0.012984950470641958 0.017030379519648163
0 0.5036113289350597 0.36211048755226366 0.0065530940441512085 0.010598523093157296
0 0.49417571012622935 0.3644666055253331 0.012984950470641838 0.017030379519648163
0 0.12171681587103209 0.4668931107593676 0.012984950470641929 0.017030379519648163
0 0.6557138247562555 0.3212572905787378 0.012984950470641838 0.017030379519648163
0 0.30528147752313384 0.41783896498672146 0.012984950470641958 0.017030379519648163
0 0.09650465004012625 0.47491220313199717 0.012984950470641929 0.017030379519648163
0 0.3829709989447696 0.3947627357266692 0.010719760710817875 0.010719760710817875
0 0.2916791920476369 0.42031632057745144 0.012984950470641838 0.017030379519648163
0 0.270694311692228 0.4261308419990872 0.01525014023046604 0.023340998328478454
0 0.2622700501456493 0.4294983172344081 0.015250140230465921 0.023340998328478336
0 0.135319101346529 0.46441575516863776 0.019416806897132648 0.023462235946138794
0 0.8813088659280054 0.2584907686294869 0.019416806897132707 0.023462235946138853
0 0.1982737424127558 0.4469721909037305 0.0065530940441512085 0.010598523093157296
0 0.8362141052171875 0.27021073968600373 0.019416806897132707 0.023462235946138794
0 0.1258228637288685 0.4688552064750405 0.017030379519648104 0.012984950470641958
0 0.20556540907942247 0.44676002507282464 0.012984950470641958 0.017030379519648163
0 0.5895735648811986 0.34087511639022383 0.012984950470641838 0.017030379519648163
0 0.7238464897514005 0.30470384595842165 0.019416806897132707 0.023462235946138794
0 0.5832629460723683 0.3431403061500478 0.010719760710817875 0.010719760710817875
0 0.4164255698957634 0.38962616811871875 0.012984950470641958 0.017030379519648163
0 0.3146867869275489 0.41652451368031873 0.0065530940441512085 0.010598523093157416
0 0.5402515186948837 0.3547996583977344 0.008757664995144883 0.014825808568654253
0 0.2768836928833977 0.4280323189059298 0.012984950470641838 0.017030379519648163
0 0.10900465004012624 0.4745484902790158 0.012984950470641929 0.017030379519648163
0 0.8455891052171876 0.26993795504626766 0.019416806897132707 0.023462235946138794
0 0.07956519873372349 0.48477215360263914 0.017151617137308624 0.017151617137308624
0 0.8990171992613386 0.2579755087544298 0.025727425705962995 0.025727425705962877
0 0.28521702621673106 0.4277898436706088 0.012984950470641838 0.017030379519648163
0 0.6104978264277772 0.3371439283019214 0.010719760710817875 0.010719760710817875
0 0.4709256400109964 0.37659174575579907 0.010719760710817875 0.010719760710817875
0 0.3418913578785428 0.4115698024988589 0.012984950470641958 0.017030379519648163
0 0.19184188598626506 0.45340404733022127 0.012984950470641958 0.017030379519648163
0 0.061735627782729674 0.48945408014436287 0.012984950470641929 0.017030379519648163
0 0.7647139649867216 0.29518844585289855 0.012984950470641838 0.017030379519648163
0 0.6755054914229223 0.3206814118948505 0.012984950470641838 0.017030379519648163
0 0.14981150646661695 0.46711642350682603 0.0065530940441512085 0.010598523093157416
0 0.21068281419951043 0.44973347805074904 0.0065530940441512085 0.010598523093157296
0 0.16764107741761078 0.4624344969651023 0.017151617137308624 0.017151617137308624
0 0.22008812360392557 0.4484190267443463 0.012984950470641958 0.017030379519648163
0 0.44252785537126027 0.38678509967500735 0.0065530940441512085 0.010598523093157416
0 0.37644821430503345 0.40431959215316 0.0065530940441512085 0.010598523093157416
0 0.32608450145205203 0.4182744435650857 0.019538044514793167 0.027628902612805463
0 0.4005884040648576 0.3973724758516122 0.0065530940441512085 0.010598523093157416
0 0.5506378759571352 0.3555382310202499 0.017151617137308506 0.017151617137308506
0 0.5138764485796508 0.36701572684144584 0.010719760710817875 0.010719760710817875
0 0.49604687762865685 0.37169765338316957 0.010719760710817875 0.010719760710817875
0 0.4625013784644177 0.37995922099112006 0.01525014023046604 0.023340998328478336
0 0.3333458587143036 0.4191039444008466 0.012984950470641838 0.017030379519648163
0 0.48756199727324795 0.37714846195182383 0.010719760710817875 0.010719760710817875
0 0.44666421263351186 0.38770552872401354 0.010719760710817875 0.010719760710817875
0 0.5599825665527202 0.3563071130471805 0.017151617137308506 0.017151617137308506
0 0.8065624880798788 0.2877260696762937 0.019416806897132707 0.023462235946138794
0 0.30084202621673106 0.427335202604382 0.012984950470641838 0.017030379519648163
0 0.5211681152463173 0.36680356101054 0.019416806897132707 0.023462235946138794
0 0.6176985648811986 0.3400567624710155 0.017151617137308506 0.017151617137308506
0 0.5736151614326321 0.35278809078978396 0.010719760710817875 0.010719760710817875
0 0.42981568954035443 0.39444047919465547 0.012984950470641958 0.017030379519648163
0 0.18008045860878052 0.46415411744545415 0.012984950470641958 0.017030379519648163
0 0.5063726160820782 0.3745195593390183 0.012984950470641838 0.017030379519648163
0 0.4549975459668452 0.3874630534886926 0.012984950470641958 0.017030379519648163
0 0.3710580245452094 0.41072113917523556 0.0065530940441512085 0.010598523093157416
0 0.7959942743911366 0.2932374970537783 0.01953804451479305 0.027628902612805463
0 0.6553804213076891 0.3327156239120711 0.012984950470641838 0.017030379519648163
0 0.4203800707315242 0.39679659716772486 0.012984950470641958 0.017030379519648163
0 0.38156561942512146 0.4072930451310844 0.008757664995145121 0.014825808568654253
0 0.007248457464874112 0.5118938119116976 0.014496914929748224 0.017151617137308624
0 0.6396644930944437 0.3362952649782979 0.008757664995144883 0.014825808568654253
0 0.3143230740745675 0.42902451368031874 0.010719760710817875 0.010719760710817875
0 0.15903495944454135 0.4720519722004232 0.012984950470641958 0.017030379519648163
0 0.12861446028030218 0.48022261159512847 0.012984950470641899 0.017030379519648163
0 0.11075457992489325 0.48594620480351886 0.012984950470641929 0.017030379519648163
0 0.18945545860878055 0.4638813328057181 0.010719760710817875 0.010719760710817875
0 0.03732265338316953 0.5057761964459107 0.004287904284327156 0.0042879042843271264
0 0.7329790145160795 0.3127643946520189 0.019416806897132707 0.023462235946138794
0 0.5965621375037139 0.3510796172259846 0.01525014023046604 0.023340998328478454
0 0.031042343978754404 0.5069997195390681 0.010719760710817875 0.010719760710817875
0 0.540959781912984 0.36622768232665265 0.017151617137308506 0.017151617137308624
0 0.20311836289310772 0.4593206438816549 0.012984950470641958 0.017030379519648163
0 0.6941342538052616 0.32430250928204507 0.019416806897132707 0.023462235946138794
0 0.47583087930017853 0.38685686540039016 0.012984950470641958 0.017030379519648163
0 0.1747205782533716 0.4695139978008631 0.012984950470641958 0.017030379519648163
0 0.5744749716728081 0.3590077813853688 0.010719760710817875 0.010719760710817875
0 0.23871688598626506 0.45204012413154077 0.017151617137308624 0.017151617137308624
0 0.4422853801359394 0.39511843300834065 0.017151617137308506 0.017151617137308624
0 0.16525465004012624 0.4729117824405992 0.01525014023046598 0.023340998328478336
0 0.36042919204763696 0.41831589988605344 0.019416806897132707 0.023462235946138794
0 0.2513078141995104 0.4485514112785593 0.019416806897132648 0.023462235946138794
0 0.05720524826308156 0.5020753177620233 0.012984950470641929 0.017030379519648163
0 0.7590509905871613 0.31096499287497426 0.025727425705962995 0.025727425705962877
0 0.14840612694696886 0.4796467329112411 0.012984950470641958 0.017030379519648163
0 0.3897474057363792 0.41225890322909675 0.019416806897132707 0.023462235946138794
0 0.6656758503566954 0.33657919653458657 0.019416806897132707 0.023462235946138794
0 0.6342136845257895 0.3447801453337069 0.019416806897132707 0.023462235946138794
0 0.40442166728295786 0.408709571567285 0.01953804451479305 0.027628902612805463
0 0.27223207574608915 0.4448202231902569 0.017151617137308624 0.017151617137308624
0 0.20296681587103207 0.46452897721498826 0.010719760710817875 0.010719760710817875
0 0.6814220879743559 0.3319578888016931 0.019416806897132707 0.023462235946138794
0 0.20820545860878054 0.46333576352624595 0.012984950470641958 0.017030379519648163
0 0.07497420040524513 0.4994767245536329 0.017151617137308596 0.017151617137308506
0 0.12944396111606302 0.48748396885738005 0.012984950470641929 0.017030379519648163
0 0.49038390322909675 0.38747420040524516 0.01525014023046604 0.023340998328478336
0 0.3435200501456493 0.42713418369002876 0.012984950470641958 0.017030379519648163
0 0.2616638620573469 0.45033165056774144 0.012984950470641958 0.017030379519648163
0 0.7149069683297647 0.32577965452707597 0.01953804451479305 0.027628902612805463
0 0.5040164981090087 0.3839551781478486 0.019538044514793167 0.027628902612805463
0 0.08747420040524513 0.49911301170065153 0.017151617137308596 0.017151617137308506
0 0.13679624659155992 0.48518846969314083 0.019416806897132648 0.023462235946138794
0 0.003956755740590948 0.5235340016715216 0.007913511481181896 0.017151617137308506
0 0.7275282059474253 0.3212492750074278 0.01525014023046604 0.023340998328478454
0 0.03812184481451523 0.5140792203748288 0.017151617137308596 0.017151617137308506
0 0.10104617647632692 0.4976773227765882 0.017151617137308624 0.017151617137308506
0 0.11262574742732073 0.49317725266135526 0.019416806897132648 0.023462235946138794
0 0.4357625954962032 0.40467528943483144 0.017151617137308624 0.017151617137308624
0 0.15772050813813862 0.4814572816048384 0.012984950470641958 0.017030379519648163
0 0.028655916601269867 0.517477005014565 0.017151617137308603 0.017151617137308624
0 0.5197324263222541 0.38037553708162175 0.017151617137308624 0.017151617137308624
0 0.4682664279937757 0.39644403123129607 0.017151617137308506 0.017151617137308506
0 0.4567474758516122 0.39886076801319564 0.017151617137308624 0.017151617137308624
0 0.4473118570427819 0.40121688598626515 0.008757664995145001 0.014825808568654253
0 0.6529636845257895 0.34423457605423474 0.017151617137308506 0.017151617137308624
0 0.21745922099112006 0.4672296455531766 0.019416806897132648 0.023462235946138794
0 0.1775727936136355 0.4787980695876178 0.010719760710817875 0.010719760710817875
0 0.48499371346927267 0.39387574742732073 0.01525014023046604 0.023340998328478336
0 0.37173597835889466 0.4231908297708204 0.01953804451479305 0.027628902612805463
0 0.2268948397999503 0.46487352758010714 0.01525014023046598 0.023340998328478336
0 0.5605695921531599 0.3719018036427653 0.019416806897132707 0.023462235946138794
0 0.12298179528515715 0.4949574919505374 0.01525014023046598 0.023340998328478336
0 0.013860417437030688 0.5251930033430433 0.019416806897132655 0.023462235946138794
0 0.1659932226626417 0.4832981397028508 0.0065530940441512085 0.010598523093157296
0 0.6192666383394747 0.35770447699551866 0.019416806897132707 0.023462235946138794
0 0.5416074263222541 0.37973903958890426 0.019538044514793285 0.027628902612805463
0 0.008629101038383387 0.5274581931028673 0.017258202076766774 0.02346223594613891
0 0.18906143635138398 0.47742299947238476 0.0065530940441512085 0.010598523093157296
0 0.6087893528639778 0.36009090437300323 0.019416806897132707 0.023462235946138794
0 0.5772665682242418 0.3703751865054568 0.019416806897132707 0.023462235946138794
0 0.02531875077036402 0.524859599894477 0.017151617137308596 0.017151617137308506
0 0.04630363112577296 0.5190450784728412 0.01941680689713266 0.023462235946138794
0 0.07359913029001214 0.5109653672913814 0.019416806897132648 0.023462235946138794
0 0.8993314402220425 0.28294519935001466 0.019416806897132707 0.023462235946138794
0 0.5887552109619901 0.3690001163902238 0.01525014023046604 0.023340998328478454
0 0.9317443445063696 0.2778389411464793 0.017151617137308506 0.017151617137308624
0 0.3526222655059132 0.4362363990502926 0.019416806897132707 0.023462235946138794
0 0.3179138620573469 0.4486949427293249 0.019538044514793167 0.027628902612805463
0 0.2612698397999503 0.4638733172344081 0.019416806897132707 0.023462235946138794
0 0.23608798337345957 0.470850742940371 0.019538044514793167 0.027628902612805463
0 0.05874301231694271 0.5207646989531931 0.019538044514793136 0.027628902612805463
0 0.30847824324851664 0.45105106070239437 0.012984950470641838 0.017030379519648163
0 0.19307655599597504 0.48251009518805765 0.019416806897132648 0.023462235946138794
0 0.9117708214132122 0.28466481983036657 0.010719760710817875 0.010719760710817875
0 0.3325881236039256 0.44514561106751327 0.019416806897132707 0.023462235946138794
0 0.2758834825376988 0.4624073189059298 0.025909282132453627 0.031977425705962875
0 0.17932272349840253 0.4901957841121209 0.01525014023046598 0.023340998328478336
0 0.25385693551562316 0.46825214973198065 0.019416806897132707 0.023462235946138794
0 0.9505246539107847 0.2762517052003404 0.019416806897132707 0.023462235946138794
0 0.2034932226626417 0.4822070011439064 0.019416806897132648 0.023462235946138794
0 0.10172413029001212 0.5101470133721732 0.019416806897132648 0.023462235946138794
0 0.2957357680131957 0.45974810688870915 0.019538044514793167 0.027628902612805463
0 0.0021669352074775426 0.5424052392891822 0.004333870414955085 0.023462235946138794
0 0.8895321085602307 0.2978013173230841 0.025848663323623573 0.029894092372629542
0 0.027068680655131027 0.5362573144189801 0.019538044514793143 0.027628902612805463
0 0.7636228264277771 0.33268844585289864 0.025848663323623573 0.029894092372629542
0 0.17184920040524515 0.4966579499430267 0.017151617137308624 0.017151617137308624
0 0.14142870124100596 0.5048285893377319 0.025848663323623396 0.029894092372629542
0 0.7373386845257895 0.3417795142966099 0.017151617137308506 0.017151617137308506
0 0.6649181152463174 0.36262086320125325 0.019538044514793285 0.027628902612805463
0 0.1266635114811819 0.5115029209995435 0.01525014023046598 0.023340998328478454
0 0.22941365171164788 0.4856159327001951 0.019538044514793167 0.027628902612805463
0 0.9366192743911366 0.28914572745773703 0.01525014023046604 0.023340998328478336
0 0.8232706110675133 0.32158580980123674 0.025848663323623337 0.029894092372629664
0 0.8441948726140919 0.3178546217129343 0.025848663323623337 0.029894092372629664
0 0.0635876327972946 0.5331131519311174 0.01941680689713266 0.023462235946138794
0 0.1170157268414458 0.5211507056392797 0.025727425705962877 0.025727425705962877
0 0.6573839733443297 0.3711663623654925 0.025848663323623573 0.029894092372629542
0 0.16208017814784856 0.5104724012494295 0.019416806897132648 0.023462235946138794
0 0.6783082348909084 0.3674351742771901 0.025909282132453627 0.031977425705962875
0 0.9142896333249098 0.3054072249504545 0.030015329990290003 0.030015329990290003
0 0.8041265888101167 0.33567304574737555 0.025909282132453627 0.03197742570596299
0 0.7484636144105565 0.35290444418137695 0.025909282132453627 0.031977425705962875
0 0.5343875253809701 0.4132542293487283 0.025727425705962995 0.025727425705962877
0 0.8826759204719283 0.31881650708290815 0.019538044514793285 0.027628902612805463
0 0.26982648588074204 0.49172553259467205 0.017030379519648163 0.012984950470641958
0 0.6171338331138637 0.39523478639993376 0.025848663323623337 0.029894092372629542
0 0.9245547529695008 0.31031246423963665 0.025909282132453627 0.03197742570596299
0 0.8679107307121043 0.32549083874471985 0.019416806897132707 0.023462235946138794
0 0.7377438536997386 0.3636242048921948 0.025909282132453627 0.031977425705962875
0 0.45342145693725894 0.44162972015535923 0.025909282132453627 0.031977425705962875
0 0.060928420780073975 0.5529654374066143 0.025727425705962908 0.025727425705962995
0 0.7649484246507325 0.3586694937107351 0.028174471892277588 0.03828804451479305
0 0.9547933957072493 0.3083918248449315 0.025909282132453627 0.031977425705962875
0 0.8173651614326322 0.3456956901566457 0.025848663323623573 0.029894092372629664
0 0.8372780657169593 0.3409531448060917 0.025909282132453627 0.031977425705962875
0 0.4374327440842774 0.454584361221586 0.028295709509938167 0.04245471118145983
0 0.41228119706220184 0.46052012026088224 0.01953804451479305 0.027628902612805463
0 0.784679472508569 0.36017694836018116 0.03430323427461725 0.03430323427461725
0 0.48773583812842863 0.44271284314299364 0.028295709509938167 0.042454711181459714
0 0.15516337125071591 0.5335709243425869 0.019416806897132707 0.023462235946138794
0 0.6125428347853853 0.4099393573509276 0.029894092372629664 0.025848663323623337
0 0.0011005325946720353 0.5829393110759368 0.0022010651893440707 0.029469760710817874
0 0.5422359082436616 0.42967842078007396 0.030015329990290003 0.030015329990290003
0 0.40269403123129605 0.46808457156728506 0.028174471892277588 0.03828804451479317
0 0.5075881236039256 0.44005363112577295 0.03865175736777455 0.04067447189227771
0 0.2672582020767668 0.508452818070169 0.030015329990290003 0.030015329990290003
0 0.06791699340258943 0.5631699382423752 0.025727425705962908 0.025727425705962995
0 0.09729582590016195 0.5550296082520851 0.025909282132453627 0.03197742570596299
0 0.3354211764763269 0.4908577067831861 0.025909282132453627 0.031977425705962875
0 0.6963308091849456 0.3918896049977179 0.030136567607950346 0.03418199665695667
0 0.2566899883880245 0.5139642454476535 0.019538044514793167 0.027628902612805463
0 0.011486889856923583 0.5846286221518736 0.022973779713847165 0.029894092372629664
0 0.468561506466617 0.4578417457557991 0.030015329990290003 0.030015329990290003
0 0.21573158493945818 0.5266046455531765 0.030015329990290003 0.030015329990290003
0 0.36988710468957225 0.4867324964374871 0.04067447189227771 0.03865175736777455
0 0.11494354042466504 0.5565976817103615 0.028295709509938167 0.04245471118145995
0 0.1882845387531434 0.5398926900679697 0.025848663323623337 0.029894092372629664
0 0.2890422738635214 0.5109413205774515 0.030015329990290003 0.030015329990290003
0 0.5889593612215861 0.4335228309147269 0.03234113855894426 0.03840928213245363
0 0.1450306361403379 0.5598853756489895 0.032341138558944375 0.03840928213245363
0 0.28028460886837636 0.5257671291461057 0.03828804451479317 0.028174471892277588
0 0.24560651482422516 0.5371840061584714 0.030136567607950582 0.03418199665695667
0 0.5614213868220259 0.44993587542952 0.04103818474525909 0.051151757367774546
0 0.9578992332193867 0.3447289205606044 0.04348523093157392 0.06371237617660483
0 0.178303350664841 0.5609988080410392 0.019538044514793167 0.027628902612805463
0 0.01023305735935107 0.609749859769534 0.02046611471870214 0.050848663323623575
0 0.3218906567262128 0.5266380863028342 0.055924612122743626 0.061992755696252996
0 0.6199062671774348 0.4430302154489399 0.051697326647246675 0.059788184745259085
0 0.0774546873412176 0.5930751775315574 0.047288184745259115 0.05133361379426541
0 0.7237890022878128 0.4139879177451763 0.043242755696253 0.055379042843271505
0 0.8632399510869332 0.37870676695796524 0.054083754024731215 0.07026547022075605
0 0.4236294396944273 0.49973974074123423 0.04128065998058013 0.05948509070110788
0 0.34600053708162176 0.5207326366679531 0.02817447189227771 0.03828804451479305
0 0.23161020709133168 0.553203028415868 0.03050028046093196 0.04668199665695667
0 0.8222512382339516 0.39238883373015493 0.04740942236291943 0.05550028046093196
0 0.40022782255711864 0.5170732143050335 0.057886707838416505 0.05788670783841662
0 0.21243587542952003 0.5683319310286734 0.05372004117174984 0.057765470220756045
0 0.11468190270148151 0.601359038972613 0.04496237617660483 0.04293966165210179
0 0.1668258548436451 0.5977602354185236 0.04312151807859242 0.05121237617660483
0 0.2800835899540231 0.5684451530750239 0.055924612122743626 0.061992755696252996
0 0.679443961116063 0.4714806033261963 0.103273415676833 0.1154097028238515
0 0.011851981174322719 0.6657573845342131 0.022106328318768406 0.04435618808830242
0 0.12388619319154336 0.6427226115951286 0.06265956259338562 0.0788412787894103
0 0.7963834124224658 0.45871095003170276 0.05831103950022817 0.07247004117174984
0 0.538193610539898 0.5328337301844891 0.0736217985395245 0.0978943728335615
0 0.9200578141995105 0.4290927736440518 0.04587165830905846 0.0741896616521018
0 0.23693176247101552 0.6206991959182955 0.057765470220756045 0.053720041171749715
0 0.87494389100083 0.47724076862948694 0.09469760710817875 0.10683389425519725
0 0.0430636561985976 0.7377041502595958 0.05659141901987632 0.08490942236291943
0 0.2892798648727749 0.6816231068887092 0.11840231828963847 0.1345840344856633
0 0.5179392872356946 0.6208489900595462 0.0970840344856633 0.11731117973069398