0 0.40208333333333335 0.3145833333333333 0.009375 0.014583333333333334
0 0.49166666666666664 0.321875 0.009375 0.014583333333333334
0 0.38333333333333336 0.32083333333333336 0.014583333333333334 0.014583333333333334
0 0.33541666666666664 0.325 0.009375 0.009375
0 0.24895833333333334 0.325 0.009375 0.014583333333333334
0 0.3177083333333333 0.32916666666666666 0.009375 0.014583333333333334
0 0.5916666666666667 0.3416666666666667 0.014583333333333334 0.014583333333333334
0 0.6447916666666667 0.35625 0.009375 0.014583333333333334
0 0.43854166666666666 0.35208333333333336 0.004166666666666667 0.009375
0 0.60625 0.3645833333333333 0.009375 0.014583333333333334
0 0.625 0.36666666666666664 0.014583333333333334 0.014583333333333334
0 0.6458333333333334 0.375 0.004166666666666667 0.014583333333333334
0 0.21979166666666666 0.371875 0.004166666666666667 0.009375
0 0.246875 0.3802083333333333 0.014583333333333334 0.014583333333333334
0 0.22291666666666668 0.38958333333333334 0.009375 0.014583333333333334
0 0.203125 0.390625 0.009375 0.014583333333333334
0 0.25833333333333336 0.403125 0.014583333333333334 0.014583333333333334
0 0.6708333333333333 0.43645833333333334 0.015625 0.022916666666666665
0 0.25416666666666665 0.421875 0.014583333333333334 0.014583333333333334
0 0.6416666666666667 0.4395833333333333 0.014583333333333334 0.014583333333333334
0 0.9322916666666666 0.46145833333333336 0.020833333333333332 0.022916666666666665
0 0.9895833333333334 0.46458333333333335 0.014583333333333334 0.01875
0 0.5020833333333333 0.446875 0.020833333333333332 0.03333333333333333
0 0.684375 0.4552083333333333 0.009375 0.014583333333333334
0 0.8666666666666667 0.46145833333333336 0.015625 0.022916666666666665
0 0.15208333333333332 0.4395833333333333 0.004166666666666667 0.009375
0 0.5666666666666667 0.45416666666666666 0.009375 0.009375
0 0.42083333333333334 0.4479166666666667 0.020833333333333332 0.022916666666666665
0 0.48333333333333334 0.4510416666666667 0.009375 0.009375
0 0.33541666666666664 0.44583333333333336 0.014583333333333334 0.014583333333333334
0 0.540625 0.453125 0.014583333333333334 0.014583333333333334
0 0.8333333333333334 0.465625 0.020833333333333332 0.028125
0 0.48541666666666666 0.453125 0.009375 0.014583333333333334
0 0.55 0.4552083333333333 0.009375 0.014583333333333334
0 0.35833333333333334 0.44895833333333335 0.009375 0.014583333333333334
0 0.525 0.45729166666666665 0.014583333333333334 0.01875
0 0.2791666666666667 0.4479166666666667 0.014583333333333334 0.014583333333333334
0 0.9697916666666667 0.47291666666666665 0.014583333333333334 0.014583333333333334
0 0.5135416666666667 0.45729166666666665 0.009375 0.014583333333333334
0 0.6541666666666667 0.46145833333333336 0.009375 0.009375
0 0.9135416666666667 0.47291666666666665 0.020833333333333332 0.022916666666666665
0 0.309375 0.45208333333333334 0.009375 0.01875
0 0.5895833333333333 0.46145833333333336 0.014583333333333334 0.01875
0 0.371875 0.45416666666666666 0.014583333333333334 0.01875
0 0.5802083333333333 0.46458333333333335 0.014583333333333334 0.01875
0 0.31666666666666665 0.45416666666666666 0.009375 0.014583333333333334
0 0.50625 0.46041666666666664 0.014583333333333334 0.01875
0 0.7520833333333333 0.46979166666666666 0.014583333333333334 0.014583333333333334
0 0.8020833333333334 0.47291666666666665 0.014583333333333334 0.014583333333333334
0 0.9479166666666666 0.4791666666666667 0.015625 0.022916666666666665
0 0.7291666666666666 0.4708333333333333 0.015625 0.022916666666666665
0 0.7166666666666667 0.4708333333333333 0.009375 0.014583333333333334
0 0.7625 0.47291666666666665 0.020833333333333332 0.022916666666666665
0 0.39791666666666664 0.46458333333333335 0.020833333333333332 0.022916666666666665
0 0.5375 0.46979166666666666 0.020833333333333332 0.022916666666666665
0 0.565625 0.4708333333333333 0.020833333333333332 0.022916666666666665
0 0.8916666666666667 0.4822916666666667 0.020833333333333332 0.022916666666666665
0 0.057291666666666664 0.45416666666666666 0.010416666666666666 0.022916666666666665
0 0.36666666666666664 0.4666666666666667 0.014583333333333334 0.01875
0 0.4083333333333333 0.46875 0.014583333333333334 0.01875
0 0.6208333333333333 0.47604166666666664 0.020833333333333332 0.022916666666666665
0 0.43333333333333335 0.46979166666666666 0.015625 0.022916666666666665
0 0.646875 0.47708333333333336 0.015625 0.022916666666666665
0 0.16666666666666666 0.4625 0.015625 0.022916666666666665
0 0.22291666666666668 0.46458333333333335 0.020833333333333332 0.022916666666666665
0 0.47708333333333336 0.47291666666666665 0.025 0.025
0 0.5104166666666666 0.47708333333333336 0.020833333333333332 0.022916666666666665
0 0.271875 0.4708333333333333 0.014583333333333334 0.01875
0 0.8520833333333333 0.49166666666666664 0.014583333333333334 0.01875
0 0.4354166666666667 0.49270833333333336 0.020833333333333332 0.028125
0 0.30104166666666665 0.490625 0.020833333333333332 0.022916666666666665
0 0.36770833333333336 0.5 0.025 0.0375
0 0.19479166666666667 0.49583333333333335 0.03333333333333333 0.041666666666666664
0 0.32708333333333334 0.5052083333333334 0.029166666666666667 0.03333333333333333
0 0.2677083333333333 0.5177083333333333 0.029166666666666667 0.041666666666666664
0 0.13125 0.515625 0.034375 0.052083333333333336
0 0.8229166666666666 0.5458333333333333 0.034375 0.05625
0 0.85625 0.5635416666666667 0.04375 0.075
0 0.9395833333333333 0.5833333333333334 0.04791666666666667 0.053125
0 0.909375 0.5833333333333334 0.029166666666666667 0.041666666666666664
0 0.32395833333333335 0.5677083333333334 0.053125 0.08541666666666667
0 0.12083333333333333 0.5708333333333333 0.03333333333333333 0.041666666666666664
0 0.47604166666666664 0.5958333333333333 0.05 0.09791666666666667
0 0.7395833333333334 0.6197916666666666 0.04375 0.065625
0 0.659375 0.6354166666666666 0.04791666666666667 0.07708333333333334