0 0.6208333333333333 0.22708333333333333 0.046875 0.041666666666666664
0 0.19895833333333332 0.23645833333333333 0.052083333333333336 0.0375
0 0.6645833333333333 0.23333333333333334 0.022916666666666665 0.022916666666666665
0 0.16666666666666666 0.24375 0.03333333333333333 0.03333333333333333
0 0.6854166666666667 0.2375 0.0375 0.028125
0 0.31666666666666665 0.24375 0.041666666666666664 0.03333333333333333
0 0.2760416666666667 0.246875 0.052083333333333336 0.041666666666666664
0 0.7979166666666667 0.23958333333333334 0.046875 0.0375
0 0.11875 0.25833333333333336 0.052083333333333336 0.03333333333333333
0 0.052083333333333336 0.2625 0.06041666666666667 0.046875
0 0.9885416666666667 0.24791666666666667 0.014583333333333334 0.03333333333333333
0 0.4427083333333333 0.2604166666666667 0.052083333333333336 0.046875
0 0.9166666666666666 0.25729166666666664 0.028125 0.022916666666666665
0 0.009375 0.271875 0.01875 0.028125
0 0.7 0.2604166666666667 0.0375 0.03333333333333333
0 0.5125 0.26458333333333334 0.041666666666666664 0.028125
0 0.396875 0.2677083333333333 0.041666666666666664 0.03333333333333333
0 0.8364583333333333 0.2604166666666667 0.05625 0.041666666666666664
0 0.5791666666666667 0.26666666666666666 0.041666666666666664 0.0375
0 0.23645833333333333 0.2760416666666667 0.041666666666666664 0.0375
0 0.95 0.2635416666666667 0.046875 0.0375
0 0.484375 0.2760416666666667 0.03333333333333333 0.028125
0 0.5489583333333333 0.28125 0.03333333333333333 0.03333333333333333
0 0.0625 0.37083333333333335 0.103125 0.058333333333333334
0 0.8020833333333334 0.39791666666666664 0.065625 0.046875
0 0.5197916666666667 0.40729166666666666 0.046875 0.0375
0 0.9677083333333333 0.39895833333333336 0.041666666666666664 0.0375
0 0.8729166666666667 0.403125 0.07083333333333333 0.041666666666666664
0 0.7322916666666667 0.4083333333333333 0.07916666666666666 0.046875
0 0.5489583333333333 0.41354166666666664 0.0375 0.028125
0 0.4239583333333333 0.41770833333333335 0.041666666666666664 0.028125
0 0.47708333333333336 0.41875 0.05625 0.052083333333333336
0 0.23958333333333334 0.42291666666666666 0.06041666666666667 0.041666666666666664
0 0.19270833333333334 0.43125 0.07083333333333333 0.03333333333333333
0 0.27395833333333336 0.4322916666666667 0.0375 0.028125
0 0.5229166666666667 0.434375 0.065625 0.025
0 0.3885416666666667 0.44166666666666665 0.05625 0.0375
0 0.9552083333333333 0.44166666666666665 0.06041666666666667 0.046875
0 0.7708333333333334 0.44895833333333335 0.05625 0.046875
0 0.18229166666666666 0.46875 0.041666666666666664 0.046875
0 0.22291666666666668 0.4708333333333333 0.07083333333333333 0.029166666666666667
0 0.7104166666666667 0.46145833333333336 0.07083333333333333 0.041666666666666664
0 0.9854166666666667 0.46041666666666664 0.020833333333333332 0.052083333333333336
0 0.28854166666666664 0.471875 0.065625 0.025
0 0.65625 0.4708333333333333 0.09375 0.03958333333333333
0 0.515625 0.4739583333333333 0.065625 0.046875
0 0.47708333333333336 0.484375 0.065625 0.06041666666666667
0 0.6135416666666667 0.48854166666666665 0.06041666666666667 0.0375
0 0.9416666666666667 0.48333333333333334 0.065625 0.052083333333333336
0 0.840625 0.49166666666666664 0.07916666666666666 0.052083333333333336
0 0.23229166666666667 0.528125 0.08958333333333333 0.052083333333333336
0 0.2791666666666667 0.5291666666666667 0.07083333333333333 0.052083333333333336
0 0.65625 0.534375 0.065625 0.065625
0 0.7270833333333333 0.5354166666666667 0.121875 0.07708333333333334
0 0.896875 0.5416666666666666 0.09375 0.053125
0 0.041666666666666664 0.5572916666666666 0.08333333333333333 0.07708333333333334
0 0.13333333333333333 0.56875 0.13541666666666666 0.06666666666666667
0 0.5083333333333333 0.5697916666666667 0.10833333333333334 0.090625
0 0.20833333333333334 0.6260416666666667 0.13958333333333334 0.04375
0 0.965625 0.6135416666666667 0.06875 0.08958333333333333
0 0.8145833333333333 0.6270833333333333 0.09791666666666667 0.08125
0 0.659375 0.6291666666666667 0.103125 0.071875
0 0.26979166666666665 0.6729166666666667 0.09375 0.08541666666666667
0 0.035416666666666666 0.7510416666666667 0.06041666666666667 0.06041666666666667
0 0.7270833333333333 0.771875 0.15416666666666667 0.1
0 0.8833333333333333 0.8104166666666667 0.16875 0.159375
0 0.08958333333333333 0.8385416666666666 0.14583333333333334 0.090625