0 0.022714138168750668 0.7967052213434817 0.009157665400092618 0.03575622397970335
0 0.3256460486296303 0.8208546020792327 0.03643495921972229 0.04519311858040614
0 0.907333330670973 0.8607545908257153 0.027907665400092676 0.03652022793403612
0 0.8677984874592136 0.8644508213959732 0.032074332066759345 0.036690006590554464
0 0.25028411461217664 0.897953840558156 0.03866376291777781 0.051528007908665546
0 0.3181145441966212 0.9452373820538618 0.032171312309907545 0.04085667325722113
0 0.07258681623458374 0.4756207648163539 0.004263646909814807 0.004336445323185009
0 0.07571181623458374 0.4754934308239651 0.004409117274537048 0.010586445323185008
0 0.01941332611300966 0.4757021093536299 0.004409117274537048 0.010586445323185008
0 0.015319394628704104 0.47899688801014834 0.004409117274537048 0.010586445323185008
0 0.05187470820518559 0.48167799143227913 0.010513646909814822 0.004591113307962639
0 0.04254819832675967 0.4841433267427789 0.010659117274537049 0.010841113307962521
0 0.12190882547972265 0.489250865602263 0.010756097517685189 0.015007779974629305
0 0.05722851190324116 0.4877157681116312 0.004263646909814807 0.004336445323185009
0 0.06347851190324115 0.48746110012685356 0.010659117274537049 0.010841113307962521
0 0.03426335511500041 0.4865662173891489 0.010659117274537049 0.010841113307962521
0 0.09799898226796339 0.492310426210577 0.010659117274537049 0.010841113307962521
0 0.7736787149171764 0.5388070618520628 0.004263646909814867 0.004336445323185009
0 0.04392929584444486 0.4986842154119826 0.010756097517685203 0.015007779974629187
0 0.06277627608759301 0.5020868781243165 0.010659117274537049 0.010841113307962521
0 0.10153614830134303 0.5098914255515216 0.010756097517685189 0.015007779974629305
0 0.12454979521115783 0.5131243096073371 0.010756097517685189 0.015007779974629187
0 0.21643466742490786 0.5187641791639328 0.004409117274537048 0.010586445323185008
0 0.13816419706018562 0.5156975289736524 0.010756097517685189 0.015007779974629305
0 0.05674448163467636 0.5117165461090941 0.010756097517685189 0.015007779974629187
0 0.0243315896640745 0.5078239973637781 0.010756097517685196 0.015007779974629305
0 0.1967157359406023 0.5226956277823952 0.004409117274537048 0.010586445323185008
0 0.3032809217308338 0.5319079387078431 0.004263646909814867 0.004336445323185009
0 0.12992784397000046 0.5202037529533559 0.010513646909814807 0.004591113307962639
0 0.15710815754648194 0.5232668583526531 0.010756097517685189 0.015007779974629305
0 0.1456498242131486 0.5237337496580785 0.010659117274537049 0.010841113307962521
0 0.0736535989092134 0.5214540981496872 0.014922764184351855 0.015177558631147647
0 0.119656647668056 0.5268781995946518 0.014922764184351855 0.015177558631147765
0 0.15311120630532452 0.5307283036758381 0.010756097517685189 0.015007779974629187
0 0.30974912727791715 0.5410282707230657 0.010659117274537049 0.010841113307962757
0 0.08843089272884305 0.5291932061852063 0.017103077760833328 0.019429114626073486
0 0.21270441185240785 0.5376839578204513 0.004409117274537048 0.010586445323185008
0 0.145892274821019 0.5341504163247452 0.010659117274537049 0.010841113307962757
0 0.9091932327741671 0.5822900335126785 0.00426364690981463 0.004336445323185009
0 0.161541519881806 0.534555413029468 0.010659117274537049 0.010841113307962757
0 0.10102787297199119 0.5328505368823178 0.010756097517685189 0.015007779974629305
0 0.2817211075210653 0.5463409433212313 0.004263646909814867 0.004336445323185009
0 0.18675972542888936 0.5429117410903577 0.010756097517685189 0.015007779974629425
0 0.16488472542888935 0.5438030790370793 0.010659117274537049 0.010841113307962521
0 0.13043699024652824 0.5420787529533558 0.017103077760833328 0.019429114626073368
0 0.10957941185240787 0.5418859795692811 0.010659117274537049 0.010841113307962521
0 0.1722491272779171 0.5466309663881721 0.010659117274537049 0.010841113307962757
0 0.26001582294657455 0.5545239479346196 0.010659117274537049 0.010841113307962757
0 0.9314319086859728 0.597023695565957 0.00426364690981463 0.004336445323185009
0 0.922129643868334 0.6005306975431234 0.004409117274537048 0.010586445323185008
0 0.972226624111482 0.6026600203315695 0.004263646909814867 0.004336445323185009
0 0.9168728204134264 0.598659587530438 0.004263646909814867 0.004336445323185009
0 0.3655393420701394 0.563778703524197 0.004409117274537048 0.010586445323185008
0 0.3530393420701394 0.5642880394937523 0.004263646909814867 0.004336445323185009
0 0.9492857123840284 0.602552136275754 0.004263646909814867 0.004336445323185009
0 0.9356955555957875 0.6010205835761053 0.004263646909814867 0.004336445323185009
0 0.20374157788578753 0.555774293130951 0.010756097517685248 0.015007779974629425
0 0.22675522479560234 0.5590071771867665 0.010756097517685189 0.015007779974629425
0 0.1943665778857875 0.5561562951081173 0.010659117274537049 0.010841113307962521
0 0.2779666068877783 0.564219055311083 0.010756097517685248 0.015007779974629425
0 0.2404181167662042 0.5636637298864151 0.010659117274537049 0.010841113307962757
0 0.1683734013406949 0.5593007450446905 0.010756097517685248 0.015007779974629425
0 0.057690039005370834 0.5523415461090941 0.017103077760833345 0.019429114626073368
0 0.24889692046425974 0.5695741725733784 0.010659117274537049 0.010841113307962521
0 0.2771431457681949 0.5736364999752126 0.014922764184351915 0.015177558631147765
0 0.1956991852818986 0.5686138504439877 0.014922764184351915 0.015177558631147765
0 0.30221588095055607 0.5757428280361023 0.010659117274537049 0.010841113307962757
0 0.115296891462269 0.563548756248633 0.014922764184351855 0.015177558631147765
0 0.1351855383720838 0.5669089742968374 0.010756097517685189 0.015007779974629425
0 0.23659088095055605 0.5784168418762669 0.010756097517685189 0.015007779974629425
0 0.19279239082898195 0.5781161844363765 0.017103077760833328 0.019429114626073603
0 0.28680908649763937 0.5857544979980462 0.014922764184351915 0.015177558631147765
0 0.3087810667407876 0.5890298267179915 0.010853077760833447 0.01917444664129609
0 0.1616393710721301 0.583556191026931 0.014922764184351855 0.015177558631147765
0 0.020650695160324552 0.5736612206844262 0.015116724670648167 0.023510891964481098
0 0.2608644000741209 0.5909822812679529 0.017103077760833387 0.019429114626073368
0 0.08126132231328752 0.579532763498243 0.01710307776083336 0.019429114626073603
0 0.2995272920447228 0.5946201620284912 0.014922764184351915 0.015177558631147765
0 0.3204333605604172 0.5968962687458993 0.014922764184351915 0.015177558631147765
0 0.2786939587113894 0.595469055311083 0.010756097517685248 0.015007779974629425
0 0.35926596795652826 0.6078258161731043 0.021318234549074097 0.02168222661592528
0 0.3780887031388894 0.6101868122187716 0.004409117274537048 0.010586445323185008
0 0.2204333605604172 0.6009709565023403 0.010756097517685248 0.015007779974629187
0 0.319682634623195 0.6094387134100288 0.014922764184351915 0.015177558631147765
0 0.1933985173486579 0.6041578511030431 0.017103077760833328 0.019429114626073603
0 0.38448417350361164 0.616182144233994 0.010659117274537049 0.010841113307962757
0 0.39494933029185236 0.6178410309260315 0.010659117274537049 0.010841113307962757
0 0.4023622222624542 0.6227522516104576 0.010659117274537049 0.010841113307962521
0 0.2363250562290746 0.6117926198737298 0.017103077760833328 0.019429114626073603
0 0.3816258691722691 0.6277678115597162 0.014922764184351915 0.015177558631147765
0 0.2030644580781024 0.6162758491258769 0.017103077760833328 0.019429114626073368
0 0.33995920250560246 0.6294655981248999 0.014922764184351915 0.015177558631147765
0 0.4570380352056487 0.6424201290757187 0.010756097517685248 0.015007779974629187
0 0.3756668099017135 0.6405224795444937 0.017103077760833328 0.019429114626073603
0 0.3913645450840747 0.6430108095825499 0.014922764184351915 0.015177558631147765
0 0.46551683890370427 0.6483305717626819 0.010756097517685248 0.015007779974629425
0 0.2682296728703246 0.6386442799498419 0.017103077760833328 0.019429114626073368
0 0.2369069376879635 0.6367926198737297 0.017103077760833328 0.019429114626073603
0 0.4739471524801857 0.6521576811163118 0.010756097517685248 0.015007779974629425
0 0.28392740805268574 0.6411326099878979 0.01710307776083345 0.019429114626073368
0 0.25480923150759316 0.6444043939168599 0.021318234549074097 0.021682226615925042
0 0.3833706426017598 0.6579337002289198 0.014922764184351915 0.015177558631147765
0 0.5055850734527784 0.6675510078590906 0.014825783941203714 0.0110108919644811
0 0.729107866639121 0.6845095164020241 0.010756097517685248 0.015007779974629425
0 0.5818691907273155 0.6748692140442969 0.010659117274537049 0.010841113307962521
0 0.7405904450332413 0.6850842917632652 0.010756097517685248 0.015007779974629425
0 0.5717434647900933 0.6877936606855928 0.010756097517685248 0.015007779974629425
0 0.711690474035232 0.6977310756922271 0.010756097517685248 0.015007779974629425
0 0.471622239486158 0.6866600151087006 0.021318234549074097 0.02168222661592528
0 0.45396239627439877 0.689464907732237 0.021318234549074097 0.021682226615925042
0 0.04262441729782463 0.6666047720659639 0.023595528368703725 0.03010044927751778
0 0.017600172237037595 0.6665817773384075 0.004942508611851882 0.033503111989851675
0 0.5908571407018987 0.7026546567312603 0.010853077760833212 0.01917444664129609
0 0.14184944629981538 0.6740308623069857 0.017103077760833328 0.019429114626073368
0 0.5971798758842598 0.7055249887464826 0.01720005800398165 0.02359578129274027
0 0.7089049048862506 0.7124417430179494 0.010756097517685248 0.015007779974629187
0 0.7957269141313895 0.724543835895193 0.014922764184351915 0.015177558631147765
0 0.5671170129156488 0.7130058840062409 0.01720005800398141 0.023595781292740033
0 0.6999663159804173 0.7315737449951157 0.010756097517685248 0.015007779974629425
0 0.6812163159804173 0.7323377489494484 0.010756097517685248 0.015007779974629187
0 0.7575489233765285 0.741739288467988 0.01710307776083345 0.019429114626073368
0 0.7450246783157414 0.7412069577708765 0.01720005800398165 0.023595781292740033
0 0.7263474134981025 0.7450959617252092 0.02349854812555563 0.025933782610851115
0 0.7332520301393525 0.7729662937404316 0.02359552836870383 0.03010044927751778
0 0.7793520591413433 0.7825570618520629 0.01710307776083321 0.019429114626073603
0 0.7125884122315285 0.7811068536896902 0.027810685156944476 0.032353561267369456
0 0.9036983134472691 0.7941728134873077 0.01710307776083321 0.019429114626073603
0 0.02610496289023212 0.76320210935363 0.017490998733425953 0.036095781292740034
0 0.8438150381179174 0.819551270673491 0.02374099873342601 0.03635044927751778
0 0.9556612924238433 0.8316763582782909 0.01710307776083321 0.019429114626073368
0 0.8251620183610655 0.8244819412944903 0.02374099873342601 0.03635044927751778
0 0.9308552529101396 0.8410283635507345 0.02374099873342601 0.03635044927751778