0 0.17653529252938416 0.2277766271233397 0.02873289109439945 0.03652022793403612
0 0.9004878817219816 0.28769114023008663 0.026358459332642782 0.030185338605776952
0 0.8796545483886483 0.28854003351267843 0.026358459332642782 0.030185338605776952
0 0.394257986214557 0.0036060704693583827 0.019817360904219327 0.0072121409387167655
0 0.13552216129148625 0.23776530235772722 0.02655252495159163 0.03435200527244362
0 0.3640981692859609 0.003116184436376442 0.013470328094744844 0.006232368872752884
0 0.8168634499602249 0.29733671336045414 0.028926956713348297 0.04068689460070279
0 0.23464886600621596 0.25244061460128614 0.02873289109439945 0.03652022793403612
0 0.7575369663649621 0.2987143925491743 0.01991439371369381 0.025764003954332773
0 0.15075056823824323 0.003363762839187586 0.019332196856846846 0.006727525678375172
0 0.8587955208177624 0.3122631487978075 0.02655252495159151 0.03435200527244362
0 0.5483504422389339 0.013005884006240863 0.013470328094744844 0.021342669302888466
0 0.46450912269104355 0.008933785222285507 0.01991439371369381 0.017867570444571015
0 0.5297459914531456 0.013347167300934751 0.022288825475450597 0.026694334601869502
0 0.5826339991744367 0.30376176278961287 0.02248289109439933 0.03626555994925861
0 0.26662374000690664 0.28024905201580574 0.02635845933264266 0.030185338605776952
0 0.16741723490490992 0.003024205526150831 0.019332196856846846 0.006048411052301662
0 0.9212157204304954 0.04355913825292024 0.013276262475795875 0.017176002636221797
0 0.7273029387940763 0.3228195098114696 0.02873289109439933 0.03652022793403612
0 0.591906376619985 0.015389874779464567 0.01991439371369381 0.0257640039543327
0 0.6494205208177625 0.32079452628785593 0.02873289109439933 0.03652022793403612
0 0.6917407229131979 0.3273876283918759 0.02655252495159175 0.03435200527244362
0 0.6005107038891663 0.3217477588352802 0.02655252495159151 0.03435200527244362
0 0.10700056823824325 0.0042551007859090665 0.019332196856846846 0.008510201571818133
0 0.17263115798322043 0.28927740512080263 0.03319065618948957 0.04294000659055446
0 0.13438058974497719 0.28459785769359763 0.02873289109439945 0.03652022793403612
0 0.8590068188589188 0.0398558181006959 0.01128996195193679 0.01917444664129594
0 0.9555220995331827 0.35614757237216266 0.028926956713348297 0.04068689460070279
0 0.1992778436739186 0.29754884385343316 0.03319065618948957 0.04294000659055446
0 0.8983759820807279 0.3553570288992904 0.026358459332642782 0.030185338605776952
0 0.5389754422389339 0.013387885983407212 0.013470328094744844 0.021342669302888466
0 0.32325899917443657 0.31433048415788184 0.03319065618948945 0.04294000659055446
0 0.4291894888338514 0.00757201117915528 0.019720328094744843 0.01514402235831056
0 0.5250740562465313 0.334178774652611 0.02892695671334842 0.04068689460070279
0 0.8190152497951123 0.36274949003980617 0.02655252495159175 0.03435200527244362
0 0.28769678329355824 0.318898602738288 0.0329965905705406 0.0387733399238878
0 0.699902812794767 0.35304729308137617 0.02873289109439933 0.03652022793403612
0 0.8003622826045867 0.3614301606608056 0.026358459332642782 0.030185338605776952
0 0.09184062779304022 0.30504564425878133 0.019914393713693725 0.025764003954332773
0 0.8986899026763359 0.3709395842351607 0.02655252495159175 0.03435200527244362
0 0.4770118403656528 0.33925622920257226 0.02635845933264266 0.030185338605776952
0 0.628270394818453 0.35076764157298485 0.02655252495159175 0.03435200527244362
0 0.020305242626200905 0.30068265941705674 0.025148421284579628 0.048850449277517784
0 0.15261973146005223 0.31712474240846866 0.02873289109439945 0.03652022793403612
0 0.848541635787515 0.04132193140865851 0.01744292914246254 0.01734578129274018
0 0.2685101356509231 0.3290376066926208 0.02873289109439945 0.03652022793403612
0 0.13595306479338556 0.31780385703454217 0.02873289109439945 0.03652022793403612
0 0.5936042963900297 0.3584183154892615 0.02655252495159175 0.03435200527244362
0 0.064369163221809 0.3144825388594842 0.043995454094054115 0.05169778656518377
0 0.3634701736989861 0.34388269759269807 0.02476029004668163 0.04051711594418445
0 0.4901626581198123 0.012257785197498145 0.013470328094744724 0.021342669302888466
0 0.4667150286756453 0.35942989784640533 0.02655252495159163 0.03435200527244362
0 0.11841038516683934 0.005084544131927761 0.021512562999654664 0.010169088263855522
0 0.08200328591285251 0.3376768682384848 0.02912102233229733 0.04485356126736946
0 0.10884403722249966 0.3417816403044487 0.02635845933264266 0.030185338605776952
0 0.1760186901037234 0.3504810704693584 0.02873289109439945 0.03652022793403612
0 0.09515682134162128 0.3454584209381334 0.028926956713348388 0.04068689460070279
0 0.22463740860389603 0.3557778379219341 0.03319065618948957 0.04294000659055446
0 0.6118434381051048 0.3909452002041325 0.03299659057054072 0.0387733399238878
0 0.5433845365335281 0.38749654803668576 0.02873289109439933 0.03652022793403612
0 0.7960957110580776 0.40839004998906475 0.02655252495159151 0.03435200527244362
0 0.8705620306059682 0.41679236750506726 0.03299659057054072 0.0387733399238878
0 0.38141821698563777 0.3826595823075691 0.03319065618948945 0.04294000659055446
0 0.7528051808678974 0.4226302812183781 0.026358459332642782 0.030185338605776952
0 0.4668091894147518 0.40205334185147945 0.028926956713348297 0.04068689460070279
0 0.05048500965161375 0.36703276349824304 0.03755138847510515 0.04727645191373948
0 0.11056206148511975 0.3718626396453933 0.037745454094054116 0.05144311858040614
0 0.6862840634154426 0.42222173972267213 0.02655252495159175 0.03435200527244362
0 0.27303636724756714 0.3881154940437136 0.02892695671334842 0.04068689460070279
0 0.8819461532970116 0.44024136486884546 0.03299659057054072 0.0387733399238878
0 0.2892663862715987 0.3968113794176401 0.03319065618948957 0.04294000659055446
0 0.41448327405773233 0.4093839083912925 0.03338472180843854 0.047106673257221135
0 0.5242692274628149 0.41842644066022217 0.02655252495159151 0.03435200527244362
0 0.08517408464298049 0.0035954360964087486 0.012985164047372362 0.007190872192817497
0 0.8253565384638508 0.44982504339851026 0.026358459332642782 0.030185338605776952
0 0.9711641775596316 0.46675701242290407 0.012260290046681633 0.04000777997462931
0 0.1744889873193164 0.40564695913856214 0.037745454094054054 0.05144311858040626
0 0.989940026192943 0.06363201242290409 0.011969191618258416 0.033757779974629275
0 0.8729594389306681 0.05280325946954824 0.010901830714039088 0.01084111330796261
0 0.6742663553924471 0.45702118636396805 0.03299659057054072 0.0387733399238878
0 0.6235157871542039 0.45285097490631815 0.03319065618948969 0.04294000659055446
0 0.013093530742559874 0.4008948827377047 0.026187061485119748 0.051188450595628626
0 0.7455621850017267 0.042398953157488345 0.019720328094744843 0.021597337287666035
0 0.2298656920340461 0.422104947275564 0.03319065618948957 0.04294000659055446
0 0.5694946697017488 0.4519330974410571 0.03299659057054048 0.0387733399238878
0 0.3633673967487758 0.43537958560284634 0.03716325723720715 0.03894311858040614
0 0.5187471279296321 0.023569334601869503 0.013470328094744844 0.021342669302888462
0 0.4843205850587683 0.4502052265663505 0.02892695671334842 0.04068689460070279
0 0.05227437248615574 0.41790465150839134 0.02655252495159163 0.03435200527244362
0 0.8693947648219064 0.4864991448434747 0.03299659057054072 0.0387733399238878
0 0.5172657871542038 0.4571803306475368 0.03319065618948957 0.04294000659055446
0 0.8265408822743614 0.4913643760727881 0.02873289109439933 0.03652022793403612
0 0.4152309702256076 0.4602982410655704 0.029121022332297266 0.04485356126736946
0 0.16658942955825032 0.44131829379000637 0.033384721808438475 0.047106673257221135
0 0.46355859029735685 0.47184500851814615 0.02892695671334842 0.04068689460070279
0 0.6260814124645416 0.4870561962497998 0.030719191618258417 0.03452178392896196
0 0.10697184753456411 0.44894597297872657 0.033384721808438475 0.047106673257221135
0 0.3688639564401647 0.4736241396206059 0.03338472180843854 0.047106673257221135
0 0.9338355754071546 0.06279902428590217 0.019720328094744843 0.021597337287666035
0 0.7184244367271616 0.5134445098114696 0.037551388475105085 0.04727645191373948
0 0.7543490896083853 0.5234172799002672 0.03755138847510532 0.047276451913739595
0 0.8077394937992562 0.537876824032195 0.03299659057054072 0.0387733399238878
0 0.46786793410786737 0.5132570072000352 0.03319065618948945 0.04294000659055446
0 0.6324255732036481 0.5294249722700964 0.03735732285615635 0.04310978524707292
0 0.03998838820192144 0.48078665348555766 0.02655252495159163 0.03435200527244362
0 0.05442617232104306 0.48331742818774337 0.03319065618948954 0.04294000659055446
0 0.8786757584785584 0.06400692481810401 0.019720328094744843 0.021597337287666035
0 0.9323741847285429 0.5629493530058473 0.03299659057054048 0.0387733399238878
0 0.820504897990127 0.5539917100651769 0.030719191618258417 0.03452178392896196
0 0.11045641246454153 0.508066304993949 0.02655252495159163 0.03435200527244362
0 0.22956884946488687 0.517768501952379 0.02655252495159163 0.03435200527244362
0 0.8673056873478373 0.5759975888485489 0.03319065618948969 0.04294000659055446
0 0.5697543297518839 0.5579708741204091 0.03299659057054072 0.0387733399238878
0 0.7023114006094213 0.5692046237784877 0.03319065618948945 0.04294000659055446
0 0.2081048028699694 0.5321590619016375 0.02655252495159163 0.03435200527244362
0 0.7492465596913889 0.007939063829229157 0.010707765095090119 0.006674446641295943
0 0.44360157871542044 0.029750350419200298 0.01744292914246254 0.01734578129274018
0 0.13434053515558506 0.5310059663881721 0.033190656189489506 0.04294000659055446
0 0.8661757584785584 0.06451626078765914 0.019720328094744843 0.02159733728766605
0 0.8094318238243238 0.5908320453756766 0.037551388475105085 0.04727645191373948
0 0.9076624110865984 0.602424802283365 0.042009153570195204 0.05369623057025782
0 0.16287648856066764 0.5433591824592102 0.03755138847510515 0.04727645191373948
0 0.43531676178682427 0.029048241065570378 0.019914393713693693 0.0257640039543327
0 0.1264181552273343 0.5448447457037459 0.03299659057054057 0.0387733399238878
0 0.7757588756578297 0.5994819412944903 0.03071919161825818 0.03452178392896196
0 0.08574463882259706 0.5475417542714668 0.0422032191891442 0.05786289723692448
0 0.8645174301106299 0.6135400335126785 0.030719191618258417 0.03452178392896196
0 0.3960128842046841 0.5827250216992551 0.031495454094054055 0.051188450595628626
0 0.0432046768706601 0.5679895408366505 0.03755138847510515 0.04727645191373948
0 0.6795005373590915 0.05444796699765279 0.01991439371369381 0.0257640039543327
0 0.6975596650155398 0.6265811797734135 0.03319065618948969 0.04294000659055446
0 0.9355904733972816 0.6501522403569402 0.020787688998963934 0.044514003954332776
0 0.8526937877065833 0.6441728134873077 0.03735732285615635 0.043109785247072804
0 0.1482902831569664 0.5886601850954318 0.03803655252247751 0.05769311858040614
0 0.5438296459915084 0.6234879900645935 0.04380138847510532 0.04753111989851722
0 0.5499229172873422 0.04621188334718541 0.01991439371369381 0.0257640039543327
0 0.4783016788009828 0.6240786705714246 0.03319065618948945 0.04294000659055446
0 0.655213768682552 0.6428622996719306 0.033384721808438655 0.047106673257221135
0 0.0848344698098198 0.01092954742720501 0.01783106038036039 0.02185909485441002
0 0.28399517618168857 0.6215991560969921 0.03319065618948957 0.04294000659055446
0 0.8968775632788507 0.6777219149322723 0.03755138847510532 0.04727645191373948
0 0.795641830993235 0.6860057140195096 0.03319065618948969 0.04294000659055446
0 0.3750539517539558 0.6532382476561248 0.03319065618948945 0.04294000659055446
0 0.010554958507079283 0.624853216071038 0.021109917014158566 0.05786289723692448
0 0.21124688089641824 0.643277837921934 0.042009153570195204 0.05369623057025782
0 0.9329137637171471 0.08259069095256884 0.019720328094744843 0.02159733728766605
0 0.1362468808964183 0.6463338537392649 0.03755138847510515 0.04727645191373948
0 0.6705933145884977 0.6921407403817276 0.03319065618948969 0.04294000659055446
0 0.9753795150267942 0.08605879305658881 0.01991439371369381 0.025764003954332714
0 0.09140669782501437 0.6492006409635042 0.04220321918914417 0.05786289723692448
0 0.8494431885891884 0.7139644801539744 0.03755138847510532 0.04727645191373948
0 0.9173684097086554 0.7288714656547545 0.025439519713003022 0.05510044927751778
0 0.699734287017612 0.713826511788636 0.033384721808438655 0.047106673257221135
0 0.060325069206410745 0.6691815362232625 0.038036552522477535 0.05769311858040614
0 0.8384617118836409 0.07916148872169528 0.02228882547545036 0.032098893282591884
0 0.581632387097162 0.057396098759167985 0.02655252495159175 0.03435200527244359
0 0.22262556823824325 0.0019630889229109733 0.02558219685684685 0.003926177845821947
0 0.2735727653742861 0.711437157415103 0.03319065618948945 0.04294000659055446
0 0.8994833975743393 0.08603225353804919 0.01744292914246254 0.01734578129274018
0 0.25321916073910655 0.03230939062158272 0.017442929142462482 0.017345781292740173
0 0.14755135759595342 0.024138746362801344 0.02635845933264266 0.03018533860577693
0 0.7120090918118918 0.0707980710788391 0.01744292914246254 0.01734578129274018
0 0.7703449884240758 0.7826879406354349 0.04418951971300302 0.055864453231850554
0 0.6477168569069819 0.06717964025487394 0.01991439371369381 0.025764003954332714
0 0.30467178081085583 0.043728824081769674 0.02655252495159163 0.03435200527244359
0 0.6478135809249391 0.824069855007801 0.037551388475105085 0.04727645191373948
0 0.5761326465438881 0.8228318701660764 0.037551388475105085 0.04727645191373948
0 0.19071916073910658 0.03485607046935838 0.02655252495159163 0.03435200527244359
0 0.11714895864367114 0.02953630828922625 0.02228882547545048 0.032098893282591884
0 0.1146286688761854 0.7979697457037459 0.03755138847510515 0.04727645191373948
0 0.3354106137344136 0.834719920913346 0.03338472180843842 0.047106673257221135
0 0.9797145530748572 0.10459656973594084 0.02228882547545036 0.032098893282591884
0 0.11746575130964715 0.0030012107985944287 0.019235164047372362 0.006002421597188857
0 0.8823800832650375 0.0960863681641227 0.026358459332642782 0.030185338605776952
0 0.5095148050734759 0.06553311391744333 0.013470328094744844 0.021342669302888462
0 0.4795005373590915 0.0625973425105349 0.02635845933264266 0.030185338605776938
0 0.23914063275844508 0.8479998300132687 0.04646691866528532 0.06011600922677616
0 0.854352116074512 0.09514904076228842 0.01991439371369381 0.025764003954332714
0 0.08783674276279277 0.033849758884854884 0.02228882547545048 0.032098893282591884
0 0.7563352357364856 0.9049024979484716 0.05063358533195199 0.060285787883294736
0 0.5934727987361402 0.8969829768834844 0.042009153570195204 0.05369623057025782
0 0.7205593129313587 0.08812440243500609 0.019720328094744843 0.02159733728766605
0 0.8242832790231371 0.9416420387851221 0.05005138847510508 0.04778578788329473
0 0.9400827033367866 0.10725113363953209 0.01991439371369381 0.025764003954332714
0 0.3074739352126267 0.9211128148549934 0.042009153570195204 0.05369623057025782
0 0.6511725467375216 0.9528545196973013 0.03716325723720715 0.03894311858040614
0 0.6271974441692566 0.08361108887333625 0.02655252495159175 0.03435200527244359
0 0.019036635927112928 0.9049996548036686 0.038073271854225856 0.05186756522170223
0 0.3769002928085801 0.9484349110275142 0.04656395147475981 0.06219934256010949
0 0.2247456209033249 0.9338409433212312 0.04399545409405405 0.05169778656518389
0 0.05384094899806966 0.920010979569281 0.038955492142117146 0.032778007908665314
0 0.49865256576155303 0.9684264406602222 0.04045662861860369 0.02036289723692448
0 0.15079908464298045 0.002322096172520919 0.01923516404737242 0.004644192345041838
0 0.6786985806457431 0.09398885566685652 0.026358459332642782 0.030185338605776952
0 0.4455850071689113 0.07645557176268193 0.019720328094744725 0.02159733728766605
0 0.7914154684318767 0.10707072061006408 0.026358459332642782 0.030185338605776924
0 0.4102168569069819 0.07685702367642146 0.026164393713693692 0.02601867193911026
0 0.3367436876210209 0.069453928162956 0.019914393713693693 0.025764003954332686
0 0.1389012315966441 0.053602525678375174 0.02228882547545048 0.032098893282591884
0 0.27150681885891886 0.0637946086697871 0.02635845933264266 0.030185338605776924
0 0.203827051833506 0.0033867575667439888 0.025679229666321333 0.0067735151334879775
0 0.15809075130964712 0.0021098728518729472 0.012985164047372422 0.0042197457037458945
0 0.602559881169602 0.09917064948165025 0.019720328094744843 0.02159733728766605
0 0.19854163578751496 0.06780740182552537 0.0329965905705406 0.03877333992388783
0 0.3538698240975074 0.0812323688727529 0.02635845933264266 0.030185338605776924
0 0.6922459914531456 0.005763705171835743 0.011095896332988056 0.011527410343671485
0 0.5091009795980255 0.09674066925331373 0.019720328094744843 0.02159733728766605
0 0.9533560937422145 0.13478190834171777 0.02228882547545036 0.032098893282591884
0 0.6478595340508256 0.10876141759328142 0.026358459332642782 0.030185338605776924
0 0.3826483595262762 0.08837725161045758 0.02655252495159163 0.03435200527244362
0 0.14963181885891885 0.06876063437294964 0.02635845933264266 0.030185338605776952
0 0.08022828343015008 0.06327109353629913 0.02635845933264266 0.030185338605776924
0 0.09977736807313056 0.06767297825117016 0.02655252495159163 0.03435200527244362
0 0.596817867384159 0.11084120613563156 0.019720328094744843 0.021597337287666017
0 0.2395290727878603 0.08069294859367493 0.02655252495159163 0.03435200527244359
0 0.43722597959802545 0.09966935107825575 0.026358459332642782 0.030185338605776952
0 0.8585644270755478 0.13864437277751085 0.01991439371369381 0.025764003954332714
0 0.483615815550653 0.10817600785909066 0.02228882547545048 0.032098893282591884
0 0.8760786947899322 0.1420894801539744 0.019720328094744843 0.02159733728766605
0 0.6107704874559083 0.12378864750448389 0.019720328094744843 0.02159733728766605
0 0.06695202095435428 0.08044709617252092 0.01603882547545048 0.03184422529781431
0 0.3993863647648647 0.10848902565358781 0.022482891094399448 0.03626555994925855
0 0.3341494960027626 0.10282970616041892 0.02635845933264266 0.030185338605776952
0 0.7296403424325675 0.13869917779624721 0.02873289109439933 0.03652022793403612
0 0.44473453405082564 0.11703812709855232 0.026358459332642782 0.030185338605776924
0 0.6734388588373046 0.13994952299257865 0.01991439371369381 0.025764003954332714
0 0.9031363338857131 0.16386014088914205 0.01991439371369381 0.025764003954332655
0 0.2897687827411785 0.11815404872052854 0.02873289109439945 0.03652022793403612
0 0.2514696980981981 0.1145161679599902 0.02655252495159163 0.03435200527244359
0 0.10428077750258999 0.10491831026639259 0.026164393713693723 0.026018671939110286
0 0.1612813457408332 0.10883385373926492 0.02873289109439945 0.03652022793403612
0 0.812705399504662 0.16338616000175007 0.01991439371369381 0.025764003954332655
0 0.2564354494078452 0.11951227797267557 0.019720328094744725 0.02159733728766605
0 0.885790437552725 0.1791225888485489 0.01991439371369381 0.025764003954332714
0 0.7819976961678753 0.01908083457708214 0.019623295285270122 0.0195140039543327
0 0.554335038048063 0.0034628313313796195 0.019720328094744843 0.006925662662759239
0 0.93535378991009 0.18646024497032834 0.02228882547545036 0.032098893282591884
0 0.7168093438105105 0.01237984841724658 0.019720328094744843 0.02159733728766603
0 0.945416635787515 0.03737457764460624 0.017151830714038852 0.011095781292740182
0 0.3551255064799398 0.1435625902162345 0.02655252495159163 0.03435200527244362
0 0.4589383523573648 0.00020695254800762546 0.01962329528527036 0.00041390509601525093
0 0.09966038516683934 0.0054665461090941106 0.021512562999654664 0.010933092218188221
0 0.2120547361462611 0.1348366205327852 0.02873289109439945 0.03652022793403612
0 0.7675599120487537 0.01655005987489646 0.019623295285270122 0.019514003954332695
0 0.8088869638822597 0.022143939976379357 0.019623295285270122 0.0195140039543327
0 0.1237071350985434 0.13427775031713404 0.019720328094744756 0.02159733728766605
0 0.3991894270755479 0.15736246965866194 0.026164393713693692 0.026018671939110286
0 0.706575254481321 0.18746473774550576 0.01991439371369381 0.025764003954332655
0 0.6081991180048346 0.17899698083781726 0.026358459332642782 0.030185338605776952
0 0.07053361869380617 0.13748409485441002 0.02873289109439945 0.03652022793403612
0 0.49505707085753753 0.003567170596211999 0.013470328094744724 0.007134341192423998
0 0.7435415740292115 0.19739506317017372 0.026358459332642782 0.030185338605776952
0 0.724694541219737 0.20024240045783975 0.026164393713693813 0.026018671939110286
0 0.9811842511730553 0.22929945708703367 0.014149557761065997 0.03592600263622181
0 0.11842459112292027 0.15840586230698578 0.02655252495159163 0.03435200527244362
0 0.09142408464298049 0.003468102104019966 0.012985164047372362 0.006936204208039932
0 0.38840745133816795 0.18795280496916164 0.02873289109439945 0.03652022793403612
0 0.7405849454106078 0.21622995249843288 0.02655252495159175 0.03435200527244362
0 0.4234731692859609 0.0019701785048773955 0.019720328094744843 0.003940357009754791
0 0.5810415740292114 0.2040164307743904 0.026358459332642782 0.030185338605776952
0 0.9247401855541064 0.23575813561669842 0.030525125999309448 0.030355117262295294
0 0.13309075130964715 0.0026192088214280792 0.012985164047372362 0.0052384176428561585
0 0.05166089164677912 0.16320565414461313 0.02228882547545048 0.032098893282591884
0 0.6637328602152477 0.013502859621189224 0.01991439371369381 0.025764003954332697
0 0.25442058257606587 0.18509483330854598 0.02228882547545048 0.032098893282591884
0 0.9586785379114712 0.24373246170042182 0.03299659057054048 0.0387733399238878
0 0.09071054452800283 0.17305109024102186 0.028926956713348388 0.04068689460070279
0 0.6198001284820118 0.2201118668707992 0.01991439371369381 0.025764003954332655
0 0.7916494342444591 0.23598271929195316 0.02873289109439933 0.03652022793403612
0 0.6828081146965689 0.22898107569222725 0.02228882547545036 0.032098893282591884
0 0.8432961199351574 0.24323548608547346 0.02228882547545036 0.032098893282591884
0 0.5367578935771019 0.21725744000116673 0.02655252495159175 0.03435200527244362
0 0.6505164480299023 0.23029686028024468 0.01991439371369381 0.025764003954332655
0 0.19574763440957188 0.19476340116646992 0.02873289109439945 0.03652022793403612
0 0.8180678982633107 0.025928604665879672 0.01744292914246254 0.01734578129274018
0 0.279540437552725 0.20382538337197278 0.02655252495159163 0.03435200527244362
0 0.18300505238588566 0.20048107046935837 0.02873289109439945 0.03652022793403612
0 0.5754194152204277 0.2354362094309088 0.01991439371369381 0.025764003954332714
0 0.6384274014349847 0.2443054182523369 0.01991439371369381 0.025764003954332655
0 0.20965173807658388 0.20875250920198893 0.02635845933264266 0.030185338605776952
0 0.04688633388571302 0.19874965480366857 0.02635845933264266 0.030185338605776952
0 0.9844177722640014 0.048261680407681654 0.01981736090421909 0.023680670620999354
0 0.6007333358160357 0.25000009282766894 0.02655252495159175 0.03435200527244362
0 0.23387547560078806 0.22440050392954536 0.02635845933264266 0.030185338605776952
0 0.055679137028866156 0.21086765282650222 0.02228882547545048 0.032098893282591884
0 0.19241723490490992 0.002514869556595699 0.019332196856846846 0.005029739113191398
0 0.9359045483886483 0.2862480216496804 0.02655252495159175 0.03435200527244362
0 0.13932639095780758 0.22305463503200507 0.02635845933264266 0.030185338605776952