0 0.7510416666666667 0.12083333333333333 0.028125 0.03333333333333333
0 0.86875 0.12604166666666666 0.028125 0.03333333333333333
0 0.5822916666666667 0.13020833333333334 0.029166666666666667 0.046875
0 0.6927083333333334 0.140625 0.01875 0.028125
0 0.7114583333333333 0.13958333333333334 0.01875 0.03333333333333333
0 0.465625 0.146875 0.022916666666666665 0.041666666666666664
0 0.546875 0.16354166666666667 0.01875 0.01875
0 0.640625 0.16458333333333333 0.01875 0.028125
0 0.8916666666666667 0.159375 0.014583333333333334 0.01875
0 0.94375 0.16354166666666667 0.022916666666666665 0.028125
0 0.5854166666666667 0.16979166666666667 0.028125 0.0375
0 0.49895833333333334 0.17291666666666666 0.01875 0.0375
0 0.19375 0.18854166666666666 0.014583333333333334 0.022916666666666665
0 0.5083333333333333 0.18333333333333332 0.014583333333333334 0.022916666666666665
0 0.6677083333333333 0.19166666666666668 0.028125 0.041666666666666664
0 0.246875 0.20416666666666666 0.028125 0.028125
0 0.8510416666666667 0.19791666666666666 0.041666666666666664 0.065625
0 0.11354166666666667 0.215625 0.022916666666666665 0.03333333333333333
0 0.7104166666666667 0.209375 0.041666666666666664 0.05625
0 0.409375 0.22604166666666667 0.041666666666666664 0.041666666666666664
0 0.17291666666666666 0.23645833333333333 0.05625 0.08958333333333333
0 0.5854166666666667 0.23645833333333333 0.046875 0.07083333333333333
0 0.028125 0.25416666666666665 0.05625 0.11666666666666667
0 0.5416666666666666 0.25625 0.041666666666666664 0.08958333333333333
0 0.9541666666666667 0.24895833333333334 0.046875 0.065625
0 0.7458333333333333 0.2791666666666667 0.071875 0.10833333333333334
0 0.32916666666666666 0.296875 0.1 0.16875
0 0.415625 0.3 0.08125 0.10833333333333334
0 0.9208333333333333 0.35208333333333336 0.109375 0.1875