0 0.16638191913279918 0.17577646668787777 0.0459135788780196 0.0734015022278785
0 0.7063087261107152 0.2236975120941775 0.027790828024603323 0.04820756800339379
0 0.8245024208396318 0.23340050588793435 0.03232151573795742 0.054506051559515004
0 0.5678277296184964 0.22312710051981471 0.020934126280124588 0.03771817600254532
0 0.344122350684007 0.2069915636006646 0.03195749469126999 0.048256051559515
0 0.42573637173069445 0.21418699294502772 0.03195749469126999 0.048256051559515
0 0.25429633665288215 0.20178250047739243 0.023260140311249344 0.041909084447272586
0 0.8107077997741211 0.24677248010817684 0.03195749469126999 0.048256051559515
0 0.22420934366844456 0.20351432802884714 0.04174691221135293 0.07335301867175735
0 0.6782341225841108 0.24210812720132915 0.03195749469126999 0.048256051559515
0 0.32806238576181934 0.2172142960428465 0.02204673682229128 0.021075751113939254
0 0.37015374364962134 0.22499079827072505 0.025222133295686906 0.03984999289199986
0 0.2689907366340589 0.22173173870145296 0.024615431551207934 0.02943332622533319
0 0.5410374734563502 0.24571650318266336 0.02093412628012435 0.03771817600254532
0 0.87496723483311 0.27770806678332793 0.030480863102415868 0.058648476448121066
0 0.15446807347517347 0.22144010757478702 0.03758024554468627 0.07330453511563621
0 0.3123664418863191 0.23368702848502843 0.03171481399347845 0.04408938489284833
0 0.9359299330698079 0.28778607834708514 0.04310220345131152 0.0608772604498179
0 0.28871145942522525 0.23861658137066494 0.018365431551207814 0.02936060089115138
0 0.49581084186749586 0.255599850731997 0.023260140311249226 0.041909084447272586
0 0.5585535225652873 0.26049377074048147 0.02497945259789513 0.03568332622533319
0 0.4353335050263813 0.25385517250157313 0.018365431551207814 0.029360600891151438
0 0.3443444839796939 0.2465506551559373 0.028154849071290754 0.05445756800339379
0 0.5231368558986208 0.2600816605134514 0.011630070155624613 0.020954542223636234
0 0.4814701892319541 0.25959682495223946 0.02754814732681178 0.044040901336727126
0 0.36970850502638125 0.25309155649266446 0.01812275085341627 0.025193934224484713
0 0.4180498629141833 0.26094078405472476 0.025222133295686906 0.03984999289199986
0 0.5111828874686518 0.26931120984508783 0.01652477891566614 0.03350302577975744
0 0.2729548453752771 0.2540476471461802 0.025222133295686906 0.03984999289199986
0 0.5314599155309018 0.27787484006999674 0.02069144558233281 0.03355150933587865
0 0.33275453659641235 0.26203020448757375 0.03232151573795742 0.054506051559515004
0 0.3924935576430998 0.26897109516230067 0.031472133295686905 0.03992271822618167
0 0.5859906032442557 0.2847551262995722 0.018365431551207696 0.029360600891151497
0 0.36112221729420396 0.26652413515805845 0.026456084186749607 0.025290901336727126
0 0.6131952769264849 0.28715360274769325 0.025222133295686906 0.03984999289199986
0 0.296356873437527 0.2626476400381801 0.02754814732681178 0.044040901336727126
0 0.3079365471197561 0.2648643031508467 0.023624161357936657 0.048159084447272585
0 0.6959723049887347 0.29644448631442 0.02754814732681178 0.044040901336727126
0 0.673975964639839 0.29410661431145046 0.02497945259789513 0.03568332622533319
0 0.7555899856865265 0.3013020436558136 0.020934126280124588 0.03771817600254532
0 0.5736726137675995 0.28773467563120864 0.02754814732681178 0.044040901336727126
0 0.7119006558609743 0.3018346329832078 0.025222133295686906 0.03984999289199986
0 0.4796799330698079 0.2824771289518153 0.02093412628012435 0.03771817600254532
0 0.18483786992974569 0.26030903824527163 0.04884629465362356 0.08800907733927245
0 0.6619006558609742 0.3012528303097535 0.017880070155624612 0.021027267557818044
0 0.4642976137675995 0.2864619822830275 0.024979452597895246 0.03568332622533319
0 0.4413202769264849 0.2851536560576943 0.023260140311249344 0.041909084447272586
0 0.5619006558609743 0.3000892249628451 0.02093412628012435 0.03771817600254532
0 0.4992793155120785 0.29727863828769396 0.0287820982178746 0.029481809781454395
0 0.9093114137299529 0.33119669345423686 0.045913578878019716 0.0734015022278785
0 0.7387917049699114 0.3167209885422985 0.025222133295686906 0.03984999289199986
0 0.814095055842151 0.3228020258858132 0.028154849071290754 0.05445756800339379
0 0.42011264884541183 0.2963574507213914 0.031472133295686905 0.03992271822618167
0 0.25277861025981824 0.28295977514321063 0.034890210466873954 0.06286362667090893
0 0.7862734067143905 0.3276830952153285 0.030480863102415632 0.058648476448121066
0 0.9464977891566612 0.34412092457029725 0.027790828024603323 0.048207568003393673
0 0.5500680277799012 0.3114021076278149 0.02069144558233281 0.03355150933587865
0 0.6014737154932551 0.3182460311902994 0.030480863102415868 0.058648476448121066
0 0.7667244207455155 0.33161946499041955 0.027790828024603323 0.04820756800339379
0 0.3452339891943076 0.2975680800445434 0.031229452597895245 0.03575605155951488
0 0.2699913084965161 0.29252870936769537 0.027790828024603323 0.04820756800339379
0 0.39449567339988045 0.30334609516230066 0.025222133295686906 0.03984999289199986
0 0.2930899856865264 0.2959203689263619 0.03758024554468627 0.07330453511563621
0 0.3716396769076617 0.30412110227030087 0.034647529769082294 0.05869696000424227
0 0.5432617225088178 0.3196505947379361 0.025222133295686906 0.03984999289199986
0 0.6303874277610778 0.33211496186078404 0.03464752976908254 0.05869696000424227
0 0.6914107961722237 0.34323464009120797 0.02754814732681178 0.044040901336727126
0 0.6612631330133382 0.343924800975996 0.03171481399347845 0.044089384892848214
0 0.4730350909199634 0.3292430409505426 0.03195749469126999 0.04825605155951488
0 0.5724787856488799 0.3387278587417541 0.027790828024603323 0.04820756800339379
0 0.7167748172189109 0.349775541427935 0.020934126280124588 0.03771817600254532
0 0.36445907688883844 0.32381580182472514 0.02754814732681178 0.044040901336727126
0 0.9883227261577733 0.3801193939104181 0.023354547684453546 0.0733772604498179
0 0.5166534768700152 0.3453649974007848 0.034890210466873954 0.06286362667090893
0 0.735271862820067 0.36352326320811673 0.02497945259789513 0.03568332622533319
0 0.7835525505334211 0.3703308241035104 0.028154849071290754 0.05445756800339379
0 0.4195964663466715 0.3411127547209672 0.028154849071290754 0.05445756800339379
0 0.31206211898221325 0.33569763648418 0.033534919226915365 0.07533938489284822
0 0.40647949090114016 0.34824684983024007 0.04150423151356127 0.06918635200509063
0 0.8530305926267959 0.38363080277950995 0.05546031570031099 0.09433180267345426
0 0.8877089434990353 0.3892391254508431 0.04211093325804048 0.0796030186717573
0 0.6241168803589733 0.3674346614152083 0.03808615434237434 0.04624544356036348
0 0.9204253013868373 0.39690653967744893 0.04567089818022794 0.06923483556121184
0 0.3756541821222754 0.35517488982599776 0.034647529769082294 0.05869696000424227
0 0.5650452312312126 0.37195210407381474 0.04174691221135305 0.0733530186717573
0 0.7661372943712749 0.39302931476763175 0.04150423151356127 0.06918635200509063
0 0.9721950101468787 0.41000046323993344 0.04627759992470715 0.0796515022278785
0 0.5005225680723273 0.372242275620603 0.03171481399347845 0.044089384892848214
0 0.5956782557856813 0.37959527652236 0.030480863102415632 0.058648476448121066
0 0.27705986983562947 0.36027340536811964 0.0379442665913737 0.0795545351156361
0 0.8599508806413219 0.07350503744957042 0.03171481399347845 0.044089384892848305
0 0.744747655766858 0.4011081094313288 0.035760140311249224 0.04205453511563609
0 0.3472762277234314 0.36837717159981614 0.053134301669186 0.09014089422872698
0 0.4007652487701189 0.3752453369403613 0.03195749469126999 0.048256051559515
0 0.6791226557668579 0.4003444934224201 0.04150423151356127 0.06918635200509063
0 0.4745312978790561 0.39067713250581537 0.028154849071290754 0.05445756800339379
0 0.9976165085812206 0.4531330276893272 0.004766982837558705 0.08156514311478773
0 0.6344420557480348 0.41960284097175377 0.0433448841491033 0.06504392711648457
0 0.8300831048569722 0.43645278055375253 0.04470017538906177 0.05256816889454517
0 0.739458104856972 0.43539826320811675 0.04273818240462409 0.0546272604498179
0 0.44878270838357653 0.4132786560576943 0.03464752976908241 0.05869696000424227
0 0.5577227434613888 0.42495589518351184 0.04334488414910306 0.06504392711648468
0 0.3287483610191183 0.40771808715254354 0.04627759992470703 0.0796515022278785
0 0.19327102417800374 0.40510070491193834 0.0528916209713944 0.08597422756206032
0 0.8850282100904091 0.4683209458942977 0.045913578878019716 0.0734015022278785
0 0.07455476137675995 0.02897346223212076 0.037115431551207875 0.029578776893696746
0 0.5065494627447741 0.439974850731997 0.0379442665913737 0.0795545351156361
0 0.4126781223958782 0.43680063738593694 0.04700564201808177 0.0921515022278785
0 0.2862117645080763 0.4280423431466044 0.04627759992470703 0.0796515022278785
0 0.9369192591993463 0.4834982027901155 0.05705828763806124 0.08602271111818152
0 0.7783432451682214 0.4774891609908438 0.05730096833585255 0.09018937778484819
0 0.8515632627071276 0.4835459565562979 0.0543682525602487 0.07558180267345425
0 0.4861305469315236 0.46472031206236075 0.04700564201808177 0.0921515022278785
0 0.5437862346448777 0.4716369609590271 0.04700564201808177 0.0921515022278785
0 0.2396905118537113 0.4514431155845441 0.040169487675707556 0.04626968533842397
0 0.3926838978037631 0.4688377653829674 0.05153632973143587 0.09844998578399972
0 0.8237313398783146 0.5061232383301163 0.06221622449799895 0.06734543645236334
0 0.1746722135981903 0.46109616624230215 0.0596269823669776 0.09438028622957546
0 0.6777159960216376 0.5013013138658747 0.05313430166918588 0.09014089422872698
0 0.7331063398783146 0.5050687209844804 0.06379364903364433 0.09442876978569667
0 0.6333490205761063 0.5080717823042387 0.04860361395583202 0.08384241067260577
0 0.5748336767194292 0.504268012518542 0.049088975351415105 0.09217574400593911
0 0.4620303258471897 0.4977506231699367 0.049088975351415105 0.09217574400593923
0 0.046294259199346315 0.47313484266921196 0.04283897535141515 0.0921030186717573
0 0.322689673211648 0.5002930907065436 0.05546031570031099 0.09433180267345426
0 0.1313366311182732 0.48557496801399935 0.07275423151356136 0.06954997867599957
0 0.261403076700606 0.5203991706980592 0.05546031570031094 0.09433180267345426
0 0.8179358801707407 0.567472483662177 0.049088975351415105 0.09217574400593899
0 0.6056628736257593 0.06846420719284473 0.02437275085341639 0.025266659558666523
0 0.6307235438002073 0.0697967751962385 0.02204673682229128 0.021075751113939254
0 0.6847136134852507 0.5857005556439353 0.05044426659137381 0.07969998578399971
0 0.8505710204819901 0.6094906561107223 0.048603613955831786 0.08384241067260566
0 0.7324379959275215 0.600829328983632 0.0630450595381646 0.11732119467430285
0 0.7595159157191342 0.08274597788029832 0.018122750853416393 0.02519393422448474
0 0.8109216034324883 0.08958990144278284 0.01652477891566614 0.0335030257797575
0 0.13815223805854268 0.56684920979206 0.06219567709589414 0.10273786134096928
0 0.3643049713730528 0.5892589884892706 0.06648368411145664 0.10486967823042383
0 0.9762464453470422 0.6413595512412061 0.04750710930591566 0.138396945788242
0 0.45723543800207295 0.6298968391682398 0.0706503507781233 0.10491816178654503
0 0.7380049367658217 0.08874143921066209 0.025222133295686906 0.03984999289199986
0 0.11480546662902018 0.04089238934860536 0.025222133295686847 0.03984999289199986
0 0.6597585964169258 0.08574903920005651 0.018122750853416393 0.025193934224484772
0 0.5598442555033326 0.6758521111818149 0.07113571217370639 0.11325149511987836
0 0.3397951929279678 0.06120671382345245 0.023624161357936657 0.0481590844472726
0 0.22889316486571792 0.051588566252907676 0.034890210466873954 0.06286362667090889
0 0.771089757210165 0.7282762889878742 0.05546031570031099 0.09433180267345426
0 0.3046256484689469 0.6905787058136954 0.07382574725151882 0.12369240356460551
0 0.3211058631024157 0.06203020448757377 0.028154849071290754 0.054457568003393776
0 0.05579448767570758 0.04645149867387846 0.049473543800207305 0.06303331911733305
0 0.40161754730798854 0.06817184627623994 0.013956084186749488 0.025145450668363562
0 0.05634496075559286 0.6814439342244848 0.030581656049206752 0.09612423467006058
0 0.7176569648280714 0.0968323547633895 0.03195749469126999 0.04825605155951497
0 0.2814618595946345 0.06052794403775583 0.02069144558233281 0.03355150933587868
0 0.9563530137017182 0.7856057779015094 0.08729397259656366 0.14883785423296914
0 0.592292943781384 0.08912784807975391 0.018365431551207696 0.029360600891151407
0 0.35798888765688436 0.06974610227030081 0.018365431551207814 0.029360600891151407
0 0.2267125080635814 0.7469249431359989 0.09170581740714343 0.14471967112242368
0 0.6267892841302799 0.09161117075108702 0.018122750853416154 0.02519393422448474
0 0.20437852626130112 0.05963099824951389 0.04627759992470703 0.07965150222787853
0 0.42293624203690505 0.0767475973901792 0.02069144558233281 0.03355150933587865
0 0.8419930623871323 0.8196649049967829 0.08802451213605995 0.15300452089963582
0 0.3749589051957905 0.07514836982811889 0.018365431551207814 0.029360600891151407
0 0.5454786139558319 0.08962407474005722 0.02754814732681178 0.044040901336727126
0 0.5065054518449654 0.8324165245066638 0.096094617369497 0.18432724623381774
0 0.15333685959463447 0.059037074687029366 0.0379442665913737 0.07955453511563615
0 0.5770926350025193 0.09623770141096613 0.018365431551207935 0.029360600891151438
0 0.6053389753514151 0.09864829874811747 0.02754814732681178 0.044040901336727126
0 0.8281240279681337 0.11685504811157062 0.027790828024603323 0.04820756800339379
0 0.092798852579072 0.056250729789938836 0.048603613955831966 0.08384241067260577
0 0.6806423262236547 0.10472933609163215 0.020934126280124588 0.03771817600254532
0 0.759070677095894 0.1108467361022377 0.027548147326811545 0.044040901336727126
0 0.7058850069214463 0.10918690409502593 0.02497945259789513 0.03568332622533319
0 0.7702589781062665 0.8927384134309047 0.08092512969378944 0.13834846223212077
0 0.08615747990721531 0.8358530186717573 0.06413712267822692 0.13607119467430284
0 0.9780455171624413 0.9047678881285395 0.04390896567511741 0.1842060373435146
0 0.5573616385103006 0.09704907118605716 0.018365431551207696 0.029360600891151438
0 0.6943660034136651 0.108011907649026 0.023260140311249226 0.041909084447272586
0 0.2500195753702384 0.07473552981114998 0.02754814732681178 0.044040901336727126
0 0.30963725606803 0.07959308715254355 0.027790828024603323 0.04820756800339379
0 0.49896763500251934 0.09532863473369388 0.02093412628012435 0.03771817600254532
0 0.7844346981425815 0.11738763743896484 0.028154849071290754 0.05445756800339379
0 0.4154522911458423 0.09123396361127017 0.02069144558233281 0.03355150933587865
0 0.5199829788591964 0.09869605251429982 0.018365431551207814 0.029360600891151407
0 0.3625930166918601 0.8994453582643618 0.08116781039158098 0.1425151288987872
0 0.9865684279493104 0.13847696902181206 0.022996912211353047 0.07313484266921198
0 0.14138289116466557 0.0682666240186658 0.03758024554468632 0.07330453511563614
0 0.44467962798695687 0.09261501517078514 0.027790828024603323 0.04820756800339379
0 0.6482318166542136 0.9397006711489376 0.08019708760041458 0.12059865770212473
0 0.17704223852912382 0.07284540091236255 0.04174691221135293 0.07335301867175732
0 0.5317446630647692 0.10403771562696641 0.018122750853416154 0.02519393422448474
0 0.7670297156814877 0.12238991565878313 0.02093412628012435 0.03771817600254532
0 0.8099807297126127 0.12705353877569195 0.02093412628012435 0.037718176002545345
0 0.20797083770090102 0.9434484373541203 0.10693694728916524 0.08452118045830233
0 0.867454406902623 0.13084518767235828 0.048603613955831786 0.08384241067260577
0 0.29253562447917564 0.08980369870569517 0.023260140311249226 0.041909084447272586
0 0.3887936490336443 0.09821048716314912 0.02754814732681178 0.044040901336727126
0 0.6637833753325919 0.11910661431145045 0.023260140311249226 0.041909084447272586
0 0.4745136665725505 0.10441273339696679 0.02093412628012435 0.03771817600254532
0 0.6407453683170294 0.11675662141945059 0.027790828024603323 0.04820756800339379
0 0.3292366385103006 0.09439459648842223 0.028154849071290754 0.05445756800339379
0 0.5656240279681337 0.1138005840759359 0.027790828024603323 0.04820756800339379
0 0.4882373437625608 0.10769530495436061 0.027790828024603323 0.04820756800339379
0 0.7351627402359564 0.1293058347655106 0.025222133295686906 0.03984999289199986
0 0.7989470876004146 0.13421187566302534 0.02069144558233281 0.03355150933587865
0 0.40680533323921714 0.1036248756099975 0.025222133295686906 0.03984999289199986
0 0.4642790104292275 0.1074165245066638 0.023260140311249344 0.041909084447272586
0 0.25509629465362355 0.09040901336727118 0.016767459613457682 0.037669692446424166
0 0.3651993367469983 0.1041817067154523 0.02069144558233281 0.03355150933587868
0 0.3808850069214463 0.10540518671757342 0.018365431551207935 0.029360600891151407
0 0.2439413121925297 0.09548401692127123 0.01909347364458268 0.04186060089115141
0 0.5546510560303834 0.12200058762993597 0.018122750853416393 0.025193934224484713
0 0.1278916209713944 0.08684693157224167 0.04211093325804036 0.07960301867175736
0 0.35067667358811294 0.10505368093569481 0.027790828024603323 0.04820756800339379
0 0.4385406946348003 0.11232183561423972 0.02069144558233281 0.03355150933587868
0 0.2735933402547796 0.10415673514745287 0.028154849071290754 0.05445756800339379
0 0.5143294069026231 0.12673620629108776 0.025222133295686906 0.03984999289199986
0 0.26262036831702945 0.11235673870145296 0.01652477891566608 0.0335030257797575
0 0.04901803147591487 0.1088302897835755 0.05226437182481066 0.11094998578399971
0 0.0801970876004146 0.12584846223212076 0.04908897535141513 0.09217574400593914
0 0.4435968665160807 0.16338774405896697 0.03171481399347845 0.04408938489284833
0 0.48047989107054934 0.17110364184169402 0.03171481399347845 0.04408938489284833
0 0.8472184736445826 0.05149670767023715 0.031472133295686905 0.03992271822618164
0 0.7379432945595072 0.19491871387648033 0.03232151573795742 0.054506051559515004
0 0.7713979682417365 0.19738991565878314 0.03464752976908254 0.05869696000424221
0 0.7976823156061947 0.20185960455120722 0.030480863102415868 0.058648476448121066
0 0.5091509226405805 0.18080590584551207 0.03171481399347845 0.04408938489284833
0 0.13612318932607034 0.15668708179502952 0.040169487675707556 0.04626968533842402