0 0.24393128300572647 0.4322523955611514 0.006431823593002288 0.010525760822468063
0 0.44792903625213737 0.48579795562469563 0.010598490259668953 0.010598490259668953
0 0.4887176774858394 0.49588206763740444 0.006504553030203179 0.01469242748913473
0 0.4573767656893383 0.49012826352506433 0.004239396103867676 0.004239396103867558
0 0.3591328165552676 0.469669121750843 0.012863647186004575 0.021051521644936125
0 0.3445131185033337 0.46733123538730653 0.010707584415470232 0.016848490259668836
0 0.25056311255103125 0.45423648971695285 0.010598490259668953 0.010598490259668835
0 0.40936918722617044 0.48408354166392065 0.012863647186004575 0.021051521644936125
0 0.6580858777020472 0.5342442765107079 0.016957584415470232 0.016957584415470232
0 0.23491993019173102 0.4529220876607828 0.01695758441547029 0.016957584415470232
0 0.6205313306241464 0.5304647115758997 0.010707584415470232 0.016848490259668836
0 0.6383305757539809 0.5359821450173369 0.006431823593002169 0.010525760822468063
0 0.5359381423125437 0.5164919404725814 0.010707584415470232 0.016848490259668836
0 0.6060025443687138 0.5333351585456965 0.012863647186004575 0.021051521644936125
0 0.49836541287534275 0.5116707088711065 0.01703031385267124 0.021124251082136898
0 0.4179025265118063 0.49568733387165576 0.006504553030203179 0.01469242748913473
0 0.6739108836543496 0.5459753452335446 0.016957584415470232 0.016957584415470232
0 0.6854783111434843 0.5524253511858471 0.016957584415470232 0.016957584415470232
0 0.9936418184503802 0.6119558138460806 0.01271636309923944 0.021051521644936125
0 0.5601328463167801 0.5304518014031533 0.016848490259668836 0.01070758441547035
0 0.9206533349526943 0.6023497153617313 0.01703031385267124 0.021124251082136898
0 0.11925856547313056 0.4488205124451242 0.012863647186004516 0.021051521644936125
0 0.9499472781344626 0.6101504880888043 0.010707584415470232 0.016848490259668836
0 0.5132396639574798 0.5285919285679764 0.01703031385267124 0.021124251082136898
0 0.9395487938270961 0.6110103311624688 0.012863647186004575 0.021051521644936125
0 0.10368811255103125 0.45167277705562087 0.012863647186004516 0.021051521644936007
0 0.17596312445563622 0.47584402651400315 0.023316678571271628 0.023316678571271628
0 0.4134214875504821 0.5372630887418214 0.01703031385267124 0.021124251082136898
0 0.15658965205287478 0.4994568950206322 0.02346213744567347 0.03165001190460496
0 0.07612676568933827 0.4834735200211814 0.02346213744567347 0.03165001190460496
0 0.31958057575398086 0.5304183430714675 0.016957584415470232 0.016957584415470232
0 0.5307609015112571 0.5778411796501133 0.021124251082136898 0.01703031385267124
0 0.47957377597018863 0.5686169107110689 0.016957584415470232 0.016957584415470232
0 0.48902150540738953 0.5729472186114376 0.01695758441547035 0.016957584415470232
0 0.984335188307209 0.6711489902530784 0.006504553030203179 0.01469242748913473
0 0.1818805698016784 0.5165599383105043 0.02346213744567347 0.03165001190460496
0 0.10668056384937591 0.5037924751075546 0.02346213744567347 0.03165001190460496
0 0.43580559361088844 0.5668115849537927 0.01703031385267124 0.021124251082136898
0 0.33028816016945123 0.5472668333311365 0.023316678571271628 0.023316678571271628
0 0.5016851466410917 0.5825404069230404 0.016957584415470232 0.016957584415470232
0 0.2592730032431156 0.5356137662320545 0.01925910606040636 0.029493949134070854
0 0.8611639686103392 0.6544201385223183 0.006504553030203179 0.01469242748913473
0 0.9719261001037102 0.676139135274809 0.010707584415470232 0.016848490259668836
0 0.6354730389569305 0.6109094155801361 0.017030313852671005 0.021124251082136898
0 0.5853093977232285 0.6006616623337251 0.016957584415470232 0.016957584415470232
0 0.2352783051911818 0.5331122386348158 0.01695758441547029 0.01695758441547035
0 0.6668503154720322 0.6187465530258095 0.017030313852671005 0.021124251082136898
0 0.45577908387055727 0.5775737164471637 0.01703031385267124 0.021124251082136898
0 0.6219313722902639 0.6106730449092329 0.016957584415470232 0.016957584415470232
0 0.5404450016193609 0.5957131542171487 0.016957584415470232 0.016957584415470232
0 0.9301685216405423 0.6702035075694666 0.012863647186004575 0.021051521644936125
0 0.9823973138482776 0.6794459588678112 0.017030313852671005 0.021124251082136898
0 0.16322148159817954 0.5214409891764336 0.02353486688287442 0.035816678571271625
0 0.6439154664460652 0.6173048744545379 0.010707584415470232 0.016848490259668836
0 0.5530177310565618 0.6000980091954181 0.01703031385267124 0.021124251082136898
0 0.07345632467184394 0.5094606396099474 0.02346213744567347 0.03165001190460496
0 0.9532124648223106 0.6778951861407382 0.01703031385267124 0.021124251082136898
0 0.31277983278842036 0.5584160665563659 0.023316678571271628 0.023316678571271628
0 0.2981419523771863 0.5550365135261628 0.02353486688287442 0.035816678571271625
0 0.20201770129504937 0.5366970698038752 0.02978486688287436 0.03592577272707302
0 0.8665541255366748 0.664927716985486 0.017103043289872253 0.025290917748803564
0 0.9334753452335446 0.6806747213140338 0.010707584415470232 0.016848490259668836
0 0.5102912153639283 0.5983108657974422 0.01703031385267124 0.021124251082136898
0 0.4978275800825287 0.6001760108191727 0.01703031385267124 0.021124251082136898
0 0.4811245486972616 0.5978017597370359 0.01703031385267124 0.021124251082136898
0 0.36827908387055724 0.5760463982659446 0.01703031385267124 0.021124251082136898
0 0.906446558978112 0.6833269799722281 0.017103043289872014 0.025290917748803564
0 0.6358730508615356 0.6338260822468026 0.023316678571271628 0.023316678571271628
0 0.22527983278842037 0.556888748375147 0.02353486688287442 0.035816678571271625
0 0.5982821390650344 0.6279631839786611 0.017030313852671005 0.021124251082136898
0 0.6735730568138381 0.6459389805149442 0.01925910606040636 0.029493949134070854
0 0.6526669940433039 0.6414086666622729 0.023462137445673412 0.03165001190460496
0 0.4489237938270961 0.6024464399320621 0.01703031385267124 0.021124251082136898
0 0.9243730806230481 0.696136080080332 0.012936376623205586 0.02521818831160279
0 0.6589715411212045 0.6446427608180744 0.023462137445673648 0.03165001190460496
0 0.5628654723983677 0.6273449837624535 0.017030313852671005 0.021124251082136898
0 0.4751109193681646 0.6112343322479011 0.01925910606040636 0.029493949134070854
0 0.8136654962075778 0.6775420833278412 0.02353486688287442 0.035816678571271625
0 0.7081662451254407 0.6590389983718516 0.023316678571271628 0.023316678571271628
0 0.8408761060560127 0.6853064913363137 0.012863647186004575 0.021051521644936125
0 0.5755109312727694 0.6358965054073895 0.017030313852671005 0.021124251082136898
0 0.8733132315970811 0.6942034778079541 0.01925910606040636 0.029493949134070854
0 0.8869276277009487 0.6986065151455239 0.019368200216207755 0.035743949134070856
0 0.8566283825711143 0.6928708933924839 0.023316678571271628 0.023316678571271628
0 0.691572307895975 0.6629147472897148 0.017030313852671005 0.021124251082136898
0 0.9497730925276531 0.719489123370204 0.025690929653408526 0.04001970995653868
0 0.2758434859267274 0.5900531682882245 0.029893961038675816 0.04217577272707303
0 0.9278980925276531 0.7191072938248992 0.017030313852671005 0.021124251082136898
0 0.2320389388488267 0.586164509197615 0.03628941991307754 0.050618200216207755
0 0.18189347997442487 0.5769584226178708 0.03636214935027849 0.05478486688287442
0 0.15685711525582444 0.574438712661332 0.036216690475876646 0.04645153354954109
0 0.013676040580685205 0.5448643961038676 0.008878804112340133 0.03139545887440178
0 0.01694649945508702 0.5532522765151016 0.014983345237938317 0.023171219696869846
0 0.12359651135969199 0.5780235438303915 0.030003055194477095 0.048425772727073026
0 0.29298289393519994 0.6174274193703615 0.01703031385267124 0.021124251082136898
0 0.8239314318132889 0.7287473912282099 0.03621669047587659 0.04645153354954109
0 0.8626185573543573 0.7377534718556515 0.02978486688287442 0.03592577272707302
0 0.6139927786749818 0.6928010703421976 0.02971213744567341 0.031759106060406356
0 0.07589803300462807 0.589687155302581 0.036216690475876646 0.04645153354954109
0 0.9651564496701963 0.7655770097337405 0.030003055194477213 0.048425772727073026
0 0.6517291493458847 0.7069973019436725 0.02978486688287442 0.03592577272707302
0 0.5921723257528825 0.6955442407968929 0.02971213744567341 0.031759106060406356
0 0.5535215649304145 0.6886214935027845 0.04045608657974427 0.050690929653408524
0 0.43554049620757773 0.670941886901859 0.033951533549541085 0.0359985021642738
0 0.8952556888477282 0.7581087916606253 0.03603486688287442 0.03603486688287442
0 0.8378367456659601 0.7498170952324462 0.03636214935027861 0.05478486688287442
0 0.3813556471816108 0.6689547375515805 0.034060627705342364 0.042248502164273796
0 0.533560984843492 0.7382578463167799 0.038300023809209924 0.046487898268141474
0 0.7595193776998502 0.856750386899662 0.04279397294328078 0.06531062770534249
0 0.48053980681273956 0.8029373636331681 0.036289419913077596 0.050618200216207755
0 0.8708633446908285 0.911802716985486 0.04908033766188116 0.06750305519447722
0 0.8698891352748089 0.9691521074106061 0.06377276515101589 0.06169578517878781