0 0.14649998222999963 0.05049937000345331 0.029481809781454395 0.028441792665975997
0 0.7820863413430904 0.048304643508805936 0.07638178134945382 0.09660928701761187
0 0.24531286489496942 0.03339031155341567 0.03372120178230282 0.034885858284924964
0 0.11223407023127231 0.06147541135978217 0.03374544356036342 0.0369691916182583
0 0.15858933158284721 0.19376420595608093 0.08270450668363558 0.12878427956950458
0 0.34065070135793823 0.16548216846039757 0.09966207468702942 0.1545605420453004
0 0.5282704506683635 0.0005164480299021482 0.02737423467006046 0.0010328960598042964
0 0.03415901336727116 0.24854450785788285 0.06371208890302965 0.10707765095090097
0 0.2765992275620603 0.03505981941129853 0.03803331911733305 0.0475799239038739
0 0.19339922400806026 0.050399465123610925 0.04847422756206032 0.05014842128457963
0 0.6074613591130907 0.001047256411643858 0.052422718226181546 0.002094512823287716
0 0.4544575680033938 0.014860071409917203 0.038081802673454256 0.029720142819834407
0 0.3390749857839997 0.030694856218010356 0.04861967823042382 0.06138971243602071
0 0.048983304901332764 0.0894349120487537 0.0654317955654541 0.07592468376037545
0 0.7113036809356948 0.3118490278500819 0.12064085868872639 0.16803087014004514
0 0.034390769838724466 0.4475998740006907 0.06146052270314983 0.27146691866528533
0 0.30179316178654503 0.05056209236427148 0.04445301156375715 0.06245435566563067
0 0.7128757475599392 0.016620867936538705 0.07991816178654503 0.03324173587307741
0 0.015904510237635654 0.11286243700034533 0.029869678230423864 0.06177512599930933
0 0.4267567991194542 0.041615123795802886 0.040334828453211694 0.06642695671334839
0 0.39144922045406016 0.05263968155686898 0.04452573689793896 0.06870435566563066
0 0.21574693868024178 0.09000562062412892 0.05724391290048428 0.08803655252247754
0 0.7734914569806625 0.6403821091847967 0.1631317458094531 0.2408048596628679
0 0.6526530151177572 0.02862572884075795 0.05087270401018126 0.0572514576815159
0 0.44886793433054045 0.7774427438675521 0.1755105369191502 0.23097038985304816
0 0.6111075573413935 0.04290798869725947 0.0762363306810902 0.08581597739451895
0 0.8808386195629088 0.03490565398598308 0.10751057245915092 0.06981130797196616
0 0.4916673964566055 0.06932924758859962 0.09329086579672653 0.13865849517719925