0 0.6630341495064376 0.3644927795364951 0.008757779974629187 0.010659141901987586
0 0.011633475590160999 0.37995471118145985 0.013179114626073508 0.017030379519648163
0 0.09301080958254977 0.3791938447258392 0.013179114626073515 0.017030379519648163
0 0.0740910309260314 0.38281494211303374 0.013009335969555143 0.012863712852981497
0 0.4227717015470308 0.3741882831876841 0.008927558631147647 0.014825808568654253
0 0.14092747624921648 0.3805880773289348 0.013179114626073485 0.017030379519648163
0 0.05421447493110555 0.38432239676247976 0.013009335969555143 0.012863712852981497
0 0.03537958560284636 0.3858601608163409 0.013179114626073515 0.017030379519648163
0 0.6377370368575304 0.3710570204971989 0.013179114626073367 0.017030379519648163
0 0.06658714093871677 0.38781110961546117 0.013179114626073515 0.017030379519648163
0 0.12608947493110556 0.3864137456671231 0.013179114626073515 0.017030379519648163
0 0.6647354808626046 0.3739283983453254 0.008757779974629424 0.010659141901987586
0 0.648983146870216 0.3765987572790986 0.013009335969555025 0.012863712852981497
0 0.0026280707988861076 0.39104933166181166 0.005256141597772215 0.017030379519648163
0 0.23142514225682767 0.3863499955130502 0.013179114626073485 0.017030379519648163
0 0.1625053636003093 0.38851624148831904 0.013179114626073485 0.017030379519648163
0 0.23767514225682765 0.386531851939541 0.013179114626073485 0.017030379519648163
0 0.19071525292856847 0.38725126207419386 0.013179114626073485 0.017030379519648163
0 0.20117436425936475 0.38651268945167844 0.013009335969555143 0.012863712852981497
0 0.08104314027966132 0.3913604412772729 0.013179114626073515 0.017030379519648163
0 0.41292981024160524 0.38537383188128127 0.008757779974629306 0.010659141901987586
0 0.3063826975926981 0.38957393929760564 0.008757779974629306 0.010659141901987586
0 0.1101249176180688 0.39429243793422963 0.013009335969555143 0.012863712852981497
0 0.3805108095825498 0.3875592403444126 0.008927558631147647 0.014825808568654253
0 0.1467105849437909 0.39222826708875885 0.013179114626073485 0.017030379519648163
0 0.4461782542466794 0.3884270661558985 0.008757779974629187 0.010659141901987586
0 0.2854644749311055 0.3910510845426366 0.013179114626073603 0.017030379519648163
0 0.1006650282898096 0.39610298662782684 0.013179114626073485 0.017030379519648163
0 0.47542981024160524 0.3871923961461885 0.008927558631147647 0.014825808568654253
0 0.24575380760538343 0.393024327174862 0.013179114626073485 0.017030379519648163
0 0.42942669825175356 0.3900254490185899 0.013179114626073603 0.017030379519648163
0 0.21854314027966132 0.39536128266006887 0.013179114626073485 0.017030379519648163
0 0.17679158428473546 0.39623223981679734 0.013179114626073485 0.017030379519648163
0 0.6831034788854382 0.38384896762479753 0.013179114626073367 0.017030379519648163
0 0.6705610342213087 0.3845269214384828 0.013179114626073367 0.017030379519648163
0 0.2790022516104576 0.39607756144947914 0.013179114626073485 0.017030379519648163
0 0.6098896995698645 0.38901897598240576 0.008927558631147766 0.014825808568654253
0 0.26437647361299466 0.39669489645433414 0.013009335969555143 0.012863712852981497
0 0.3958811415977722 0.3942638814106394 0.008927558631147647 0.014825808568654253
0 0.7414368122187714 0.38554629427204434 0.013179114626073367 0.017030379519648163
0 0.5775555882390682 0.38912105111220374 0.013179114626073603 0.017030379519648163
0 0.5597623655774756 0.39068912457048 0.008757779974629187 0.010659141901987586
0 0.5451790322441423 0.39026479290866833 0.013179114626073603 0.017030379519648163
0 0.23299913962060584 0.3989106143218805 0.013179114626073485 0.017030379519648163
0 0.19953847229488375 0.4010657133805966 0.013179114626073485 0.017030379519648163
0 0.3749204742720501 0.396782693322337 0.013179114626073485 0.017030379519648163
0 0.5335933649184201 0.39305638946010196 0.008927558631147766 0.014825808568654253
0 0.07636713764343953 0.4037392036596124 0.013179114626073515 0.017030379519648163
0 0.6265139215724015 0.3905455931197144 0.013179114626073603 0.017030379519648163
0 0.5941798102416053 0.39064766824951225 0.013179114626073603 0.017030379519648163
0 0.46363191959523514 0.3951923260309556 0.013179114626073485 0.017030379519648163
0 0.649345698910809 0.3932957333501804 0.013179114626073603 0.017030379519648163
0 0.5262168089234943 0.39492755696252946 0.013179114626073485 0.017030379519648163
0 0.005934346819182686 0.4079281641593842 0.011868693638365372 0.017030379519648163
0 0.6983464769082719 0.39367860869102433 0.008927558631147766 0.014825808568654253
0 0.17536791564090243 0.40557693041238224 0.013009335969555143 0.012863712852981497
0 0.4175439182771242 0.4001087122366902 0.008927558631147647 0.014825808568654253
0 0.40291814027966133 0.4007260472415452 0.013179114626073485 0.017030379519648163
0 0.7077639215724015 0.3929097266640938 0.008927558631147766 0.014825808568654253
0 0.15132469297930992 0.40696314744416784 0.013179114626073485 0.017030379519648163
0 0.7213055882390681 0.3933037489214904 0.013179114626073603 0.017030379519648163
0 0.30678769429742075 0.4052292487020208 0.008757779974629187 0.010659141901987586
0 0.6940524762492165 0.3966823710733639 0.008757779974629424 0.010659141901987586
0 0.6355918089234943 0.3981100444261171 0.008927558631147766 0.014825808568654253
0 0.48321136294125383 0.4009765380481762 0.013179114626073485 0.017030379519648163
0 0.447709806946328 0.40202935163139547 0.008927558631147647 0.014825808568654253
0 0.2692028049691616 0.40622144347640976 0.013179114626073603 0.017030379519648163
0 0.5614636969336426 0.40012474337931025 0.008757779974629424 0.010659141901987586
0 0.39541425029234667 0.40572221474397274 0.008757779974629306 0.010659141901987586
0 0.25970047097677285 0.4090736588366737 0.013009335969555143 0.012863712852981497
0 0.24715802631264328 0.40975161265035887 0.013179114626073485 0.017030379519648163
0 0.7116759202542906 0.3992809642817543 0.008927558631147766 0.014825808568654253
0 0.6218379189361798 0.4029243555020539 0.008927558631147766 0.014825808568654253
0 0.0999434689996065 0.4138113199611602 0.013179114626073485 0.017030379519648163
0 0.08944191300468064 0.4155915592503423 0.013179114626073515 0.017030379519648163
0 0.05189946834055105 0.4155420873580647 0.01300933596955513 0.012863712852981497
0 0.5550439182771243 0.4041095536194862 0.013179114626073603 0.017030379519648163
0 0.06960780167388438 0.41605734723312165 0.013009335969555143 0.012863712852981497
0 0.11756691300468064 0.41640991316955056 0.013179114626073515 0.017030379519648163
0 0.045522134348162276 0.4184852309315739 0.013179114626073515 0.017030379519648163
0 0.7658001422568276 0.4018987199780072 0.013179114626073367 0.017030379519648163
0 0.13844269100214357 0.4159744345911863 0.013348893282591886 0.021197046186314832
0 0.5361665842847355 0.406688984340014 0.008757779974629187 0.010659141901987586
0 0.502748361623143 0.40780241673206347 0.013179114626073485 0.017030379519648163
0 0.28973902565358783 0.41411929823137883 0.013179114626073603 0.017030379519648163
0 0.5726249176180687 0.40774981349454315 0.013348893282591708 0.021197046186314832
0 0.6561280296079205 0.40600789918108615 0.013179114626073603 0.017030379519648163
0 0.15910624567895854 0.4207472893461554 0.013009335969555143 0.012863712852981497
0 0.6706264736129945 0.4085155641762313 0.013179114626073367 0.017030379519648163
0 0.18523280167388437 0.4194216911232001 0.013009335969555143 0.012863712852981497
0 0.07976980035577348 0.4226104412772729 0.013009335969555143 0.012863712852981497
0 0.21435702367642145 0.4213120211134901 0.013179114626073485 0.017030379519648163
0 0.3719882476561249 0.41755540784684003 0.013348893282591945 0.021197046186314832
0 0.27911013566627313 0.41902453752056096 0.013179114626073603 0.017030379519648163
0 0.38544502499453237 0.4200327634375699 0.013179114626073485 0.017030379519648163
0 0.7550014736129945 0.41097062593385597 0.013179114626073367 0.017030379519648163
0 0.2988169130046806 0.4216837495377816 0.008757779974629187 0.010659141901987586
0 0.5493686936383654 0.4154163399307439 0.008757779974629424 0.010659141901987586
0 0.53569969297931 0.41814731767334734 0.013179114626073603 0.017030379519648163
0 0.6484119162999579 0.41621240001684706 0.013348893282591708 0.021197046186314832
0 0.4176942469970694 0.42201402164110535 0.008927558631147647 0.014825808568654253
0 0.4344033583278657 0.42145730544508064 0.008927558631147647 0.014825808568654253
0 0.24022891168656973 0.42623642289053476 0.013179114626073485 0.017030379519648163
0 0.06901357637607006 0.430640680566455 0.013179114626073515 0.017030379519648163
0 0.40406769100214357 0.42370333271704214 0.013179114626073603 0.017030379519648163
0 0.12014013237099593 0.4300425080494626 0.017345781292740153 0.017151617137308624
0 0.44794502499453237 0.42185132770247713 0.019683782610851117 0.023462235946138794
0 0.7172468056282171 0.4161294873749117 0.013179114626073367 0.017030379519648163
0 0.5554064703177173 0.420806529690568 0.013179114626073367 0.017030379519648163
0 0.2600205783532364 0.4268123015744221 0.013179114626073485 0.017030379519648163
0 0.158639354373533 0.43220562267948875 0.013179114626073485 0.017030379519648163
0 0.07934535371447754 0.4330271079439395 0.013179114626073515 0.017030379519648163
0 0.605448914981847 0.42121971443582706 0.013179114626073367 0.017030379519648163
0 0.2744341330300513 0.4314032999029005 0.013348893282591945 0.021197046186314832
0 0.4686510243354769 0.42558251579077955 0.008927558631147766 0.014825808568654253
0 0.31514402235831057 0.43050203334175685 0.013009335969555143 0.012863712852981497
0 0.1857226877068663 0.4329936671942819 0.013179114626073485 0.017030379519648163
0 0.6272814703177173 0.42289787859521133 0.008927558631147766 0.014825808568654253
0 0.2952674663633847 0.4320094879912029 0.013009335969555143 0.012863712852981497
0 0.02904824106557038 0.43886392319868045 0.013179114626073508 0.017030379519648163
0 0.507150246338014 0.42774563042080577 0.013009335969555143 0.012863712852981497
0 0.6406958029919954 0.42641690085260786 0.013179114626073367 0.017030379519648163
0 0.4882729123456252 0.43032506114133356 0.013348893282591945 0.021197046186314832
0 0.5738593576688104 0.4286437656367068 0.008927558631147766 0.014825808568654253
0 0.5415252463380139 0.4287458407665047 0.008927558631147766 0.014825808568654253
0 0.03833835173731119 0.44122004117174984 0.013179114626073515 0.017030379519648163
0 0.4046424663633847 0.4351919754547906 0.013009335969555143 0.012863712852981497
0 0.23555290905034798 0.4386151852728743 0.013179114626073485 0.017030379519648163
0 0.21046801972208876 0.4399710929002448 0.013009335969555143 0.012863712852981497
0 0.5508153570097548 0.4311019587395741 0.013179114626073603 0.017030379519648163
0 0.13729668507064455 0.44409943459118634 0.008927558631147647 0.014825808568654253
0 0.04758601774492242 0.4446178258114859 0.013179114626073515 0.017030379519648163
0 0.26051046438621833 0.44038427764550386 0.013179114626073544 0.017030379519648163
0 0.1727982410655704 0.44304662100796705 0.013179114626073485 0.017030379519648163
0 0.5620614670224401 0.43664369552147375 0.013179114626073367 0.017030379519648163
0 0.3000513530554221 0.4425777016799452 0.013179114626073485 0.017030379519648163
0 0.46176435437353297 0.44102565936428895 0.013179114626073485 0.017030379519648163
0 0.4022620203811442 0.442423023312627 0.013179114626073485 0.017030379519648163
0 0.5014325770351254 0.44009408339873013 0.013179114626073603 0.017030379519648163
0 0.38038702038114425 0.44178652581990946 0.008757779974629187 0.010659141901987586
0 0.6318531336891068 0.4386744256172869 0.008757779974629424 0.010659141901987586
0 0.6735622450199031 0.43884513512722506 0.008927558631147766 0.014825808568654253
0 0.5838091330300514 0.44040519301419134 0.013179114626073367 0.017030379519648163
0 0.5963091330300514 0.4407689058671728 0.008927558631147766 0.014825808568654253
0 0.532640132370996 0.44204503219785046 0.013348893282591945 0.021197046186314832
0 0.5410583550325884 0.44020417409983803 0.013179114626073367 0.017030379519648163
0 0.055494904436959806 0.4552769677134736 0.013179114626073515 0.017030379519648163
0 0.27471179574238536 0.4501836093073156 0.013009335969555143 0.012863712852981497
0 0.25179512907571866 0.44951680241018294 0.013179114626073485 0.017030379519648163
0 0.31963079640144076 0.4483619136971658 0.013009335969555025 0.012863712852981497
0 0.06895168177536727 0.45775432330420346 0.013179114626073515 0.017030379519648163
0 0.1984579057550707 0.4531793561183451 0.008757779974629306 0.010659141901987586
0 0.4395922417246258 0.44768082853823804 0.013179114626073485 0.017030379519648163
0 0.6075127983786072 0.44735230931573905 0.013179114626073603 0.017030379519648163
0 0.20566468309347818 0.4554748552825843 0.013009335969555143 0.012863712852981497
0 0.37471179574238533 0.45309331213116716 0.008927558631147647 0.014825808568654253
0 0.4206724630681074 0.45130192592543245 0.013179114626073603 0.017030379519648163
0 0.1242449044369598 0.45727738840487153 0.013179114626073515 0.017030379519648163
0 0.47600813039382955 0.4497833243594339 0.008927558631147647 0.014825808568654253
0 0.136617570444571 0.460766101257853 0.013179114626073485 0.017030379519648163
0 0.10432590377790435 0.4598265097209842 0.013179114626073515 0.017030379519648163
0 0.5531339083912925 0.4509845536194862 0.013179114626073367 0.017030379519648163
0 0.22853890509601527 0.4571833288463836 0.013348893282591886 0.021197046186314832
0 0.15020168177536727 0.4601184568485828 0.013179114626073485 0.017030379519648163
0 0.39971179574238536 0.45382073783713006 0.013179114626073485 0.017030379519648163
0 0.42779435107825575 0.45568075842300504 0.013179114626073485 0.017030379519648163
0 0.01544467979820093 0.46558354367903226 0.013179114626073508 0.017030379519648163
0 0.2806222384293486 0.4586987990671396 0.013179114626073485 0.017030379519648163
0 0.4528792404065149 0.45432485079563456 0.013179114626073485 0.017030379519648163
0 0.08748945845471931 0.46350822591700896 0.013179114626073485 0.017030379519648163
0 0.0718644584547193 0.4630535848507822 0.013179114626073515 0.017030379519648163
0 0.6219687977195517 0.45090164097755087 0.013179114626073367 0.017030379519648163
0 0.5008807964014408 0.4536357500653968 0.013009335969555025 0.012863712852981497
0 0.5884656857297 0.4540984067029336 0.013179114626073367 0.017030379519648163
0 0.31703812709855234 0.4608012948883355 0.013179114626073485 0.017030379519648163
0 0.3076631270985523 0.4605285102485995 0.008927558631147647 0.014825808568654253
0 0.46525190641412617 0.4578135636486161 0.013009335969555143 0.012863712852981497
0 0.6092565743989037 0.4557462614579027 0.013179114626073367 0.017030379519648163
0 0.4954602397474595 0.4586925363766545 0.004336445323185009 0.0042879042843271264
0 0.5727133517373112 0.4567687656367068 0.008927558631147766 0.014825808568654253
0 0.20944934778297852 0.4649710929002448 0.013179114626073485 0.017030379519648163
0 0.028859012472478816 0.4691025659364289 0.013348893282591886 0.021197046186314832
0 0.595714907732237 0.45535223920050616 0.013179114626073367 0.017030379519648163
0 0.6520073523963668 0.455947280372256 0.013179114626073367 0.017030379519648163
0 0.2500743477829785 0.4661531596724345 0.013009335969555143 0.012863712852981497
0 0.3794956824344227 0.46366152581990944 0.013179114626073603 0.017030379519648163
0 0.5360003504192004 0.4619579364821776 0.013179114626073367 0.017030379519648163
0 0.6361701290757187 0.46070097263936255 0.013348893282591945 0.021197046186314832
0 0.2708227917880527 0.46884268109407023 0.013179114626073603 0.017030379519648163
0 0.2936970137905897 0.4705511546578696 0.013179114626073485 0.017030379519648163
0 0.05256267782103459 0.47604968223797667 0.013179114626073515 0.017030379519648163
0 0.4962047937652189 0.46601451244773634 0.008757779974629187 0.010659141901987586
0 0.4983305717626819 0.46503346458989986 0.008757779974629306 0.010659141901987586
0 0.4188667924471081 0.4700216165210174 0.008927558631147647 0.014825808568654253
0 0.33536368045725634 0.4717635308344744 0.013179114626073485 0.017030379519648163
0 0.477242570444571 0.47067727650159746 0.004336445323185009 0.004287904284327245
0 0.06689134316959035 0.4827240138997883 0.013348893282591886 0.021197046186314832
0 0.6065790157677562 0.47026897598240575 0.013179114626073367 0.017030379519648163
0 0.3884037911289972 0.47539264379297885 0.008757779974629306 0.010659141901987586
0 0.5855759037779044 0.47382945456076997 0.008927558631147766 0.014825808568654253
0 0.5417410144496451 0.4746397929086683 0.008927558631147766 0.014825808568654253
0 0.5093644584547193 0.47578353470513285 0.008927558631147647 0.014825808568654253
0 0.13568378783371993 0.48368276792451964 0.013348893282591886 0.021197046186314832
0 0.31006656780834924 0.47832777179517816 0.008757779974629306 0.010659141901987586
0 0.40819545779566385 0.4759685224768662 0.008927558631147647 0.014825808568654253
0 0.5364477917880526 0.47657157921992604 0.008927558631147766 0.014825808568654253
0 0.37990067913914544 0.47931683522432456 0.008927558631147647 0.014825808568654253
0 0.3203983451467567 0.4807141991726627 0.013179114626073485 0.017030379519648163
0 0.5604485697855156 0.4762270288548071 0.008927558631147766 0.014825808568654253
0 0.4371923458058121 0.48098385246715625 0.008927558631147647 0.014825808568654253
0 0.1803905651721274 0.4870694056477031 0.013179114626073485 0.017030379519648163
0 0.05509345252322026 0.49072394378455536 0.013179114626073515 0.017030379519648163
0 0.48927567913914544 0.4824993226879123 0.013179114626073603 0.017030379519648163
0 0.24814134316959036 0.48799785026801934 0.013179114626073485 0.017030379519648163
0 0.14267834185147948 0.4911866004220922 0.013179114626073485 0.017030379519648163
0 0.26380878783371997 0.48741082466757946 0.013179114626073485 0.017030379519648163
0 0.6740326811163119 0.4784890872693886 0.013348893282591945 0.021197046186314832
0 0.014341118530831478 0.4926668770123656 0.013009335969555133 0.012863712852981497
0 0.28672545450038656 0.4880776315647122 0.013179114626073603 0.017030379519648163
0 0.08530178585655361 0.4916029165125939 0.013009335969555143 0.012863712852981497
0 0.45585745647755294 0.4836127550799617 0.008927558631147647 0.014825808568654253
0 0.166721564513072 0.4898003833903066 0.013179114626073485 0.017030379519648163
0 0.49344234580581214 0.4826205603055727 0.008757779974629187 0.010659141901987586
0 0.41935667848009006 0.4835935925920991 0.008927558631147647 0.014825808568654253
0 0.07692600785909066 0.4924021079439395 0.013179114626073485 0.017030379519648163
0 0.20843067584386823 0.48997109290024476 0.013179114626073485 0.017030379519648163
0 0.1134267858565536 0.4924212704318021 0.013179114626073515 0.017030379519648163
0 0.25643223183879404 0.489281992170007 0.013179114626073485 0.017030379519648163
0 0.5873621244623306 0.48118174003626696 0.013179114626073367 0.017030379519648163
0 0.4766907898108863 0.4842189431682641 0.008927558631147647 0.014825808568654253
0 0.277308009836257 0.4888465135916428 0.013348893282591945 0.021197046186314832
0 0.12688356319496108 0.49489862602253204 0.013348893282591886 0.021197046186314832
0 0.45989678915183085 0.48685899269762223 0.008927558631147647 0.014825808568654253
0 0.00987733921525765 0.49983730606137183 0.013179114626073511 0.017030379519648163
0 0.39089212116705324 0.49110857200622426 0.013179114626073603 0.017030379519648163
0 0.5172309004826271 0.4874843432737872 0.013179114626073485 0.017030379519648163
0 0.4053905651721274 0.49361623700136925 0.013179114626073603 0.017030379519648163
0 0.22905178585655359 0.4957856143218805 0.013179114626073485 0.017030379519648163
0 0.7039863464648676 0.48561805999742713 0.017345781292740035 0.017151617137308624
0 0.30813356319496105 0.5001724623907631 0.013179114626073485 0.017030379519648163
0 0.18079556187685017 0.5027247150521182 0.013348893282591886 0.021197046186314832
0 0.29867367386670185 0.5019830110843603 0.013179114626073603 0.017030379519648163
0 0.4448041198489424 0.49893466103581047 0.013179114626073485 0.017030379519648163
0 0.017828670571424635 0.5094547812966929 0.013179114626073508 0.017030379519648163
0 0.5679754545003866 0.4962611707567948 0.019683782610851117 0.023462235946138794
0 0.14520911655366514 0.5058608619686709 0.013348893282591886 0.021197046186314832
0 0.48647078651560904 0.5001470372124153 0.008927558631147647 0.014825808568654253
0 0.1001203372380913 0.5118492242454874 0.013179114626073515 0.017030379519648163
0 0.28491978387938727 0.506797322160297 0.013009335969555143 0.012863712852981497
0 0.32246222854351686 0.5068467940525747 0.013179114626073485 0.017030379519648163
0 0.22333411655366514 0.5081340672998049 0.013009335969555143 0.012863712852981497
0 0.48000856319496105 0.5051735141192579 0.013179114626073485 0.017030379519648163
0 0.5280101191898869 0.5044844133890202 0.013348893282591827 0.021197046186314832
0 0.07290966991236919 0.5141861797306942 0.013179114626073515 0.017030379519648163
0 0.2628750052228689 0.5103274913342462 0.013179114626073544 0.017030379519648163
0 0.027990669253313734 0.516007875340844 0.013179114626073515 0.017030379519648163
0 0.1668294485688876 0.5127473594613884 0.013179114626073485 0.017030379519648163
0 0.33587656121779474 0.5103658163099712 0.013009335969555143 0.012863712852981497
0 0.21057944856888758 0.5140203544468235 0.008757779974629306 0.010659141901987586
0 0.27841511589460965 0.5128654657338063 0.013179114626073485 0.017030379519648163
0 0.44017056187685016 0.5102717567514834 0.008757779974629306 0.010659141901987586
0 0.411960672548591 0.5115367361656085 0.013179114626073485 0.017030379519648163
0 0.03719589059679536 0.5204473266472468 0.013179114626073515 0.017030379519648163
0 0.5057955618768502 0.5121812492296359 0.013179114626073485 0.017030379519648163
0 0.39829167188953557 0.5142677139082118 0.013179114626073603 0.017030379519648163
0 0.5788820072000352 0.5101362408720277 0.013179114626073367 0.017030379519648163
0 0.19053311391744332 0.5196944757629361 0.013348893282591886 0.021197046186314832
0 0.5611736738667019 0.5096209809969707 0.013179114626073367 0.017030379519648163
0 0.4472924498869985 0.5146505892490559 0.008757779974629187 0.010659141901987586
0 0.47025156121779477 0.5142757294795219 0.026103561267369457 0.02781075903929621
0 0.00561955662919394 0.525757735110378 0.01123911325838788 0.017030379519648163
0 0.4263742272254059 0.5161277344940868 0.008927558631147647 0.014825808568654253
0 0.23419822458918413 0.5230508040817046 0.013179114626073485 0.017030379519648163
0 0.11206855660440658 0.5257546037651354 0.013179114626073515 0.017030379519648163
0 0.3156180032457025 0.5212482709594173 0.013179114626073485 0.017030379519648163
0 0.15594589059679537 0.5239025987505705 0.013179114626073485 0.017030379519648163
0 0.3009073359199804 0.5239489392976057 0.013179114626073603 0.017030379519648163
0 0.6266713398743131 0.5146554734751233 0.019683782610851117 0.023462235946138794
0 0.5138742272254059 0.518673724464957 0.013179114626073485 0.017030379519648163
0 0.14123522327107324 0.5266032670887588 0.013179114626073485 0.017030379519648045
0 0.04922899929136982 0.5322693728335615 0.004336445323185038 0.004287904284327245
0 0.08577222195296234 0.5312468686547575 0.013179114626073515 0.017030379519648163
0 0.023187332624703152 0.5315116377231834 0.013179114626073515 0.017030379519648163
0 0.3363240025866471 0.5249794590477197 0.013179114626073603 0.017030379519648163
0 0.13268966661709194 0.5315691251867711 0.013179114626073515 0.017030379519648163
0 0.1900662226120178 0.5311528090962695 0.008927558631147647 0.014825808568654253
0 0.5283302265663505 0.5222230561267687 0.013179114626073485 0.017030379519648163
0 0.39361566925331376 0.5266464762905514 0.013179114626073603 0.017030379519648163
0 0.6022885598996839 0.5243750238402423 0.013348893282591708 0.021197046186314832
0 0.17431388861962901 0.5338231680300427 0.013009335969555143 0.012863712852981497
0 0.3517792239301286 0.5296007667806132 0.013348893282591945 0.021197046186314832
0 0.577161225907295 0.5267725981342793 0.013179114626073367 0.017030379519648045
0 0.5521187812431655 0.527086839094983 0.013179114626073603 0.017030379519648163
0 0.6805408938920725 0.5235232291713763 0.019683782610851117 0.023462235946138794
0 0.15014333196564772 0.5383343850618283 0.013179114626073485 0.017030379519648163
0 0.5655755585815729 0.529564194685713 0.013179114626073603 0.017030379519648163
0 0.22735399929136982 0.5374522809885472 0.013179114626073485 0.017030379519648163
0 0.06247355330912933 0.5399550617576249 0.013179114626073515 0.017030379519648163
0 0.1886849986323144 0.5394558330251876 0.013179114626073485 0.017030379519648163
0 0.20118499863231437 0.5398195458781692 0.013179114626073485 0.017030379519648163
0 0.003154221318694258 0.5443864974927176 0.006308442637388516 0.017030379519648163
0 0.5112391132583879 0.5321547723227933 0.008927558631147647 0.014825808568654253
0 0.5926164472507767 0.5313939058671727 0.013179114626073367 0.017030379519648045
0 0.3210615546272403 0.5412217940525748 0.013348893282591945 0.021197046186314832
0 0.5256526679352028 0.5367457706512717 0.013009335969555143 0.012863712852981497
0 0.42960711128122153 0.539165638778414 0.013179114626073485 0.017030379519648163
0 0.41498133328375864 0.539782973783269 0.008927558631147647 0.014825808568654253
0 0.153927996655148 0.5478306226794888 0.013179114626073485 0.017030379519648163
0 0.30214177597072184 0.5448428914397693 0.013348893282591945 0.021197046186314593
0 0.40122744329644394 0.5445972848592057 0.013179114626073485 0.017030379519647927
0 0.9440401158946098 0.5322331751550685 0.039452454549961165 0.04900780522561092
0 0.19559466332181466 0.5490429988560935 0.013179114626073485 0.017030379519648163
0 0.16946810732688883 0.5503685970790488 0.013179114626073485 0.017030379519648163
0 0.2445105519910184 0.5515092075302709 0.013179114626073485 0.017030379519647927
0 0.2863045526500739 0.5495965837068757 0.013348893282591945 0.021197046186314593
0 0.039961883347185416 0.5549435642649072 0.013179114626073515 0.017030379519648163
0 0.0013794979980462862 0.5567955692794722 0.0027589959960925723 0.021197046186314593
0 0.5002706659580365 0.5453933449453089 0.013179114626073485 0.017030379519647927
0 0.20688321799862966 0.5535430689713265 0.013179114626073485 0.017030379519648163
0 0.02112699401892622 0.5564813283187685 0.013348893282591886 0.021197046186314593
0 0.22775899599609256 0.5531075903929623 0.013179114626073485 0.017030379519648163
0 0.5690631106221661 0.5463520989700401 0.013179114626073367 0.017030379519648163
0 0.26421732932942593 0.5541684195474915 0.013179114626073485 0.017030379519648163
0 0.5314782212939069 0.5473442937444291 0.008757779974629306 0.010659141901987586
0 0.4594334426373885 0.5494196115064525 0.008927558631147766 0.014825808568654253
0 0.41555610864499976 0.5512716165210174 0.008757779974629306 0.010659141901987823
0 0.011497326034148658 0.5624585436790324 0.013179114626073508 0.017030379519647927
0 0.1157913266932041 0.5623644841205444 0.013179114626073515 0.017030379519648163
0 0.6074774432964439 0.5505985469333995 0.013348893282591708 0.021197046186314593
0 0.4415128859834072 0.5541126849647287 0.013179114626073485 0.017030379519647927
0 0.08124654803668573 0.5655309404415121 0.013179114626073485 0.017030379519648163
0 0.15120799335987076 0.5633950038706584 0.013179114626073485 0.017030379519647927
0 0.06041321470335239 0.5649247523532097 0.013179114626073515 0.017030379519648163
0 0.5258454413192777 0.5576094133890201 0.013179114626073603 0.017030379519648163
0 0.16570643736494492 0.5659026688658035 0.013179114626073485 0.017030379519647927
0 0.1395798813700191 0.5672282670887587 0.013179114626073485 0.017030379519647927
0 0.5770144419783331 0.5559695742053611 0.013009335969555025 0.012863712852981261
0 0.4944681073268889 0.5598251312565665 0.013348893282591945 0.021197046186314593
0 0.2376238820290745 0.5669523511037802 0.013348893282591886 0.021197046186314832
0 0.42233843934211124 0.5639837823519233 0.013348893282591945 0.021197046186314832
0 0.18849577003922277 0.5696944757629362 0.013179114626073485 0.017030379519648163
0 0.04748876806205646 0.5749777061668948 0.013348893282591886 0.021197046186314593
0 0.9608995559453511 0.5535817683634588 0.03779356785792392 0.0593638530834473
0 0.5432991066678333 0.5643746732640772 0.013009335969555025 0.012863712852981497
0 0.1330327687211119 0.5743380773289348 0.013179114626073485 0.017030379519648163
0 0.00614216235801888 0.57689032999029 0.01228432471603776 0.017030379519647927
0 0.5735074400011667 0.5652536459921157 0.013179114626073367 0.017030379519648163
0 0.4586694386830558 0.5681696115064524 0.008927558631147647 0.014825808568654253
0 0.21640854671857485 0.5757211630154778 0.013179114626073485 0.017030379519648163
0 0.025359100077278887 0.5805912086741772 0.013179114626073508 0.017030379519647927
0 0.3343715480366857 0.5728961257143864 0.013179114626073603 0.017030379519648163
0 0.2716168800519082 0.5773275614494792 0.013179114626073485 0.017030379519648163
0 0.32382754737763025 0.5757180316702352 0.013179114626073485 0.017030379519648163
0 0.06798254408235303 0.5839172275885306 0.013348893282591886 0.021197046186314593
0 0.0815666554131493 0.5832695831792606 0.013009335969555143 0.012863712852981261
0 0.5063738820290745 0.5747721774428813 0.013179114626073485 0.017030379519648163
0 0.4437465480366857 0.5760786131779742 0.019683782610851117 0.023462235946138794
0 0.20473799006459353 0.5805960929002448 0.013179114626073485 0.017030379519648163
0 0.2557796567312602 0.5820812537165857 0.013179114626073485 0.017030379519648163
0 0.3486577687211119 0.5806121240428648 0.013179114626073603 0.017030379519648163
0 0.30482287939285274 0.581422462390763 0.013348893282591945 0.021197046186314593
0 0.23273565607220476 0.584539446819453 0.013179114626073485 0.017030379519647927
0 0.17948332207981596 0.5861186671942819 0.013179114626073485 0.017030379519648163
0 0.13039765475409384 0.5878191251867712 0.013179114626073544 0.017030379519648163
0 0.11056354342329759 0.5882849131695506 0.013179114626073515 0.017030379519648163
0 0.03114220877185335 0.5922313984340015 0.013179114626073515 0.017030379519647927
0 0.4111577687211119 0.582430688307772 0.013179114626073603 0.017030379519648163
0 0.19506587741568637 0.5876149749271754 0.013179114626073485 0.017030379519648163
0 0.01130809744105709 0.5926971864167807 0.013179114626073508 0.017030379519648163
0 0.36719554540046395 0.5863660266556702 0.013179114626073485 0.017030379519647927
0 0.4590744353877786 0.5838249209108676 0.008927558631147766 0.014825808568654253
0 0.0455982081127979 0.595780730095813 0.013179114626073515 0.017030379519647927
0 0.1520604314334459 0.5936639560128221 0.013179114626073485 0.017030379519648163
0 0.10089143077439043 0.5953037951964811 0.013179114626073485 0.017030379519648163
0 0.3556098780747418 0.589157623207104 0.013348893282591945 0.021197046186314832
0 0.05697165211787204 0.5981974668777127 0.013348893282591886 0.021197046186314593
0 0.5955752133852416 0.5867537862225817 0.013348893282591945 0.021197046186314593
0 0.08201409678200164 0.597883225917009 0.013348893282591886 0.021197046186314593
0 0.5234879900645936 0.5898707706512717 0.013179114626073485 0.017030379519647927
0 0.6592017693801674 0.5865193265585708 0.013348893282591945 0.021197046186314593
0 0.5328629900645935 0.5901435552910077 0.013179114626073485 0.017030379519647927
0 0.25726876476677923 0.5967252058587493 0.013179114626073485 0.017030379519648163
0 0.2948536540950384 0.5957330110843603 0.013179114626073485 0.017030379519647927
0 0.31577187675663093 0.5942558658393293 0.013179114626073603 0.017030379519647927
0 0.5776971013953898 0.5904051930141914 0.013179114626073367 0.017030379519648163
0 0.27597632010264955 0.5983124418048881 0.013179114626073603 0.017030379519648163
0 0.19967998545120538 0.6023498552825843 0.013179114626073485 0.017030379519648163
0 0.636030434728723 0.5921025196614381 0.013179114626073367 0.017030379519648163
0 0.5044833220798159 0.5955752013717995 0.013179114626073485 0.017030379519648163
0 0.5692364340696677 0.5932877177788705 0.013348893282591708 0.021197046186314593
0 0.33630809744105705 0.6021537205942984 0.013348893282591945 0.021197046186314593
0 0.42089532076170505 0.5994004490185899 0.008927558631147647 0.014825808568654253
0 0.24759665211787205 0.6037440878856799 0.013179114626073485 0.017030379519647927
0 0.06388131680737236 0.6077846327086186 0.013179114626073499 0.017030379519648163
0 0.13696776213055742 0.6057396243510104 0.013179114626073485 0.017030379519648163
0 0.17963365079976115 0.6080239765986969 0.013179114626073485 0.017030379519647927
0 0.2642208741204091 0.6052707050229884 0.013348893282591886 0.021197046186314593
0 0.44889298676931627 0.6033438029377982 0.008927558631147647 0.014825808568654253
0 0.15138131680737235 0.6103306226794888 0.013179114626073485 0.017030379519648163
0 0.5459802100899641 0.600954244215071 0.013179114626073367 0.017030379519648163
0 0.12008887214324276 0.6104630072137017 0.013348893282591886 0.021197046186314832
0 0.223298761471502 0.6113803049174654 0.013179114626073485 0.017030379519648163
0 0.10837587082513186 0.6163796037651355 0.013348893282591886 0.021197046186314832
0 0.2002547608124465 0.6138384980203326 0.013179114626073485 0.017030379519647927
0 0.5801854314334458 0.6061211212274368 0.013348893282591708 0.021197046186314593
0 0.4371375407870758 0.6103020661558985 0.008927558631147647 0.014825808568654253
0 0.642770320761705 0.6058563521590107 0.013348893282591708 0.021197046186314593
0 0.33584120613563156 0.6136120539276317 0.013179114626073485 0.017030379519647927
0 0.42034354012802033 0.6129421156852566 0.008927558631147647 0.014825808568654253
0 0.3775503174664278 0.6137827634375699 0.008757779974629306 0.010659141901987823
0 0.17287431483020602 0.6203421201722062 0.013179114626073485 0.017030379519648163
0 0.0705363135120951 0.6236217985395245 0.013009335969555143 0.012863712852981261
0 0.3628396501407057 0.6164834317757583 0.013179114626073603 0.017030379519648163
0 0.14045531417115056 0.6225275286353376 0.008927558631147647 0.014825808568654253
0 0.31158576015339107 0.6202066042927507 0.013179114626073603 0.017030379519648163
0 0.3001274268200577 0.6198732008441843 0.013348893282591945 0.021197046186314832
0 0.54538598479215 0.6155375775484043 0.013009335969555025 0.012863712852981497
0 0.5171336507997611 0.6178442236291962 0.013179114626073485 0.017030379519647927
0 0.024405867529854623 0.6295798514119257 0.01968378261085107 0.023462235946138794
0 0.08599153485557673 0.6282431062724179 0.013179114626073515 0.017030379519647927
0 0.008611088873336245 0.6332918770123658 0.013348893282591886 0.021197046186314593
0 0.3415818701660764 0.6262939103541225 0.013348893282591945 0.021197046186314832
0 0.35720687016607644 0.6267485514203492 0.013179114626073485 0.017030379519648163
0 0.26537042484289136 0.6282479904984853 0.013348893282591886 0.021197046186314832
0 0.3760417594943356 0.625210787366488 0.013009335969555143 0.012863712852981261
0 0.32374620284035427 0.6289036504790654 0.013348893282591945 0.021197046186314593
0 0.6055055388099094 0.624587189671148 0.013348893282591945 0.021197046186314593
0 0.5428782048175207 0.6258936254062407 0.013179114626073603 0.017030379519647927
0 0.05219131021681787 0.6387315386644674 0.01968378261085107 0.023462235946138794
0 0.0027854891007977165 0.6392690923726295 0.005570978201595433 0.017030379519648163
0 0.17748842286572503 0.6350770005276153 0.013179114626073485 0.017030379519648163
0 0.5083758708251319 0.6280184150605418 0.013179114626073603 0.017030379519648163
0 0.24211420086318794 0.635914516934686 0.013179114626073485 0.017030379519647927
0 0.2588233121939842 0.6353578007386613 0.013179114626073485 0.017030379519648163
0 0.2858642008631879 0.6371875119201211 0.013179114626073485 0.017030379519648163
0 0.08227230955776242 0.6427355113925058 0.013179114626073515 0.017030379519648163
0 0.35478397951970636 0.6350212659448523 0.013179114626073603 0.017030379519647927
0 0.22627697754253998 0.6406682092017927 0.013179114626073485 0.017030379519647927
0 0.6928782048175207 0.6302581796420182 0.019683782610851117 0.023462235946138794
0 0.30236108887333624 0.6418391290574296 0.013348893282591945 0.021197046186314593
0 0.15939808755522533 0.6439367406525581 0.019683782610851058 0.023462235946138794
0 0.10822908689616989 0.6455765798362172 0.013179114626073485 0.017030379519648163
0 0.06951764157298485 0.6486217985395245 0.013009335969555143 0.012863712852981261
0 0.09447519690885527 0.650390890912154 0.013179114626073485 0.017030379519647927
0 0.14030853024218856 0.6517245047064193 0.013179114626073485 0.017030379519648163
0 0.6016165348555766 0.6432462614579026 0.013179114626073367 0.017030379519648163
0 0.2548918635755219 0.6550585391920827 0.017345781292740153 0.017151617137308506
0 0.26435175290378116 0.6532479904984854 0.013009335969555143 0.012863712852981497
0 0.1035530842599481 0.6579553422185568 0.013348893282591886 0.021197046186314832
0 0.03363408360089264 0.6590496121227436 0.01734578129274018 0.017151617137308506
0 0.2205168635755219 0.6540583288463836 0.019683782610851117 0.023462235946138794
0 0.5293595328784104 0.6505299125532594 0.013179114626073603 0.017030379519648163
0 0.4552738655526883 0.6515029448397858 0.013179114626073485 0.017030379519648163
0 0.17755386225741102 0.6590656432653635 0.013179114626073485 0.017030379519647927
0 0.09400830560342972 0.6618492242454873 0.013179114626073515 0.017030379519647927
0 0.597152755540003 0.6504166905069089 0.013179114626073367 0.017030379519648163
0 0.012461192954522558 0.6667767573677745 0.013009335969555133 0.012863712852981261
0 0.6450694222066695 0.6518109231100043 0.013348893282591945 0.021197046186314593
0 0.06246119295452256 0.6682316087797004 0.013179114626073499 0.017030379519648163
0 0.2680939729291518 0.6637858947828125 0.013009335969555143 0.012863712852981497
0 0.5666473095577624 0.6568293844455371 0.013348893282591708 0.021197046186314593
0 0.3463463069215406 0.6629341001139466 0.013179114626073603 0.017030379519648163
0 0.36509630692154066 0.6634796693934187 0.013179114626073603 0.017030379519647927
0 0.10729530428531883 0.6684932465028839 0.013009335969555143 0.012863712852981497
0 0.666689754221892 0.658697420602722 0.013348893282591945 0.021197046186314593
0 0.1948377489494484 0.6699975698070874 0.013179114626073485 0.017030379519648163
0 0.07166641429800417 0.6726710600861031 0.013009335969555143 0.012863712852981497
0 0.1614195262878559 0.6711110021991369 0.013179114626073485 0.017030379519647927
0 0.587353308898707 0.6605605725338395 0.009097337287666107 0.018992475235321157
0 0.6060608642345774 0.6621478084799783 0.013009335969555025 0.012863712852981497
0 0.09454063630054126 0.6743795336499024 0.008927558631147647 0.01482580856865449
0 0.17795885896213376 0.6747209526697787 0.013009335969555143 0.012863712852981261
0 0.10695574697228206 0.6768265798362172 0.013009335969555143 0.012863712852981497
0 0.24050130362626335 0.6754978502680193 0.013179114626073485 0.017030379519647927
0 0.20074819163641167 0.6785127595669115 0.013179114626073485 0.017030379519648163
0 0.14753830230815249 0.6790503132750736 0.013179114626073485 0.017030379519648163
0 0.011824522992578643 0.6824017573677745 0.017345781292740177 0.017151617137308506
0 0.6505978629164665 0.6697011128698286 0.01734578129274027 0.017151617137308506
0 0.23082919097735619 0.6825167322949499 0.019683782610851117 0.023462235946138794
0 0.08048963366431945 0.6864855113925059 0.013348893282591886 0.021197046186314832
0 0.051195633005264 0.6887618480688825 0.01968378261085107 0.023462235946138794
0 0.12219874499511571 0.686656220902444 0.013348893282591886 0.021197046186314832
0 0.11490707832844906 0.6864440550715382 0.013179114626073515 0.017030379519647927
0 0.10653130033098611 0.6872432465028839 0.013179114626073485 0.017030379519648163
0 0.15240707832844905 0.6875351936304825 0.013179114626073485 0.017030379519648163
0 0.034401632346208556 0.6914018975982406 0.01968378261085107 0.023462235946138794
0 0.24507296699765277 0.6912743972900951 0.013348893282591886 0.021197046186314593
0 0.0007251504950207856 0.6976024257059629 0.0014503009900415711 0.033575808568654254
0 0.30040863432337495 0.6897557957240963 0.013348893282591945 0.021197046186314593
0 0.06543940902556059 0.6975195130640276 0.01968378261085107 0.023462235946138794
0 0.2918630776693936 0.6947216538221087 0.013179114626073485 0.017030379519647927
0 0.2677774103436715 0.697149537520561 0.01734578129274027 0.017151617137308506
0 0.5817010789875046 0.6968976682495123 0.0262733399238878 0.03197742570596299
0 0.09938996238426465 0.7089363900763933 0.01734578129274018 0.017151617137308506
0 0.14834829571759797 0.7103609320839038 0.019683782610851058 0.023462235946138794
0 0.0065931485178544365 0.7134395915368688 0.013186297035708873 0.027628902612805463
0 0.2338922963766534 0.7097213032459438 0.019683782610851117 0.023462235946138794
0 0.695157856325912 0.7022847266640937 0.01985356126736946 0.027628902612805463
0 0.553109187682079 0.7075376476636374 0.019683782610851117 0.023462235946138794
0 0.11867229308137617 0.7220122687602806 0.019683782610851058 0.023462235946138794
0 0.5925651870230235 0.7118144050314119 0.028526451913739474 0.03620471118145995
0 0.05800095842993194 0.7265043233042034 0.02210667325722116 0.031856188088302415
0 0.11116840309406155 0.727008436262708 0.019683782610851058 0.023462235946138794
0 0.0787069577708765 0.7302355113925059 0.03260822925214703 0.03424261546578696
0 0.2780048484172466 0.7276912743024605 0.017345781292740153 0.017151617137308506
0 0.03791217911435812 0.7332201112869828 0.019683782610851085 0.023462235946138794
0 0.14012284644008025 0.7330654329196646 0.023850449277517782 0.023583473563799372
0 0.16512284644008027 0.7337928586256275 0.019683782610851117 0.023462235946138794
0 0.7246021857049125 0.7219136993921323 0.022106673257221134 0.031856188088302415
0 0.7130589630433201 0.7236636292768992 0.026103561267369457 0.027810759039296327
0 0.3132941810915245 0.7318467940525747 0.013179114626073603 0.017030379519648163
0 0.2536220684426173 0.7374108246675796 0.02368067062099938 0.019416806897132707
0 0.10224084446291389 0.7413492943607203 0.013348893282591886 0.021197046186314593
0 0.644011850394413 0.728954875252168 0.028526451913739474 0.03620471118145995
0 0.1857439564527656 0.7396073800472632 0.023850449277517782 0.023583473563799372
0 0.5687571824096355 0.7330225981342793 0.017345781292740035 0.017151617137308506
0 0.007954922560984666 0.7469244718922776 0.015909845121969333 0.023401617137308504
0 0.046650509152414206 0.7491178959267191 0.026103561267369457 0.027810759039296327
0 0.21682417779624721 0.7446833288463836 0.017345781292740153 0.017151617137308506
0 0.2991582891270435 0.7460361051285115 0.01734578129274027 0.017151617137308506
0 0.3220325111295806 0.7477445786923108 0.013348893282591945 0.021197046186314832
0 0.032769285172710785 0.7570572070026558 0.023850449277517737 0.023583473563799372
0 0.05889584116763664 0.7557316087797005 0.023680670620999354 0.019416806897132707
0 0.5327038457810248 0.7476170783841652 0.026103561267369457 0.027810759039296327
0 0.2873179538165438 0.7550777016799451 0.013348893282591945 0.021197046186314832
0 0.24860650849335875 0.7581229203832524 0.019683782610851058 0.023462235946138794
0 0.6557478464400802 0.7480685881051495 0.03511600922677616 0.04471990094128391
0 0.23706328583176622 0.7598728502680193 0.019683782610851117 0.023462235946138794
0 0.007572920583818318 0.7657047812966927 0.015145841167636636 0.023340998328478215
0 0.5794090671245065 0.7531476682495123 0.028526451913739474 0.03620471118145995
0 0.21814350717524786 0.7634939476552138 0.019683782610851058 0.023462235946138794
0 0.1835562838545999 0.7677020706428481 0.026103561267369457 0.027810759039296327
0 0.20022295052126657 0.7681870211134902 0.019683782610851117 0.023462235946138794
0 0.30668517384191457 0.7660702470304991 0.01985356126736946 0.027628902612805463
0 0.05479461389265596 0.7795990138997885 0.028526451913739533 0.03620471118145995
0 0.13209017054663724 0.7766335764931739 0.026103561267369457 0.027810759039296327
0 0.14654616988758182 0.7801829081549857 0.017345781292740153 0.017151617137308506
0 0.5410601738419146 0.7728898630239013 0.028526451913739474 0.03620471118145995
0 0.021249057238674658 0.7838374462918378 0.026273339923887827 0.03197742570596299
0 0.3573448385314148 0.7769304078468401 0.022106673257221134 0.031856188088302415
0 0.256006059215841 0.7812820622852399 0.026103561267369457 0.027810759039296327
0 0.03574750124374881 0.7863451112869828 0.028526451913739533 0.036204711181459716
0 0.38955161586982234 0.7799533327170421 0.019683782610851117 0.023462235946138794
0 0.5709289498622111 0.7821021690852732 0.01985356126736946 0.027628902612805463
0 0.16982538859484161 0.7975466911232001 0.022106673257221134 0.031856188088302415
0 0.3722907239053413 0.7940517155797335 0.022276451913739472 0.03602285475496909
0 0.5340461698875818 0.7914580065974106 0.022276451913739472 0.03602285475496909
0 0.5496711698875818 0.7919126476636374 0.028526451913739474 0.03620471118145995
0 0.29082850058469334 0.7968959153686874 0.030355117262295294 0.03001532999029024
0 0.2489496105973787 0.8008918725254159 0.022106673257221134 0.031856188088302415
0 0.13094416461513822 0.804758576493174 0.01985356126736946 0.027628902612805463
0 0.19773816527419366 0.8035733783757417 0.028526451913739533 0.03620471118145995
0 0.016148607961156917 0.8066328753408439 0.026443118580406207 0.03614409237262966
0 0.4179542785821563 0.7995519960406655 0.013348893282591945 0.021197046186314832
0 0.5253308345770821 0.8005905313620896 0.0262733399238878 0.03197742570596299
0 0.5086641679104155 0.8001055808914477 0.028696230570257816 0.04037137784812662
0 0.16415016395608278 0.8088534774344578 0.019683782610851117 0.023462235946138794
0 0.041978051307175614 0.8125989437845554 0.026103561267369457 0.027810759039296327
0 0.7120862805593227 0.7987242480857295 0.03511600922677616 0.044719900941283676
0 0.47924283325897127 0.8055069175678243 0.01985356126736946 0.027628902612805463
0 0.08151893997637935 0.8147923678189967 0.023850449277517723 0.023583473563799372
0 0.1148098286455831 0.8168039354269472 0.036944674575332036 0.03853051975011397
0 0.49374127726404543 0.8080145825629692 0.028526451913739474 0.03620471118145995
0 0.5666154992665824 0.8111779075386943 0.028696230570257816 0.04037137784812662
0 0.40681605262528653 0.8169572353298478 0.01734578129274027 0.017151617137308506
0 0.4158939399763793 0.8245216866362505 0.0262733399238878 0.03197742570596299
0 0.1850064920169725 0.8344899749271754 0.026103561267369457 0.027810759039296327
0 0.33013771599667596 0.8303696488075438 0.03753889987314641 0.0531138530834473
0 0.287174714678565 0.8353769632265239 0.028866009226776394 0.04453804451479305
0 0.30896482535030584 0.8380967940525748 0.028696230570257934 0.04037137784812662
0 0.4861330480118983 0.8411660594698119 0.022276451913739472 0.03602285475496909
0 0.04019537541373265 0.8563489437845554 0.047870677211553865 0.05133361379426541
0 0.4044161567064728 0.8502602592587659 0.028526451913739474 0.03620471118145995
0 0.36049637804995444 0.8531539309399975 0.03753889987314641 0.0531138530834473
0 0.1954885980753252 0.858781711709075 0.035116009226776275 0.044719900941283676
0 0.07123315209308467 0.8624665592503423 0.03719934256010961 0.04478051975011397
0 0.2642385980753252 0.860782132400473 0.035116009226776275 0.044719900941283676
0 0.4144932660601028 0.8588966866362503 0.022276451913739472 0.03602285475496909
0 0.3748250433985102 0.8598282626018091 0.028696230570257934 0.04037137784812638
0 0.13889904076228843 0.8654783372039918 0.03685978524707287 0.03644718641678064
0 0.4351992654010473 0.8626278747245528 0.028866009226776276 0.04453804451479328
0 0.02446603614890027 0.8840496121227436 0.028611341241998725 0.038288044514793285
0 0.21209337014128907 0.8863803049174653 0.03528578788329462 0.048886567607950585
0 0.28171525815143733 0.8925777016799451 0.028696230570257934 0.04037137784812662
0 0.0727028101920305 0.9031824874635875 0.037199342560109636 0.04478051975011397
0 0.15191192152282676 0.9044443355324703 0.03260822925214703 0.03424261546578696
0 0.3591611435253638 0.9115175736777459 0.04838001318110893 0.06383361379426541
0 0.025765915591327716 0.9289322070026558 0.025123789201405573 0.054833473563799376
0 0.10380602626306852 0.933288745667123 0.05029356785792395 0.059727565936429035
0 0.1735552482656056 0.9363611424296029 0.04854979183762739 0.06800028046093208
0 0.6554843628916791 0.9336974206027219 0.043619121216628066 0.0491290428432715
0 0.04262535564206916 0.950280800211046 0.039452454549961345 0.04900780522561092
0 0.14058446697286542 0.9520882175594009 0.03685978524707287 0.03644718641678064
0 0.0657772403569402 0.9688449359989003 0.05679823584270151 0.062310128002199386
0 0.12073090570549597 0.9759890634291464 0.04378889987314641 0.04802187314170728
0 0.214268682384848 0.9825613199611603 0.04336445323185044 0.0348773600776795
0 0.029766348392459216 0.9831706393947052 0.02019311858040621 0.0336587212105897
0 0.18584656973594083 0.9893983455616 0.049020227934036126 0.02120330887680003
0 0.06536151645159888 0.18753832497572512 0.004336445323185038 0.0042879042843271264
0 0.007942515792543426 0.18899630773289347 0.004336445323185043 0.0042879042843271264
0 0.05485996045667301 0.18931856426490726 0.004336445323185038 0.0042879042843271264
0 0.09027662712333968 0.19034908401502135 0.008757779974629277 0.010659141901987586
0 0.189447183777321 0.1880201441011245 0.008757779974629306 0.010659141901987645
0 0.0014095358937346412 0.1918485230931574 0.0028190717874692823 0.010659141901987645
0 0.11640318311826554 0.18902348579206601 0.008757779974629277 0.010659141901987586
0 0.07764929313095091 0.1931103711620399 0.008757779974629277 0.010659141901987645
0 0.01402273713602505 0.19334483082605086 0.013009335969555133 0.012863712852981438
0 0.15390318311826554 0.1901146243510104 0.013009335969555143 0.012863712852981497
0 0.022356070469358384 0.19358730606137184 0.013179114626073508 0.017030379519648104
0 0.04323184846682131 0.19315182748300758 0.008757779974629277 0.010659141901987586
0 0.030604514474432524 0.19591311463002611 0.008757779974629277 0.010659141901987645
0 0.12560840446174718 0.1934629370984688 0.008757779974629277 0.010659141901987645
0 0.1464841824592101 0.19302745852010453 0.004336445323185009 0.0042879042843271264
0 0.035812847807765856 0.19606466165210173 0.004336445323185038 0.0042879042843271264
0 0.007645403143636266 0.19628797439956014 0.008757779974629277 0.010659141901987645
0 0.1599834044617472 0.19446314744416776 0.008757779974629306 0.010659141901987586
0 0.09939695913856213 0.19687186865475742 0.013009335969555143 0.012863712852981438
0 0.09314695913856212 0.1966900122282667 0.013179114626073515 0.017030379519648104
0 0.22365240512080262 0.19318702111349015 0.013009335969555143 0.012863712852981497
0 0.14219018180015464 0.19603122090244404 0.013179114626073485 0.017030379519648104
0 0.2109826264642842 0.19698997492717535 0.013179114626073485 0.017030379519648104
0 0.11914618114109919 0.1984894140053114 0.013179114626073515 0.017030379519648104
0 0.08681206981030293 0.19859148913510932 0.013179114626073485 0.017030379519648104
0 0.6054966304186169 0.18969692979609099 0.013179114626073367 0.017030379519648104
0 0.3581122944490618 0.19501360094970738 0.013009335969555143 0.012863712852981438
0 0.1931894038026917 0.19855804838545163 0.013179114626073485 0.017030379519648104
0 0.24639929313095088 0.19802049467728947 0.004336445323185009 0.0042879042843271264
0 0.16081284780776586 0.19970179018191622 0.008757779974629306 0.010659141901987645
0 0.13264540314363626 0.19992510292937465 0.013179114626073515 0.017030379519648163
0 0.3204425157925434 0.1980891290574297 0.008757779974629187 0.010659141901987645
0 0.007263401166469919 0.20566297439956013 0.013009335969555133 0.012863712852981438
0 0.5907859630928949 0.19239759813427929 0.013009335969555025 0.012863712852981497
0 0.3047750711284138 0.19867615465786956 0.013009335969555025 0.012863712852981438
0 0.23589773713602505 0.1998007339664716 0.008757779974629306 0.010659141901987645
0 0.5636601850954318 0.19265122028615286 0.008757779974629424 0.010659141901987586
0 0.4968661844363764 0.19383641840358512 0.008757779974629306 0.010659141901987645
0 0.48532296177478396 0.1955863482883521 0.013009335969555143 0.012863712852981438
0 0.6011177404313024 0.19478402551176383 0.008757779974629424 0.010659141901987586
0 0.47065473911319144 0.19724534995987375 0.004336445323185009 0.0042879042843271264
0 0.17310062448711788 0.20527383636823102 0.013179114626073485 0.017030379519648104
0 0.1449331798229883 0.20549714911568942 0.013009335969555143 0.012863712852981438
0 0.35269173779508045 0.20007038726096513 0.004336445323185009 0.0042879042843271264
0 0.06351340116646992 0.20729968223797665 0.013179114626073515 0.017030379519648163
0 0.6679117410903577 0.19359882739433157 0.008927558631147766 0.014825808568654312
0 0.6199101850954318 0.19428792812456935 0.004336445323185009 0.0042879042843271264
0 0.3370242931309509 0.20065741286140498 0.013179114626073603 0.017030379519648104
0 0.01967851183821073 0.2081100205858749 0.01300933596955513 0.012863712852981438
0 0.6324526297595614 0.19360997431088414 0.004336445323185009 0.0042879042843271264
0 0.5197404064389135 0.19554489196738442 0.008927558631147647 0.014825808568654312
0 0.6950799637519502 0.19230353857579138 0.008927558631147766 0.014825808568654312
0 0.1073482904947291 0.20648934389007842 0.013009335969555143 0.012863712852981438
0 0.5101956277823951 0.199438773994315 0.008927558631147647 0.014825808568654253
0 0.7095784077570244 0.19481120357093643 0.008927558631147766 0.014825808568654312
0 0.2064339578204512 0.20624373730951487 0.013179114626073485 0.017030379519648163
0 0.6490344070979691 0.19617825811485942 0.008757779974629424 0.010659141901987586
0 0.704370074423691 0.1946596565488608 0.008757779974629424 0.010659141901987645
0 0.40373340446174716 0.20155554807730602 0.008757779974629187 0.010659141901987586
0 0.6866617410903577 0.19414439667380373 0.008927558631147766 0.014825808568654253
0 0.5342388504439877 0.19805255696252946 0.008757779974629187 0.010659141901987645
0 0.4277341824592101 0.20121099771218715 0.01075622397970335 0.008636427377484542
0 0.04776106717408113 0.20997004117174983 0.013179114626073515 0.017030379519648163
0 0.5645320731055802 0.1968481963572346 0.004336445323185009 0.0042879042843271264
0 0.7847481864135427 0.19282681402215843 0.008757779974629424 0.010659141901987645
0 0.6542002957671726 0.19737147180360168 0.008757779974629187 0.010659141901987586
0 0.5717388504439876 0.1991436955214738 0.013009335969555025 0.012863712852981438
0 0.7669125190878208 0.1954365541471014 0.013179114626073367 0.017030379519648104
0 0.6760752957671727 0.1980079692963192 0.008757779974629187 0.010659141901987586
0 0.5539456277823952 0.2007117689797501 0.013009335969555025 0.012863712852981438
0 0.5403615164515988 0.20135941338902016 0.013009335969555025 0.012863712852981438
0 0.09363684517154407 0.2102619882993485 0.013179114626073515 0.017030379519648104
0 0.02888373318169235 0.21254947189227769 0.01300933596955513 0.012863712852981438
0 0.6166154064389135 0.19836366657799065 0.008757779974629187 0.010659141901987586
0 0.38798107046935837 0.2042259070110792 0.013009335969555143 0.012863712852981497
0 0.4903190717874693 0.20094622864376105 0.008757779974629306 0.010659141901987586
0 0.20009906849219206 0.20814521421635748 0.013009335969555143 0.012863712852981438
0 0.6854078511030431 0.19932242060272198 0.004336445323185009 0.0042879042843271264
0 0.34406129181284 0.20711957869231082 0.013009335969555025 0.012863712852981438
0 0.18222095650234033 0.2117966210079671 0.013009335969555143 0.012863712852981438
0 0.4369818484668213 0.20460878235192323 0.013009335969555143 0.012863712852981438
0 0.5872789611157285 0.20168166992103395 0.013009335969555025 0.012863712852981438
0 0.17076262316900698 0.21146321755940078 0.013009335969555143 0.012863712852981438
0 0.07367539984835902 0.21385277628212787 0.013179114626073485 0.017030379519648163
0 0.6581547391131914 0.2027010427545955 0.004336445323185009 0.0042879042843271264
0 0.2625141791639328 0.21204711181459807 0.008757779974629306 0.010659141901987645
0 0.0840071771867665 0.2162392036596124 0.013009335969555143 0.012863712852981497
0 0.7604927404313024 0.19942136438727734 0.008927558631147766 0.014825808568654253
0 0.41597873647696965 0.20816926093028748 0.008757779974629187 0.010659141901987645
0 0.6320706277823952 0.20298497431088414 0.008757779974629424 0.010659141901987586
0 0.3564764024845808 0.20956662487862557 0.008927558631147647 0.014825808568654253
0 0.22080506783313655 0.2118764023046599 0.013009335969555143 0.012863712852981438
0 0.6382781831182655 0.20420849740404154 0.008757779974629424 0.010659141901987586
0 0.23330506783313656 0.21224011515764135 0.013009335969555143 0.012863712852981497
0 0.6518198497849321 0.2046025196614381 0.013009335969555025 0.012863712852981438
0 0.24467851183821074 0.21465685193954098 0.013009335969555143 0.012863712852981497
0 0.014003287199451857 0.21941680689713264 0.013009335969555133 0.012863712852981438
0 0.43468629181284 0.2097564968764263 0.008927558631147766 0.014825808568654253
0 0.5713144038026917 0.20956036218814048 0.008757779974629187 0.010659141901987645
0 0.6684016271233396 0.20717080346541336 0.013179114626073367 0.017030379519648104
0 0.508687069810303 0.2108667979232332 0.008927558631147647 0.014825808568654312
0 0.25709362250995155 0.2171038981258558 0.013179114626073485 0.017030379519648104
0 0.05671162053278519 0.2206594924781526 0.013009335969555143 0.012863712852981497
0 0.4951029584795067 0.21151444233250333 0.008757779974629187 0.010659141901987586
0 0.12975562119184064 0.21965615078721107 0.013179114626073515 0.017030379519648104
0 0.06816995386611852 0.22099289592671892 0.013179114626073515 0.017030379519648163
0 0.3301800678331366 0.21505888976824758 0.008757779974629187 0.010659141901987645
0 0.028501731204526003 0.22192447189227768 0.008757779974629277 0.010659141901987645
0 0.002898643929253654 0.22211747523532097 0.005797287858507308 0.012863712852981497
0 0.36247173449980324 0.2159984813051163 0.013179114626073603 0.017030379519648104
0 0.5201029584795067 0.2122418680384662 0.008927558631147766 0.014825808568654253
0 0.18708973252263691 0.22028150136337604 0.008757779974629306 0.010659141901987645
0 0.4856006244871179 0.21436665769276725 0.013009335969555143 0.012863712852981438
0 0.11717073186358146 0.22137577126756294 0.013179114626073515 0.017030379519648104
0 0.019956174550544697 0.22689032999029007 0.01300933596955513 0.012863712852981497
0 0.596187069810303 0.21341278789410337 0.013179114626073367 0.017030379519648163
0 0.03979028588134096 0.22642454200751067 0.008757779974629277 0.010659141901987645
0 0.3163837331816924 0.22091486751085102 0.008757779974629187 0.010659141901987645
0 0.3122595111791553 0.21975196322652385 0.013009335969555025 0.012863712852981497
0 0.5407665131563216 0.21701472279343528 0.004336445323185009 0.0042879042843271264
0 0.1691691758686556 0.2249745748216523 0.008757779974629306 0.010659141901987586
0 0.17329339787119266 0.22613747910597945 0.013179114626073485 0.017030379519648104
0 0.16187750920198893 0.22476240899074645 0.013179114626073485 0.017030379519648104
0 0.17950095320706308 0.22736100219913685 0.013009335969555143 0.012863712852981497
0 0.6847287364769696 0.21598908726938862 0.013348893282591945 0.021197046186314773
0 0.6941037364769697 0.21626187190912471 0.008757779974629424 0.010659141901987645
0 0.08033039655308176 0.22968994211303373 0.013009335969555143 0.012863712852981438
0 0.389300399848359 0.22303652581990946 0.013009335969555143 0.012863712852981438
0 0.6523521804820438 0.2171328290658532 0.013009335969555025 0.012863712852981497
0 0.3433821771867665 0.22378624535897748 0.013179114626073485 0.017030379519648104
0 0.18887595320706307 0.22763378683887295 0.013009335969555143 0.012863712852981438
0 0.20029184187626684 0.22900885695410592 0.004336445323185009 0.0042879042843271264
0 0.5551800678331366 0.22160572112191365 0.013179114626073367 0.017030379519648104
0 0.41638373318169236 0.2238245703347026 0.008757779974629187 0.010659141901987645
0 0.045785617896563394 0.2328563984340014 0.013179114626073515 0.017030379519648163
0 0.5708475124972663 0.2210186955214738 0.008757779974629424 0.010659141901987645
0 0.40488295518422945 0.2245328335528029 0.004336445323185009 0.0042879042843271264
0 0.06249472922735965 0.23229968223797665 0.01300933596955513 0.012863712852981497
0 0.06861739523497087 0.2356065386644674 0.013009335969555143 0.012863712852981438
0 0.002059475614948363 0.23673111797306942 0.004118951229896726 0.010659141901987645
0 0.698100624487118 0.22054977619345187 0.008927558631147766 0.014825808568654312
0 0.37450484319437766 0.22782052749143109 0.013179114626073603 0.017030379519648104
0 0.6709748464896549 0.2208033983453254 0.008757779974629424 0.010659141901987645
0 0.5081352891766182 0.22440846458989988 0.008927558631147647 0.014825808568654312
0 0.48517617784582195 0.2247833243594339 0.01075622397970335 0.008636427377484542
0 0.43392228785850734 0.2285064968764263 0.008757779974629306 0.010659141901987586
0 0.20216295188895217 0.23427780909626952 0.013009335969555143 0.012863712852981438
0 0.23974784121721135 0.23328561432188052 0.008757779974629306 0.010659141901987645
0 0.617637623169007 0.22446595205348757 0.008927558631147766 0.014825808568654312
0 0.03928094991178583 0.23892454200751068 0.01300933596955513 0.012863712852981438
0 0.2626220632197484 0.23499408788567985 0.008757779974629306 0.010659141901987645
0 0.5288412885175627 0.2281396526782023 0.008757779974629306 0.010659141901987645
0 0.19166139589402634 0.23605804838545164 0.013009335969555143 0.012863712852981438
0 0.6320087331816924 0.2300986170486326 0.008927558631147766 0.014825808568654253
0 0.6236753998483591 0.22985614181331163 0.013009335969555025 0.012863712852981438
0 0.5360480658559702 0.2304351518424415 0.008927558631147766 0.014825808568654253
0 0.07669606058352664 0.24209901389978836 0.013179114626073515 0.017030379519648104
0 0.6362178445124885 0.2291781879996264 0.008927558631147766 0.014825808568654253
0 0.44625250920198894 0.23303687639607443 0.008757779974629306 0.010659141901987586
0 0.028694504588600782 0.24278811463002611 0.01300933596955513 0.012863712852981438
0 0.5192965098610444 0.23203353470513288 0.008927558631147647 0.014825808568654253
0 0.017193726591137857 0.24349637784812647 0.013179114626073508 0.017030379519648104
0 0.25407650656576714 0.2399599459836922 0.008927558631147647 0.014825808568654253
0 0.7050527338407477 0.22909527535769103 0.008927558631147766 0.014825808568654312
0 0.5881738438534332 0.23090895539653084 0.013348893282591708 0.021197046186314773
0 0.05369450458860078 0.24351554033598904 0.01300933596955513 0.012863712852981438
0 0.36058117455054467 0.2368015052340345 0.008927558631147647 0.014825808568654253
0 0.22386817323243377 0.23908097325565372 0.013179114626073485 0.017030379519648104
0 0.00777628192700826 0.24426525987505704 0.013179114626073511 0.017030379519648163
0 0.3950410638788039 0.23571838224640018 0.008757779974629187 0.010659141901987645
0 0.4326259532070631 0.23472618747201118 0.008757779974629306 0.010659141901987645
0 0.4785441758686556 0.2339764679329432 0.013179114626073485 0.017030379519648104
0 0.3187447292273597 0.2397557957240964 0.013009335969555143 0.012863712852981438
0 0.15486350524765624 0.24333055256425576 0.013009335969555143 0.012863712852981438
0 0.5734631765277111 0.23360962373471914 0.013179114626073367 0.017030379519648163
0 0.6517155105200999 0.2327578290658532 0.013009335969555025 0.012863712852981497
0 0.5483782871994518 0.2349655313620896 0.008927558631147766 0.014825808568654312
0 0.3353265065657671 0.24232407952807164 0.013179114626073603 0.017030379519648104
0 0.450164507883878 0.23940811401373494 0.013009335969555143 0.012863712852981497
0 0.5023751752096002 0.23779858423449093 0.008757779974629187 0.010659141901987645
0 0.34891061789656336 0.24167643511880155 0.008757779974629187 0.010659141901987586
0 0.17982106058352662 0.24509964493688532 0.013179114626073485 0.017030379519648163
0 0.6996321771867665 0.23415206166894878 0.008927558631147766 0.014825808568654312
0 0.5627918418762669 0.23955652969056793 0.013179114626073367 0.017030379519648163
0 0.5127493972121372 0.2391433449453088 0.008757779974629187 0.010659141901987645
0 0.03564661394223069 0.2513336137942653 0.013179114626073515 0.017030379519648163
0 0.5419160638788038 0.23999200826893222 0.008757779974629424 0.010659141901987645
0 0.39995228456323 0.24316159593514244 0.008757779974629187 0.010659141901987645
0 0.020021613942230693 0.2508789727280385 0.013009335969555136 0.012863712852981438
0 0.664088176527711 0.23624654191883465 0.008757779974629424 0.010659141901987586
0 0.39261817323243375 0.24399109677090328 0.008757779974629187 0.010659141901987586
0 0.048146613942230694 0.25169732664724676 0.013179114626073515 0.017030379519648104
0 0.770550399848359 0.23412976783584363 0.008927558631147766 0.014825808568654253
0 0.6806699538661185 0.23881482572280993 0.008757779974629424 0.010659141901987645
0 0.3226142832451192 0.24716870000842353 0.013009335969555143 0.012863712852981497
0 0.6702532871994519 0.23851173167865874 0.008757779974629424 0.010659141901987645
0 0.4885788405581559 0.2436545619770944 0.008927558631147647 0.014825808568654253
0 0.5230811745505447 0.24152977232279335 0.013009335969555143 0.012863712852981438
0 0.5344970632197484 0.24290484243802635 0.008757779974629424 0.010659141901987586
0 0.06481328060889736 0.2521822771178887 0.013179114626073515 0.017030379519648104
0 0.3769082839041746 0.2456197890380098 0.013179114626073485 0.017030379519648104
0 0.43732495057084125 0.2473777344940868 0.013179114626073485 0.017030379519648104
0 0.41857495057084126 0.24683216521461465 0.013179114626073485 0.017030379519648163
0 0.19306561460128613 0.25278533386094854 0.013009335969555143 0.012863712852981438
0 0.14923072527302697 0.2535956722088468 0.013179114626073485 0.017030379519648104
0 0.7087949538661185 0.2396331796420182 0.008757779974629424 0.010659141901987645
0 0.6899600645378593 0.24117094369587935 0.013009335969555025 0.012863712852981497
0 0.2139838372628787 0.25130818861591764 0.008757779974629306 0.010659141901987645
0 0.19935805926541572 0.2519255236207726 0.008757779974629306 0.010659141901987586
0 0.8277571771867666 0.23788011841200862 0.008927558631147766 0.014825808568654253
0 0.2378572812679528 0.25408863825079875 0.010756223979703468 0.008636427377484542
0 0.4016960605835267 0.251555548077306 0.004336445323185009 0.0042879042843271264
0 0.10835105728824938 0.25866360543665706 0.013179114626073515 0.017030379519648163
0 0.25448150327048985 0.25561525538810737 0.013009335969555143 0.012863712852981438
0 0.6188296185556188 0.24640157086231781 0.013179114626073367 0.017030379519648104
0 0.476865839240045 0.24957115852852804 0.013179114626073485 0.017030379519648163
0 0.7127069525480076 0.24600441725967867 0.008757779974629424 0.010659141901987645
0 0.2669390586063603 0.25702063490775545 0.013179114626073485 0.017030379519648104
0 0.14060027929078647 0.2606448636401925 0.013179114626073485 0.017030379519648104
0 0.6750796185556188 0.24803827870073433 0.008927558631147766 0.014825808568654312
0 0.6917462852222854 0.24852322917137626 0.008927558631147766 0.014825808568654312
0 0.15939272395491605 0.26014876625299804 0.013179114626073485 0.017030379519648104
0 0.6354113958940263 0.24896985466629307 0.008927558631147766 0.014825808568654253
0 0.5455309499117857 0.2536549125532594 0.008927558631147766 0.014825808568654253
0 0.5110710605835267 0.2547380355408937 0.013179114626073603 0.017030379519648104
0 0.16659950129332354 0.2624442654172372 0.013179114626073485 0.017030379519648104
0 0.32423072527302693 0.2586876521505871 0.004336445323185009 0.0042879042843271264
0 0.6509515065657671 0.25150782906585323 0.008757779974629424 0.010659141901987586
0 0.08934638930347182 0.2643680361571849 0.013179114626073485 0.017030379519648104
0 0.4202762819270083 0.25626778402344486 0.008927558631147647 0.014825808568654312
0 0.5966999505708412 0.2520150733696003 0.008757779974629187 0.010659141901987645
0 0.4963603932578045 0.257438703879082 0.008757779974629306 0.010659141901987645
0 0.33460494727556406 0.260032412861405 0.013009335969555143 0.012863712852981438
0 0.2427260572882494 0.26257351860620765 0.013009335969555143 0.012863712852981497
0 0.18218205662919396 0.26394057315013064 0.008757779974629306 0.010659141901987645
0 0.4045239479346195 0.25893814295721806 0.008927558631147647 0.014825808568654312
0 0.5631543939168598 0.25625350576164974 0.013179114626073367 0.017030379519648104
0 0.19884872329586062 0.2644255236207726 0.013179114626073485 0.017030379519648163
0 0.6016960605835265 0.25737495372500924 0.013179114626073367 0.017030379519648104
0 0.35431172461397153 0.2626916248786256 0.013179114626073603 0.017030379519648163
0 0.23322372329586064 0.26542573396647157 0.013179114626073485 0.017030379519648163
0 0.5850293939168599 0.2568900032543673 0.013009335969555025 0.012863712852981438
0 0.8271629518889522 0.25246345174534196 0.008927558631147766 0.014825808568654253
0 0.6131968385809896 0.2566666905069089 0.008927558631147766 0.014825808568654312
0 0.21747138930347182 0.2680960929002448 0.013179114626073485 0.017030379519648163
0 0.09846672131869426 0.270890820796921 0.013179114626073515 0.017030379519648163
0 0.45027239193969365 0.2623550900848167 0.013179114626073485 0.017030379519648104
0 0.5149830592654158 0.2611092731585542 0.013009335969555025 0.012863712852981438
0 0.3834359466165086 0.2645819548689156 0.013179114626073603 0.017030379519648163
0 0.17363649997521263 0.26890643124814306 0.013179114626073485 0.017030379519648045
0 0.39806172461397155 0.26396461986406067 0.008927558631147766 0.014825808568654312
0 0.6328187265911379 0.26140923585746284 0.008757779974629424 0.010659141901987586
0 0.057629497998046286 0.2749170873580647 0.013179114626073515 0.017030379519648163
0 0.2768888339676014 0.26878206228524 0.013179114626073603 0.017030379519648163
0 0.2455963893034718 0.26891444681945303 0.013009335969555143 0.012863712852981497
0 0.5712330592654157 0.2627459809969707 0.008927558631147766 0.014825808568654253
0 0.620318726591138 0.2610455230044814 0.008927558631147766 0.014825808568654253
0 0.36976694595745313 0.2673129326115191 0.008927558631147647 0.014825808568654253
0 0.49085494727556406 0.26457882352367307 0.013179114626073485 0.017030379519648104
0 0.43760261328317523 0.2661580438985019 0.013009335969555143 0.012863712852981497
0 0.484604947275564 0.26439696709718236 0.008927558631147647 0.014825808568654253
0 0.019045386667250027 0.2748373060613718 0.01300933596955513 0.012863712852981497
0 0.696402837921934 0.2622164428601185 0.008927558631147766 0.014825808568654312
0 0.19430005465202757 0.2736792860031121 0.013179114626073485 0.017030379519648163
0 0.5345200579473048 0.2679351518424415 0.013179114626073367 0.017030379519648163
0 0.5251026132831753 0.2687040338693721 0.013179114626073603 0.017030379519648163
0 0.6712755039295454 0.2646140171541556 0.008927558631147766 0.014825808568654371
0 0.7129846152603415 0.2647847266640938 0.008927558631147766 0.014825808568654253
0 0.00737483001326872 0.2797122359461388 0.013179114626073511 0.017030379519648163
0 0.4165995012933235 0.2697185224768662 0.004336445323185009 0.0042879042843271264
0 0.44685027929078647 0.26955582853823806 0.008757779974629306 0.010659141901987586
0 0.425932056629194 0.27103297378326896 0.008927558631147647 0.014825808568654253
0 0.6043966139422307 0.26788254860492117 0.013009335969555025 0.012863712852981497
0 0.627355725273027 0.2675076888353872 0.008927558631147766 0.014825808568654253
0 0.5031002792907865 0.2711925363766545 0.013179114626073485 0.017030379519648163
0 0.5104343906215827 0.2703630355408937 0.013179114626073485 0.017030379519648163
0 0.02603994068500953 0.2823411385589444 0.013179114626073515 0.017030379519648163
0 0.46343205662919396 0.2721241123422133 0.008927558631147647 0.014825808568654371
0 0.6836906146012862 0.2670610633404704 0.008757779974629424 0.010659141901987586
0 0.0021673596707639546 0.2856894513064027 0.004334719341527909 0.017030379519648163
0 0.3255500546520276 0.2774982709594173 0.013009335969555143 0.012863712852981497
0 0.06770660735167619 0.2835535147355492 0.013179114626073515 0.017030379519648163
0 0.35896827731362013 0.2763848385673679 0.013179114626073603 0.017030379519648163
0 0.6595625026114343 0.27053061370558934 0.013179114626073367 0.017030379519648163
0 0.5761018352857123 0.27123086135237967 0.013179114626073367 0.017030379519648163
0 0.041495162028491156 0.28696244629183787 0.013009335969555143 0.012863712852981497
0 0.4935130559701385 0.2761280850702518 0.013179114626073485 0.017030379519648163
0 0.7680231699371566 0.27055779176476186 0.008757779974629187 0.010659141901987586
0 0.397382609987898 0.28063128653072733 0.008757779974629306 0.010659141901987586
0 0.2637946086697871 0.2830016827655919 0.013009335969555143 0.012863712852981497
0 0.13433082935421325 0.2865349832847836 0.013179114626073485 0.017030379519648163
0 0.1990414966799354 0.28528916635852103 0.008757779974629306 0.010659141901987586
0 0.7053109466165085 0.27394756083318794 0.008927558631147766 0.014825808568654253
0 0.6458510572882493 0.27430325811485934 0.008757779974629424 0.010659141901987586
0 0.41409172131869426 0.2800745703347026 0.008927558631147647 0.014825808568654253
0 0.10186938403102823 0.28976205841458147 0.013009335969555143 0.012863712852981497
0 0.3837136093288426 0.2833622642733308 0.008927558631147647 0.014825808568654253
0 0.5110516106469535 0.28081001161197544 0.013009335969555025 0.012863712852981497
0 0.5579266106469535 0.2821739348106559 0.008757779974629424 0.010659141901987586
0 0.491132609987898 0.2833591329280882 0.008757779974629306 0.010659141901987586
0 0.14041105069769488 0.290883506377941 0.013179114626073485 0.017030379519648163
0 0.11324282803610237 0.29217879519648116 0.008927558631147647 0.014825808568654253
0 0.28241727467739836 0.286672252045064 0.008927558631147647 0.014825808568654253
0 0.20933082935421327 0.2887172604026722 0.013009335969555143 0.012863712852981497
0 0.14978605069769488 0.2911562910176771 0.013179114626073485 0.017030379519648163
0 0.025445715387195207 0.2969244718922777 0.01300933596955513 0.012863712852981497
0 0.2551641626875466 0.29005087419693765 0.013009335969555143 0.012863712852981497
0 0.349083941344065 0.2886120539276318 0.008757779974629306 0.010659141901987586
0 0.19249438403102825 0.29239897659869707 0.008757779974629306 0.010659141901987586
0 0.6695122779726755 0.2822920410830739 0.008757779974629187 0.010659141901987586
0 0.6120932773136202 0.2837500238402422 0.008757779974629424 0.010659141901987586
0 0.675719833308546 0.2835155641762313 0.008927558631147766 0.014825808568654253
0 0.6183008326494904 0.28497354693339966 0.008757779974629424 0.010659141901987586
0 0.5400484986571018 0.2858253416022656 0.013009335969555025 0.012863712852981497
0 0.17674205003863944 0.2950693355324702 0.008927558631147647 0.014825808568654253
0 0.5953417213186943 0.2853484067029336 0.008757779974629424 0.010659141901987586
0 0.009735826058936022 0.2985531641593842 0.013179114626073508 0.017030379519648163
0 0.6924289446393422 0.2829588479802065 0.008757779974629187 0.010659141901987586
0 0.3302066073516762 0.2911914846481596 0.013009335969555143 0.012863712852981497
0 0.38858238534913914 0.29184714462873973 0.013179114626073603 0.017030379519648163
0 0.698594055311083 0.2852240377400305 0.008757779974629424 0.010659141901987586
0 0.1662404940437136 0.29684957482165236 0.013179114626073485 0.017030379519648163
0 0.5743810539929721 0.2878672186146312 0.013179114626073367 0.017030379519648163
0 0.6380500546520277 0.2865910922839536 0.013179114626073367 0.017030379519648163
0 0.3666649406850096 0.29225231380268885 0.013348893282591945 0.021197046186314832
0 0.5690878313313796 0.2897990049258889 0.008757779974629424 0.010659141901987586
0 0.6066302759955093 0.2898484768181666 0.013179114626073367 0.017030379519648163
0 0.18386393804878773 0.29944816803004265 0.013348893282591886 0.021197046186314832
0 0.5982969426621759 0.2896060015828456 0.013179114626073367 0.017030379519648163
0 0.22769882737704694 0.2986378296821445 0.008927558631147647 0.014825808568654253
0 0.4071626066926208 0.2965593805748785 0.008927558631147647 0.014825808568654253
0 0.00018041302946801126 0.30643185642649073 0.00036082605893602253 0.017030379519648163
0 0.5470430526748612 0.293329174099838 0.008927558631147766 0.014825808568654253
0 0.1879457153871952 0.30165273898103645 0.013348893282591886 0.021197046186314832
0 0.5303763860081946 0.2928442236291961 0.013179114626073603 0.017030379519648163
0 0.27769882737704693 0.3000926810940702 0.013179114626073485 0.017030379519648163
0 0.23382149338465813 0.30194468610863523 0.013179114626073485 0.017030379519648163
0 0.011479602079232602 0.3069471163015478 0.004336445323185045 0.0042879042843271264
0 0.04589704674336219 0.3069056599805801 0.013009335969555143 0.012863712852981497
0 0.7077143873263054 0.2917468223797666 0.008757779974629424 0.010659141901987586
0 0.34757538337197275 0.30004007785655 0.013179114626073485 0.017030379519648163
0 0.1576524927256027 0.30285709958633134 0.013179114626073485 0.017030379519648163
0 0.6524211646647129 0.2922237572790986 0.013179114626073367 0.017030379519648163
0 0.45095505135675035 0.29679070889364695 0.008757779974629306 0.010659141901987586
0 0.4248284953618245 0.2981163071166023 0.008927558631147647 0.014825808568654253
0 0.49153760669262075 0.29901444233250335 0.013179114626073485 0.017030379519648163
0 0.590708163346602 0.2966855024186065 0.004336445323185009 0.004287904284327245
0 0.20036082605893604 0.3040997851673513 0.013179114626073485 0.017030379519648163
0 0.51662249602088 0.29765853470513287 0.013179114626073485 0.017030379519648163
0 0.3360321607103803 0.30179000774131703 0.008757779974629306 0.010659141901987586
0 0.6199597193415279 0.29545083240889647 0.008927558631147766 0.014825808568654253
0 0.46545349536182445 0.299298373888792 0.008757779974629187 0.010659141901987586
0 0.24823504806147312 0.30653568443711354 0.013179114626073485 0.017030379519648163
0 0.5561633846900838 0.2998519587395741 0.013179114626073367 0.017030379519648163
0 0.00814237875858463 0.31206452142163577 0.013009335969555133 0.012863712852981497
0 0.44449282803610235 0.30181718580048955 0.008927558631147647 0.014825808568654253
0 0.39544960537450985 0.3024759771263122 0.008927558631147647 0.014825808568654253
0 0.5812058293542132 0.2995377177788704 0.008927558631147766 0.014825808568654253
0 0.6302914966799354 0.29783725978638104 0.013179114626073367 0.017030379519648163
0 0.366198049379584 0.30371064713602214 0.008757779974629187 0.010659141901987586
0 0.02906060142017715 0.3105873761766048 0.013179114626073508 0.017030379519648163
0 0.3807389380487878 0.3051766454645005 0.013179114626073603 0.017030379519648163
0 0.11556137941764008 0.31206139007639316 0.013179114626073485 0.017030379519648163
0 0.500785272700232 0.3024122269722394 0.013179114626073603 0.017030379519648163
0 0.0015094673767552425 0.3149167367818997 0.003018934753510485 0.010659141901987586
0 0.6134974960208799 0.30047730931573907 0.008927558631147766 0.014825808568654253
0 0.6050792733592874 0.3023181674137515 0.013009335969555025 0.012863712852981497
0 0.14260226808684381 0.31389110125785297 0.013009335969555143 0.012863712852981497
0 0.5402412720411766 0.306688984340014 0.008927558631147766 0.014825808568654253
0 0.23439626874589928 0.3134333288463836 0.008757779974629306 0.010659141901987586
0 0.518323827377047 0.3070941535139632 0.013009335969555143 0.012863712852981497
0 0.28239782474082514 0.31274422811614583 0.013179114626073485 0.017030379519648163
0 0.11122493409445504 0.31610681912539934 0.013009335969555143 0.012863712852981497
0 0.1684741560969921 0.3188155030348977 0.013348893282591886 0.021197046186314832
0 0.1278067114328625 0.3186751029293747 0.013179114626073485 0.017030379519648163
0 0.4232350480614731 0.3116276643788538 0.008927558631147647 0.014825808568654253
0 0.5714488273770469 0.30863993313913424 0.008757779974629187 0.010659141901987586
0 0.03701193277634414 0.32020485141192573 0.013179114626073515 0.017030379519648163
0 0.011927043448084948 0.3215607590392962 0.013179114626073508 0.017030379519648163
0 0.006069633384366459 0.3245039026128055 0.012139266768732919 0.017030379519648163
0 0.3365220467433622 0.3153619838123988 0.008757779974629306 0.010659141901987586
0 0.36352049074843634 0.3182333616605252 0.013179114626073603 0.017030379519648163
0 0.2152642667687329 0.32226275956691147 0.013179114626073485 0.017030379519648163
0 0.18188848877126998 0.32233452529229417 0.013179114626073485 0.017030379519648163
0 0.6276563827129173 0.31131830764421753 0.008757779974629424 0.010659141901987586
0 0.6464063827129174 0.31186387692368966 0.008757779974629424 0.010659141901987586
0 0.6244889380487877 0.3122690460976388 0.008927558631147766 0.014825808568654253
0 0.5618191593922693 0.31461714849939815 0.008927558631147766 0.014825808568654253
0 0.4114796020792326 0.31858592759695414 0.008927558631147647 0.014825808568654253
0 0.3519772680868438 0.3199832915452923 0.013179114626073485 0.017030379519648163
0 0.657822271382121 0.3132389470389227 0.008927558631147766 0.014825808568654253
0 0.3676022680868438 0.3204379326115191 0.008757779974629306 0.010659141901987586
0 0.3926447127509734 0.32012369165081533 0.008927558631147647 0.014825808568654253
0 0.24547260010206623 0.3231417322949499 0.013009335969555143 0.012863712852981497
0 0.5064410474024176 0.31717741673206346 0.013179114626073485 0.017030379519648163
0 0.6766147160462507 0.3127428496517281 0.013179114626073367 0.017030379519648163
0 0.5230652694049547 0.3187040338693721 0.004336445323185009 0.004287904284327245
0 0.06579659746584446 0.3304285147355492 0.013179114626073515 0.017030379519648163
0 0.6139024927256026 0.3161326187201542 0.004336445323185009 0.004287904284327245
0 0.40614393475351046 0.32155938057487854 0.008927558631147647 0.014825808568654253
0 0.725573049379584 0.31416739165923885 0.008757779974629424 0.010659141901987586
0 0.4406038240817697 0.32047625758724424 0.013179114626073603 0.017030379519648163
0 0.19630204344808494 0.32692552362077265 0.013009335969555143 0.012863712852981497
0 0.14517548745315909 0.32752369613776494 0.013179114626073485 0.017030379519648163
0 0.13784137612236283 0.3283531969735259 0.008927558631147647 0.014825808568654253
0 0.007293485475992743 0.3328978547549691 0.013009335969555133 0.012863712852981497
0 0.49789549074843636 0.3221432748300758 0.008757779974629187 0.010659141901987586
0 0.5908160474024177 0.3196324784896883 0.008927558631147766 0.014825808568654253
0 0.4718113794176401 0.3224272063863645 0.013179114626073603 0.017030379519648163
0 0.693111604056399 0.31739446678903677 0.008927558631147766 0.014825808568654253
0 0.5856077140690843 0.3194809314676127 0.013179114626073367 0.017030379519648163
0 0.5750212687458993 0.32334450409012816 0.013009335969555025 0.012863712852981497
0 0.5521046020792326 0.32267769719299544 0.008757779974629424 0.010659141901987586
0 0.4529340454252513 0.3250066371068923 0.013179114626073485 0.017030379519648163
0 0.035333596147733556 0.3357995420075107 0.013179114626073515 0.017030379519648163
0 0.261927043448085 0.32883501609892524 0.013179114626073485 0.017030379519648163
0 0.1888405981248999 0.3308800244565334 0.013179114626073485 0.017030379519648163
0 0.16271404212997406 0.3322056226794887 0.013179114626073485 0.017030379519648163
0 0.6302720467433622 0.32390923585746284 0.013179114626073603 0.017030379519648163
0 0.6668577140690843 0.32184506501199206 0.013179114626073367 0.017030379519648163
0 0.27746715411982575 0.33137299049848534 0.008927558631147647 0.014825808568654253
0 0.5123090454252514 0.32673427315855424 0.008757779974629306 0.010659141901987586
0 0.23675726479156659 0.332274257059629 0.013179114626073485 0.017030379519648163
0 0.7158160474024177 0.32326960701950275 0.008757779974629424 0.010659141901987586
0 0.004709631736727836 0.3400682838039753 0.009419263473455671 0.017030379519648163
0 0.34730126545062207 0.33236205392763174 0.013009335969555025 0.012863712852981497
0 0.6375212687458993 0.3251630683550354 0.013179114626073367 0.017030379519648163
0 0.7021894914074918 0.3249589180954395 0.013009335969555025 0.012863712852981497
0 0.38067704344808495 0.332290288202249 0.008927558631147647 0.014825808568654253
0 0.6467689347535104 0.32856085299477145 0.008757779974629424 0.010659141901987586
0 0.42863615477888123 0.3326428541386779 0.008927558631147647 0.014825808568654253
0 0.6196431567560476 0.32881447514664497 0.008757779974629424 0.010659141901987586
0 0.24383670813758526 0.33769475622386813 0.013179114626073485 0.017030379519648163
0 0.053871372827085574 0.34155344462031617 0.013179114626073515 0.017030379519648163
0 0.501637710773807 0.33268117911440304 0.013009335969555143 0.012863712852981497
0 0.14562292882201142 0.34213733887551345 0.013179114626073485 0.017030379519648163
0 0.4055497094556962 0.3361427139082119 0.008927558631147647 0.014825808568654253
0 0.22500181880932607 0.3392325202777293 0.013179114626073485 0.017030379519648163
0 0.6028491560969921 0.331454524676003 0.013179114626073367 0.017030379519648163
0 0.5308468221046033 0.3324881757713597 0.013179114626073603 0.017030379519648163
0 0.44526037678141833 0.3341694712759865 0.008757779974629187 0.010659141901987586
0 0.2145002628144002 0.34101275956691146 0.013009335969555143 0.012863712852981497
0 0.47238615477888124 0.3339158491241129 0.013179114626073485 0.017030379519648163
0 0.41496715411982577 0.3353738318812812 0.013179114626073485 0.017030379519648163
0 0.29062681880932606 0.3411420127558819 0.013179114626073485 0.017030379519648163
0 0.5714718221046035 0.3336702425435494 0.008927558631147766 0.014825808568654253
0 0.5558043774404737 0.3342572681439892 0.013179114626073603 0.017030379519648163
0 0.38667237546330735 0.33872214462873973 0.013179114626073603 0.017030379519648163
0 0.208165373486141 0.342914236473754 0.013179114626073485 0.017030379519648163
0 0.11628648349882639 0.3454553422185568 0.013179114626073515 0.017030379519648163
0 0.5453877107738071 0.333954174099838 0.009097337287666107 0.01899247523532092
0 0.7217689347535104 0.3307431301126601 0.013179114626073367 0.017030379519648163
0 0.2562093741451965 0.3411834690768496 0.013179114626073485 0.017030379519648163
0 0.42412993079917777 0.3408549498543508 0.008927558631147766 0.014825808568654253
0 0.48263304278902946 0.33838560983493077 0.013179114626073485 0.017030379519648163
0 0.37300337480425194 0.34145312237134307 0.013179114626073485 0.017030379519648163
0 0.352127596806789 0.34188860094970736 0.008757779974629306 0.010659141901987586
0 0.004476186084015067 0.34944328380397527 0.008952372168030133 0.012863712852981497
0 0.7664757120919179 0.3341297678358437 0.013179114626073367 0.017030379519648163
0 0.0419885928524563 0.3516367078384165 0.013179114626073515 0.017030379519648163
0 0.10036437084991924 0.35229236781899664 0.013348893282591886 0.021197046186314832
0 0.4657117081375853 0.34415065936428896 0.013179114626073485 0.017030379519648163
0 0.5085473754633073 0.3422683449453088 0.013179114626073603 0.017030379519648163
0 0.6525944881122145 0.3391593760879289 0.013179114626073367 0.017030379519648163
0 0.27878648349882634 0.35018360930731557 0.013179114626073603 0.017030379519648163
0 0.24432659417056718 0.3512667322949499 0.013179114626073485 0.017030379519648163
0 0.6587595987839554 0.3414245658477528 0.008757779974629424 0.010659141901987586
0 0.45208515214265943 0.34583997044022563 0.013179114626073485 0.017030379519648163
0 0.4291260408118632 0.3462148302097597 0.013009335969555143 0.012863712852981497
0 0.13157192618578964 0.3542433166181169 0.013348893282591886 0.021197046186314832
0 0.6169231534607704 0.3443788563378147 0.013179114626073367 0.017030379519648163
0 0.1576135928524563 0.35500105172849494 0.013179114626073485 0.017030379519648163
0 0.4780419294810669 0.348681038883937 0.013009335969555143 0.012863712852981497
0 0.5354609301401223 0.3472230561267686 0.013179114626073603 0.017030379519648163
0 0.002244296426228153 0.3586970461863148 0.004488592852456306 0.017030379519648163
0 0.5260010408118632 0.3490336048203659 0.013179114626073485 0.017030379519648163
0 0.35270237216803013 0.3533772436874558 0.013179114626073603 0.017030379519648163
0 0.7045080427890296 0.34484151297535154 0.008757779974629424 0.010659141901987586
0 0.38403726149628936 0.3522031924865761 0.008927558631147647 0.014825808568654253
0 0.19298781485499336 0.3570732381452757 0.013179114626073485 0.017030379519648163
0 0.7305921541198257 0.3445575814190629 0.008927558631147766 0.014825808568654253
0 0.29215837150897467 0.3547442982313788 0.013179114626073485 0.017030379519648163
0 0.6918382641325113 0.34864446678903677 0.013009335969555025 0.012863712852981497
0 0.40478570550136345 0.35489271390821187 0.009097337287666107 0.01899247523532092
0 0.26490525951912297 0.35812292038325233 0.013179114626073544 0.017030379519648163
0 0.5875018188093261 0.34978019301419133 0.013179114626073603 0.017030379519648163
0 0.22736281485499338 0.3580734484909746 0.013179114626073485 0.017030379519648163
0 0.3693265941705672 0.35490386082476444 0.013179114626073485 0.017030379519648163
0 0.5592070401528076 0.3531285057616497 0.008927558631147766 0.014825808568654253
0 0.2554453701908638 0.3599334690768496 0.013179114626073485 0.017030379519648163
0 0.6123320401528076 0.3546742853868209 0.013179114626073367 0.017030379519648163
0 0.43907581617310426 0.3579762575872442 0.013009335969555143 0.012863712852981497
0 0.21777559153434542 0.3630089971845719 0.013009335969555143 0.012863712852981497
0 0.7428374861350482 0.3511712942720443 0.013179114626073367 0.017030379519648163
0 0.6050403734861409 0.3544621195559151 0.013179114626073367 0.017030379519648163
0 0.5256614834988264 0.35736693815369924 0.013348893282591945 0.021197046186314832
0 0.7093343741451965 0.35436805999742715 0.008757779974629187 0.010659141901987586
0 0.08826936755464199 0.3675839643704303 0.013179114626073515 0.017030379519648163
0 0.4849091495064376 0.35930987138150955 0.008927558631147647 0.014825808568654253
0 0.4724091495064376 0.358946158528528 0.013179114626073485 0.017030379519648163
0 0.6957078181502706 0.3560573710733639 0.008757779974629424 0.010659141901987586
0 0.45348937084991925 0.3625672559157226 0.013179114626073603 0.017030379519648163
0 0.20610503488036408 0.36788392706933887 0.008927558631147647 0.014825808568654253
0 0.5818265941705673 0.3610869793254491 0.013179114626073367 0.017030379519648163
0 0.6214948168321598 0.36015540335989027 0.013179114626073367 0.017030379519648163
0 0.005050961445256196 0.3745039026128055 0.010101922890512392 0.017030379519648163
0 0.6808698168321599 0.3618830394115522 0.013009335969555025 0.012863712852981497