0 0.7202350310312158 0.6266464895203778 0.019016659558666524 0.02389931252822374
0 0.7899297305856401 0.6386374491161734 0.014849992891999857 0.02368094678121082
0 0.5899418514746704 0.6271142265928985 0.01269393422448483 0.017321763907704717
0 0.5254070016974582 0.6195628908475354 0.012645450668363622 0.01315509724103805
0 0.5961554888075795 0.6305667752134175 0.012645450668363386 0.01315509724103805
0 0.5180789723637006 0.6223057507902633 0.008454542223636233 0.010853398160692033
0 0.6533986719181251 0.6377359709015084 0.008503025779757442 0.0150200648273587
0 0.5451259430299431 0.6268501281458456 0.008454542223636233 0.010853398160692033
0 0.6918918550286705 0.6439225207280422 0.01269393422448483 0.017321763907704717
0 0.6221123092510342 0.6392232277989134 0.01269393422448483 0.017321763907704717
0 0.49718503458521585 0.6264222553885332 0.008503025779757442 0.0150200648273587
0 0.6668554923615795 0.6457373262459662 0.014849992891999857 0.02368094678121106
0 0.5564994301400643 0.6347423006167972 0.01269393422448483 0.017321763907704717
0 0.6428850381392159 0.6455233898673102 0.01269393422448483 0.017321763907704717
0 0.6833403456927918 0.662235789234017 0.01269393422448483 0.017321763907704717
0 0.8270054994695798 0.6770610741726208 0.01269393422448483 0.017321763907704717
0 0.027138829248912977 0.6236765174128546 0.02318332622533319 0.024117678275236424
0 0.24879565324636765 0.6540544934412793 0.02531514311478773 0.028393527815409433
0 0.42572141502230715 0.6768767043559846 0.018968176002545314 0.019732645861557076
0 0.07379565324636764 0.6448831320667471 0.02531514311478773 0.028393527815409433
0 0.15499716969024646 0.6533079308001608 0.03168635200509069 0.03913774310259489
0 0.462082781243398 0.6871207379756787 0.019016659558666524 0.02389931252822374
0 0.23409111102273134 0.6637068799934016 0.03168635200509069 0.03913774310259489
0 0.006853125291759489 0.6411709143675317 0.013706250583518978 0.05734182873506342
0 0.5432236932421255 0.7007538700424258 0.019016659558666524 0.02389931252822374
0 0.3943623270210344 0.6846139612533894 0.012645450668363622 0.01315509724103805
0 0.31937444791006475 0.6796417111404947 0.03384241067260589 0.045496925976101464
0 0.48594414746448905 0.6967096743543348 0.008503025779757442 0.0150200648273587
0 0.471372935020186 0.6949037275731239 0.014849992891999857 0.02368094678121106
0 0.40474263102061026 0.6882848756209211 0.014849992891999857 0.02368094678121082
0 0.08719186924467073 0.6580928207445382 0.03163786844896948 0.03497107643592822
0 0.35786763102061026 0.6858282609670285 0.019016659558666524 0.023899312528223506
0 0.3349630852429738 0.6835855826917923 0.01269393422448483 0.017321763907704717
0 0.10906686924467074 0.6592392409163549 0.03597422756206032 0.04977277551627424
0 0.42446157235309506 0.6955721129192314 0.02531514311478773 0.028393527815409433
0 0.5316926345746104 0.7064033642381411 0.01269393422448483 0.017321763907704717
0 0.6003820301294589 0.7152147323971835 0.02318332622533319 0.024117678275236188
0 0.3869615723530951 0.6936068211961174 0.021148476448121064 0.02817516206839675
0 0.9564138541269135 0.7526350037667668 0.023304535115636328 0.034534344941902856
0 0.8887418834606711 0.7459615603778109 0.018968176002545314 0.019732645861557076
0 0.5170608176851558 0.7098057507902633 0.027519685338423965 0.0389193773555822
0 0.274497935020186 0.6845859460267751 0.03163786844896954 0.03497107643592822
0 0.7533737003501256 0.7346980069332324 0.02318332622533319 0.024117678275236424
0 0.49208505946321635 0.7064122229748538 0.021148476448121064 0.02817516206839675
0 0.6908858212391559 0.7303808540613758 0.014849992891999857 0.02368094678121106
0 0.8616221874602469 0.7476671830222285 0.04656058667515121 0.06490202321713952
0 0.13185020613200416 0.6718985858582578 0.0422727111181815 0.05426699080346017
0 0.8428843083492771 0.7456428704940048 0.014849992891999857 0.02368094678121106
0 0.06729111457673141 0.6664305834462281 0.027568168894545202 0.04308604402224887
0 0.7054449127944286 0.7332284675092533 0.027446960004242273 0.0326693773555822
0 0.6158737003501256 0.7274919372818142 0.02531514311478773 0.028393527815409433
0 0.7918183999045498 0.745051223426433 0.03786362667090894 0.033215291723114146
0 0.050588085242973854 0.6686821204581773 0.03597422756206032 0.04977277551627424
0 0.02868884346491326 0.6696190336196942 0.027568168894545195 0.04308604402224911
0 0.18897218035224667 0.6894844482130154 0.0358772604498179 0.041439442182940905
0 0.6386933999045499 0.7370262822237172 0.019016659558666524 0.02389931252822374
0 0.5345873376830347 0.7263588052150671 0.018968176002545314 0.019732645861556836
0 0.6012176416826105 0.7329776571672698 0.02950605155951488 0.030695226895755448
0 0.2232502132400043 0.6996192989592032 0.042199985783999715 0.04801699080346016
0 0.5459608247931559 0.7342509776860187 0.019016659558666524 0.02389931252822374
0 0.2773199127944286 0.7107913870037014 0.03168635200509063 0.03913774310259489
0 0.9571282567897621 0.7808145952035199 0.015092410672605657 0.044514280114544155
0 0.6260479492361862 0.7488711849826792 0.02119696000424227 0.032341828735063416
0 0.33039642923830737 0.7177422169447797 0.04651210311903 0.060735356550472845
0 0.8415153776787925 0.7737132790572516 0.027519685338423965 0.038919377355582443
0 0.1481774879058225 0.7019387155129752 0.042199985783999715 0.04801699080346016
0 0.5479350701252166 0.743735160559525 0.019016659558666524 0.02389931252822374
0 0.4573464327923074 0.7358607055619993 0.042345436452363334 0.060516990803460166
0 0.5291729492361863 0.7437941813646347 0.02318332622533319 0.024117678275236188
0 0.48128052434758023 0.7391996419406556 0.027446960004242273 0.0326693773555822
0 0.4198343119032772 0.7349370805055521 0.05920603734351471 0.07805712045817732
0 0.24077673323788318 0.7161723533840072 0.03384241067260577 0.045496925976101464
0 0.6811350736792167 0.7621811977972638 0.027519685338423965 0.038919377355582443
0 0.641575982123944 0.7580233898673101 0.014849992891999857 0.02368094678121106
0 0.3551418905686712 0.7409274114268556 0.03597422756206032 0.04977277551627424
0 0.18126840345854991 0.7245189748224099 0.036022711118181464 0.0539394421829409
0 0.5206093190112774 0.763149116537276 0.031637868448969424 0.03497107643592822
0 0.6601078061213985 0.7777560357288671 0.03800907733927232 0.04571529172311415
0 0.26549795279018634 0.7414408811994164 0.05075149511987836 0.06720372229748553
0 0.6037729598981865 0.7820997648108627 0.061192403564605514 0.06983296999835034
0 0.7442646301188531 0.8009279421058737 0.0887363306810902 0.11083568068726611
0 0.8014956923403685 0.8091388044606312 0.06141057956715106 0.08858296999835033
0 0.20706765234461066 0.7467170940745724 0.05707422045406017 0.07378127091800432
0 0.5214328096753987 0.7819537079740291 0.023086359113090774 0.015784344941902853
0 0.1403646230108531 0.7463482421223697 0.05075149511987836 0.06720372229748553
0 0.573394934118429 0.7950999464783542 0.03190452800763595 0.05788774310259489
0 0.89920630389352 0.8319787328487624 0.10579086579672653 0.14504247700865017
0 0.8407881243369746 0.8362132790572516 0.06141057956715106 0.08858296999835033
0 0.5179926665606109 0.808873266997103 0.03800907733927232 0.04571529172311415
0 0.3761684283365504 0.8149904982653388 0.06971967112242368 0.08693636815904236
0 0.1886199447804292 0.8093307063164353 0.06339694578824198 0.08035881953852358
0 0.6303093936452787 0.9914910432678131 0.10472422756206043 0.017017913464373653