0 0.41675492886927873 0.4945459070731816 0.019817360904219327 0.02368067062099944
0 0.29061335732276977 0.5464718221046033 0.028829923903873813 0.038603561267369454
0 0.5400369046066587 0.4593715480366857 0.010804797904564603 0.008757779974629187
0 0.5103850738926197 0.470976665298981 0.015650694237552543 0.02351089196448098
0 0.3346544557511931 0.5384391462111604 0.02209475985650151 0.027932226615925277
0 0.22997693079960152 0.5759745012933235 0.02209475985650151 0.02793222661592504
0 0.5513496887257804 0.4620296567312601 0.022094759856501393 0.027932226615925277
0 0.4497971637741887 0.4994376778210346 0.02209475985650151 0.027932226615925277
0 0.3472029721559304 0.5368881435749385 0.02209475985650151 0.027932226615925277
0 0.3895488684889184 0.5206070236764214 0.024372158808783812 0.032183782610851114
0 0.5861613363684154 0.4512539828149836 0.02209475985650163 0.027932226615925277
0 0.5341978580117412 0.47312543802400037 0.013276262475795875 0.01717600263622181
0 0.4801995627264709 0.49404011589460967 0.02902398952282278 0.04277022793403613
0 0.43581884946488686 0.5093644584547193 0.028635858284924966 0.03443689460070279
0 0.4927965955359454 0.4914474465917212 0.01565069423755266 0.02351089196448098
0 0.31612134353732674 0.5568690388346967 0.015650694237552543 0.023510891964481098
0 0.25374119851398586 0.5791649406850096 0.020011426523168178 0.027847337287666106
0 0.36997408960838535 0.5390793609640875 0.02209475985650151 0.027932226615925277
0 0.2705534143948643 0.575360826058936 0.03319065618948957 0.04294000659055446
0 0.5252338114168238 0.4870066620037038 0.01565069423755266 0.02351089196448098
0 0.5122486473694514 0.4979326646399256 0.024372158808783812 0.032183782610851114
0 0.2435899360381901 0.5962136093288425 0.028635858284924966 0.03443689460070279
0 0.5448314124645416 0.4903668800519082 0.02001142652316806 0.027847337287666106
0 0.5372971637741887 0.49587232603414866 0.013276262475795875 0.01717600263622181
0 0.5636299288692788 0.4885612094309088 0.028635858284925084 0.03443689460070279
0 0.2281818238243237 0.6145161679599902 0.028635858284924966 0.03443689460070279
0 0.19426629363414352 0.6283743972121373 0.024372158808783812 0.032183782610851114
0 0.42791929170382076 0.5450357931061636 0.03319065618948945 0.04294000659055446
0 0.34332453184731926 0.5755146995698645 0.037745454094054054 0.05144311858040614
0 0.37074748001381325 0.5671194716358283 0.024372158808783812 0.032183782610851114
0 0.4571829911799619 0.5417640091772016 0.035759153570195205 0.0534415625854803
0 0.21267667880098287 0.6349020599244711 0.028829923903873934 0.038603561267369454
0 0.5207731742513658 0.5381332179986297 0.03319065618948945 0.04294000659055446
0 0.5713553711082128 0.5235958741204091 0.03924659057054072 0.03902800790866531
0 0.15186900882605034 0.6904039611157285 0.04884135042704211 0.06645089855503557
0 0.3346487116104573 0.6278527008879754 0.039343623380014965 0.04111134124199888
0 0.24654082051605788 0.6667922746773983 0.05984021395055557 0.07937534519633142
0 0.6189067287041662 0.5518093082396515 0.03149545409405429 0.051188450595628626
0 0.1372828034223491 0.7357049637519502 0.06381281499827332 0.07537845718618333
0 0.6869061604659229 0.5428004050712278 0.05092468376037544 0.06653578788329474
0 0.6042006683238057 0.5773610888733363 0.05131281499827338 0.07486912121662807
0 0.6580048979901271 0.5606130776693935 0.04002285304633659 0.05569467457533221
0 0.3364865908497366 0.6776829222314569 0.06134135042704211 0.06696023452459059
0 0.7565037615136405 0.5441232792412117 0.0482591535701952 0.05395089855503556
0 0.06646942018583253 0.8051305335870406 0.06885277695021029 0.09429823584270167
0 0.4710556564686855 0.6680408938920726 0.04191212076072072 0.051612897236924485
0 0.34433188806532955 0.7324668089234943 0.05271691866528532 0.060370677211553904
0 0.17906645299530702 0.798463176527711 0.07461761290283793 0.08413623716081228
0 0.24013665509074242 0.8042922746773983 0.059840213950555624 0.07937534519633142
0 0.6365836236592111 0.6633755256288005 0.06211761290283799 0.08362690119125725
0 0.7739409465153673 0.6161910526252865 0.07539387537863386 0.10080290382747895
0 0.28279647201933855 0.8035937101147517 0.06134135042704211 0.06696023452459059
0 0.8475111486108027 0.6215108148054187 0.08571350923582581 0.0991440171354417
0 0.3367690730670562 0.8055532542466792 0.07234021395055569 0.07988468116588668
0 0.15127532368773183 0.8817310704693584 0.06856167852178684 0.08804823584270144
0 0.7177337187793688 0.706854952498433 0.07539387537863386 0.10080290382747895
0 0.5234699884240758 0.7927473260341487 0.10901830714039042 0.10841113307962616
0 0.30471424428334 0.8910742601781785 0.08532537799792811 0.09081068380210837
0 0.9284900002791959 0.6909894636775882 0.08091900137794307 0.13013934915066397
0 0.8519374753276044 0.7273788128282523 0.07539387537863386 0.10080290382747895
0 0.2606217573798114 0.9448553800766955 0.0727283451884535 0.08821801449922001