0 0.4239583333333333 0.12916666666666668 0.01875 0.014583333333333334
0 0.3854166666666667 0.13125 0.022916666666666665 0.014583333333333334
0 0.2947916666666667 0.13541666666666666 0.014583333333333334 0.01875
0 0.3020833333333333 0.13541666666666666 0.014583333333333334 0.014583333333333334
0 0.4125 0.13541666666666666 0.009375 0.009375
0 0.39479166666666665 0.13854166666666667 0.014583333333333334 0.014583333333333334
0 0.30833333333333335 0.14895833333333333 0.01875 0.01875
0 0.26979166666666665 0.15208333333333332 0.014583333333333334 0.01875
0 0.3572916666666667 0.153125 0.014583333333333334 0.01875
0 0.32916666666666666 0.15833333333333333 0.01875 0.01875
0 0.39479166666666665 0.16354166666666667 0.014583333333333334 0.022916666666666665
0 0.2677083333333333 0.17291666666666666 0.01875 0.028125
0 0.31666666666666665 0.17708333333333334 0.01875 0.022916666666666665
0 0.41770833333333335 0.175 0.022916666666666665 0.022916666666666665
0 0.48333333333333334 0.1875 0.01875 0.01875
0 0.3927083333333333 0.203125 0.01875 0.022916666666666665
0 0.35104166666666664 0.20833333333333334 0.022916666666666665 0.028125
0 0.60625 0.209375 0.028125 0.0375
0 0.6833333333333333 0.2125 0.022916666666666665 0.022916666666666665
0 0.5552083333333333 0.21666666666666667 0.01875 0.03333333333333333
0 0.20833333333333334 0.22708333333333333 0.01875 0.022916666666666665
0 0.5322916666666667 0.22083333333333333 0.01875 0.01875
0 0.6395833333333333 0.21979166666666666 0.03333333333333333 0.046875
0 0.0625 0.23229166666666667 0.03333333333333333 0.046875
0 0.45625 0.22708333333333333 0.022916666666666665 0.0375
0 0.5020833333333333 0.22916666666666666 0.01875 0.03333333333333333
0 0.5895833333333333 0.22916666666666666 0.01875 0.022916666666666665
0 0.33958333333333335 0.234375 0.022916666666666665 0.03333333333333333
0 0.4354166666666667 0.234375 0.022916666666666665 0.03333333333333333
0 0.48125 0.23333333333333334 0.022916666666666665 0.0375
0 0.26458333333333334 0.23958333333333334 0.022916666666666665 0.03333333333333333
0 0.70625 0.23229166666666667 0.022916666666666665 0.0375
0 0.384375 0.240625 0.022916666666666665 0.022916666666666665
0 0.5791666666666667 0.23958333333333334 0.028125 0.041666666666666664
0 0.3104166666666667 0.24583333333333332 0.025 0.046875
0 0.8083333333333333 0.2375 0.0375 0.06041666666666667
0 0.2864583333333333 0.24895833333333334 0.022916666666666665 0.041666666666666664
0 0.553125 0.24895833333333334 0.01875 0.03333333333333333
0 0.22708333333333333 0.25729166666666664 0.041666666666666664 0.05625
0 0.6791666666666667 0.25833333333333336 0.03333333333333333 0.05625
0 0.128125 0.2677083333333333 0.03333333333333333 0.0375
0 0.475 0.2625 0.022916666666666665 0.0375
0 0.5447916666666667 0.265625 0.029166666666666667 0.06041666666666667
0 0.2604166666666667 0.2791666666666667 0.022916666666666665 0.0375
0 0.3541666666666667 0.28020833333333334 0.03333333333333333 0.046875
0 0.6375 0.2760416666666667 0.025 0.046875
0 0.1625 0.28541666666666665 0.041666666666666664 0.046875
0 0.05416666666666667 0.28958333333333336 0.041666666666666664 0.052083333333333336
0 0.45 0.2833333333333333 0.0375 0.052083333333333336
0 0.140625 0.3020833333333333 0.022916666666666665 0.041666666666666664
0 0.2875 0.3 0.041666666666666664 0.052083333333333336
0 0.59375 0.30625 0.052083333333333336 0.07083333333333333
0 0.49166666666666664 0.3145833333333333 0.0375 0.052083333333333336
0 0.9645833333333333 0.31666666666666665 0.052083333333333336 0.065625
0 0.7260416666666667 0.3229166666666667 0.0375 0.05625
0 0.8666666666666667 0.3229166666666667 0.041666666666666664 0.052083333333333336
0 0.7677083333333333 0.3333333333333333 0.05625 0.08958333333333333
0 0.3416666666666667 0.3572916666666667 0.06041666666666667 0.075
0 0.9302083333333333 0.35104166666666664 0.052083333333333336 0.07916666666666666
0 0.46979166666666666 0.3614583333333333 0.058333333333333334 0.103125
0 0.8333333333333334 0.3645833333333333 0.06041666666666667 0.065625
0 0.66875 0.37395833333333334 0.03333333333333333 0.07083333333333333
0 0.73125 0.37604166666666666 0.041666666666666664 0.05625
0 0.041666666666666664 0.39166666666666666 0.06041666666666667 0.07916666666666666
0 0.6 0.39479166666666665 0.06666666666666667 0.09791666666666667
0 0.5145833333333333 0.3958333333333333 0.052083333333333336 0.07083333333333333
0 0.109375 0.41458333333333336 0.06041666666666667 0.08958333333333333
0 0.17916666666666667 0.4125 0.05625 0.07916666666666666
0 0.4270833333333333 0.41041666666666665 0.0375 0.046875
0 0.2916666666666667 0.4270833333333333 0.046875 0.07083333333333333
0 0.03125 0.4427083333333333 0.029166666666666667 0.046875
0 0.8635416666666667 0.475 0.08125 0.13541666666666666
0 0.9583333333333334 0.7020833333333333 0.08333333333333333 0.275