0 0.7854166666666667 0.11875 0.016666666666666666 0.03333333333333333
0 0.8 0.11666666666666667 0.022916666666666665 0.04791666666666667
0 0.7791666666666667 0.121875 0.016666666666666666 0.03333333333333333
0 0.771875 0.13854166666666667 0.021875 0.034375
0 0.6020833333333333 0.20729166666666668 0.016666666666666666 0.0375
0 0.6645833333333333 0.21041666666666667 0.021875 0.034375
0 0.59375 0.21979166666666666 0.0125 0.025
0 0.6333333333333333 0.215625 0.016666666666666666 0.025
0 0.5854166666666667 0.22604166666666667 0.0125 0.03333333333333333
0 0.8458333333333333 0.203125 0.021875 0.03958333333333333
0 0.571875 0.23645833333333333 0.021875 0.03958333333333333
0 0.8083333333333333 0.21458333333333332 0.021875 0.034375
0 0.7947916666666667 0.22083333333333333 0.021875 0.034375
0 0.9114583333333334 0.2125 0.021875 0.03958333333333333
0 0.8791666666666667 0.215625 0.016666666666666666 0.03333333333333333
0 0.9354166666666667 0.21458333333333332 0.021875 0.03958333333333333
0 0.7791666666666667 0.23333333333333334 0.016666666666666666 0.025
0 0.6020833333333333 0.3145833333333333 0.021875 0.034375
0 0.6989583333333333 0.3072916666666667 0.022916666666666665 0.04375
0 0.058333333333333334 0.37395833333333334 0.016666666666666666 0.025
0 0.6270833333333333 0.31666666666666665 0.016666666666666666 0.029166666666666667
0 0.5854166666666667 0.3229166666666667 0.016666666666666666 0.03333333333333333
0 0.6552083333333333 0.31666666666666665 0.016666666666666666 0.03333333333333333
0 0.5791666666666667 0.32708333333333334 0.0125 0.029166666666666667
0 0.559375 0.3333333333333333 0.021875 0.025
0 0.084375 0.38333333333333336 0.016666666666666666 0.029166666666666667
0 0.11354166666666667 0.38645833333333335 0.016666666666666666 0.029166666666666667
0 0.571875 0.3385416666666667 0.016666666666666666 0.03333333333333333
0 0.6864583333333333 0.32916666666666666 0.027083333333333334 0.03958333333333333
0 0.54375 0.34375 0.016666666666666666 0.0375
0 0.6427083333333333 0.3385416666666667 0.021875 0.029166666666666667
0 0.55625 0.346875 0.0125 0.029166666666666667
0 0.5395833333333333 0.3729166666666667 0.016666666666666666 0.029166666666666667
0 0.6052083333333333 0.3958333333333333 0.022916666666666665 0.04375
0 0.6291666666666667 0.4 0.021875 0.034375
0 0.7083333333333334 0.3958333333333333 0.021875 0.029166666666666667
0 0.6625 0.40625 0.021875 0.034375
0 0.1125 0.4666666666666667 0.016666666666666666 0.029166666666666667
0 0.9739583333333334 0.38333333333333336 0.028125 0.04375
0 0.28541666666666665 0.54375 0.016666666666666666 0.0375
0 0.21354166666666666 0.5604166666666667 0.016666666666666666 0.0375
0 0.271875 0.5635416666666667 0.021875 0.034375
0 0.159375 0.5770833333333333 0.010416666666666666 0.020833333333333332
0 0.16979166666666667 0.590625 0.016666666666666666 0.029166666666666667
0 0.1125 0.5989583333333334 0.016666666666666666 0.029166666666666667
0 0.9302083333333333 0.5208333333333334 0.03125 0.03125
0 0.23958333333333334 0.5927083333333333 0.016666666666666666 0.03333333333333333
0 0.25416666666666665 0.59375 0.016666666666666666 0.029166666666666667
0 0.19166666666666668 0.6041666666666666 0.016666666666666666 0.029166666666666667
0 0.9333333333333333 0.5458333333333333 0.028125 0.04375
0 0.9166666666666666 0.565625 0.028125 0.04375
0 0.996875 0.5635416666666667 0.00625 0.03333333333333333
0 0.125 0.6552083333333333 0.016666666666666666 0.029166666666666667
0 0.042708333333333334 0.6666666666666666 0.028125 0.04375
0 0.19895833333333332 0.65 0.021875 0.029166666666666667
0 0.075 0.6635416666666667 0.027083333333333334 0.03958333333333333
0 0.08958333333333333 0.6645833333333333 0.016666666666666666 0.0375
0 0.5822916666666667 0.6145833333333334 0.021875 0.029166666666666667
0 0.022916666666666665 0.6729166666666667 0.020833333333333332 0.05625
0 0.171875 0.6604166666666667 0.021875 0.034375
0 0.871875 0.5864583333333333 0.021875 0.025
0 0.49166666666666664 0.6270833333333333 0.021875 0.03958333333333333
0 0.11458333333333333 0.6708333333333333 0.021875 0.03958333333333333
0 0.15729166666666666 0.6666666666666666 0.021875 0.034375
0 0.28125 0.653125 0.021875 0.03958333333333333
0 0.35833333333333334 0.6458333333333334 0.016666666666666666 0.0375
0 0.0625 0.6770833333333334 0.021875 0.03958333333333333
0 0.534375 0.6270833333333333 0.022916666666666665 0.04375
0 0.21041666666666667 0.6635416666666667 0.016666666666666666 0.0375
0 0.9885416666666667 0.5822916666666667 0.022916666666666665 0.04375
0 0.24166666666666667 0.6625 0.021875 0.03958333333333333
0 0.45208333333333334 0.6416666666666667 0.022916666666666665 0.053125
0 0.14375 0.675 0.021875 0.034375
0 0.225 0.66875 0.021875 0.029166666666666667
0 0.196875 0.6770833333333334 0.016666666666666666 0.03333333333333333
0 0.321875 0.6635416666666667 0.016666666666666666 0.0375
0 0.434375 0.6541666666666667 0.021875 0.03958333333333333
0 0.5177083333333333 0.6479166666666667 0.028125 0.053125
0 0.33125 0.6697916666666667 0.016666666666666666 0.03333333333333333
0 0.25833333333333336 0.6770833333333334 0.021875 0.034375
0 0.6427083333333333 0.6395833333333333 0.027083333333333334 0.071875
0 0.3770833333333333 0.6666666666666666 0.016666666666666666 0.0375
0 0.40208333333333335 0.6666666666666666 0.01875 0.041666666666666664
0 0.6020833333333333 0.6458333333333334 0.028125 0.053125
0 0.825 0.621875 0.029166666666666667 0.0625
0 0.42916666666666664 0.665625 0.016666666666666666 0.0375
0 0.475 0.6604166666666667 0.029166666666666667 0.058333333333333334
0 0.41354166666666664 0.6697916666666667 0.03333333333333333 0.053125
0 0.7958333333333333 0.6291666666666667 0.021875 0.025
0 0.5854166666666667 0.6520833333333333 0.022916666666666665 0.04791666666666667
0 0.625 0.6489583333333333 0.028125 0.04375
0 0.5541666666666667 0.6645833333333333 0.027083333333333334 0.03958333333333333
0 0.6677083333333333 0.6541666666666667 0.025 0.058333333333333334
0 0.6854166666666667 0.6520833333333333 0.01875 0.046875
0 0.7333333333333333 0.65 0.029166666666666667 0.0625
0 0.7510416666666667 0.6479166666666667 0.022916666666666665 0.053125
0 0.8479166666666667 0.6375 0.029166666666666667 0.06666666666666667
0 0.7072916666666667 0.6520833333333333 0.022916666666666665 0.04375
0 0.7770833333333333 0.6479166666666667 0.022916666666666665 0.04791666666666667
0 0.7645833333333333 0.6520833333333333 0.025 0.058333333333333334
0 0.9708333333333333 0.634375 0.05625 0.10208333333333333
0 0.9041666666666667 0.64375 0.034375 0.058333333333333334
0 0.8802083333333334 0.6458333333333334 0.04791666666666667 0.078125
0 0.9354166666666667 0.6427083333333333 0.04375 0.078125
0 0.8052083333333333 0.665625 0.025 0.058333333333333334
0 0.7864583333333334 0.6822916666666666 0.022916666666666665 0.04791666666666667
0 0.28854166666666664 0.76875 0.027083333333333334 0.03958333333333333
0 0.32083333333333336 0.7708333333333334 0.028125 0.04375
0 0.3885416666666667 0.765625 0.028125 0.04375
0 0.09375 0.7979166666666667 0.027083333333333334 0.034375
0 0.13333333333333333 0.796875 0.016666666666666666 0.029166666666666667
0 0.11041666666666666 0.7989583333333333 0.021875 0.034375
0 0.17083333333333334 0.7958333333333333 0.027083333333333334 0.034375
0 0.05520833333333333 0.8104166666666667 0.027083333333333334 0.029166666666666667
0 0.30104166666666665 0.7916666666666666 0.025 0.021875
0 0.08229166666666667 0.81875 0.027083333333333334 0.03958333333333333
0 0.24583333333333332 0.8041666666666667 0.020833333333333332 0.020833333333333332
0 0.21041666666666667 0.8083333333333333 0.016666666666666666 0.025
0 0.14895833333333333 0.8166666666666667 0.021875 0.034375
0 0.27291666666666664 0.803125 0.025 0.025
0 0.23020833333333332 0.8114583333333333 0.021875 0.029166666666666667
0 0.18333333333333332 0.821875 0.021875 0.03958333333333333
0 0.3 0.809375 0.027083333333333334 0.029166666666666667
0 0.484375 0.7916666666666666 0.03333333333333333 0.04791666666666667
0 0.36041666666666666 0.8125 0.03125 0.03958333333333333
0 0.28020833333333334 0.8229166666666666 0.021875 0.025
0 0.4 0.8104166666666667 0.027083333333333334 0.034375
0 0.653125 0.7833333333333333 0.0375 0.053125
0 0.09375 0.8458333333333333 0.040625 0.04583333333333333
0 0.565625 0.7979166666666667 0.025 0.025
0 0.22083333333333333 0.834375 0.016666666666666666 0.03333333333333333
0 0.428125 0.8125 0.025 0.025
0 0.041666666666666664 0.8583333333333333 0.016666666666666666 0.0375
0 0.13541666666666666 0.85 0.028125 0.04375
0 0.29791666666666666 0.8333333333333334 0.029166666666666667 0.021875
0 0.24895833333333334 0.8385416666666666 0.020833333333333332 0.020833333333333332
0 0.071875 0.8572916666666667 0.021875 0.034375
0 0.20104166666666667 0.8458333333333333 0.022916666666666665 0.04791666666666667
0 0.25625 0.8395833333333333 0.021875 0.03958333333333333
0 0.45729166666666665 0.8208333333333333 0.027083333333333334 0.034375
0 0.23541666666666666 0.8447916666666667 0.027083333333333334 0.029166666666666667
0 0.4979166666666667 0.8166666666666667 0.020833333333333332 0.020833333333333332
0 0.3302083333333333 0.8395833333333333 0.03333333333333333 0.04375
0 0.16770833333333332 0.8583333333333333 0.0375 0.0625
0 0.578125 0.8229166666666666 0.03125 0.034375
0 0.12083333333333333 0.8708333333333333 0.03125 0.03958333333333333
0 0.5416666666666666 0.8270833333333333 0.029166666666666667 0.058333333333333334
0 0.6135416666666667 0.8208333333333333 0.034375 0.058333333333333334
0 0.290625 0.8541666666666666 0.035416666666666666 0.035416666666666666
0 0.06979166666666667 0.878125 0.040625 0.035416666666666666
0 0.42083333333333334 0.8458333333333333 0.040625 0.040625
0 0.1875 0.8708333333333333 0.03333333333333333 0.016666666666666666
0 0.39166666666666666 0.8489583333333334 0.034375 0.021875
0 0.4822916666666667 0.8395833333333333 0.03125 0.03125
0 0.35625 0.8552083333333333 0.027083333333333334 0.029166666666666667
0 0.7458333333333333 0.81875 0.05 0.08333333333333333
0 0.45 0.85 0.03333333333333333 0.04375
0 0.146875 0.8833333333333333 0.040625 0.04583333333333333
0 0.715625 0.8260416666666667 0.04375 0.07291666666666667
0 0.5677083333333334 0.84375 0.041666666666666664 0.05416666666666667
0 0.09895833333333333 0.8927083333333333 0.035416666666666666 0.04791666666666667
0 0.34270833333333334 0.8708333333333333 0.03333333333333333 0.053125
0 0.23020833333333332 0.8822916666666667 0.028125 0.04791666666666667
0 0.5208333333333334 0.85625 0.0375 0.053125
0 0.3125 0.8802083333333334 0.035416666666666666 0.04791666666666667
0 0.26666666666666666 0.8916666666666667 0.021875 0.025
0 0.47291666666666665 0.8708333333333333 0.021875 0.034375
0 0.80625 0.8395833333333333 0.03958333333333333 0.06666666666666667
0 0.5510416666666667 0.8697916666666666 0.04583333333333333 0.04583333333333333
0 0.4625 0.8791666666666667 0.03958333333333333 0.03125
0 0.4270833333333333 0.8854166666666666 0.035416666666666666 0.035416666666666666
0 0.20104166666666667 0.9083333333333333 0.03958333333333333 0.06666666666666667
0 0.13854166666666667 0.9166666666666666 0.041666666666666664 0.06458333333333334
0 0.12083333333333333 0.9197916666666667 0.03333333333333333 0.04375
0 0.39479166666666665 0.8927083333333333 0.03333333333333333 0.053125
0 0.06041666666666667 0.9302083333333333 0.04375 0.06875
0 0.49375 0.884375 0.0375 0.058333333333333334
0 0.65625 0.8770833333333333 0.040625 0.040625
0 0.253125 0.9197916666666667 0.035416666666666666 0.035416666666666666
0 0.3020833333333333 0.91875 0.04375 0.03333333333333333
0 0.34270833333333334 0.9145833333333333 0.022916666666666665 0.04375
0 0.6322916666666667 0.8864583333333333 0.020833333333333332 0.020833333333333332
0 0.6083333333333333 0.8916666666666667 0.041666666666666664 0.05416666666666667
0 0.36666666666666664 0.921875 0.0375 0.058333333333333334
0 0.6770833333333334 0.890625 0.052083333333333336 0.05416666666666667
0 0.43333333333333335 0.9229166666666667 0.0375 0.058333333333333334
0 0.465625 0.9270833333333334 0.03333333333333333 0.04791666666666667
0 0.5375 0.921875 0.03958333333333333 0.06666666666666667
0 0.32708333333333334 0.9458333333333333 0.028125 0.04375
0 0.36770833333333336 0.9447916666666667 0.04375 0.03333333333333333
0 0.765625 0.9041666666666667 0.046875 0.059375
0 0.4 0.94375 0.03333333333333333 0.04375
0 0.2552083333333333 0.9604166666666667 0.040625 0.05
0 0.50625 0.934375 0.06041666666666667 0.06041666666666667
0 0.5572916666666666 0.9291666666666667 0.040625 0.08125
0 0.17395833333333333 0.9677083333333333 0.06666666666666667 0.06458333333333334
0 0.6770833333333334 0.9208333333333333 0.040625 0.04583333333333333
0 0.7072916666666667 0.9208333333333333 0.04583333333333333 0.04583333333333333
0 0.29270833333333335 0.9697916666666667 0.04791666666666667 0.06041666666666667
0 0.58125 0.9427083333333334 0.035416666666666666 0.04375
0 0.11666666666666667 0.9729166666666667 0.052083333333333336 0.05416666666666667
0 0.3927083333333333 0.9677083333333333 0.03125 0.034375
0 0.6302083333333334 0.9427083333333334 0.04583333333333333 0.08333333333333333
0 0.8541666666666666 0.9239583333333333 0.034375 0.06666666666666667
0 0.07916666666666666 0.9833333333333333 0.058333333333333334 0.03333333333333333
0 0.35208333333333336 0.9791666666666666 0.05416666666666667 0.040625
0 0.8145833333333333 0.9416666666666667 0.046875 0.059375
0 0.24583333333333332 0.9854166666666667 0.065625 0.029166666666666667
0 0.7541666666666667 0.95 0.052083333333333336 0.05416666666666667
0 0.3145833333333333 0.9864583333333333 0.04583333333333333 0.027083333333333334
0 0.9104166666666667 0.9354166666666667 0.06458333333333334 0.046875
0 0.6979166666666666 0.9604166666666667 0.059375 0.046875
0 0.42083333333333334 0.9854166666666667 0.06666666666666667 0.029166666666666667
0 0.6010416666666667 0.9708333333333333 0.058333333333333334 0.0375
0 0.47708333333333336 0.984375 0.040625 0.03125
0 0.5291666666666667 0.98125 0.07708333333333334 0.0375
0 0.3645833333333333 0.9947916666666666 0.053125 0.010416666666666666
0 0.8229166666666666 0.09791666666666667 0.016666666666666666 0.0375