0 0.1239360395002282 0.07225147734987804 0.02799261546578696 0.031565143114787704
0 0.5448491541302544 0.11567786229575419 0.028235090701107877 0.03989847644812106
0 0.30156494211303375 0.09306202848502844 0.03240175736777454 0.039946960004242214
0 0.3381142036596124 0.09661125960108882 0.0278713778481265 0.027398476448121063
0 0.731883366147475 0.13763916809884394 0.028113853083447538 0.0357318097814544
0 0.9978337540247312 0.16471256991296349 0.004332491950537569 0.03134696711224236
0 0.09804591985563715 0.07715678845745395 0.024007805225611013 0.037766659558666524
0 0.978413815782356 0.16445803124332725 0.032280519750113965 0.03578029333757555
0 0.6203947234097265 0.13530056630593554 0.017333473563799374 0.023110600891151436
0 0.25073544127727293 0.09975977158921058 0.03228051975011408 0.035780293337575576
0 0.07328839509095812 0.08519922045406017 0.03215928213245363 0.031613626670908876
0 0.7814175781646957 0.15800051654993458 0.028113853083447302 0.0357318097814544
0 0.9496714807775012 0.17870197968381227 0.028235090701107877 0.03989847644812106
0 0.8274630773289348 0.16582550233393428 0.028113853083447302 0.0357318097814544
0 0.9840288839622598 0.1843103023551454 0.031942232075480345 0.03578029333757555
0 0.19782260710817876 0.10643327291533211 0.03228051975011408 0.03578029333757555
0 0.7137092448313622 0.15721265876296528 0.02799261546578696 0.03156514311478773
0 0.3252999626989086 0.12145368804369495 0.03228051975011421 0.03578029333757555
0 0.13112563103709696 0.10461586935072648 0.028113853083447448 0.0357318097814544
0 0.6751978875691107 0.15780585253551097 0.028113853083447538 0.0357318097814544
0 0.7493683867333499 0.16595810232332867 0.028113853083447302 0.0357318097814544
0 0.6396902926891987 0.1542687423084809 0.028113853083447302 0.0357318097814544
0 0.43188336614747497 0.13414835205811854 0.03264423260309558 0.048280293337575546
0 0.167765820796921 0.11129010046678685 0.025666806897132705 0.023207568003393794
0 0.5583493644759533 0.15019831296411776 0.028113853083447302 0.0357318097814544
0 0.04675063103709696 0.10363407733927246 0.017515329990290048 0.029360600891151407
0 0.6023418397112743 0.15904072363672353 0.02799261546578696 0.03156514311478773
0 0.6850275286353376 0.17353994053678362 0.028113853083447538 0.0357318097814544
0 0.10547798662782686 0.11785451379163572 0.028113853083447448 0.0357318097814544
0 0.7216374089907465 0.17917250498617734 0.02787137784812638 0.027398476448121063
0 0.6381525286353376 0.1729945005304203 0.03215928213245363 0.031613626670908876
0 0.793890400105523 0.04984899655205566 0.028113853083447302 0.03573180978145437
0 0.06800829603224197 0.11845982845321172 0.03228051975011412 0.03578029333757555
0 0.8575693355324703 0.1984565538934492 0.032280519750113965 0.03578029333757555
0 0.7761071697015643 0.19021945788241942 0.023401617137308504 0.016933326225333188
0 0.17057657983621724 0.13631434224484745 0.03215928213245363 0.031613626670908876
0 0.8859368107677912 0.20711715123060057 0.024310899269762133 0.04818332622533319
0 0.22697812685829283 0.1421772035858168 0.04306089926976225 0.04840150222787851
0 0.2792433166181169 0.14903324803733162 0.03240175736777454 0.03994696000424227
0 0.8231479949854351 0.05331338144490396 0.028113853083447302 0.03573180978145437
0 0.5184517901819162 0.17472559829193615 0.04061385308344742 0.0358772604498179
0 0.6928344551770612 0.191333120093329 0.028113853083447302 0.0357318097814544
0 0.7398306927947218 0.19604522676635902 0.032038044514793286 0.027446960004242273
0 0.13840615078721105 0.14010526135157492 0.032522994985435066 0.04411362667090888
0 0.9070126193364454 0.21569290234453983 0.023644092372629662 0.025266659558666523
0 0.8266527389810366 0.20955126055587367 0.028113853083447302 0.0357318097814544
0 0.9613611424296029 0.22257318857411523 0.032280519750113965 0.035780293337575604
0 0.43095179018191615 0.17370744361339127 0.03668966165210179 0.04416211022703009
0 0.7786754535055397 0.20691036632714668 0.028235090701107877 0.03989847644812106
0 0.567743526963816 0.18675361340969346 0.028113853083447302 0.0357318097814544
0 0.6534632876746337 0.19816419297684446 0.028235090701107877 0.03989847644812106
0 0.3725275286353375 0.16990367382769467 0.03252299498543512 0.04411362667090888
0 0.3077926482799286 0.16394384537448298 0.03252299498543512 0.044113626670908936
0 0.3433305525642557 0.16852262226817974 0.03228051975011421 0.035780293337575604
0 0.1815388157823561 0.15518555113515042 0.03215928213245363 0.03161362667090894
0 0.7946338569541059 0.2185505129959345 0.028113853083447302 0.0357318097814544
0 0.9252665219492509 0.2346489574580549 0.023947186416780633 0.03568332622533319
0 0.85002404671393 0.2254429201145402 0.025666806897132705 0.023207568003393794
0 0.8607692326030956 0.057916400116661305 0.017515329990290002 0.029360600891151407
0 0.04284560209361381 0.14836513956078762 0.024007805225611013 0.037766659558666524
0 0.24348209958633135 0.17256735025460454 0.03228051975011408 0.035780293337575604
0 0.5829633577898667 0.2087983058561176 0.028113853083447538 0.0357318097814544
0 0.7438952843315906 0.2283732561001166 0.027871377848126617 0.027398476448121063
0 0.0995199337554255 0.163603000901757 0.028356328318768397 0.04406514311478773
0 0.4598042158878792 0.1990347076172093 0.03240175736777454 0.039946960004242214
0 0.7950884980203327 0.2341755129959345 0.029833473563799374 0.023256051559515
0 0.9048272108733142 0.2479482063441156 0.03656842403444121 0.039995443560363476
0 0.4067701441011245 0.20154154227666415 0.03240175736777454 0.03994696000424227
0 0.8422059732556537 0.24305428633563114 0.03644718641678087 0.035828776893696755
0 0.5363005236207726 0.21554453251642094 0.03252299498543512 0.04411362667090888
0 0.681546831353666 0.23285433609163214 0.03656842403444121 0.03999544356036342
0 0.1917624791059795 0.18446130580308975 0.036447186416780755 0.035828776893696755
0 0.9877848079967012 0.2656209068002969 0.024430384006597687 0.039946960004242214
0 0.7359862826600688 0.24285962232120759 0.02799261546578696 0.03156514311478773
0 0.10952654702207561 0.006481026681514469 0.03155309404415121 0.010780293337575563
0 0.31001638171878493 0.20458096626351327 0.04085632831876846 0.04421059378315124
0 0.6484559732556537 0.240799800975996 0.028113853083447538 0.0357318097814544
0 0.7853386382507987 0.2569709707722982 0.04073509070110788 0.04004392711648463
0 0.9493046365792772 0.27345728368338806 0.03240175736777454 0.03994696000424227
0 0.3540997851673513 0.21654837693611906 0.02799261546578696 0.03156514311478773
0 0.26007700052761523 0.20608249692339237 0.028235090701107877 0.03989847644812106
0 0.1505201441011245 0.19855980357521122 0.032401757367774606 0.039946960004242214
0 0.7596063283187685 0.052574007214055876 0.025666806897132705 0.023207568003393794
0 0.08373223981679732 0.19361740001060557 0.032401757367774606 0.03994696000424227
0 0.5976870912287231 0.24958087741351148 0.04073509070110788 0.040043927116484565
0 0.22919071338059668 0.21821887025248346 0.03668966165210179 0.04416211022703009
0 0.7388033043898503 0.0533732561001166 0.02376532999029024 0.02943332622533319
0 0.8411531596724344 0.27844671122423725 0.032280519750113965 0.035780293337575604
0 0.493399186944396 0.24420212184381515 0.03668966165210179 0.044162110227030024
0 0.8673160639567618 0.28291640011666125 0.03240175736777454 0.03994696000424227
0 0.1759747851673513 0.21447570491193832 0.04306089926976225 0.04840150222787851
0 0.7159713032459438 0.2707422045406016 0.03668966165210179 0.04416211022703014
0 0.2512538324975725 0.01021280092296813 0.023340998328478336 0.01484999289199986
0 0.11785361766492382 0.22108860179290837 0.04037137784812647 0.027543927116484568
0 0.7561305152631644 0.29099446499041964 0.03668966165210179 0.04416211022703014
0 0.605766802410183 0.27674905697005686 0.03203804451479305 0.027446960004242273
0 0.9550344924781525 0.07671561346272132 0.01905309404415121 0.010634842669212012
0 0.898632945456077 0.07085275212175197 0.023644092372629662 0.025266659558666523
0 0.6574320667721897 0.048261160089086805 0.02799261546578696 0.031565143114787704
0 0.2836061179730694 0.012671881816240654 0.025545569279472127 0.019040901336727114
0 0.80940706228524 0.29682096366429805 0.03668966165210179 0.04416211022703014
0 0.6718464434764098 0.2931376729789656 0.03240175736777454 0.03994696000424227
0 0.9162632503735424 0.3188906276787216 0.03240175736777454 0.03994696000424227
0 0.0599749253978173 0.23603483200721176 0.032644232603095555 0.0482802933375756
0 0.8653428213245362 0.32246337078290377 0.028113853083447302 0.0357318097814544
0 0.5489297768097431 0.2917074080733906 0.03644718641678087 0.03582877689369681
0 0.2179030895572015 0.25974008625078654 0.03252299498543512 0.04411362667090888
0 0.40285396824108877 0.2816771502758157 0.036204711181459834 0.02749544356036348
0 0.15751673229494995 0.260078741353696 0.03668966165210173 0.044162110227030024
0 0.08754320920179255 0.2530166417886662 0.03668966165210173 0.04416211022703014
0 0.6399487990671396 0.306303592085693 0.028235090701107877 0.03989847644812106
0 0.9869138508399726 0.34473908991084234 0.026172298320054684 0.03161362667090894
0 0.21271216583090582 0.009764328028847158 0.02542433166181167 0.014874234670060453
0 0.16789018975982406 0.008201463133877741 0.03161371285298144 0.012863626670908896
0 0.7215625119201211 0.3197490214300561 0.032644232603095465 0.0482802933375756
0 0.5983730606137184 0.30894375652448114 0.0326442326030957 0.0482802933375756
0 0.8793694384618448 0.3392876090069643 0.03644718641678064 0.03582877689369681
0 0.8355285102485994 0.33565353166769185 0.03668966165210179 0.04416211022703014
0 0.9421119136971657 0.3483481956821154 0.028113853083447302 0.0357318097814544
0 0.34163811014307643 0.28929535115636157 0.03252299498543512 0.044113626670908936
0 0.3114297768097431 0.2889438453744829 0.03215928213245363 0.03161362667090894
0 0.4378351563293912 0.3029104729471488 0.04085632831876846 0.044210593783151356
0 0.2688426810940702 0.2926135555909075 0.03668966165210179 0.04416211022703014
0 0.1968161340719946 0.2865688809144836 0.03252299498543512 0.044113626670908936
0 0.4006061880883024 0.0254877547209672 0.03228051975011408 0.03578029333757557
0 0.4340607590392962 0.030042289836603352 0.019295569279472128 0.018968176002545346
0 0.3911420127558819 0.3086150329407855 0.03668966165210179 0.04416211022703014
0 0.7932748179814929 0.3507815752174496 0.03252299498543512 0.044113626670908936
0 0.6293694384618448 0.33637859563969313 0.03656842403444121 0.039995443560363476
0 0.48114967775102696 0.32424076273072433 0.04073509070110788 0.040043927116484565
0 0.9583734111898833 0.37040500901756984 0.03252299498543512 0.044113626670908936
0 0.9873533372039918 0.377030756577509 0.025293325592016438 0.035780293337575604
0 0.9833716583090585 0.084334544133206 0.019295569279472128 0.018968176002545314
0 0.6890172231015809 0.34644448631442004 0.03656842403444121 0.039995443560363476
0 0.5596080811995933 0.3366081627413299 0.03668966165210179 0.04416211022703014
0 0.9228034446203162 0.07842319923611546 0.019295569279472128 0.018968176002545314
0 0.3714698308260509 0.026190036494785563 0.02799261546578696 0.03156514311478771
0 0.7656953872609651 0.3692043112136317 0.03282608902958609 0.05453029333757561
0 0.8754037907095314 0.3819353378951461 0.03240175736777454 0.03994696000424227
0 0.932937932611519 0.39093532012514576 0.0388942326030957 0.0483530186717573
0 0.6690325530918709 0.37536873520048075 0.04073509070110788 0.040043927116484565
0 0.13657017691526613 0.32752041512836283 0.028477565936428917 0.048231809781454395
0 0.6200439103541224 0.37375738674939013 0.043242755696253 0.054651502227878505
0 0.11567622477310255 0.32519466401442354 0.03907608902958627 0.0546030186717573
0 0.04374060596427231 0.3222749893379998 0.045022994985435064 0.044259077339272444
0 0.32870087868388725 0.02360974671121007 0.023765329990290004 0.02943332622533319
0 0.9895674893989169 0.42602545257793323 0.02086502120216617 0.044113626670908936
0 0.37200600606979534 0.3667059484935129 0.04085632831876846 0.044210593783151356
0 0.8769398018825677 0.07684821345211575 0.023765329990290004 0.02943332622533319
0 0.8529511591448193 0.07552776633775227 0.02376532999029024 0.02943332622533319
0 0.4472787907095314 0.3769536525036943 0.03889423260309546 0.0483530186717573
0 0.49746064713602217 0.3837854551771485 0.04306089926976225 0.04840150222787851
0 0.5835949710565169 0.051567243634602425 0.023644092372629662 0.025266659558666523
0 0.23364619582961943 0.3713438702524835 0.04753065998058013 0.05886665245066638
0 0.9626693310455204 0.4464709174622971 0.03889423260309546 0.0483530186717573
0 0.9085632831876841 0.447923964566055 0.0326442326030957 0.0482802933375756
0 0.3112750984424249 0.3909908160407254 0.03889423260309546 0.0483530186717573
0 0.18615386082476443 0.3853696426904232 0.04324275569625294 0.054651502227878505
0 0.7459117361656084 0.4408247725439954 0.03252299498543512 0.044113626670908936
0 0.9964395214216357 0.05846256991296348 0.007120957156728499 0.010513633778909038
0 0.07836747523532096 0.009242400010605573 0.023401617137308595 0.01693332622533319
0 0.10603645570467647 0.3875613342350903 0.04324275569625294 0.054651502227878505
0 0.5749874746190298 0.4357119467430268 0.03215928213245363 0.03161362667090894
0 0.7623261591448194 0.07447324899211646 0.027871377848126617 0.027398476448121035
0 0.5124571652146146 0.43394302673454227 0.0516367078384165 0.05683180267345425
0 0.6962451396141748 0.45170130320387447 0.04073509070110788 0.04004392711648468
0 0.03318040784684004 0.3887962053363029 0.03282608902958628 0.05453029333757561
0 0.6369307584230051 0.45309374586248097 0.028356328318768456 0.04406514311478773
0 0.8625369465113074 0.47654519122635836 0.028113853083447538 0.0357318097814544
0 0.5356783043898502 0.051009682739208785 0.02799261546578696 0.03156514311478772
0 0.4709434240344413 0.04504985428599707 0.02394718641678075 0.03568332622533319
0 0.4437994718922777 0.042651377837876016 0.02787137784812638 0.027398476448121035
0 0.36463142676119337 0.43534686049224025 0.04073509070110788 0.04004392711648468
0 0.2383472848592057 0.425546899586241 0.045022994985435126 0.044259077339272444
0 0.43696106782742017 0.45180820183533066 0.045022994985435126 0.044259077339272444
0 0.5655103994892319 0.4678824045193905 0.03889423260309546 0.0483530186717573
0 0.31796859259209914 0.44209308715254353 0.043242755696253 0.054651502227878505
0 0.25691680689713264 0.02589840536811961 0.025666806897132705 0.02320756800339378
0 0.9597164190198764 0.09447243035217584 0.017333473563799374 0.023110600891151408
0 0.28406075903929623 0.02829688181624065 0.029833473563799374 0.023256051559514972
0 0.9353818474525913 0.5107148659027821 0.03656842403444121 0.039995443560363476
0 0.6871014679329431 0.49533009431357156 0.043242755696253 0.054651502227878505
0 0.9863196861086351 0.5269943939104181 0.027360627782729807 0.0483530186717573
0 0.8741659893545789 0.5183330667833279 0.03668966165210179 0.04416211022703014
0 0.15684366270733216 0.45167268268618094 0.044659282132453626 0.03175907733927256
0 0.49736658757753427 0.48791575917672425 0.058250420691398 0.06940452800763594
0 0.09020730544508063 0.45193861245490863 0.04348523093157392 0.06298483556121184
0 0.2813172559157226 0.4708234018141196 0.047409422362919666 0.05469998578399971
0 0.8950421574732975 0.09059593523229745 0.019295569279472128 0.018968176002545346
0 0.2251278747245528 0.4722522071398168 0.0516367078384165 0.05683180267345425
0 0.34957115852852805 0.49036125960108884 0.05003832497572513 0.07347422756206032
0 0.36987144796335947 0.04283246138339163 0.01905309404415121 0.010634842669212012
0 0.4373439431682641 0.5007544142796337 0.043242755696253 0.054651502227878505
0 0.190250140230466 0.02512266847018063 0.02394718641678075 0.03568332622533319
0 0.836648205331134 0.08783383211326751 0.023644092372629662 0.025266659558666523
0 0.2100721163015478 0.02639463202842294 0.023765329990290004 0.02943332622533319
0 0.9844277904457238 0.5738209103542968 0.031144419108552295 0.044210593783151356
0 0.9098376566375368 0.09805729434538828 0.02799261546578696 0.031565143114787704
0 0.8043565386644674 0.08745808455332833 0.028113853083447538 0.0357318097814544
0 0.13829468162168546 0.4941507191279386 0.04324275569625294 0.054651502227878505
0 0.4064510189143533 0.047423359166118687 0.029833473563799374 0.023256051559514972
0 0.8654769587395741 0.577586857893025 0.05438684806888242 0.0797727111181814
0 0.6608556510066808 0.5595861636430868 0.06106117973069398 0.09442876978569643
0 0.046870490190339745 0.5014174142266058 0.060879323304203474 0.08817876978569666
0 0.7225867689797502 0.5696762960958743 0.04568980188256783 0.067175744005939
0 0.9714430271832856 0.6048527343517516 0.0388942326030957 0.0483530186717573
0 0.8107232664724677 0.5925694507744192 0.049917087358064785 0.06930756089539376
0 0.914181669921034 0.605227752121752 0.05408375402473145 0.06935604445151473
0 0.23004563939470518 0.03287492891999857 0.0241290428432715 0.04193332622533319
0 0.2794541039846051 0.549941584924665 0.06480351473554921 0.07989392000848454
0 0.16325773511037803 0.027932525355392923 0.0278713778481265 0.02739847644812105
0 0.1371554496348811 0.02554616979630218 0.019295569279472187 0.01896817600254534
0 0.7710838241399642 0.08915354943769217 0.02376532999029024 0.02943332622533319
0 0.6791746822379766 0.07975357786969274 0.023644092372629662 0.025266659558666523
0 0.4368715180785924 0.05506653161466395 0.02787137784812638 0.027398476448121035
0 0.5961399331391344 0.5900725476341783 0.06468227711788851 0.07572725334181787
0 0.8605605725338396 0.6233474658921766 0.06480351473554909 0.07989392000848454
0 0.5914625164070709 0.07144375652448116 0.023947186416780633 0.03568332622533319
0 0.28126916248786255 0.0397188524824831 0.023644092372629544 0.025266659558666523
0 0.05786754535055396 0.02045831556333298 0.028113853083447434 0.03573180978145438
0 0.4492346237347192 0.5873218356142398 0.06522784639736087 0.09447725334181788
0 0.7271060015828456 0.6176293254296319 0.058250420691398117 0.06940452800763618
0 0.12883676897975008 0.5627673893486054 0.05825042069139797 0.06940452800763594
0 0.3774055898653471 0.051250640939937045 0.029833473563799374 0.023256051559514972
0 0.3252313283187684 0.04751959648842222 0.023401617137308626 0.016933326225333188
0 0.9403793934194364 0.1098671334606002 0.015128902612805462 0.018919692446424167
0 0.9732389231986804 0.058183789465266665 0.019174331661811785 0.014801509335878678
0 0.34085983408041814 0.6204241422660586 0.058250420691398 0.06940452800763594
0 0.6030455931197144 0.648466485412663 0.058250420691398117 0.06940452800763594
0 0.8892771079439395 0.10718987656478234 0.023765329990290004 0.02943332622533319
0 0.9950836137942652 0.11781332813490289 0.00983277241146941 0.02931211733503023
0 0.1409204528892484 0.620180264905575 0.05843227711788869 0.07565452800763618
0 0.690352589776671 0.6786391858688443 0.04306089926976237 0.04840150222787851
0 0.25283342728880853 0.6371022000318167 0.0758263694905183 0.10084846223212078
0 0.34734880355408937 0.05610746849139178 0.015007664995145002 0.014753025779757485
0 0.056575762293663505 0.6202401395607876 0.06492475235320967 0.0840605866751512
0 0.5725533282300925 0.6741445254084207 0.06504598997087024 0.08822725334181787
0 0.6251595625933856 0.08433162497345066 0.023765329990290004 0.02943332622533319
0 0.5561973967624797 0.07623997963078442 0.028113853083447302 0.03573180978145437
0 0.48205720700265575 0.06912939650963336 0.023644092372629662 0.025266659558666523
0 0.41003065998058014 0.06308472183320957 0.029833473563799374 0.023256051559514972
0 0.7504626566375369 0.0962027983237529 0.023644092372629662 0.025266659558666523
0 0.976947128221669 0.7226337930192668 0.04610574355666207 0.08185604445151475
0 0.9049247761934519 0.7165406347867217 0.06450042069139812 0.06947725334181788
0 0.4465116615634257 0.6726778978357548 0.06903080021104605 0.08202573689793885
0 0.8424247761934519 0.715813381444904 0.05855351473554909 0.07982119467430261
0 0.9813377968680028 0.1217981814661151 0.02799261546578696 0.03156514311478773
0 0.7797505609218639 0.10070884988326786 0.027871377848126617 0.027398476448121063
0 0.246125280460932 0.04868174225545301 0.02799261546578696 0.03156514311478772
0 0.8173414891351094 0.10427020188835855 0.023765329990290004 0.02943332622533319
0 0.6594551557131001 0.7261801049755718 0.058250420691398117 0.06940452800763594
0 0.7694666532058175 0.7493277983237528 0.05475056092186392 0.0922727111181814
0 0.8539816788949334 0.11094443300441892 0.032159282132453386 0.031613626670908876
0 0.1261820667721897 0.04207950668363558 0.02811385308344742 0.035731809781454384
0 0.2144816326199426 0.714754485359635 0.061061179730694214 0.09442876978569643
0 0.959523415676833 0.1236269761298122 0.02799261546578696 0.03156514311478773
0 0.6660876566375369 0.09522100631229889 0.023947186416780633 0.03568332622533319
0 0.32666701724283165 0.06107338404411918 0.023644092372629544 0.025266659558666523
0 0.11644372833561543 0.7094484551241206 0.07809155925034232 0.10712270401018126
0 0.1001100907011079 0.0407348177912115 0.028235090701107936 0.03989847644812105
0 0.42801215237005674 0.7526438133884824 0.06903080021104605 0.08202573689793885
0 0.33944017629897494 0.7505718711542405 0.06480351473554921 0.07989392000848454
0 0.4457807300958131 0.07495516539357298 0.028235090701107877 0.039898476448121035
0 0.6087656805664551 0.09351269074896591 0.02376532999029024 0.02943332622533319
0 0.3706594924781526 0.06991579471672497 0.03215928213245363 0.03161362667090891
0 0.525250490806631 0.08629301962654218 0.023765329990290004 0.02943332622533319
0 0.17342077962517116 0.05512494668999892 0.023765329990290063 0.02943332622533319
0 0.9212023048287894 0.8822989645660552 0.07356117973069422 0.09457422045406029
0 0.0763033043898502 0.04566437067684802 0.023947186416780782 0.03568332622533319
0 0.9295878669832357 0.1326504703479336 0.027871377848126617 0.027398476448121063
0 0.48790203782870656 0.09106500095478486 0.023765329990290004 0.02943332622533319
0 0.4085535147355492 0.08389381338848231 0.028235090701107877 0.039898476448121035
0 0.19979584974040415 0.06688630224908967 0.03228051975011408 0.035780293337575576
0 0.3345648719978007 0.08199156360066458 0.03203804451479317 0.027446960004242214
0 0.5027581558017761 0.100609693401209 0.03240175736777454 0.039946960004242214
0 0.3951937044953732 0.08998624183108846 0.017515329990290002 0.029360600891151407
0 0.8808113900763932 0.1383307885635097 0.03240175736777454 0.039946960004242214
0 0.3784967284242915 0.08875064093993705 0.023947186416780872 0.03568332622533319
0 0.9195652225739657 0.1460709281242973 0.023947186416780633 0.03568332622533319
0 0.7180386054366571 0.1270649298747834 0.02799261546578696 0.03156514311478773
0 0.46112179853952445 0.1011665245066638 0.02394718641678075 0.03568332622533319
0 0.053871588193825454 0.06206437778484816 0.028235090701107936 0.039898476448121035
0 0.6908946532944936 0.12466645342666237 0.028113853083447302 0.03573180978145437
0 0.5791938447258392 0.11503618496708731 0.028235090701107877 0.03989847644812106