0 0.3607241352788374 0.5082537170218469 0.01078042468220571 0.010962581034198374
0 0.2231513836757296 0.5175431200065984 0.013082012824862469 0.017321763907704717
0 0.8950263836757296 0.482331643300805 0.010780424682205591 0.010962581034198374
0 0.29606805034239625 0.5137217194338766 0.01078042468220571 0.010962581034198374
0 0.3700263836757296 0.5098457274244017 0.006613758015539043 0.010744215287185692
0 0.13148471700906292 0.5223471664408772 0.013082012824862469 0.017321763907704717
0 0.9397816745408424 0.4810258781870855 0.013082012824862469 0.017321763907704717
0 0.8866566745408423 0.4838100414614971 0.010780424682205591 0.010962581034198374
0 0.834536965405955 0.4875812799658222 0.006613758015538925 0.010744215287185692
0 0.38870363207262176 0.510946414896178 0.01078042468220571 0.010962581034198374
0 0.5835316745408422 0.4996961495566689 0.010780424682205591 0.010962581034198374
0 0.5970369654059551 0.5000281275455445 0.010780424682205591 0.010962581034198374
0 0.400198341207509 0.5093042424252265 0.006613758015539043 0.010744215287185692
0 0.3376619654059551 0.5136213952970833 0.004312169872882284 0.00438503241367935
0 0.19495363207262179 0.5211004221322673 0.006613758015539043 0.010744215287185692
0 0.40526117133462675 0.5131979519081273 0.01078042468220571 0.010962581034198374
0 0.15738088046951398 0.5251490471887146 0.01078042468220571 0.010962581034198374
0 0.2375892138028473 0.5209455065587207 0.01078042468220571 0.010962581034198374
0 0.24488088046951398 0.5205633665014485 0.006613758015539043 0.010744215287185692
0 0.41363088046951396 0.5117195537474353 0.01078042468220571 0.010962581034198374
0 0.18758921380284732 0.5235658955228728 0.01078042468220571 0.010962581034198374
0 0.3469278380012934 0.5162550723663047 0.006613758015539043 0.010744215287185692
0 0.701130880469514 0.496652317203561 0.006613758015538925 0.010744215287185692
0 0.6510581288664061 0.5013560395010465 0.006613758015538925 0.010744215287185692
0 0.3562664621997395 0.5168054161021929 0.006613758015539043 0.010744215287185692
0 0.3302247955330728 0.518170202021022 0.006613758015539043 0.010744215287185692
0 0.3198081288664062 0.5187161163885537 0.006613758015539043 0.010744215287185692
0 0.25418312886640615 0.5221553769040033 0.013082012824862469 0.017321763907704717
0 0.5708497955330728 0.5055595801310403 0.010780424682205591 0.010962581034198374
0 0.6406414621997395 0.501901953868578 0.006613758015538925 0.010744215287185692
0 0.43022479553307286 0.5129294240927179 0.006613758015539043 0.010744215287185692
0 0.30522479553307286 0.5194803965030981 0.006613758015539043 0.010744215287185692
0 0.5531414621997395 0.5064876345558441 0.006613758015538925 0.010744215287185692
0 0.577063419731519 0.5062736981771879 0.006613758015538925 0.010744215287185692
0 0.18219900146174445 0.5290471860399719 0.01078042468220571 0.010962581034198374
0 0.7217823347950777 0.5007688218018309 0.006613758015538925 0.010744215287185692
0 0.16140204392996502 0.5290973481083686 0.006613758015539043 0.010744215287185692
0 0.4936937105966317 0.5116826797841081 0.006613758015539043 0.010744215287185692
0 0.4749073347950778 0.5137069923123317 0.004312169872882284 0.00438503241367935
0 0.19890204392996502 0.5271320563852545 0.01078042468220571 0.010962581034198374
0 0.21233458319197 0.5295473677074634 0.004312169872882284 0.00438503241367935
0 0.13629291652530331 0.5335325425904447 0.01078042468220571 0.010962581034198374
0 0.44462624985863664 0.517373477311507 0.010634921475990093 0.006795914367531708
0 0.2862929165253033 0.5256713756979885 0.01078042468220571 0.010962581034198374
0 0.26337624985863667 0.5268723873065582 0.004312169872882284 0.00438503241367935
0 0.5175065407237495 0.5145937434054518 0.004312169872882284 0.00438503241367935
0 0.45087624985863667 0.517045928690988 0.004312169872882284 0.00438503241367935
0 0.5384126256601905 0.5114185813370552 0.006613758015538925 0.010744215287185692
0 0.6539284982555288 0.5084839318574536 0.004312169872882284 0.00438503241367935
0 0.2174701649221955 0.5313577438570308 0.004312169872882284 0.00438503241367935
0 0.4643451649221955 0.5184195733465301 0.01078042468220571 0.010962581034198374
0 0.4570171224539749 0.5198433800704689 0.004312169872882284 0.00438503241367935
0 0.5414284982555289 0.5143798070267956 0.004312169872882284 0.00438503241367935
0 0.4205951649221955 0.5207124136901631 0.004312169872882284 0.00438503241367935
0 0.4767360375175338 0.5208894761054921 0.006613758015539043 0.010744215287185692
0 0.6642724133190877 0.5100213508232552 0.013082012824862469 0.017321763907704717
0 0.5121890799857544 0.5179917005892177 0.006613758015539043 0.010744215287185692
0 0.5048974133190877 0.5183738406464898 0.006613758015539043 0.010744215287185692
0 0.5169609037004409 0.5302187434054518 0.01078042468220571 0.010962581034198374
0 0.4830687017654024 0.5777444112781335 0.013082012824862469 0.017321763907704717
0 0.4632042834956279 0.5808649819097769 0.006613758015539043 0.010744215287185692
0 0.4693451560909662 0.5836624332892578 0.006613758015539043 0.010744215287185454
0 0.44021486522585346 0.58414932685168 0.006613758015539043 0.010744215287185692
0 0.5234026953529711 0.5839486785780932 0.006613758015539043 0.010744215287185692
0 0.5098246528847505 0.585700033922551 0.006613758015539043 0.010744215287185454
0 0.6194410519172313 0.6028300082933818 0.010780424682205591 0.010962581034198374
0 0.32145163364745694 0.6205264925381212 0.01078042468220571 0.010962581034198374
0 0.3594840390923689 0.6330899427115874 0.01078042468220571 0.010962581034198374
0 0.2966930326799377 0.6446987622501107 0.004312169872882284 0.00438503241367935
0 0.29033390527527597 0.6481513108706297 0.004312169872882284 0.00438503241367935
0 0.2841202810768299 0.6474371928244821 0.006613758015539043 0.010744215287185692
0 0.2985944870055015 0.6497979127099377 0.006613758015539043 0.010744215287185454
0 0.27248006873572705 0.6532460319621003 0.004312169872882284 0.00438503241367935
0 0.6276156504659525 0.6367136853626033 0.013082012824862469 0.017321763907704717
0 0.295287607997732 0.6551700203535307 0.006613758015539043 0.010744215287185454
0 0.27865731713261926 0.6550018166749146 0.006613758015539043 0.010744215287185692
0 0.6317823171326192 0.6364953196155907 0.008842594555088113 0.0150200648273587
0 0.2858762321961781 0.6567030099509757 0.004312169872882284 0.00438503241367935
0 0.32639210479151637 0.6576989439176022 0.013082012824862469 0.017321763907704717
0 0.25756935318840857 0.6633853120766448 0.006613758015539043 0.010744215287185692
0 0.7210382682519675 0.6411754560548182 0.006613758015538925 0.010744215287185454
0 0.7168716015853007 0.6413938218018309 0.006613758015538925 0.010744215287185692
0 0.2720071833155263 0.666787698628767 0.01078042468220571 0.010962581034198374
0 0.6730488499821928 0.6457699954787973 0.006613758015538925 0.010744215287185692
0 0.3094708075139724 0.6658640735723196 0.01078042468220571 0.010962581034198374
0 0.2584291408473057 0.6685390539732249 0.004312169872882284 0.00438503241367935
0 0.21460638924419792 0.6729152276501912 0.01078042468220571 0.010962581034198138
0 0.2050858860379823 0.6775732172476363 0.006613758015539043 0.010744215287185692
0 0.18615400703021276 0.6837641964425267 0.004312169872882284 0.00438503241367935
0 0.7694873403635463 0.6531929918607526 0.010780424682205591 0.010962581034198138
0 0.2069145887604383 0.6847557010407966 0.006613758015539043 0.010744215287185692
0 0.7600395887604383 0.6557676481248645 0.006613758015538925 0.010744215287185692
0 0.17462292209377164 0.686448035580145 0.01078042468220571 0.010962581034198374
0 0.2620501704906638 0.6839456882262122 0.01078042468220571 0.010962581034198374
0 0.25580017049066384 0.6842732368467312 0.01078042468220571 0.010962581034198138
0 0.16082662481622764 0.6944493909246028 0.013082012824862469 0.017321763907704717
0 0.7045766248162276 0.6659526609394492 0.006613758015538925 0.010744215287185692
0 0.22228495814956098 0.6912284961561659 0.006613758015539043 0.010744215287185692
0 0.2055455398797865 0.6941852924775499 0.01078042468220571 0.010962581034198138
0 0.6491864124751248 0.6740543404207003 0.006613758015538925 0.010744215287185692
0 0.27217583074489926 0.6917331071920139 0.013082012824862469 0.017321763907704717
0 0.6940144549433452 0.6706652419736475 0.006613758015538925 0.010744215287185692
0 0.45443112161001203 0.683221272426876 0.006613758015539043 0.010744215287185692
0 0.17519170334023754 0.6999351108100584 0.01078042468220571 0.010962581034198374
0 0.7147386608720171 0.672698413238584 0.006613758015538925 0.010744215287185692
0 0.5136969942053503 0.6832345605319455 0.01078042468220571 0.010962581034198138
0 0.2824106184037964 0.6963955261578154 0.01078042468220571 0.010962581034198374
0 0.1292492426022425 0.7054621340271978 0.013082012824862469 0.017321763907704717
0 0.7041764909991348 0.6774109942727825 0.006613758015538925 0.010744215287185692
0 0.2385514909991347 0.7018133665014485 0.013082012824862469 0.017321763907704717
0 0.39264540606269355 0.6958171671953131 0.008842594555087993 0.0150200648273587
0 0.7999006969278064 0.6755135820914909 0.013082012824862469 0.017321763907704717
0 0.10923932112625241 0.712749371325508 0.013082012824862469 0.017321763907704717
0 0.6717393211262526 0.6832699954787973 0.010780424682205591 0.010962581034198374
0 0.3873643211262524 0.6981734577124122 0.006613758015539043 0.010744215287185692
0 0.2988226544595857 0.7028137298364314 0.01078042468220571 0.010962581034198138
0 0.5081976544595858 0.6918408510490447 0.013082012824862469 0.017321763907704717
0 0.2759059877929191 0.7040147414450011 0.01078042468220571 0.010962581034198374
0 0.4436506969278063 0.6941838534610745 0.006613758015539043 0.010744215287185692
0 0.41028098779291905 0.6969724461038425 0.013082012824862469 0.017321763907704717
0 0.3435415695231446 0.7025496313893786 0.01078042468220571 0.010962581034198374
0 0.30499990285647793 0.7045695145492458 0.01078042468220571 0.010962581034198374
0 0.289338527054924 0.7064300527672099 0.008842594555087993 0.0150200648273587
0 0.9217029453246985 0.6712097173247037 0.013082012824862469 0.017321763907704717
0 0.18624990285647794 0.710792938339107 0.013082012824862469 0.017321763907704717
0 0.6747188179200369 0.6872728878352045 0.010780424682205591 0.010962581034198138
0 0.324646066316929 0.7076989439176022 0.013082012824862469 0.017321763907704717
0 0.12565135718204176 0.7191675750041239 0.013082012824862469 0.017321763907704717
0 0.41627635718204176 0.7039365641499901 0.013082012824862469 0.017321763907704717
0 0.15693773298359565 0.7164881652348623 0.013082012824862469 0.017321763907704717
0 0.7954793996502623 0.6830236145051704 0.006613758015538925 0.010744215287185692
0 0.33495360557893394 0.7102780295500705 0.01078042468220571 0.010962581034198138
0 0.3078702722456006 0.711697406905653 0.010634921475990093 0.006795914367531708
0 0.8088391873091595 0.6875222591607124 0.013082012824862469 0.017321763907704717
0 0.6692558539758262 0.694837511685637 0.008842594555088113 0.0150200648273587
0 0.6785944781742723 0.6953878554215251 0.010780424682205591 0.010962581034198138
0 0.7639747690393849 0.691953024274432 0.006613758015538925 0.010744215287185454
0 0.30869368410294384 0.7178928154688998 0.01078042468220571 0.010962581034198374
0 0.23362093249983606 0.7239067322484611 0.013082012824862469 0.017321763907704717
0 0.2565012233649488 0.7237473873065582 0.013082012824862469 0.017321763907704717
0 0.8429595566982822 0.6930124084145246 0.013227516031078086 0.021488430574371383
0 0.11591259916650272 0.7300755646015691 0.013082012824862469 0.017321763907704717
0 0.41487093249983603 0.7144078222534099 0.008842594555087993 0.0150200648273587
0 0.22212622336494883 0.7255489047194127 0.01078042468220571 0.010962581034198374
0 0.9596625991665028 0.6858565008315032 0.013227516031078086 0.021488430574371383
0 0.8147618050951743 0.6965697105401935 0.013227516031078086 0.021488430574371383
0 0.38872013842850767 0.7188976081722392 0.013082012824862469 0.017321763907704717
0 0.36580347176184097 0.7200986197808088 0.013227516031078086 0.021488430574371383
0 0.17097542929362045 0.7313488851203179 0.013082012824862469 0.017321763907704717
0 0.18976180509517435 0.7293245725920943 0.01078042468220571 0.010962581034198374
0 0.40226180509517434 0.7181879194944479 0.013082012824862469 0.017321763907704717
0 0.13243376262695378 0.7333687682801852 0.013227516031078086 0.021488430574371383
0 0.2000693443571793 0.7319036582245625 0.017248679491529136 0.0175401296547174
0 0.13864738682539987 0.7340828863263328 0.013227516031078086 0.021488430574371383
0 0.16468905349206653 0.7327181004075036 0.013082012824862469 0.017321763907704717
0 0.052079926087404825 0.7417389755768458 0.019550267634185894 0.02389931252822374
0 0.8322518836191842 0.7018916561153896 0.013227516031078086 0.021488430574371383
0 0.06860108954785588 0.7450321792554617 0.013082012824862469 0.017321763907704717
0 0.01335638041296863 0.7489671920700463 0.013082012824862462 0.017321763907704717
0 0.0894344228811892 0.7439403505203984 0.013082012824862469 0.017321763907704717
0 0.24665333794474806 0.7377803769040033 0.013082012824862469 0.017321763907704717
0 0.3466533379447481 0.7325395989756992 0.013227516031078086 0.021488430574371383
0 0.6975131256036453 0.719350618123215 0.010780424682205591 0.010962581034198374
0 0.19542979227031188 0.7456636906382419 0.013082012824862469 0.017321763907704717
0 0.2860911680718658 0.7398725689740496 0.013082012824862469 0.017321763907704717
0 0.27667979227031186 0.7414055585714948 0.013082012824862469 0.017321763907704717
0 0.2286903740005374 0.7460000979954738 0.019550267634185894 0.02389931252822374
0 0.10760241005632673 0.759624371325508 0.013227516031078086 0.021488430574371383
0 0.12002965845321893 0.7610526074178032 0.017248679491529136 0.0175401296547174
0 0.2585713251198856 0.753791946329632 0.013227516031078086 0.021488430574371383
0 0.17631603425477282 0.7570630031664656 0.013082012824862469 0.017321763907704717
0 0.845029658453219 0.7230569674375985 0.013227516031078086 0.021488430574371383
0 0.8522485735167777 0.7247581607136595 0.019550267634186012 0.023899312528223506
0 0.2989416945090083 0.7589545469629252 0.01078042468220571 0.010962581034198374
0 0.6863689429059004 0.7407298658240801 0.013082012824862469 0.017321763907704717
0 0.8154628579694593 0.7360438610000205 0.008842594555088113 0.0150200648273587
0 0.360254524636126 0.7599003188611548 0.019550267634185894 0.02389931252822374
0 0.9570567730330183 0.730702758934923 0.019550267634186012 0.02389931252822374
0 0.2632703972314643 0.7681023224791995 0.015529104173734846 0.027847613447877725
0 0.8037862698268026 0.7428943668043054 0.013227516031078086 0.021488430574371383
0 0.7704165606919153 0.7456829594470733 0.013227516031078086 0.021488430574371383
0 0.29020822735858204 0.7708496117902838 0.019550267634185894 0.023899312528223506
0 0.9672188090888075 0.737448511234058 0.011144182697744753 0.02137924770086504
0 0.3170733058825919 0.7756802344347015 0.013227516031078086 0.021488430574371383
0 0.5784588876128173 0.7640611171429896 0.019550267634186012 0.02389931252822374
0 0.7918914268748224 0.7559948726085902 0.017248679491529136 0.0175401296547174
0 0.6595997602081557 0.7629279850762425 0.013082012824862469 0.017321763907704717
0 0.35952700860504794 0.7807336521944882 0.013082012824862469 0.017321763907704717
0 0.3657042570019401 0.7824894369073025 0.013082012824862469 0.017321763907704717
0 0.2561837537957245 0.7923882044330519 0.023716934300852564 0.024117678275236188
0 0.687251874787955 0.7749956829505736 0.025945770840401394 0.028393527815409433
0 0.7861374565181805 0.7718928297923561 0.019550267634185776 0.02389931252822374
0 0.4017624565181805 0.792037069954275 0.019550267634185894 0.02389931252822374
0 0.4192889108437443 0.7963173488628044 0.013227516031078086 0.021488430574371383
0 0.40890861997863154 0.7958215965636695 0.019550267634185894 0.02389931252822374
0 0.6379661592406365 0.7869364804779726 0.01322751603107785 0.021488430574371383
0 0.44723203183597476 0.8000517134038022 0.019550267634185894 0.02389931252822374
0 0.12215928023286698 0.819167575004124 0.023716934300852564 0.024117678275236188
0 0.3293781952964258 0.8103872124235768 0.023716934300852564 0.024117678275236188
0 0.7052743587568769 0.79484637042235 0.013227516031078086 0.021488430574371383
0 0.5770402313522153 0.8046861171429895 0.019550267634186012 0.02389931252822374
0 0.9229099404871024 0.7855200934742712 0.02609127404661701 0.0325601944820761
0 0.5259621888839946 0.8084027642105615 0.019550267634186012 0.02389931252822374
0 0.033217479749107374 0.8352661804614766 0.023716934300852546 0.024117678275236188
0 0.9009258130824407 0.7897915136460877 0.02609127404661725 0.0325601944820761
0 0.0633530614793329 0.835766362128968 0.026091274046617114 0.0325601944820761
0 0.044566685677778994 0.8377906746571917 0.030257940713283783 0.03277856022908878
0 0.16328030987622508 0.8326089175339974 0.01984127404661713 0.03223264586155684
0 0.2278636432095584 0.8292242484553008 0.017248679491529136 0.0175401296547174
0 0.4465772674080045 0.8188017134038023 0.019550267634185894 0.02389931252822374
0 0.19093242445602432 0.8446766154083284 0.019695770840401514 0.028065979194890407
0 0.22200054544825482 0.8482472056390667 0.025945770840401512 0.028393527815409433
0 0.24957990842494626 0.8623982368467312 0.02609127404661713 0.0325601944820761
0 0.7473146960838435 0.8415118634120503 0.025945770840401394 0.028393527815409433
0 0.3002941928776278 0.869098256445826 0.02609127404661701 0.0325601944820761
0 0.33459644127452004 0.8693800723663048 0.025945770840401394 0.028393527815409433
0 0.8094873138698584 0.8476113772068601 0.025945770840401394 0.028393527815409433
0 0.41425913758454475 0.8808015317363107 0.02609127404661701 0.0325601944820761
0 0.7819178635379276 0.8927261631256893 0.019695770840401396 0.028065979194890407
0 0.6285382329270504 0.9080427709950717 0.026309528855940557 0.0388101944820761
0 0.5991533114510602 0.9158213312241604 0.022070110586165963 0.03650849540173008
0 0.9483298995937168 0.891283199911849 0.038300267634186015 0.024881958389780814