0 0.6927083333333334 0.017708333333333333 0.025 0.025
0 0.6385416666666667 0.11041666666666666 0.025 0.0375
0 0.5458333333333333 0.10833333333333334 0.020833333333333332 0.0375
0 0.6020833333333333 0.11145833333333334 0.020833333333333332 0.0375
0 0.7375 0.11875 0.020833333333333332 0.03333333333333333
0 0.88125 0.12708333333333333 0.025 0.03333333333333333
0 0.6791666666666667 0.121875 0.020833333333333332 0.0375
0 0.09166666666666666 0.10104166666666667 0.025 0.0375
0 0.4322916666666667 0.11354166666666667 0.025 0.029166666666666667
0 0.5020833333333333 0.11770833333333333 0.029166666666666667 0.0375
0 0.184375 0.10729166666666666 0.020833333333333332 0.041666666666666664
0 0.3927083333333333 0.11666666666666667 0.025 0.0375
0 0.22916666666666666 0.11354166666666667 0.020833333333333332 0.028125
0 0.13541666666666666 0.11145833333333334 0.025 0.03333333333333333
0 0.9822916666666667 0.15833333333333333 0.029166666666666667 0.041666666666666664
0 0.9333333333333333 0.15833333333333333 0.029166666666666667 0.0375
0 0.6625 0.15625 0.020833333333333332 0.0375
0 0.778125 0.1625 0.025 0.041666666666666664
0 0.8270833333333333 0.16458333333333333 0.025 0.0375
0 0.47291666666666665 0.15208333333333332 0.025 0.0375
0 0.73125 0.16458333333333333 0.020833333333333332 0.03333333333333333
0 0.5260416666666666 0.15833333333333333 0.020833333333333332 0.03333333333333333
0 0.6364583333333333 0.16145833333333334 0.025 0.03333333333333333
0 0.42291666666666666 0.15625 0.025 0.03333333333333333
0 0.15104166666666666 0.14895833333333333 0.029166666666666667 0.041666666666666664
0 0.240625 0.15208333333333332 0.03333333333333333 0.03333333333333333
0 0.0625 0.14583333333333334 0.029166666666666667 0.046875
0 0.875 0.17708333333333334 0.029166666666666667 0.0375
0 0.5854166666666667 0.16666666666666666 0.029166666666666667 0.0375
0 0.28541666666666665 0.15625 0.025 0.041666666666666664
0 0.32708333333333334 0.16041666666666668 0.015625 0.0375
0 0.1 0.15416666666666667 0.025 0.041666666666666664
0 0.46875 0.017708333333333333 0.025 0.035416666666666666
0 0.5479166666666667 0.017708333333333333 0.020833333333333332 0.03333333333333333
0 0.3145833333333333 0.0125 0.020833333333333332 0.025
0 0.196875 0.16041666666666668 0.020833333333333332 0.041666666666666664
0 0.3729166666666667 0.17083333333333334 0.020833333333333332 0.0375
0 0.9552083333333333 0.203125 0.025 0.03333333333333333
0 0.6354166666666666 0.20208333333333334 0.034375 0.046875
0 0.9020833333333333 0.21354166666666666 0.025 0.0375
0 0.7364583333333333 0.20729166666666668 0.029166666666666667 0.041666666666666664
0 0.3854166666666667 0.19791666666666666 0.029166666666666667 0.0375
0 0.6885416666666667 0.21041666666666667 0.029166666666666667 0.046875
0 0.43125 0.20208333333333334 0.03333333333333333 0.041666666666666664
0 0.24583333333333332 0.196875 0.029166666666666667 0.041666666666666664
0 0.5333333333333333 0.20729166666666668 0.034375 0.046875
0 0.834375 0.21770833333333334 0.025 0.041666666666666664
0 0.790625 0.21666666666666667 0.020833333333333332 0.041666666666666664
0 0.5791666666666667 0.215625 0.03333333333333333 0.041666666666666664
0 0.484375 0.21458333333333332 0.03333333333333333 0.041666666666666664
0 0.14895833333333333 0.20520833333333333 0.025 0.041666666666666664
0 0.014583333333333334 0.20104166666666667 0.010416666666666666 0.041666666666666664
0 0.33645833333333336 0.21145833333333333 0.029166666666666667 0.041666666666666664
0 0.09375 0.20520833333333333 0.025 0.041666666666666664
0 0.19166666666666668 0.215625 0.03333333333333333 0.041666666666666664
0 0.2875 0.21875 0.025 0.0375
0 0.9697916666666667 0.25416666666666665 0.025 0.041666666666666664
0 0.44895833333333335 0.022916666666666665 0.020833333333333332 0.028125
0 0.7489583333333333 0.25625 0.029166666666666667 0.0375
0 0.9145833333333333 0.26458333333333334 0.029166666666666667 0.041666666666666664
0 0.3885416666666667 0.24583333333333332 0.025 0.046875
0 0.8583333333333333 0.2625 0.029166666666666667 0.041666666666666664
0 0.6479166666666667 0.259375 0.020833333333333332 0.03333333333333333
0 0.7052083333333333 0.26145833333333335 0.029166666666666667 0.041666666666666664
0 0.8072916666666666 0.2677083333333333 0.020833333333333332 0.0375
0 0.5895833333333333 0.26458333333333334 0.029166666666666667 0.0375
0 0.5364583333333334 0.2625 0.029166666666666667 0.0375
0 0.434375 0.26145833333333335 0.025 0.03333333333333333
0 0.37083333333333335 0.022916666666666665 0.020833333333333332 0.0375
0 0.49166666666666664 0.265625 0.025 0.041666666666666664
0 0.013541666666666667 0.25416666666666665 0.010416666666666666 0.022916666666666665
0 0.13854166666666667 0.25833333333333336 0.025 0.0375
0 0.234375 0.26145833333333335 0.020833333333333332 0.0375
0 0.10104166666666667 0.259375 0.029166666666666667 0.0375
0 0.19583333333333333 0.2625 0.029166666666666667 0.041666666666666664
0 0.490625 0.027083333333333334 0.020833333333333332 0.0375
0 0.052083333333333336 0.2604166666666667 0.029166666666666667 0.03333333333333333
0 0.13645833333333332 0.016666666666666666 0.025 0.029166666666666667
0 0.8104166666666667 0.3072916666666667 0.03333333333333333 0.041666666666666664
0 0.4125 0.027083333333333334 0.020833333333333332 0.03333333333333333
0 0.9229166666666667 0.31354166666666666 0.029166666666666667 0.041666666666666664
0 0.6552083333333333 0.30833333333333335 0.029166666666666667 0.041666666666666664
0 0.7635416666666667 0.31666666666666665 0.03333333333333333 0.041666666666666664
0 0.07708333333333334 0.015625 0.020833333333333332 0.022916666666666665
0 0.990625 0.32916666666666666 0.01875 0.041666666666666664
0 0.3958333333333333 0.30833333333333335 0.025 0.041666666666666664
0 0.596875 0.32083333333333336 0.03333333333333333 0.041666666666666664
0 0.24895833333333334 0.30833333333333335 0.025 0.0375
0 0.5020833333333333 0.31979166666666664 0.025 0.041666666666666664
0 0.0375 0.015625 0.020833333333333332 0.028125
0 0.3489583333333333 0.3145833333333333 0.025 0.0375
0 0.7052083333333333 0.32708333333333334 0.029166666666666667 0.0375
0 0.5541666666666667 0.3229166666666667 0.020833333333333332 0.041666666666666664
0 0.03854166666666667 0.30833333333333335 0.029166666666666667 0.041666666666666664
0 0.8791666666666667 0.3375 0.029166666666666667 0.041666666666666664
0 0.4552083333333333 0.325 0.029166666666666667 0.0375
0 0.09479166666666666 0.3145833333333333 0.025 0.03333333333333333
0 0.29791666666666666 0.32708333333333334 0.025 0.0375
0 0.12604166666666666 0.33125 0.025 0.041666666666666664
0 0.859375 0.046875 0.029166666666666667 0.0375
0 0.16979166666666667 0.3375 0.029166666666666667 0.029166666666666667
0 0.7802083333333333 0.3770833333333333 0.025 0.0375
0 0.9916666666666667 0.39166666666666666 0.015625 0.0375
0 0.9416666666666667 0.390625 0.029166666666666667 0.0375
0 0.6604166666666667 0.3802083333333333 0.029166666666666667 0.0375
0 0.8333333333333334 0.38645833333333335 0.029166666666666667 0.041666666666666664
0 0.6145833333333334 0.37916666666666665 0.025 0.0375
0 0.09895833333333333 0.36770833333333336 0.029166666666666667 0.03333333333333333
0 0.5520833333333334 0.38333333333333336 0.029166666666666667 0.0375
0 0.8739583333333333 0.39791666666666664 0.029166666666666667 0.041666666666666664
0 0.7229166666666667 0.39166666666666666 0.03333333333333333 0.041666666666666664
0 0.19166666666666668 0.37604166666666666 0.029166666666666667 0.041666666666666664
0 0.23958333333333334 0.3770833333333333 0.025 0.03333333333333333
0 0.33958333333333335 0.38333333333333336 0.025 0.029166666666666667
0 0.13854166666666667 0.37916666666666665 0.025 0.0375
0 0.49166666666666664 0.39166666666666666 0.029166666666666667 0.0375
0 0.3020833333333333 0.38645833333333335 0.029166666666666667 0.0375
0 0.035416666666666666 0.37916666666666665 0.025 0.041666666666666664
0 0.9416666666666667 0.05416666666666667 0.025 0.0375
0 0.8854166666666666 0.05416666666666667 0.029166666666666667 0.0375
0 0.9947916666666666 0.058333333333333334 0.010416666666666666 0.0375
0 0.9520833333333333 0.44166666666666665 0.025 0.041666666666666664
0 0.5145833333333333 0.42916666666666664 0.029166666666666667 0.041666666666666664
0 0.6270833333333333 0.4354166666666667 0.029166666666666667 0.041666666666666664
0 0.7895833333333333 0.4427083333333333 0.029166666666666667 0.046875
0 0.346875 0.42916666666666664 0.03958333333333333 0.046875
0 0.7291666666666666 0.44583333333333336 0.029166666666666667 0.041666666666666664
0 0.5697916666666667 0.4395833333333333 0.025 0.0375
0 0.090625 0.42291666666666666 0.029166666666666667 0.041666666666666664
0 0.8979166666666667 0.45416666666666666 0.034375 0.046875
0 0.15104166666666666 0.42916666666666664 0.029166666666666667 0.041666666666666664
0 0.403125 0.4395833333333333 0.029166666666666667 0.041666666666666664
0 0.4583333333333333 0.44583333333333336 0.020833333333333332 0.0375
0 0.19895833333333332 0.43854166666666666 0.029166666666666667 0.041666666666666664
0 0.6791666666666667 0.4583333333333333 0.029166666666666667 0.041666666666666664
0 0.29791666666666666 0.44479166666666664 0.025 0.041666666666666664
0 0.8260416666666667 0.465625 0.029166666666666667 0.046875
0 0.2520833333333333 0.4479166666666667 0.025 0.041666666666666664
0 0.03333333333333333 0.4395833333333333 0.029166666666666667 0.041666666666666664
0 0.25416666666666665 0.0375 0.020833333333333332 0.028125
0 0.784375 0.058333333333333334 0.029166666666666667 0.0375
0 0.08958333333333333 0.4666666666666667 0.029166666666666667 0.041666666666666664
0 0.3020833333333333 0.48125 0.025 0.041666666666666664
0 0.6020833333333333 0.052083333333333336 0.025 0.0375
0 0.91875 0.5052083333333334 0.029166666666666667 0.046875
0 0.4114583333333333 0.4875 0.029166666666666667 0.041666666666666664
0 0.5791666666666667 0.49583333333333335 0.029166666666666667 0.041666666666666664
0 0.5208333333333334 0.49583333333333335 0.029166666666666667 0.041666666666666664
0 0.7541666666666667 0.5041666666666667 0.029166666666666667 0.046875
0 0.8635416666666667 0.5083333333333333 0.03333333333333333 0.041666666666666664
0 0.34479166666666666 0.49166666666666664 0.029166666666666667 0.046875
0 0.020833333333333332 0.48333333333333334 0.03333333333333333 0.041666666666666664
0 0.4739583333333333 0.5041666666666667 0.029166666666666667 0.041666666666666664
0 0.7791666666666667 0.5166666666666667 0.03333333333333333 0.0375
0 0.6864583333333333 0.515625 0.03333333333333333 0.0375
0 0.6385416666666667 0.5166666666666667 0.029166666666666667 0.041666666666666664
0 0.19166666666666668 0.5010416666666667 0.029166666666666667 0.041666666666666664
0 0.14583333333333334 0.5020833333333333 0.029166666666666667 0.046875
0 0.6916666666666667 0.057291666666666664 0.025 0.0375
0 0.22291666666666668 0.5114583333333333 0.029166666666666667 0.041666666666666664
0 0.7489583333333333 0.06145833333333333 0.020833333333333332 0.028125
0 0.6989583333333333 0.5645833333333333 0.03958333333333333 0.046875
0 0.8770833333333333 0.5729166666666666 0.03333333333333333 0.041666666666666664
0 0.403125 0.559375 0.03333333333333333 0.041666666666666664
0 0.18541666666666667 0.5520833333333334 0.029166666666666667 0.041666666666666664
0 0.8125 0.5760416666666667 0.03333333333333333 0.041666666666666664
0 0.3541666666666667 0.5604166666666667 0.025 0.041666666666666664
0 0.25729166666666664 0.5583333333333333 0.029166666666666667 0.052083333333333336
0 0.6270833333333333 0.571875 0.03333333333333333 0.041666666666666664
0 0.9697916666666667 0.5833333333333334 0.029166666666666667 0.052083333333333336
0 0.5770833333333333 0.571875 0.034375 0.046875
0 0.08854166666666667 0.5583333333333333 0.03333333333333333 0.0375
0 0.7416666666666667 0.5833333333333334 0.034375 0.052083333333333336
0 0.5479166666666667 0.059375 0.020833333333333332 0.0375
0 0.13645833333333332 0.5614583333333333 0.029166666666666667 0.0375
0 0.509375 0.5770833333333333 0.03333333333333333 0.041666666666666664
0 0.44166666666666665 0.5739583333333333 0.03333333333333333 0.041666666666666664
0 0.03958333333333333 0.5625 0.0375 0.03333333333333333
0 0.29791666666666666 0.5770833333333333 0.029166666666666667 0.041666666666666664
0 0.65 0.06458333333333334 0.020833333333333332 0.0375
0 0.70625 0.6291666666666667 0.029166666666666667 0.041666666666666664
0 0.03333333333333333 0.6083333333333333 0.029166666666666667 0.041666666666666664
0 0.64375 0.6333333333333333 0.029166666666666667 0.041666666666666664
0 0.35833333333333334 0.625 0.029166666666666667 0.041666666666666664
0 0.8385416666666666 0.64375 0.0375 0.041666666666666664
0 0.7791666666666667 0.6447916666666667 0.029166666666666667 0.041666666666666664
0 0.08958333333333333 0.6208333333333333 0.029166666666666667 0.041666666666666664
0 0.4791666666666667 0.6333333333333333 0.025 0.0375
0 0.825 0.017708333333333333 0.01875 0.014583333333333334
0 0.7395833333333334 0.014583333333333334 0.01875 0.014583333333333334
0 0.275 0.057291666666666664 0.015625 0.028125
0 0.30520833333333336 0.6322916666666667 0.025 0.041666666666666664
0 0.14166666666666666 0.6270833333333333 0.029166666666666667 0.041666666666666664
0 0.428125 0.6364583333333333 0.029166666666666667 0.041666666666666664
0 0.19479166666666667 0.6302083333333334 0.029166666666666667 0.0375
0 0.54375 0.6427083333333333 0.029166666666666667 0.0375
0 0.9479166666666666 0.659375 0.034375 0.05625
0 0.5854166666666667 0.6489583333333333 0.029166666666666667 0.0375
0 0.246875 0.6416666666666667 0.029166666666666667 0.041666666666666664
0 0.5104166666666666 0.06458333333333334 0.020833333333333332 0.0375
0 0.378125 0.0625 0.025 0.0375
0 0.19791666666666666 0.6822916666666666 0.029166666666666667 0.046875
0 0.134375 0.6864583333333333 0.034375 0.052083333333333336
0 0.025 0.6854166666666667 0.03333333333333333 0.041666666666666664
0 0.3541666666666667 0.696875 0.029166666666666667 0.041666666666666664
0 0.07604166666666666 0.05416666666666667 0.020833333333333332 0.022916666666666665
0 0.409375 0.6979166666666666 0.029166666666666667 0.041666666666666664
0 0.5895833333333333 0.7072916666666667 0.034375 0.046875
0 0.24791666666666667 0.6979166666666666 0.029166666666666667 0.041666666666666664
0 0.7239583333333334 0.7166666666666667 0.034375 0.052083333333333336
0 0.3104166666666667 0.7020833333333333 0.029166666666666667 0.041666666666666664
0 0.5395833333333333 0.7104166666666667 0.03958333333333333 0.046875
0 0.6604166666666667 0.7166666666666667 0.03958333333333333 0.046875
0 0.41354166666666664 0.06875 0.025 0.0375
0 0.07916666666666666 0.6979166666666666 0.029166666666666667 0.03333333333333333
0 0.47291666666666665 0.71875 0.029166666666666667 0.041666666666666664
0 0.22604166666666667 0.06145833333333333 0.020833333333333332 0.03333333333333333
0 0.84375 0.7364583333333333 0.034375 0.052083333333333336
0 0.45729166666666665 0.07291666666666667 0.025 0.03333333333333333
0 0.7697916666666667 0.7479166666666667 0.03333333333333333 0.041666666666666664
0 0.334375 0.07083333333333333 0.020833333333333332 0.0375
0 0.25416666666666665 0.7604166666666666 0.034375 0.05625
0 0.011458333333333333 0.7520833333333333 0.022916666666666665 0.046875
0 0.48125 0.7770833333333333 0.034375 0.046875
0 0.37083333333333335 0.7760416666666666 0.029166666666666667 0.041666666666666664
0 0.425 0.7822916666666667 0.029166666666666667 0.046875
0 0.675 0.790625 0.03333333333333333 0.041666666666666664
0 0.2625 0.07083333333333333 0.020833333333333332 0.028125
0 0.5572916666666666 0.7895833333333333 0.03333333333333333 0.041666666666666664
0 0.08541666666666667 0.7729166666666667 0.03333333333333333 0.041666666666666664
0 0.31145833333333334 0.7833333333333333 0.03333333333333333 0.041666666666666664
0 0.809375 0.8020833333333334 0.029166666666666667 0.052083333333333336
0 0.6083333333333333 0.7958333333333333 0.034375 0.046875
0 0.7302083333333333 0.8 0.034375 0.05625
0 0.184375 0.7875 0.029166666666666667 0.041666666666666664
0 0.07916666666666666 0.8260416666666667 0.03333333333333333 0.0375
0 0.029166666666666667 0.8239583333333333 0.029166666666666667 0.0375
0 0.6916666666666667 0.85 0.034375 0.052083333333333336
0 0.6291666666666667 0.8489583333333334 0.034375 0.046875
0 0.50625 0.8479166666666667 0.034375 0.052083333333333336
0 0.31666666666666665 0.840625 0.03333333333333333 0.0375
0 0.13229166666666667 0.8364583333333333 0.029166666666666667 0.041666666666666664
0 0.17916666666666667 0.004166666666666667 0.022916666666666665 0.008333333333333333
0 0.035416666666666666 0.06979166666666667 0.025 0.0375
0 0.25 0.840625 0.034375 0.046875
0 0.37916666666666665 0.85 0.0375 0.041666666666666664
0 0.975 0.878125 0.025 0.052083333333333336
0 0.17083333333333334 0.85 0.03333333333333333 0.0375
0 0.434375 0.8583333333333333 0.0375 0.041666666666666664
0 0.5572916666666666 0.8635416666666667 0.0375 0.041666666666666664
0 0.9197916666666667 0.8802083333333334 0.03333333333333333 0.041666666666666664
0 0.59375 0.0125 0.01875 0.01875
0 0.8479166666666667 0.10833333333333334 0.020833333333333332 0.0375
0 0.9916666666666667 0.11666666666666667 0.016666666666666666 0.03333333333333333
0 0.7979166666666667 0.11145833333333334 0.029166666666666667 0.03333333333333333
0 0.94375 0.11666666666666667 0.020833333333333332 0.0375