0 0.482196159134302 0.17083333333333334 0.03168635200509063 0.0375
0 0.4029204044663626 0.16145833333333334 0.029457568003393792 0.025
0 0.11244012534478734 0.084375 0.040019685338424024 0.0375
0 0.536702210693817 0.2 0.03168635200509063 0.0375
0 0.6046529618077562 0.22083333333333333 0.03163786844896966 0.03333333333333333
0 0.7185340133672712 0.25 0.02119696000424227 0.03125
0 0.8617029404837557 0.28958333333333336 0.027471201782302994 0.03333333333333333
0 0.7342559804795135 0.25833333333333336 0.03800907733927232 0.04375
0 0.23063329423933254 0.12604166666666666 0.025290901336727126 0.025
0 0.6381438666984834 0.234375 0.025339384892848215 0.029166666666666667
0 0.9035514204858769 0.30520833333333336 0.019016659558666524 0.022916666666666665
0 0.9181832373753314 0.309375 0.03796059378315135 0.03958333333333333
0 0.7708476435921802 0.26979166666666665 0.03168635200509063 0.0375
0 0.6569787129216955 0.24166666666666667 0.025290901336727244 0.025
0 0.9391135378209071 0.3177083333333333 0.027519685338423965 0.0375
0 0.4887491813600594 0.196875 0.03175907733927244 0.04375
0 0.32679389157648386 0.15416666666666667 0.03796059378315135 0.03958333333333333
0 0.5775696284744228 0.22083333333333333 0.033890894228727104 0.04791666666666667
0 0.5274362986950896 0.209375 0.03800907733927244 0.04375
0 0.9946113129110898 0.33958333333333335 0.01077737417782032 0.025
0 0.3456651004667869 0.16458333333333333 0.03175907733927244 0.04375
0 0.8388589991512709 0.29583333333333334 0.03800907733927232 0.04375
0 0.9694794427116342 0.33125 0.027471201782302994 0.03333333333333333
0 0.8169112738170891 0.28958333333333336 0.025290901336727244 0.025
0 0.3007522249098172 0.15416666666666667 0.03793635200509063 0.0375
0 0.2673219244642416 0.14583333333333334 0.03168635200509063 0.0375
0 0.4512249395819988 0.19479166666666667 0.03389089422872698 0.04791666666666667
0 0.3843522178018171 0.17708333333333334 0.019016659558666524 0.022916666666666665
0 0.8639802080415738 0.30625 0.027471201782302994 0.03333333333333333
0 0.6936552222575741 0.2604166666666667 0.029699985783999714 0.04583333333333333
0 0.36033328002333226 0.171875 0.019016659558666524 0.022916666666666665
0 0.6738150720347863 0.25625 0.029651502227878504 0.041666666666666664
0 0.46903024002757454 0.203125 0.040213619562908795 0.05416666666666667
0 0.3990446391364231 0.18645833333333334 0.03175907733927244 0.04375
0 0.8828392960428465 0.315625 0.027471201782302758 0.03333333333333333
0 0.7888105155951498 0.2916666666666667 0.025339384892848215 0.029166666666666667
0 0.16394238579460527 0.12395833333333334 0.03369696000424227 0.03125
0 0.506675690695938 0.215625 0.03168635200509063 0.0375
0 0.22561889513048397 0.14270833333333333 0.02119696000424227 0.03125
0 0.6039143173668469 0.246875 0.02950605155951488 0.029166666666666667
0 0.9904688880224839 0.35 0.01906222395503221 0.0375
0 0.9956893422448475 0.35520833333333335 0.008621315510305058 0.04375
0 0.9539756516019372 0.3416666666666667 0.04016513600678759 0.05
0 0.25076434579884754 0.15520833333333334 0.029506051559515002 0.029166666666666667
0 0.42943478580521083 0.20208333333333334 0.03168635200509063 0.0375
0 0.8756082338213313 0.32083333333333336 0.025290901336727244 0.025
0 0.09825678134945379 0.11875 0.03391513600678759 0.05
0 0.1985719244642415 0.14583333333333334 0.029506051559515002 0.029166666666666667
0 0.3709802435815746 0.19166666666666668 0.03168635200509063 0.0375
0 0.9791089813812707 0.353125 0.03796059378315135 0.03958333333333333
0 0.24035980002121116 0.15625 0.027519685338424024 0.0375
0 0.5590862880330894 0.24375 0.03796059378315135 0.03958333333333333
0 0.806724904041998 0.309375 0.025339384892848215 0.029166666666666667
0 0.6280544640356347 0.2625 0.03800907733927232 0.04375
0 0.7116786987056952 0.2875 0.03800907733927232 0.04375
0 0.897677168045816 0.3375 0.04016513600678759 0.05
0 0.271767371578605 0.16979166666666667 0.03800907733927244 0.04375
0 0.6542415813706649 0.275 0.042345436452363334 0.058333333333333334
0 0.4097522071398168 0.21145833333333333 0.031637868448969424 0.03333333333333333
0 0.15689313690854456 0.14479166666666668 0.03175907733927244 0.04375
0 0.2948416098026655 0.18333333333333332 0.03175907733927244 0.04375
0 0.7545930871525435 0.30520833333333336 0.03391513600678759 0.05
0 0.20288404179927172 0.15833333333333333 0.03168635200509063 0.0375
0 0.17679389157648387 0.15416666666666667 0.027519685338424024 0.0375
0 0.6052347644812104 0.2708333333333333 0.027519685338423965 0.0375
0 0.5760074933693923 0.265625 0.04016513600678759 0.05
0 0.21136282580096863 0.17083333333333334 0.03800907733927244 0.04375
0 0.7829362631550888 0.32395833333333335 0.029699985783999714 0.04583333333333333
0 0.8718294356036341 0.3541666666666667 0.042175744005938993 0.04375
0 0.3675771929238165 0.25729166666666664 0.0528348284532117 0.06458333333333334
0 0.6601892889348463 0.3385416666666667 0.03796059378315135 0.03958333333333333
0 0.693619589380422 0.346875 0.04438028622957546 0.05416666666666667
0 0.6006567173774525 0.325 0.04438028622957546 0.05416666666666667
0 0.7657491280500583 0.36875 0.03168635200509063 0.0375
0 0.4096923324846042 0.29583333333333334 0.0528348284532117 0.06458333333333334
0 0.9687778907277547 0.45 0.04016513600678735 0.05
0 0.9176634987269063 0.44375 0.05048483556121184 0.041666666666666664
0 0.5550658018247251 0.3458333333333333 0.03175907733927256 0.04375
0 0.6397074613833916 0.36875 0.04857119467430261 0.05625
0 0.9859514453638774 0.47708333333333336 0.02809710927224529 0.05416666666666667
0 0.7673725973901793 0.41875 0.04016513600678759 0.05
0 0.8352991067260579 0.4375 0.04651210311903 0.058333333333333334
0 0.6681112418310884 0.3927083333333333 0.0423454364523631 0.058333333333333334
0 0.1352249218119984 0.2520833333333333 0.046512103119029945 0.058333333333333334
0 0.6984407840547248 0.403125 0.04641513600678759 0.05
0 0.43305747204539186 0.334375 0.025339384892848333 0.029166666666666667
0 0.477994589380422 0.346875 0.04651210311903 0.058333333333333334
0 0.5657733698281189 0.37083333333333335 0.042345436452363334 0.058333333333333334
0 0.07471128803308939 0.24375 0.050703011563757214 0.06041666666666667
0 0.44882792271375543 0.346875 0.03168635200509063 0.0375
0 0.525112007161028 0.36770833333333336 0.03175907733927244 0.04375
0 0.31927338759811924 0.31354166666666666 0.05070301156375715 0.06041666666666667
0 0.5011173111606038 0.3645833333333333 0.040213619562908795 0.05416666666666667
0 0.3590142924888465 0.32708333333333334 0.05273786134096928 0.05625
0 0.9180392462868455 0.47604166666666664 0.04641513600678759 0.05
0 0.2901067209314526 0.31354166666666666 0.027519685338423965 0.0375
0 0.8721574293973909 0.471875 0.040213619562908795 0.05416666666666667
0 0.436473373382119 0.359375 0.04224846934012092 0.05
0 0.8712098106832113 0.121875 0.03175907733927232 0.04375
0 0.40850594493951287 0.3729166666666667 0.05273786134096928 0.05625
0 0.4513354871631491 0.38333333333333336 0.031637868448969424 0.03333333333333333
0 0.16084308715254356 0.30520833333333336 0.03369696000424221 0.03125
0 0.2591355013791494 0.3375 0.03800907733927244 0.04375
0 0.9676278658497542 0.5302083333333333 0.04016513600678735 0.05
0 0.7618134880649061 0.478125 0.03168635200509063 0.0375
0 0.5799816853914519 0.428125 0.03796059378315135 0.03958333333333333
0 0.14846429604284653 0.315625 0.01906514311478773 0.027083333333333334
0 0.8423248436239968 0.5041666666666667 0.042175744005938993 0.04375
0 0.9814927826755754 0.153125 0.03701443464884922 0.04375
0 0.893548323626118 0.5197916666666667 0.03800907733927232 0.04375
0 0.111024900487998 0.32083333333333336 0.0400439271164846 0.03958333333333333
0 0.6251733413961184 0.4625 0.04016513600678759 0.05
0 0.50608395650327 0.43333333333333335 0.03800907733927244 0.04375
0 0.6910650009547848 0.48541666666666666 0.040213619562908795 0.05416666666666667
0 0.1581423182686039 0.3416666666666667 0.04016513600678759 0.05
0 0.2898165493846643 0.378125 0.05070301156375715 0.06041666666666667
0 0.7590036311796938 0.5052083333333334 0.04004392711648468 0.03958333333333333
0 0.9073808916295117 0.5447916666666667 0.031637868448969424 0.03333333333333333
0 0.9806369431890267 0.5739583333333333 0.03796059378315135 0.03958333333333333
0 0.7591612027370876 0.51875 0.0423454364523631 0.058333333333333334
0 0.18967109871630072 0.365625 0.03163786844896954 0.03333333333333333
0 0.48121728628260324 0.44479166666666664 0.038009077339272564 0.04375
0 0.5136544036176336 0.45729166666666665 0.04857119467430261 0.05625
0 0.5743740925100576 0.48333333333333334 0.04641513600678759 0.05
0 0.07493019382557356 0.35208333333333336 0.03389089422872698 0.04791666666666667
0 0.09582413160405838 0.3572916666666667 0.04021361956290877 0.05416666666666667
0 0.6642604480691484 0.509375 0.04438028622957546 0.05416666666666667
0 0.864902855187754 0.5645833333333333 0.03175907733927232 0.04375
0 0.8848036098556934 0.5739583333333333 0.029699985783999714 0.04583333333333333
0 0.7134975618501785 0.5333333333333333 0.04438028622957546 0.05416666666666667
0 0.1920816960534521 0.39375 0.04217574400593911 0.04375
0 0.9591134489709053 0.6041666666666666 0.04857119467430261 0.05625
0 0.8264096720772085 0.56875 0.04224846934012092 0.05
0 0.038568827604482596 0.36041666666666666 0.040213619562908746 0.05416666666666667
0 0.12742563738593699 0.3875 0.04021361956290873 0.05416666666666667
0 0.6070778694037543 0.51875 0.04016513600678735 0.05
0 0.8864270791958143 0.6239583333333333 0.046512103119029764 0.058333333333333334
0 0.4705831734033301 0.515625 0.06126512889878744 0.07291666666666667
0 0.556339224962845 0.5447916666666667 0.05070301156375715 0.06041666666666667
0 0.6943361814130872 0.5875 0.04641513600678735 0.05
0 0.09041047294714884 0.42916666666666664 0.04217574400593911 0.04375
0 0.781097536972178 0.6135416666666667 0.05268937778484807 0.052083333333333336
0 0.9546081272013291 0.6645833333333333 0.04651210311903 0.058333333333333334
0 0.5899392178548449 0.5677083333333334 0.04224846934012092 0.05
0 0.8470740427540566 0.64375 0.04224846934012092 0.05
0 0.7562551085295719 0.6270833333333333 0.04651210311903 0.058333333333333334
0 0.15861576273072434 0.471875 0.05268937778484819 0.052083333333333336
0 0.8348242026840598 0.128125 0.03796059378315135 0.03958333333333333
0 0.6174467823042387 0.6041666666666666 0.04641513600678759 0.05
0 0.01872940717163358 0.44583333333333336 0.02548483556121186 0.041666666666666664
0 0.08356727917460315 0.46770833333333334 0.040165136006787554 0.05
0 0.6928467716422385 0.6385416666666667 0.042175744005938993 0.04375
0 0.8370694863144199 0.6791666666666667 0.046512103119029764 0.058333333333333334
0 0.7754535814236928 0.665625 0.05070301156375715 0.06041666666666667
0 0.9281187174304805 0.715625 0.04857119467430285 0.05625
0 0.16642862762569374 0.5166666666666667 0.04641513600678759 0.05
0 0.8571156916507229 0.7010416666666667 0.05486967823042382 0.06041666666666667
0 0.9021134134309047 0.71875 0.0528348284532117 0.06458333333333334
0 0.2501134667409057 0.546875 0.050703011563757214 0.06041666666666667
0 0.6023187387544808 0.646875 0.05707422045406029 0.07083333333333333
0 0.007804392955633292 0.49166666666666664 0.004796952896242085 0.05416666666666667
0 0.6943369112030261 0.6770833333333334 0.0528348284532117 0.06458333333333334
0 0.0987324151813907 0.5177083333333333 0.05707422045406017 0.07083333333333333
0 0.021443026734542334 0.5 0.031831802673454236 0.05
0 0.16899679652023894 0.5583333333333333 0.04641513600678759 0.05
0 0.8965543041056315 0.778125 0.05700149511987836 0.06458333333333334
0 0.7252846187672074 0.740625 0.05486967823042382 0.06041666666666667
0 0.8183808205495102 0.7739583333333333 0.05707422045406029 0.07083333333333333
0 0.06291648896666309 0.5729166666666666 0.046512103119029945 0.058333333333333334
0 0.1778634489709053 0.6041666666666666 0.05290755378739351 0.07083333333333333
0 0.7556868863250256 0.7572916666666667 0.06756361245490865 0.07708333333333334
0 0.0838710311902994 0.5833333333333334 0.05503937067684802 0.075
0 0.012855884521511606 0.5677083333333334 0.013348462232120753 0.07291666666666667
0 0.23657252986417784 0.6364583333333333 0.0528348284532117 0.06458333333333334
0 0.6650861281030861 0.759375 0.05707422045406029 0.07083333333333333
0 0.14270132097387486 0.6260416666666667 0.04016513600678759 0.05
0 0.6119490072140559 0.7583333333333333 0.04857119467430261 0.05625
0 0.30795130320387454 0.6833333333333333 0.05290755378739351 0.07083333333333333
0 0.9025626161149645 0.846875 0.04641513600678759 0.05
0 0.8013754987799343 0.834375 0.046512103119029764 0.058333333333333334
0 0.9207741884680595 0.17395833333333333 0.03796059378315135 0.03958333333333333
0 0.012468745862480951 0.6239583333333333 0.01092574400593912 0.04375
0 0.2518346329832078 0.6947916666666667 0.0443802862295754 0.05416666666666667
0 0.8256489752280552 0.8614583333333333 0.06538331200933291 0.06875
0 0.8759398765647823 0.8864583333333333 0.059206037343514595 0.075
0 0.6314262605558736 0.8208333333333333 0.0528348284532117 0.06458333333333334
0 0.2638384063229045 0.7416666666666667 0.05700149511987836 0.06458333333333334
0 0.11440735831738955 0.7010416666666667 0.04871664534266624 0.06875
0 0.017168731646480664 0.6697916666666667 0.019453011563757196 0.06041666666666667
0 0.882953492573691 0.9520833333333333 0.05070301156375715 0.06041666666666667
0 0.29269065966472224 0.8041666666666667 0.0528348284532117 0.06458333333333334
0 0.8059307636855092 0.9572916666666667 0.06756361245490865 0.07708333333333334
0 0.2428118685550252 0.8145833333333333 0.05920603734351471 0.075
0 0.10606263388496477 0.7895833333333333 0.05268937778484816 0.052083333333333336