0 0.034154445888758295 0.19123031466157597 0.05785004761841995 0.09232119467430273
0 0.5967453576852594 0.17947670125188253 0.08986370670902961 0.13643482134521162
0 0.2192438300880209 0.2078227964141832 0.0685939967524907 0.11119240356460564
0 0.7650044339841533 0.20563811722897452 0.06819398484788573 0.08827573689793897
0 0.27083623972024806 0.2353417519626684 0.08153037337569605 0.13633785423296912
0 0.3311619945904136 0.2398470737322445 0.08705307900368714 0.09474391290048428
0 0.8179294280318509 0.2164782852217627 0.0584682478346276 0.12773786134096934
0 0.7027278944823098 0.253228249681762 0.07886520454475558 0.10298027912157531
0 0.5181347061707071 0.26787364704012445 0.07750916558343117 0.14462270401018137
0 0.46996348647383723 0.28301454126885145 0.09629553030203179 0.14692421334606004
0 0.05585816666886353 0.3201182008805458 0.06701976947956371 0.14033482845321169
0 0.3826142175347928 0.33506224172503274 0.07144098917643357 0.15496664534266624
0 0.15215133117125626 0.3523242915340616 0.10053492640589928 0.15113936356884777
0 0.7830376839852516 0.3658123661150352 0.07100461255322822 0.12996664534266625
0 0.17308558008692246 0.047975811531940485 0.04918943181768256 0.0734742275620603
0 0.7035073701325805 0.3875668870146711 0.1070758441547028 0.1678787555696964
0 0.3350899247865384 0.43247056084236574 0.07776371861363435 0.1592060373435146
0 0.2588482521675692 0.44481371907491074 0.11628193073444718 0.21797572268193868
0 0.07082096374786265 0.4772038124336974 0.0979788517307601 0.12403178845745397
0 0.9484134031416024 0.4378313572035212 0.0913910248902487 0.22393482134521156
0 0.4869421596355225 0.5036054568215789 0.10999556601584667 0.21581966401442354
0 0.8829573165618582 0.4885828523233995 0.1072576677477052 0.17829542223636294
0 0.20510451136408572 0.06322506397200128 0.0748439967524907 0.11126512889878742
0 0.7993436098528286 0.6249449483344293 0.12484399675249071 0.1118469315722417
0 0.04004607088930751 0.6796871351050306 0.08009214177861503 0.27395906312327206
0 0.3118125173207819 0.6920637368449112 0.13133800540958637 0.245228748461696
0 0.1700185741390137 0.7010038444196982 0.15633800540958637 0.24551964979842325
0 0.4664537505416177 0.06643272082539686 0.055984902596689305 0.10479695289624208
0 0.7028480735984944 0.7833274950138226 0.14844104869945862 0.2704226826861808
0 0.2681916190482467 0.08852735640781988 0.08303187121142225 0.10302876267769646
0 0.12122570725174558 0.09544473509442501 0.06877582034549293 0.12160907023127233
0 0.5078840465373814 0.07948955193085167 0.07469853787808892 0.10293179556545408
0 0.43282949945948074 0.08348725594103303 0.06450005952302493 0.11531058667515112
0 0.02416888365874332 0.10698864444090925 0.04151066341915736 0.11087726044981792
0 0.7578113171001806 0.08074720523024717 0.06168943181768256 0.07361967823042388
0 0.5540135698060721 0.12165244525782165 0.06877582034549287 0.12160907023127233
0 0.7852999345246725 0.1168782745597625 0.08040306709908217 0.07175452089963587
0 0.7122014442650036 0.1281434034585499 0.049262161254883335 0.07764089422872698
0 0.4679605205638975 0.1591046914916393 0.09505912986961627 0.0760908800127267