0 0.5477759393915427 0.3373925683907403 0.029893961038675816 0.042345528368703714
0 0.3831926060582095 0.3412232879950923 0.03179547077900675 0.031977351823611146
0 0.16120851190240812 0.3401374859427314 0.029893961038675698 0.04234552836870383
0 0.2030751845213773 0.3506260168445832 0.04268487878747938 0.05930313576481486
0 0.27918958062524485 0.3530227940737961 0.03625305519447709 0.04874099873342601
0 0.44079337283298 0.35759814298513853 0.03625305519447709 0.04874099873342601
0 0.3919804983740485 0.3670709941754627 0.03603486688287442 0.03624099873342601
0 0.33986080032211474 0.36619991388148126 0.03632578463167799 0.05290766540009268
0 0.027597170993017648 0.3870150987842592 0.030366702380481624 0.06942886170203705
0 0.299817635819722 0.400478804585509 0.047069733765748724 0.07190011600796306
0 0.7490305221832584 0.404612516719629 0.051309129869616284 0.07616376291777781
0 0.5510956731572916 0.40817741160249954 0.04685154545414605 0.05940011600796306
0 0.08000778679375506 0.40455284574490735 0.03409699242394284 0.04452584194518513
0 0.7741759810576603 0.4123639685940734 0.04685154545414605 0.05940011600796306
0 0.6793661320316934 0.4135286024590272 0.06179852597348372 0.08057288019231497
0 0.5011684025944925 0.413507841186944 0.03625305519447709 0.04874099873342601
0 0.17706461038675733 0.4127147217583795 0.04049245129834465 0.05300464564324076
0 0.5908971948022277 0.4197560992925921 0.044840941558013485 0.06351829255305562
0 0.9171388674211969 0.4236257285995826 0.0662197456703538 0.09525319376879639
0 0.14687445941272423 0.4144594951878703 0.049043972943280716 0.06569860612953704
0 0.5315767418801283 0.4242630677574533 0.03632578463167799 0.05290766540009268
0 0.566006288958029 0.4265879807514811 0.05547579653628295 0.07626074316092589
0 0.4566131065987288 0.4280920454674533 0.04685154545414605 0.05940011600796306
0 0.9444040243475323 0.43341202368578624 0.03873640043241551 0.07170615552166666
0 0.20341537716152785 0.42981692857203685 0.049043972943280716 0.06569860612953704
0 0.3338055340878635 0.4372029626403238 0.04904397294328078 0.06569860612953704
0 0.620445691014199 0.4409522375905551 0.053465192640150386 0.08037891970601857
0 0.7290153950184354 0.45197241793536974 0.05540306709908217 0.07209407649425933
0 0.6946585773777355 0.45381417160800874 0.05547579653628295 0.07626074316092589
0 0.7665881244556362 0.45526626241370305 0.05123640043241551 0.07199709625111125
0 0.27378887932580176 0.46152584283263864 0.06826671428508663 0.09321835055703703
0 0.8545245010788417 0.4782296773075919 0.07901066341915737 0.11221080116490753
0 0.16773888527810427 0.47545717236624985 0.06826671428508663 0.09321835055703716
0 0.504469954000941 0.4832510177320366 0.04268487878747938 0.05930313576481486
0 0.4107017716416408 0.4843914065362034 0.06406368289981947 0.09103803698055563
0 0.37034950703114417 0.5009619639068978 0.05763185930681729 0.08047589994916678
0 0.7003161975070209 0.5391338580315271 0.07462580844088791 0.09961382092175934
0 0.5359146877666897 0.5533812443025459 0.08332278896022581 0.12064111474138907
0 0.903859391770926 0.5583644045113881 0.12582584415470302 0.16952758383953703
0 0.46684504328547843 0.6560715751027312 0.10444704004236272 0.13779268262379626
0 0.057773871207028496 0.7427074623861574 0.09015462445783308 0.1541199184394446
0 0.4908966542149518 0.8399616738869903 0.14914252272597453 0.19297764184351868
0 0.12808755410684797 0.8306906217075463 0.1959213387429197 0.24821109118481482
0 0.21889782467404081 0.18248127241708315 0.027737898268141475 0.038130371580462945
0 0.2639440443709106 0.19602206813657386 0.029893961038675757 0.042345528368703714
0 0.32563874837514695 0.20813327621680527 0.019150011904604962 0.02335307776083333
0 0.2777220817084803 0.20924854901300902 0.02547274134180585 0.027665214792222236
0 0.48884786038785577 0.24497604673402737 0.029893961038675698 0.042345528368703714
0 0.3857046780285555 0.24633464108527744 0.017139408008472638 0.027471254305925955
0 0.31903801136188886 0.2478863249756479 0.027737898268141475 0.038130371580463
0 0.45565998592892426 0.2540852220125459 0.03190456493480814 0.038227351823611144
0 0.4759062115780966 0.2796662325242589 0.027737898268141475 0.038130371580462945
0 0.37491909198933066 0.28514300342060156 0.02996669047587659 0.0465121950353705
0 0.3260516704524984 0.2914908546109256 0.01721213744567341 0.03163792097259256
0 0.29481985281179857 0.29325987310120344 0.03632578463167799 0.05290766540009268
0 0.3959706136342666 0.29715810220486083 0.021306074675139185 0.027568234549074096
0 0.5003372862532358 0.3061919294594903 0.03215911796501132 0.052810685156944474
0 0.645328958872205 0.31428019934342544 0.027628804112340078 0.031880371580462946
0 0.44523804707570386 0.3137269176812033 0.034096992423942867 0.044525841945185246
0 0.5755554745648385 0.3169462850828236 0.027628804112340314 0.031880371580462946
0 0.25454031763850293 0.3139970971385646 0.034315180735545604 0.057025841945185125
0 0.23081835497607253 0.32809640020333314 0.029966690475876648 0.04651219503537038
0 0.6195963923136422 0.33259465919643466 0.04041972186114364 0.04883797897657409