0 0.22030185390162457 0.8021589691574491 0.11844853787808891 0.10411975757495877
0 0.6383192873430619 0.7771595097447247 0.12696369480442465 0.11468188311602721
0 0.5159715460012558 0.8063701791161847 0.13942733008582403 0.11281673809429643
0 0.17524272403200827 0.8779226282480586 0.11000611038895419 0.09772429870055674
0 0.9129556401570572 0.7931927002227983 0.14790612229355915 0.12129553030203179
0 0.7360412202439797 0.8462655189445366 0.2038288398261552 0.10352737770424388
0 0.5062529063869148 0.22963231060955558 0.11212580844088803 0.0998439967524907
0 0.9117157927504512 0.20797603950843413 0.04637880411234031 0.032050023809209925
0 0.33990588420145945 0.33354679004565807 0.02532728246740407 0.019186376623205346
0 0.27824754491582365 0.3460778825777048 0.023316678571271628 0.023316678571271628
0 0.31479679004565814 0.3402331666688635 0.021087886363536514 0.014946980519337908
0 0.729720316019142 0.2538481033600069 0.05273789826814147 0.03840911796501132
0 0.2969793625565234 0.3467922667769674 0.021160615800737404 0.019113647186004574
0 0.23587176623644812 0.3874301769497138 0.03165001190460496 0.023462137445673412
0 0.08432099350937511 0.41923328571491336 0.03384243939373969 0.029748502164273917
0 0.03923840909390481 0.43668179383148975 0.042103043289872105 0.02572729437200915
0 0.14581569156130889 0.4160771931828667 0.02532728246740407 0.019186376623205468
0 0.882518033551738 0.26992529654287356 0.04857123160147481 0.038336388527810426
0 0.3274838858252141 0.3889551293312939 0.03165001190460496 0.023462137445673412
0 0.07348613257880322 0.443373442641249 0.03592577272707302 0.02978486688287442
0 0.017499506495018618 0.45586817045469524 0.034999012990037236 0.029893961038675698
0 0.004405943724484376 0.46339620779226487 0.008811887448968752 0.0273742510821369
0 0.845768782469601 0.28722834578504813 0.03592577272707302 0.02978486688287442
0 0.10981718939703497 0.45002872673240774 0.04857123160147481 0.038336388527810426
0 0.7212649783572609 0.32064204654177514 0.03592577272707302 0.02978486688287442
0 0.2843391758686753 0.4147006060626032 0.04217577272707303 0.029893961038675698
0 0.22262628950513882 0.43035669859465 0.03592577272707302 0.02978486688287442
0 0.9375445432920689 0.27937829816662824 0.04235759632007519 0.04031062770534236
0 0.7941270979460268 0.32249428139075925 0.03592577272707302 0.02978486688287442
0 0.8473975568204286 0.3132336477331144 0.04857123160147481 0.038336388527810426
0 0.9121263490281637 0.30377300812316693 0.03592577272707302 0.02978486688287442
0 0.34554295617180547 0.4282111801972232 0.04860759632007519 0.04041972186114376
0 0.2347080952412336 0.4540968436163805 0.05273789826814147 0.03840911796501132
0 0.7372770800891194 0.3578511287929715 0.0609985021642738 0.034387910172746436
0 0.12241337338008984 0.5039590227281715 0.06348184740221227 0.05734094155801361
0 0.9041982997859892 0.3403586179716019 0.0758727532464107 0.051309129869616284
0 0.7159710054139801 0.38529810931230934 0.0675394199130776 0.051163670995214496
0 0.24876414015486034 0.48405062391951065 0.06337275324641094 0.05109094155801349
0 0.9531566331193225 0.3395040470844913 0.051018212120812714 0.059206086579744265
0 0.38138308928893117 0.4629914642883819 0.05284699242394287 0.04465911796501132
0 0.07930502814215151 0.5276211661261474 0.05705002380920998 0.046815180735545664
0 0.8984263133143489 0.37274119643476966 0.06753941991307737 0.051163670995214496
0 0.6871914404791719 0.4232890330134155 0.05273789826814147 0.03840911796501132
0 0.17608911634565041 0.5311385400445596 0.05705002380920998 0.046815180735545546
0 0.8334611504357106 0.39574350271138375 0.07609094155801349 0.06380912986961627
0 0.0702262180775089 0.5704749583338826 0.04228486688287436 0.036143961038675815
0 0.9669217602841457 0.38612449405428806 0.042648514068878755 0.05697729437200903
0 0.031091901246489598 0.5857674036799249 0.062183802492979195 0.06362730627661412
0 0.7055414285745669 0.4458784172126781 0.07587275324641093 0.051309129869616284
0 0.26342547511194836 0.5389862218633407 0.08446063960994739 0.0660379220773514
0 0.934393722946576 0.4002298138592618 0.06976821212081272 0.05953336904714822
0 0.8600353777086377 0.42443742803624457 0.08632578463167799 0.0535742867959519
0 0.31854289664878055 0.5432308901537619 0.0675394199130776 0.051163670995214496
0 0.6327209458909552 0.5012996666710604 0.08848184740221234 0.057777318181219076
0 0.8822065676439951 0.46674574946497294 0.08848184740221209 0.057777318181219076
0 0.8058194361506241 0.48786472836055605 0.07802881601694504 0.055512161254883334
0 0.3856512121252064 0.5764240367992471 0.0550394199130776 0.050945482683611945
0 0.26112922565356605 0.6108794042226408 0.08252276515101589 0.07433489069208435
0 0.7386982105014518 0.5150700660224372 0.09089246320294961 0.07656368289981946
0 0.3154049864760341 0.6036839215390291 0.09089246320294961 0.07656368289981946
0 0.13136254112999188 0.6475090167758689 0.08446063960994739 0.06603792207735164
0 0.6620565259778777 0.5507723782513538 0.09089246320294961 0.07656368289981946
0 0.8574482105014518 0.5129972770622114 0.12016822402541767 0.08332278896022581
0 0.4500943587706917 0.6429868814966663 0.059206086579744265 0.051018212120812714
0 0.36219434686608665 0.667430866344552 0.12254247510755457 0.10002582034549287
0 0.8082769610430695 0.5857086655900219 0.12850155735875102 0.0834682478346276
0 0.17983522294877285 0.7341362635294579 0.09509549458821678 0.07871974567035381
0 0.8758216531427008 0.5939018122355072 0.07393487878747938 0.05960609848434923
0 0.9354512061729039 0.5782820844220609 0.10989701623315279 0.09147429870055675
0 0.5964238879916849 0.6716731688353342 0.15152731818121906 0.09011825973923256
0 0.4403609837712409 0.7233406737044014 0.1036470162331528 0.09136520454475558