0 0.09761219415809777 0.3818241975114145 0.05855351473554918 0.08014851406887888
0 0.8505999253978173 0.22068895563348306 0.049917087358064785 0.06958638852781043
0 0.04705234661683047 0.5067280135283597 0.04991708735806464 0.06958638852781043
0 0.8123087495377816 0.30160640097952524 0.05671265663753691 0.0884454826836117
0 0.9257897973956181 0.2975411904824672 0.0654703216326818 0.10317427489134694
0 0.8472596282216689 0.32079804978928445 0.05384127878941029 0.06132578463167799
0 0.47626046960446483 0.46484369913736606 0.047591278789410295 0.06121669047587659
0 0.1447951724283164 0.5706802364727388 0.04759127878941036 0.06121669047587659
0 0.7863963360600853 0.37813899134729806 0.054447466877712715 0.08215911796501132
0 0.5501278747245528 0.4604277516270499 0.054447466877712715 0.08215911796501132
0 0.8632675035625129 0.3695018300924146 0.06510660877970054 0.09067427489134694
0 0.7145101891435329 0.4148284231649806 0.048318704495373295 0.08621669047587659
0 0.6236921858004896 0.4455951374500672 0.0651066087797003 0.09067427489134694
0 0.678445878067596 0.42900647240715517 0.061061179730694214 0.09476821212081271
0 0.06089397598240578 0.6242545232686907 0.045750420691397974 0.06951365909060954
0 0.11181440503141198 0.619196920996313 0.04575042069139794 0.06951365909060954
0 0.39906391422478105 0.5339338917775166 0.054447466877712715 0.08215911796501132
0 0.3486587450508319 0.5566998273832277 0.05622770616689484 0.07177881601694504
0 0.2991436955214738 0.5742392472963052 0.05622770616689484 0.07177881601694527
0 0.48248817577135966 0.5356043030334984 0.060394372833561506 0.07185154545414604
0 0.20881064264907245 0.6216726282480586 0.05622770616689484 0.07177881601694527
0 0.5477494629183783 0.5219588143975842 0.06957636949051818 0.10116367099521449
0 0.39343926480094604 0.5913528349592848 0.060939942113033635 0.09060154545414605
0 0.10009130262965255 0.681933291667216 0.05855351473554918 0.08014851406887875
0 0.8078741824574462 0.47156170887989396 0.06272018140221576 0.08022124350607977
0 0.2615001640707082 0.6415968436163806 0.05622770616689484 0.07177881601694527
0 0.3287841657422298 0.6258316569285325 0.05622770616689484 0.07177881601694504
0 0.7466774868472965 0.5174443171045743 0.061061179730694214 0.09476821212081271
0 0.6640715792199259 0.5438989058485924 0.07606884472583933 0.10960609848434923
0 0.08916739165923883 0.7363181466454852 0.05015956259338559 0.07791972186114388
0 0.1494325113038299 0.7300552364727387 0.06510660877970036 0.09067427489134681
0 0.5100038563378146 0.6216262597436264 0.06969760710817875 0.10533033766188117
0 0.4175268513232498 0.6670126720806467 0.08397784639736088 0.09516822402541768
0 0.3484323009581309 0.6921892234870952 0.06272018140221576 0.08022124350607977
0 0.2922317728504086 0.7306892532486077 0.05867475235320967 0.08431518073554542
0 0.13446317128441 0.7886794875548756 0.06510660877970036 0.09067427489134681
0 0.23311841057359212 0.7765354967546876 0.05634894378455536 0.0759454826836117
0 0.7309169709678408 0.6563314485979451 0.08047798662782692 0.11801216125488358
0 0.5875195369042697 0.7067754632073433 0.08047798662782668 0.11801216125488358
0 0.4966409147523962 0.7354588441590967 0.08654613020133617 0.11187125541068496
0 0.2716489303237062 0.8112975984865459 0.07208403448566329 0.11578336904714821
0 0.3803268140221584 0.7854301174266889 0.05867475235320967 0.08431518073554542
0 0.8004247060782189 0.681173079550797 0.08476589091215393 0.12225155735875101
0 0.17346749458861346 0.8755431049793678 0.08905379519648117 0.12649095346261846
0 0.8233106889240633 0.006577823054679859 0.05078804451479328 0.013155646109359717
0 0.6518572636570394 0.8046610373419633 0.0865461302013363 0.11187125541068496
0 0.3627668963656581 0.8982937646126935 0.09144022257396571 0.13694398484788575
0 0.28635036992945745 0.922555925867577 0.06957636949051829 0.10116367099521449
0 0.4197554689881737 0.8868770681845144 0.08047798662782692 0.11801216125488358
0 0.9134176721201708 0.7677874161316396 0.10602355590729905 0.1371985378780887
0 0.8697502103456991 0.027011144483408207 0.05200042069139812 0.05402228896681641
0 0.7930608992697621 0.03971760552208394 0.06510660877970054 0.07943521104416788