0 0.7353950344474075 0.09922630080305482 0.07059262461981484 0.08236874937932438
0 0.8064465733278242 0.10530218528092262 0.0601274678315742 0.07980025199861869
0 0.6166935245689816 0.10684050427643332 0.053683507345277805 0.0711758202368619
0 0.38711469186893527 0.09980577998529243 0.0837714863218519 0.11211761290283792
0 0.9385693955161576 0.1366891182840306 0.07737601595712959 0.10557651447441453
0 0.8635451504553705 0.1391406327584451 0.0751957023806483 0.10131281499827333
0 0.9756312425276389 0.15359549490401556 0.04873751494472221 0.11284248690352859
0 0.7572224152730094 0.14096430604164342 0.0751957023806483 0.10131281499827338
0 0.5714420726945372 0.1339752260848718 0.05586382092175934 0.07543951971300303
0 0.2478222992650464 0.11880697822008233 0.09622299620027785 0.11061647642635145
0 0.5383026998475001 0.14386108436979678 0.06870325177277768 0.09060504990318326
0 0.08747836778074086 0.12940350454961702 0.06981852456898159 0.1385217165698499
0 0.4378636759118056 0.0059702354572895855 0.046560685156944476 0.011940470914579171
0 0.8000043547358797 0.18694031651882054 0.07926538880416653 0.09734021395055563
0 0.9877199474414353 0.20202014778523925 0.02456010511712942 0.10135845933264266
0 0.10489663133180568 0.1609189087404879 0.11361701469055567 0.14264273890214726
0 0.6603690474922687 0.019153696031283474 0.05741376291777792 0.03830739206256695
0 0.18992276418435186 0.010896086573303225 0.06317886170203704 0.02179217314660645
0 0.636313733915787 0.01696191880488333 0.044865272796203705 0.03392383760976666
0 0.9739843202884724 0.045359194380156696 0.03803339133731498 0.024663257237207237
0 0.5110955283687038 0.01786234436289015 0.05135772340407409 0.0357246887257803
0 0.2501991861693521 0.26573049462481957 0.14564285663574086 0.17743156437759774
0 0.3828735481255556 0.016752211194669495 0.057413762917777805 0.03350442238933899
0 0.2795545876392592 0.010747665288723599 0.05077584194518513 0.021495330577447198
0 0.3443803715804629 0.019757356218010353 0.05959407649425922 0.039514712436020706
0 0.6109570255813892 0.3532075180618763 0.11201858257296303 0.16337903942600604
0 0.8110721542550927 0.03521942018583254 0.04908042958444459 0.05223175461791296
0 0.1066379209725926 0.014726010477177136 0.04660917527851855 0.02945202095435427
0 0.9211762479730558 0.442722230497897 0.15764750405388858 0.20359595809129136
0 0.5208420428050929 0.4241436283454199 0.18009146276527802 0.22690075599585596
0 0.9884698024314815 0.06338144830909813 0.02306039513703695 0.05324772704702706
0 0.744429732649213 0.03936613675568245 0.06419715425509268 0.07582765095090097
0 0.6140759289511575 0.03918068734783723 0.04951684067861114 0.07098175461791296
0 0.9023032807747685 0.057040159640359474 0.05358652710212984 0.06700915357019524
0 0.2679758999491667 0.043829800387267005 0.05140621352564819 0.0627454540940541
0 0.4477729381962964 0.06256831210579536 0.0751957023806483 0.10131281499827335
0 0.9844243610687501 0.09899218059471374 0.0311512778624999 0.10363585828492497
0 0.8540965443258334 0.09161209732967633 0.06637746783157421 0.08009135042704212