0 0.028825822193940694 0.45828372595338285 0.05765164438788139 0.08759921475990093
0 0.2560524168258211 0.45545300714330345 0.004215150222787874 0.004312169872882284
0 0.6958781679397603 0.41926908555422265 0.004215150222787874 0.004312169872882284
0 0.11323499549121507 0.4698114919561883 0.03800907733927244 0.045059528855940556
0 0.27374862927012417 0.4558762851835538 0.006371208890302901 0.010634921475990093
0 0.3540175670486089 0.44786701513056987 0.03168635200509063 0.03859127404661701
0 0.6979615012730936 0.4191963339511149 0.004215150222787874 0.004312169872882284
0 0.3185524168258211 0.4532704590500692 0.004215150222787874 0.004312169872882284
0 0.4113092337152756 0.4458663460451051 0.004215150222787874 0.004312169872882284
0 0.3727433252705483 0.4492955840359329 0.004215150222787874 0.004312169872882284
0 0.5905849883832149 0.4302347081778336 0.004215150222787874 0.004312169872882284
0 0.4321546879376392 0.4440971633473604 0.004215150222787874 0.004312169872882284
0 0.23303878304691203 0.4645866081108227 0.01686060089115138 0.017248679491529136
0 0.2955872666030332 0.4582373933509218 0.006371208890302901 0.010634921475990093
0 0.30287893326969983 0.45798276274004446 0.01269393422448483 0.017103176285313517
0 0.3258077208253969 0.45614082843919185 0.004215150222787874 0.004312169872882284
0 0.38417741682582107 0.4509787835521733 0.006371208890302901 0.010634921475990093
0 0.43733877949291194 0.44599861767292415 0.004215150222787874 0.004312169872882284
0 0.443588779492912 0.44578036286360073 0.004215150222787874 0.004312169872882284
0 0.24240166215788175 0.4653008925635042 0.01686060089115138 0.017248679491529136
0 0.7208175634946089 0.4236043996502623 0.016860600891151496 0.017248679491529136
0 0.48107665860388166 0.44551250067432685 0.004215150222787874 0.004312169872882284
0 0.49668953771485136 0.446008530317685 0.004215150222787874 0.004312169872882284
0 0.508159991937215 0.4445667298339254 0.004215150222787874 0.004312169872882284
0 0.5154516586038816 0.4443120992230481 0.004215150222787874 0.004312169872882284
0 0.6363577172713968 0.43384250624279524 0.010537875556969566 0.01078042468220571
0 0.3153304497135787 0.4617129197880642 0.01269393422448471 0.017103176285313517
0 0.4091410541587302 0.4532307643148796 0.01269393422448483 0.017103176285313517
0 0.5060766586038816 0.4446394814370332 0.004215150222787874 0.004312169872882284
0 0.5654759003819423 0.44048272741512734 0.019016659558666524 0.023571431094636944
0 0.2861152994907909 0.46689810889824024 0.01269393422448483 0.017103176285313517
0 0.538356204381518 0.44455349825552887 0.006371208890303137 0.010634921475990093
0 0.5206478710481847 0.4451718868819452 0.004215150222787874 0.004312169872882284
0 0.6290418088266695 0.4361804701870059 0.006371208890302901 0.010634921475990093
0 0.2735910577127303 0.46941795185022045 0.008503025779757442 0.014874339745764568
0 0.5529152959367908 0.44612757036710754 0.006371208890303137 0.010634921475990093
0 0.6071304461595787 0.4400693620196378 0.03367271822618155 0.030330692316391607
0 0.5456357501591544 0.4453405343113182 0.006371208890302901 0.010634921475990093
0 0.6404759003819422 0.43786366970324625 0.004215150222787874 0.004312169872882284
0 0.6206721128262453 0.4395964765994371 0.010537875556969804 0.010780424682205591
0 0.6758925670486089 0.43662689245041353 0.004215150222787874 0.004312169872882284
0 0.7102918088266695 0.43334315766580134 0.01048939200084836 0.006613758015539043
0 0.6686009003819423 0.43688152306129086 0.004215150222787874 0.004312169872882284
0 0.9051804426055786 0.41820754944188804 0.019016659558666524 0.023571431094636944
0 0.4611516621578817 0.45766197423718435 0.01906514311478773 0.02773809776130361
0 0.8864183217165482 0.4199039805365249 0.01681211733503029 0.013082012824862469
0 0.7748630212709725 0.43212952463612603 0.01269393422448483 0.017103176285313517
0 0.8040418088266695 0.43006933552595 0.01269393422448483 0.017103176285313517
0 0.6456115083810938 0.4439317906954768 0.004215150222787874 0.004312169872882284
0 0.8363334754933363 0.42894168567777896 0.010537875556969566 0.01078042468220571
0 0.8571425670486089 0.4302975029800342 0.016860600891151496 0.017248679491529136
0 0.795659991937215 0.43452700860504795 0.01269393422448483 0.017103176285313517
0 0.821713779492912 0.43257594689953366 0.016860600891151496 0.017248679491529136
0 0.7716774168258211 0.4374469853741211 0.01269393422448483 0.017103176285313517
0 0.9415539297157 0.42422606305416805 0.01269393422448483 0.017103176285313517
0 0.8706721128262453 0.43086628422650014 0.016812117335030054 0.013082012824862469
0 0.15148576082115464 0.49346558729869383 0.07173027912157526 0.07955688783899882
0 0.9237971128262453 0.4290111183472511 0.01269393422448483 0.017103176285313517
0 0.5360668159346696 0.46233458319196996 0.019113626670908938 0.03190476442797028
0 0.9144221128262454 0.42933850056123624 0.019016659558666524 0.023571431094636944
0 0.8841774168258211 0.4335183988062994 0.01681211733503029 0.013082012824862469
0 0.9540054461595787 0.42795622010218787 0.019016659558666524 0.023571431094636944
0 0.4151122737110333 0.4769708428388895 0.025363626670908936 0.0321230192372937
0 0.6912024239338214 0.4631645887604383 0.042175744005938993 0.045205032062156175
0 0.609819094154488 0.47746023461497616 0.033866652450666376 0.04699735898305827
0 0.5848069732654577 0.4793749205189365 0.03391513600678759 0.051164025649724935
0 0.754501672819882 0.4817789981989835 0.05712270401018126 0.07696429328391072