0 0.8728264137380982 0.3513127153211371 0.0152624479594067 0.017175927888421327
0 0.8634938584022277 0.35268176420178887 0.0152624479594067 0.017175927888421327
0 0.6027376344225244 0.3534423812569315 0.015262447959406936 0.017175927888421327
0 0.8291613030663574 0.3549238323197344 0.0152624479594067 0.017175927888421327
0 0.6458704143971535 0.3623676400598882 0.013009335969555025 0.012936509618646851
0 0.5916188584022277 0.3621758484073578 0.013009335969555025 0.012936509618646851
0 0.9766305283641716 0.3643781776339673 0.019514003954332775 0.01940476442797028
0 0.633540193053672 0.3669708163452017 0.019514003954332775 0.01940476442797016
0 0.7817539723692458 0.369097119191214 0.019514003954332775 0.01940476442797028
0 0.7932123057025791 0.36869698537412104 0.011095781292740033 0.01703042468220571
0 0.685878194371783 0.37140202626750646 0.0152624479594067 0.017175927888421327
0 0.5805425270460608 0.3719509822244508 0.01075622397970335 0.008697091348872376
0 0.8433820843590976 0.3711176135662003 0.02185200527244362 0.025727516031078087
0 0.9892720415204933 0.37227500134865377 0.021455916959013402 0.025727516031078087
0 0.47620608172287576 0.37142189571317447 0.019514003954332657 0.01940476442797028
0 0.6974214170333755 0.37308522578374687 0.013009335969555025 0.012936509618646851
0 0.6734630837000422 0.37392186921948667 0.019514003954332775 0.01940476442797028
0 0.6234206390359124 0.3746262410274073 0.013009335969555025 0.012936509618646851
0 0.8048828623565605 0.37350518489036144 0.01109578129274027 0.01703042468220571
0 0.8998443076797454 0.3743616536156228 0.02185200527244362 0.025727516031078087
0 0.8165109743464122 0.3772717177399352 0.019514003954332775 0.01940476442797028
0 0.04765663508157981 0.3759556834851623 0.015262447959406848 0.017175927888421327
0 0.7414685296822826 0.37884910878514955 0.02185200527244362 0.025727516031078087
0 0.46712819437178293 0.37904094459382626 0.011095781292740152 0.01703042468220571
0 0.45666908304098663 0.37836303594269866 0.008757779974629306 0.010707673079097901
0 0.9137255316594489 0.38222210152875546 0.019514003954332775 0.01940476442797016
0 0.6937640863362639 0.38573072898996247 0.019514003954332775 0.01940476442797028
0 0.8442309776416894 0.39195094689953364 0.021852005272443385 0.025727516031078087
0 0.05566986103844959 0.3934093862076183 0.028356673257221163 0.03219577084040151
0 0.07571619568989381 0.3989682459780941 0.017600449277517725 0.023498679491529135
0 0.7465689789598003 0.4016202722456006 0.02185200527244362 0.025727516031078087
0 0.09576253034133805 0.40452710574857 0.019514003954332716 0.01940476442797028
0 0.3327301996442265 0.40876979879583375 0.0328628972369246 0.04067460737995046
0 0.08234819766706017 0.40812499116877077 0.024105117262295295 0.029966934300852444
0 0.431985645626467 0.4126057643148796 0.043619121216628066 0.04937169872882284
0 0.027352087654374805 0.41526124198446096 0.021852005272443596 0.025727516031078087
0 0.04110597764168944 0.41999668989759353 0.02410511726229531 0.029966934300852562
0 0.09965153429567074 0.4231679783439083 0.024105117262295295 0.029966934300852562
0 0.5127882042576146 0.4243881609285623 0.035116009226776275 0.04491402564972494
0 0.9676339855503548 0.4251949781177269 0.04778578788329473 0.04951720193503846
0 0.05798486762900409 0.42462301040606437 0.02601867193911026 0.025873019237293703
0 0.7934634288963736 0.42606140364389555 0.043619121216628066 0.04937169872882284
0 0.4096207595934851 0.4269476986157322 0.028356673257221132 0.03219577084040151
0 0.5715035395681144 0.4317261160415437 0.02185200527244362 0.025727516031078087
0 0.6884248742195586 0.43390202626750646 0.05237690119125726 0.060079371807920744
0 0.4432936502398552 0.4341170062993405 0.028356673257221132 0.03219577084040151
0 0.06274575959348506 0.4390608405331821 0.02185200527244359 0.025727516031078087
0 0.48846731888368816 0.4419278468325227 0.06079512385284976 0.06245371155368531
0 0.38308920689383646 0.44143513612280033 0.04119623057025793 0.0409656137923817
0 0.7441000988583174 0.4434324421184829 0.03702956390359115 0.04082011058616608
0 0.7587258768557804 0.44396484756339494 0.03486134124199865 0.03866402564972494
0 0.6543894315325953 0.44343576105211857 0.05237690119125726 0.060079371807920744
0 0.46663476354781774 0.4437334053318213 0.03286289723692448 0.04067460737995046
0 0.8786873221789654 0.44394829705136263 0.04821023452459059 0.059933868601705124
0 0.08487542757826262 0.4445469487005501 0.019514003954332716 0.01940476442797016
0 0.5503500988583174 0.450198341207509 0.04587223320647974 0.053611116998597316
0 0.05075509556304019 0.45199735015182896 0.02601867193911026 0.025873019237293703
0 0.6245631001764284 0.45386565929718187 0.04821023452459059 0.059933868601705124
0 0.897904213484391 0.45475186595672573 0.0566284571861831 0.06230820834746969
0 0.7124026574894651 0.45914342529998725 0.0566284571861831 0.06230820834746969
0 0.834617214802502 0.4632207898515138 0.045872233206479505 0.053611116998597316
0 0.7940346594666313 0.4656811127787827 0.06763934915066395 0.07725529969634196
0 0.8519205514311124 0.47826377702665135 0.04162067721155391 0.051382280459048364
0 0.980701717743464 0.4839152136897566 0.03859656451307198 0.06848545674436188
0 0.5101265507720569 0.48707003993633186 0.05739246114051587 0.0810582083474697
0 0.041908881469168525 0.49090277483403466 0.0468060158173308 0.07652778366526398
0 0.08366043746409438 0.4915310761052119 0.058881569176034855 0.06654762661724405
0 0.544925997413353 0.4962863051517197 0.0631331251709606 0.06877646315679312
0 0.9184793340419636 0.4988887681954221 0.05888156917603501 0.06654762661724405
0 0.6171829993905191 0.5031513748445003 0.041366009226776156 0.04513228045904825
0 0.3399298874006676 0.5086606713911721 0.034691562585480305 0.03449735898305827
0 0.9894382753860285 0.5095567465393304 0.02112344922794307 0.08062169872882284
0 0.4953504440546489 0.5084490102929737 0.0657257944738492 0.08134921475990092
0 0.7045751153347036 0.5230488499821929 0.06538623716081228 0.07301588142656759
0 0.209995671988685 0.5455356890536307 0.06763934915066414 0.07725529969634196
0 0.0786607826604258 0.5480357067160891 0.052546679847775654 0.0642460384745874
0 0.31241856263505513 0.5503041938346814 0.042130013181108934 0.06388228045904824
0 0.5910528986046103 0.5530918548197891 0.0631331251709606 0.068776463156793
0 0.29183989728649934 0.5572817098657594 0.04587223320647974 0.0536111169985972
0 0.3305088979455547 0.559060805208265 0.0657257944738492 0.08134921475990092
0 0.1146716746249068 0.5613822627965898 0.058881569176034855 0.06654762661724428
0 0.42744224775527434 0.6339119830684137 0.06989246114051587 0.08149471796611654
0 0.45035182483997455 0.7353405519737767 0.06538623716081252 0.07301588142656759