0 0.01181421785484494 0.5677386345302653 0.010634842669212004 0.018810602393863955
0 0.07014755118817827 0.5680780079359045 0.014704542223636293 0.010501510018076487
0 0.04617709696581464 0.5668969557633503 0.010634842669212012 0.018810602393863955
0 0.057683913855269164 0.5711302850632675 0.010537875556969627 0.010477269060530621
0 0.0378922471886025 0.5710151405149256 0.010537875556969627 0.010477269060530859
0 0.08167860985569339 0.574394670569155 0.004287875556969626 0.010440907624212296
0 0.9837861849670873 0.5817261712111209 0.014801509335878886 0.018834843351409822
0 0.2619111849670873 0.5775264253163376 0.004215150222787874 0.004190907624212296
0 0.16400663918945094 0.5779984294806815 0.004287875556969626 0.010440907624212296
0 0.09732785163375397 0.5765689074932845 0.004287875556969626 0.010440907624212296
0 0.0306975476341782 0.579306052172554 0.010537875556969627 0.010477269060530621
0 0.3056975476341782 0.5809059553705668 0.004215150222787874 0.004190907624212296
0 0.19215588096751154 0.580245389277448 0.010537875556969686 0.010477269060530621
0 0.023430122745572126 0.5813469638301825 0.010537875556969634 0.010477269060530621
0 0.17341800185654185 0.5811779716351592 0.004215150222787874 0.004190907624212296
0 0.22862633518987518 0.5814991643226392 0.004215150222787874 0.004190907624212296
0 0.23591800185654185 0.5815415859983439 0.004215150222787874 0.004190907624212296
0 0.24325815207932966 0.5857506743407155 0.004336359113090774 0.014607574290878963
0 0.1369960311902994 0.5840908632566347 0.004287875556969626 0.010440907624212296
0 0.298466485412663 0.5860718670281954 0.004215150222787874 0.004190907624212296
0 0.40574603119029945 0.5856544050183291 0.010537875556969566 0.010477269060530859
0 0.5817876978569659 0.5866785854746327 0.01470454222363647 0.010501510018076487
0 0.426591485412663 0.586817276472724 0.004215150222787874 0.004190907624212296
0 0.432841485412663 0.5868536379090424 0.004215150222787874 0.004190907624212296
0 0.3703657271907236 0.5885733568791911 0.004287875556969567 0.010440907624212296
0 0.20890739385739027 0.5876340197742972 0.004287875556969626 0.010440907624212296
0 0.5578657271907236 0.5896641999687451 0.014801509335878649 0.018834843351409822
0 0.27246118141308723 0.589045361043535 0.010537875556969686 0.010477269060530859
0 0.4016278480797539 0.58979683072745 0.010586359113090775 0.014643935727197525
0 0.48186042319114786 0.5923468024935371 0.018968176002545314 0.01885908430895545
0 0.5443483023021175 0.5916687501900552 0.010634842669211981 0.018810602393863955
0 0.6006346649692084 0.5951210031169213 0.01475302577975744 0.014668176684743154
0 0.5152058774135114 0.5935823968205689 0.01475302577975744 0.014668176684743154
0 0.3902058774135115 0.5928551680941996 0.010586359113090775 0.014643935727197525
0 0.3350217858582388 0.5946173087400531 0.004287875556969567 0.010440907624212533
0 0.5225217858582387 0.5957081518296071 0.010586359113090775 0.014643935727197289
0 0.8652543609696327 0.59978530392107 0.018968176002545314 0.01885908430895545
0 0.8162960276362993 0.5995004726699087 0.019089384892848216 0.029275750975622118
0 0.17775436096963265 0.5957855459260382 0.004287875556969626 0.010440907624212296
0 0.6892126943029661 0.5987611234647664 0.014801509335878649 0.018834843351409822
0 0.27774224008060233 0.5953256622404671 0.010537875556969566 0.010477269060530859
0 0.33087936096963266 0.5966764011158407 0.004215150222787874 0.004190907624212296
0 0.11736193608102656 0.5975173853749597 0.010586359113090834 0.014643935727197525
0 0.0850702694143599 0.5973295179539808 0.010586359113090834 0.014643935727197289
0 0.7257316320814508 0.6041815651766241 0.019016659558666524 0.023025750975622115
0 0.7798982987481174 0.6044966976247177 0.029603018671757297 0.037669686702819644
0 0.1007195111924205 0.5995037548781104 0.014753025779757501 0.014668176684743154
0 0.1132195111924205 0.5995764777507474 0.010586359113090834 0.014643935727197525
0 0.15280284452575382 0.5998067668474311 0.010586359113090834 0.014643935727197289
0 0.5736361778590872 0.6022551035595413 0.01475302577975744 0.014668176684743154
0 0.6622142071928447 0.6058952239073864 0.014801509335878649 0.018834843351409822
0 0.14033920719284473 0.6028590439747941 0.01475302577975744 0.014668176684743154
0 0.13619678230423865 0.6049181363505818 0.004336359113090834 0.014607574290878963
0 0.30494678230423866 0.6058998951311805 0.010537875556969566 0.010477269060530859
0 0.5018217823042387 0.6070452803752123 0.01475302577975744 0.014668176684743154
0 0.22160132808187505 0.6043734093136008 0.014801509335878649 0.018834843351409822
0 0.38619678230423865 0.6063725938033205 0.014801509335878649 0.018834843351409822
0 0.2153755698599356 0.6064203812106157 0.014753025779757501 0.014668176684743154
0 0.708083903193269 0.6092868744403884 0.01475302577975744 0.014668176684743154
0 0.23308390319326894 0.6065234052801848 0.014704542223636293 0.010501510018076487
0 0.16226269074896588 0.6071529756685753 0.014801509335878649 0.018834843351409822
0 0.19663769074896592 0.6073529635683269 0.010586359113090834 0.014643935727197525
0 0.3164293574156326 0.6080498910977643 0.010586359113090775 0.014643935727197289
0 0.3352035991936932 0.6102423087400531 0.01475302577975744 0.014668176684743154
0 0.34666193252702654 0.6103089713733036 0.010537875556969566 0.010477269060530621
0 0.4341740534160568 0.6118596981484288 0.014801509335878649 0.018834843351409822
0 0.2883285991936932 0.6099695979676645 0.01475302577975744 0.014668176684743154
0 0.04460284097175376 0.6106348352845775 0.019089384892848303 0.02927575097562188
0 0.6456445076384204 0.6141315934105371 0.029603018671757297 0.037669686702819644
0 0.3685732951941174 0.6135612364004182 0.010537875556969566 0.010477269060530621
0 0.012323295194117394 0.6114886345302654 0.01068332622533319 0.02297726906053062
0 0.26439450763842043 0.6119135457951104 0.018968176002545314 0.01885908430895545
0 0.17587708274981437 0.6134817587805987 0.023134842669211984 0.01888332526650108
0 0.4571634454169053 0.6182430234149299 0.010634842669211981 0.018810602393863955
0 0.05819299119454161 0.6148802850632674 0.023134842669211998 0.01888332526650108
0 0.7644793538616326 0.6221141273672547 0.014801509335878649 0.018834843351409822
0 0.6009498080839961 0.6222043364502546 0.018919692446424108 0.014692417642288546
0 0.42594980808399613 0.6211862162333375 0.010634842669211981 0.018810602393863955
0 0.08635435386163251 0.6181689115267005 0.02943332622533319 0.02308635336948631
0 0.3988785956396931 0.6220703166759575 0.02318332622533319 0.023049991933167747
0 0.28325359563969316 0.6213976301040657 0.018919692446424108 0.014692417642288546
0 0.5676407165287234 0.624093742123223 0.018968176002545314 0.018859084308955214
0 0.03534904986205673 0.6209969597967664 0.01058635911309082 0.014643935727197289
0 0.8270035956396932 0.6245610750637728 0.014801509335878649 0.018834843351409822
0 0.23637859563969307 0.6211249193316772 0.014849992891999857 0.023001510018076488
0 0.3520278374177537 0.6238809392369024 0.014801509335878649 0.018834843351409822
0 0.5009982916401173 0.6257892201358258 0.014801509335878649 0.018834843351409822
0 0.8822482916401173 0.6280072677512526 0.019016659558666524 0.023025750975622115
0 0.22286117075108702 0.6231294695529873 0.010634842669211981 0.018810602393863955
0 0.620789958306784 0.6264861476652632 0.014849992891999857 0.023001510018076488
0 0.9468195040844203 0.6273413359265435 0.010586359113090775 0.014643935727197289
0 0.5280816249734507 0.6259467863598726 0.014801509335878649 0.018834843351409822
0 0.4864392000848446 0.6277877101177495 0.014801509335878649 0.018834843351409822
0 0.026022533418177913 0.6251090843089554 0.019089384892848303 0.029275750975622118
0 0.41456420008484457 0.627369553600087 0.019137868448969423 0.033442417642288544
0 0.6645642000848446 0.6288240110528259 0.01475302577975744 0.014668176684743154
0 0.4354338960852688 0.6306157583878153 0.023086359113090774 0.014716658599834414
0 0.7437914711966627 0.6344929225795265 0.019016659558666524 0.02302575097562188
0 0.5583990463080567 0.6354975333020785 0.019016659558666524 0.02302575097562188
0 0.09383995475278392 0.6348779998690721 0.019089384892848303 0.02927575097562188
0 0.06988162141945059 0.6347386143631847 0.03798483556121187 0.041884835284577565
0 0.1949058631975112 0.6375491764228874 0.023304535115636207 0.033466658599834415
0 0.3199058631975112 0.6382764051492569 0.023256051559515 0.029299991933167745
0 0.6886801049755717 0.64250506322538 0.023256051559514882 0.029299991933167745
0 0.6074422258646021 0.6430740312199066 0.014801509335878649 0.018834843351409822
0 0.8199543467536323 0.6453519867214013 0.023256051559514882 0.029299991933167745
0 0.11892480097599599 0.6423151122810128 0.04222422756206028 0.04815907624212296
0 0.8574907094207233 0.648695155339312 0.019089384892848216 0.029275750975622118
0 0.7408482845321172 0.6500997418613673 0.019089384892848216 0.029275750975622118
0 0.4960566178654505 0.6486755856055605 0.029506051559515002 0.02933635336948631
0 0.9773066178654505 0.6514754162020827 0.023256051559514882 0.029299991933167745
0 0.46378919297684446 0.650571051517915 0.023401502227878505 0.041799991933167746
0 0.2939975263101778 0.6495832324979299 0.0233530186717573 0.03763332526650108
0 0.9408967680882384 0.655429974490225 0.0233530186717573 0.03763332526650108
0 0.9221588889772686 0.6563625568479362 0.019016659558666524 0.02302575097562188
0 0.44614146408866256 0.6556763607816793 0.02330453511563609 0.033466658599834415
0 0.5784331307553292 0.6564460111837537 0.019089384892848216 0.029275750975622118
0 0.35864146408866254 0.6551673006732207 0.023256051559514882 0.029299991933167745
0 0.5212141894228444 0.6623626980175011 0.029603018671757297 0.037669686702819644
0 0.6233217645342383 0.6650399348107027 0.029603018671757297 0.037669686702819644
0 0.9944976240451797 0.6880428338443714 0.011004751909640476 0.03341817668474315
0 0.49649296987054115 0.6861755856055605 0.04232119467430261 0.056492409575456294
0 0.8444823618713897 0.694449705560622 0.033890894228727104 0.048110594327031936
0 0.3694823618713896 0.6916862364004182 0.03389089422872698 0.0481105943270317
0 0.7299353912051473 0.6969080792281167 0.03810604445151474 0.052301501951244236
0 0.1940346187672075 0.7417037226107813 0.06354239645660549 0.08994694769651801