0 0.9844944834095831 0.10733507256532489 0.028489546858981404 0.06104703824712964
0 0.507964431738472 0.2963520600287967 0.041280487588426 0.0738379789765741
0 0.6923143157305088 0.3465010141822228 0.03866376291777793 0.050872822188333326
0 0.4366219521286109 0.31657839589527814 0.05203658510611113 0.0886637629177778
0 0.5602166095501386 0.3350885581289357 0.05184262461981485 0.08033042958444447
0 0.6316067083343978 0.3575948006565746 0.041280487588426 0.0738379789765741
0 0.5224014237599072 0.34775740260726895 0.0410865271021296 0.06550464564324075
0 0.8006467781166664 0.39383841223152843 0.041280487588426 0.07383797897657421
0 0.2552264817638886 0.3186097553183335 0.04767595795314818 0.08023344934129639
0 0.33104994288347195 0.32975464475578725 0.04549564437666677 0.0760182925530555
0 0.4461900416677312 0.35327917983648194 0.03687137031388896 0.06332433206675935
0 0.15827874658152752 0.319479964665139 0.04767595795314818 0.08023344934129639
0 0.7614989849303238 0.4189830116490747 0.0435577814080555 0.08221980243148153
0 0.6917073182636571 0.41735859257634317 0.041280487588426 0.0738379789765741
0 0.9627579861968978 0.45910322010842675 0.04767595795314818 0.08023344934129639
0 0.8515421034714348 0.446092331937547 0.05193960486296305 0.08449709625111114
0 0.6437664065362033 0.4172849864468061 0.049419860435463175 0.06569860612953704
0 0.07860293363833305 0.33951234004532416 0.03687137031388896 0.06332433206675935
0 0.7927481139831478 0.46452627520013956 0.041280487588426 0.0738379789765741
0 0.3009368478989348 0.414516694781204 0.04549564437666665 0.0760182925530555
0 0.3870557503812497 0.4311123681598615 0.037016840678611135 0.06957433206675935
0 0.4618375448341663 0.4422330125365282 0.0736942505062038 0.12456533080018524
0 0.11169294541662005 0.3955207603846297 0.04767595795314818 0.08023344934129639
0 0.823084640197824 0.1014937548100007 0.04767595795314842 0.08023344934129634
0 0.9155262778624998 0.11510989855338041 0.05184262461981485 0.08033042958444447
0 0.18947851456560152 0.4119224732769909 0.04767595795314818 0.08023344934129639
0 0.4048359479497681 0.4732154459206948 0.03667740982759256 0.054990998733426014
0 0.34129428128310146 0.4717364972126855 0.04777293819629638 0.08440011600796306
0 0.5864245078536107 0.5076666648917597 0.04767595795314818 0.08023344934129639
0 0.14577613373999962 0.45363675911805573 0.049662311043333435 0.07611527279620371
0 0.22256852634388852 0.4679308936162965 0.04535017401194447 0.06976829255305551
0 0.7606573753801852 0.09691405116277842 0.04549564437666665 0.0760182925530556
0 0.027898084981157027 0.4581887339157871 0.03939111474138896 0.08212282218833332
0 0.8068690492671755 0.5742891961727321 0.05649419250222228 0.10126074316092588
0 0.7024452673507869 0.09034799442537096 0.04525319376879651 0.06560162588638893
0 0.35570702824374956 0.5241835064578244 0.04108652710212972 0.06550464564324075
0 0.23576989121236067 0.527645324467315 0.04801538880416677 0.0948167826746296
0 0.6501826381730088 0.5894024370546764 0.05218205547083343 0.09491376291777792
0 0.32422415805481475 0.04089779229888916 0.03260772340407409 0.059060685156944466
0 0.2814092640593977 0.537045440475278 0.04355778140805562 0.08221980243148153
0 0.14286759739273105 0.533820847390602 0.0411835073452778 0.06967131230990754
0 0.8427203851336569 0.6459953516943988 0.047869918439444346 0.08856678267462949
0 0.0098061854111109 0.5399470092451389 0.0196123708222218 0.07989401849027782
0 0.4766840900474532 0.6103777569640282 0.05610627152962972 0.08459407649425922
0 0.5223477079552772 0.6187362063053246 0.04777293819629638 0.08440011600796306
0 0.6895711400728698 0.643472994425371 0.05649419250222228 0.10126074316092588
0 0.9532331610962959 0.6892145731986119 0.039536585106111015 0.08837282218833332
0 0.5885779635277772 0.639037890195695 0.05218205547083343 0.09491376291777792
0 0.5529915814356012 0.6455052247956024 0.05218205547083343 0.09491376291777792
0 0.8756164364256475 0.7103371053670376 0.047869918439444346 0.08856678267462949
0 0.0630930623120365 0.6476517128923612 0.04801538880416674 0.09481678267462973
0 0.1627173345999074 0.03922314121023161 0.041231997466851904 0.07175464564324077
0 0.23226655065870366 0.05126422694962982 0.03270470364722229 0.06322735182361114
0 0.20497357978990666 0.8656535997966669 0.05833507522768523 0.09089256661583343
0 0.005442945416620041 0.8326310975176853 0.010885890833240082 0.09442886170203717
0 0.8560619946837955 0.9614544848011114 0.05833507522768523 0.07709103039777716
0 0.5316196310818974 0.9368324606112505 0.05193960486296305 0.08449709625111126
0 0.2611499736603696 0.9149037448066205 0.03512746783157408 0.07785917527851846
0 0.0512182082094437 0.8891729091943056 0.05203658510611119 0.08866376291777793
0 0.4011688471406937 0.9442184946795374 0.043800232015926 0.0926364690981482
0 0.15364010144661963 0.9217815035455558 0.04767595795314818 0.08023344934129639
0 0.42677410271319366 0.9627827374613427 0.04549564437666665 0.0744345250773146
0 0.20879224759393514 0.07468916894564834 0.0411835073452778 0.06967131230990743
0 0.726765534701574 0.16491245427838025 0.0371138209217591 0.07374099873342595
0 0.9748510458465739 0.2082070238064823 0.0411835073452778 0.06967131230990743
0 0.09796341489388881 0.08982752583555564 0.041086527102129664 0.06550464564324075
0 0.44154282852120363 0.14993597428939853 0.04767595795314818 0.08023344934129634
0 0.989821429205324 0.23669569971828786 0.011822880192314736 0.06065911727453705
0 0.38517421605879626 0.019387339157870696 0.03798490121574076 0.021706155521666697
0 0.16668829888592582 0.13728527824162054 0.04786991843944453 0.08856678267462967
0 0.22250188779175914 0.15734451152412054 0.04346080116490742 0.07805313576481486
0 0.11644584827805543 0.14653818199050936 0.03687137031388896 0.06332433206675929
0 0.29614503533486103 0.17260757750666694 0.04767595795314818 0.08023344934129634
0 0.9847819403503238 0.2740987194751397 0.02054413449824087 0.0775197444275
0 0.07376437284703702 0.010054732649213024 0.031637920972592624 0.017394018490277805
0 0.19769846111958334 0.013981561549537202 0.04210307776083333 0.01971980243148152
0 0.629235047113148 0.23559857535263942 0.051842624619815085 0.08033042958444447
0 0.5635858020523609 0.23511280318972272 0.041280487588426 0.0738379789765741
0 0.5639529617528704 0.04022415627990788 0.03444860612953704 0.048692508611851884
0 0.04381925139365726 0.1771569394628704 0.032947154255092655 0.07364401849027781
0 0.8962636477972682 0.3158121343690285 0.04777293819629638 0.08440011600796306
0 0.24658405927055554 0.018246079406527987 0.052665214792222234 0.026212253039351898
0 0.6932113829796294 0.30795934751555615 0.03856678267462949 0.04670615552166666
0 0.06273809587199057 0.21511759561782415 0.04777293819629637 0.08440011600796306
0 0.7856045305227312 0.3236588245922692 0.05184262461981485 0.08033042958444447
0 0.8655946583089812 0.33490069427287117 0.03667740982759256 0.054990998733426014
0 0.5965060984051386 0.29841289019569495 0.0435577814080555 0.08221980243148153