0 0.012736837882950368 0.22451504952935808 0.025473675765900736 0.11346990094128385
0 0.06396395395746225 0.21243136561985976 0.08053087014004516 0.12093227711788869
0 0.1322773063148271 0.21980594492846178 0.06754570609267277 0.11015189759824058
0 0.5560501902403152 0.07744354042466503 0.07457196856846858 0.12700042069139797
0 0.24015116983834062 0.20418407627370436 0.06924090818810823 0.10187918307373749
0 0.36229444609957945 0.17254318536155033 0.07001717066390398 0.11854584974040415
0 0.1750084618153451 0.24040794994302672 0.07418383733057071 0.11866708735806467
0 0.5342693509794217 0.12072775244188566 0.07001717066390398 0.11854584974040415
0 0.3274085878146545 0.20684641963616754 0.08053087014004513 0.12093227711788875
0 0.626663763717147 0.10243552485335504 0.07418383733057064 0.11866708735806467
0 0.7588127532399699 0.06184816059687131 0.0811130669968918 0.12369632119374262
0 0.6814126272406605 0.08835943582376876 0.07883566804460974 0.1292049916423918
0 0.4314068830999247 0.18509578859907058 0.0744749357589941 0.12491708735806467
0 0.4666780005523796 0.18719026884895648 0.07001717066390398 0.11854584974040415
0 0.2909958988156904 0.25159662998186655 0.08319640033022538 0.13349289592671892
0 0.5052681836237836 0.18502715421893035 0.07001717066390398 0.11854584974040415
0 0.8222545150267941 0.10194569015664566 0.08993156437759779 0.14409141901987635
0 0.023632924456253594 0.39388238453421304 0.04726584891250719 0.13723523093157391
0 0.21746846898425642 0.33383569341101293 0.08300233471127641 0.12932622926005224
0 0.26175214943636604 0.32110436509224455 0.08130713261584101 0.1375989437845553
0 0.12216594403266479 0.36989687314170716 0.08368156437759773 0.14390956259338558
0 0.4199913220305928 0.27384962109664307 0.09080485966286804 0.16284141901987634
0 0.17156092500863326 0.3590973311341965 0.08319640033022538 0.13349289592671892
0 0.07730006672370832 0.39512820146047556 0.09099892528181698 0.167008085686543
0 0.5966893961963962 0.2322993078215695 0.06773977171162168 0.11431856426490725
0 0.3902167642695267 0.310084641682518 0.07704343313969986 0.1353943728335615
0 0.31519107003197416 0.33515327606265827 0.08130713261584101 0.1375989437845553
0 0.7473943201002701 0.19046506299020724 0.08053087014004513 0.12093227711788869
0 0.7009302735053526 0.2053403434511392 0.06754570609267271 0.11015189759824058
0 0.46684062779304025 0.29537205516021425 0.0744749357589941 0.12491708735806455
0 0.803136333885713 0.1774003312228725 0.0896404659491741 0.13784141901987634
0 0.5682961199351574 0.26121235233636264 0.08111306699689204 0.1334322771178887
0 0.35998273669864084 0.33384997167280805 0.07229456961618629 0.12277313521590104
0 0.6356905326728826 0.24364755045379488 0.0744749357589941 0.12491708735806467
0 0.5278137970790012 0.3040004669663887 0.06773977171162168 0.11431856426490725