0 0.6791666666666667 0.19895833333333332 0.025 0.029166666666666667
0 0.6614583333333334 0.20208333333333334 0.015625 0.01875
0 0.8145833333333333 0.21354166666666666 0.020833333333333332 0.025
0 0.434375 0.2 0.010416666666666666 0.01875
0 0.7666666666666667 0.21666666666666667 0.020833333333333332 0.029166666666666667
0 0.6489583333333333 0.21666666666666667 0.020833333333333332 0.020833333333333332
0 0.45208333333333334 0.20833333333333334 0.020833333333333332 0.029166666666666667
0 0.6979166666666666 0.22291666666666668 0.020833333333333332 0.025
0 0.7760416666666666 0.23229166666666667 0.020833333333333332 0.029166666666666667
0 0.165625 0.20208333333333334 0.015625 0.028125
0 0.5020833333333333 0.22708333333333333 0.025 0.029166666666666667
0 0.6895833333333333 0.240625 0.020833333333333332 0.029166666666666667
0 0.7979166666666667 0.25416666666666665 0.025 0.0375
0 0.23333333333333334 0.22395833333333334 0.015625 0.022916666666666665
0 0.6572916666666667 0.24791666666666667 0.025 0.0375
0 0.9072916666666667 0.26458333333333334 0.025 0.03333333333333333
0 0.20416666666666666 0.22916666666666666 0.015625 0.022916666666666665
0 0.328125 0.23541666666666666 0.020833333333333332 0.029166666666666667
0 0.39791666666666664 0.23958333333333334 0.020833333333333332 0.041666666666666664
0 0.4625 0.24791666666666667 0.020833333333333332 0.03333333333333333
0 0.7625 0.2635416666666667 0.025 0.0375
0 0.484375 0.25625 0.015625 0.022916666666666665
0 0.68125 0.26875 0.029166666666666667 0.0375
0 0.7229166666666667 0.2760416666666667 0.025 0.0375
0 0.3645833333333333 0.2604166666666667 0.015625 0.022916666666666665
0 0.9364583333333333 0.29583333333333334 0.034375 0.04791666666666667
0 0.8260416666666667 0.2916666666666667 0.029166666666666667 0.0375
0 0.8625 0.2947916666666667 0.029166666666666667 0.0375
0 0.47291666666666665 0.2791666666666667 0.029166666666666667 0.0375
0 0.4125 0.27708333333333335 0.025 0.0375
0 0.32708333333333334 0.27291666666666664 0.025 0.029166666666666667
0 0.659375 0.2916666666666667 0.020833333333333332 0.029166666666666667
0 0.35833333333333334 0.2791666666666667 0.020833333333333332 0.025
0 0.125 0.26666666666666666 0.025 0.025
0 0.6385416666666667 0.30104166666666665 0.029166666666666667 0.0375
0 0.8979166666666667 0.3333333333333333 0.020833333333333332 0.03333333333333333
0 0.7354166666666667 0.32708333333333334 0.025 0.0375
0 0.3416666666666667 0.30833333333333335 0.025 0.0375
0 0.7041666666666667 0.32708333333333334 0.027083333333333334 0.046875
0 0.303125 0.315625 0.025 0.0375
0 0.915625 0.353125 0.025 0.029166666666666667
0 0.325 0.34479166666666666 0.034375 0.04791666666666667
0 0.41354166666666664 0.375 0.03125 0.052083333333333336
0 0.5177083333333333 0.3854166666666667 0.029166666666666667 0.041666666666666664
0 0.8427083333333333 0.41458333333333336 0.03958333333333333 0.053125
0 0.1625 0.3802083333333333 0.025 0.0375
0 0.565625 0.4041666666666667 0.025 0.0375
0 0.5885416666666666 0.4083333333333333 0.029166666666666667 0.041666666666666664
0 0.30104166666666665 0.4083333333333333 0.034375 0.04791666666666667
0 0.7197916666666667 0.4354166666666667 0.034375 0.03958333333333333
0 0.17291666666666666 0.415625 0.029166666666666667 0.0375
0 0.48333333333333334 0.4322916666666667 0.03125 0.046875
0 0.09791666666666667 0.41458333333333336 0.03958333333333333 0.053125
0 0.19583333333333333 0.41875 0.029166666666666667 0.0375
0 0.6416666666666667 0.44895833333333335 0.041666666666666664 0.025
0 0.3645833333333333 0.4395833333333333 0.040625 0.071875
0 0.7479166666666667 0.46041666666666664 0.034375 0.04791666666666667
0 0.5145833333333333 0.45729166666666665 0.03958333333333333 0.04375
0 0.7010416666666667 0.4791666666666667 0.034375 0.053125
0 0.8895833333333333 0.49166666666666664 0.03958333333333333 0.058333333333333334
0 0.23958333333333334 0.46041666666666664 0.027083333333333334 0.046875
0 0.13541666666666666 0.4552083333333333 0.029166666666666667 0.029166666666666667
0 0.6489583333333333 0.4822916666666667 0.034375 0.04791666666666667
0 0.175 0.46145833333333336 0.04375 0.053125
0 0.11666666666666667 0.4635416666666667 0.03333333333333333 0.025
0 0.971875 0.515625 0.053125 0.0625
0 0.846875 0.5135416666666667 0.04583333333333333 0.06666666666666667
0 0.8114583333333333 0.5166666666666667 0.03958333333333333 0.0625
0 0.25729166666666664 0.4947916666666667 0.04375 0.053125
0 0.5229166666666667 0.5177083333333333 0.03958333333333333 0.058333333333333334
0 0.48541666666666666 0.5177083333333333 0.03958333333333333 0.04791666666666667
0 0.1125 0.5104166666666666 0.04791666666666667 0.04791666666666667
0 0.3854166666666667 0.5260416666666666 0.04791666666666667 0.0625
0 0.34479166666666666 0.5333333333333333 0.04791666666666667 0.0625
0 0.016666666666666666 0.525 0.03333333333333333 0.0625
0 0.20833333333333334 0.5385416666666667 0.04375 0.053125
0 0.43333333333333335 0.55 0.04375 0.058333333333333334
0 0.5104166666666666 0.6020833333333333 0.05 0.06666666666666667
0 0.05416666666666667 0.5854166666666667 0.04375 0.03958333333333333
0 0.85 0.634375 0.05416666666666667 0.090625
0 0.6375 0.6270833333333333 0.04583333333333333 0.08125
0 0.6041666666666666 0.6302083333333334 0.05416666666666667 0.08541666666666667
0 0.5416666666666666 0.66875 0.065625 0.1
0 0.041666666666666664 0.6520833333333333 0.05 0.08125
0 0.18958333333333333 0.6666666666666666 0.04791666666666667 0.053125
0 0.15729166666666666 0.671875 0.035416666666666666 0.071875
0 0.39791666666666664 0.7083333333333334 0.06458333333333334 0.090625
0 0.45208333333333334 0.7645833333333333 0.035416666666666666 0.071875
0 0.37083333333333335 0.7625 0.05 0.08541666666666667
0 0.19166666666666668 0.7552083333333334 0.065625 0.10416666666666667
0 0.32083333333333336 0.784375 0.059375 0.06666666666666667
0 0.9041666666666667 0.8208333333333333 0.06041666666666667 0.10416666666666667
0 0.5770833333333333 0.8083333333333333 0.07083333333333333 0.109375
0 0.7145833333333333 0.8354166666666667 0.06041666666666667 0.1
0 0.7604166666666666 0.8572916666666667 0.040625 0.08541666666666667
0 0.284375 0.85 0.07083333333333333 0.1
0 0.6541666666666667 0.8739583333333333 0.05416666666666667 0.06666666666666667
0 0.8239583333333333 0.109375 0.009375 0.014583333333333334
0 0.8604166666666667 0.9447916666666667 0.07083333333333333 0.11041666666666666
0 0.18541666666666667 0.921875 0.075 0.11875
0 0.026041666666666668 0.9166666666666666 0.052083333333333336 0.10416666666666667
0 0.340625 0.934375 0.084375 0.11041666666666666
0 0.85 0.1125 0.009375 0.014583333333333334
0 0.7010416666666667 0.96875 0.08333333333333333 0.0625
0 0.775 0.11354166666666667 0.015625 0.01875
0 0.8697916666666666 0.11770833333333333 0.014583333333333334 0.014583333333333334
0 0.75625 0.11458333333333333 0.009375 0.014583333333333334
0 0.8072916666666666 0.11666666666666667 0.009375 0.014583333333333334
0 0.7416666666666667 0.12291666666666666 0.009375 0.014583333333333334
0 0.6541666666666667 0.128125 0.014583333333333334 0.014583333333333334
0 0.803125 0.14583333333333334 0.009375 0.014583333333333334
0 0.8697916666666666 0.1625 0.015625 0.01875
0 0.7791666666666667 0.15833333333333333 0.015625 0.01875
0 0.8354166666666667 0.16354166666666667 0.015625 0.022916666666666665
0 0.6729166666666667 0.15729166666666666 0.020833333333333332 0.020833333333333332
0 0.8020833333333334 0.16666666666666666 0.015625 0.01875
0 0.8229166666666666 0.16666666666666666 0.015625 0.022916666666666665
0 0.7635416666666667 0.17083333333333334 0.015625 0.01875
0 0.8604166666666667 0.178125 0.015625 0.01875
0 0.9135416666666667 0.18541666666666667 0.015625 0.01875
0 0.7885416666666667 0.18541666666666667 0.015625 0.01875
0 0.709375 0.18333333333333332 0.020833333333333332 0.025
0 0.803125 0.19375 0.015625 0.01875
0 0.715625 0.19166666666666668 0.015625 0.022916666666666665
0 0.778125 0.19479166666666667 0.020833333333333332 0.025
0 0.7385416666666667 0.19895833333333332 0.020833333333333332 0.025
0 0.5375 0.18958333333333333 0.010416666666666666 0.01875