0 0.07779627641630432 0.20915853634726858 0.06332422045406018 0.07228803698055562
0 0.15088263552939515 0.1962723572690279 0.05281058667515109 0.06371225303935191
0 0.009301544875879387 0.2335757839412037 0.018603089751758773 0.0838182345490741
0 0.48271443820284937 0.15398228659930596 0.06773330490133275 0.0932183505570371
0 0.05667204174624387 0.2336736351315278 0.06550452089963588 0.08066986043546305
0 0.5952386799809101 0.15451741983097272 0.05918179556545411 0.07427439007074076
0 0.2756159759707286 0.22209843123013912 0.06557724623381761 0.086919860435463
0 0.7067212550923039 0.15502830800185247 0.06550452089963604 0.080669860435463
0 0.1606568950774561 0.2517231412102316 0.0528590702312723 0.06787891970601857
0 0.821498522650122 0.14102859802175996 0.05700149511987836 0.06589256661583338
0 0.5092886941969103 0.19836265817976895 0.06562572978993882 0.09108652710212972
0 0.3787530968597589 0.2234570255813892 0.06141057956715106 0.08682288019231485
0 0.3484856186611518 0.048747095363657705 0.03594998578399971 0.04665766540009262
0 0.8019863662210909 0.027002030139352522 0.03769393422448483 0.017539488855000028
0 0.15842957065563687 0.0849594943004168 0.05479695289624207 0.055427409827592644
0 0.8168470204222434 0.18259828444527848 0.05285907023127218 0.06787891970601857
0 0.623641730638668 0.22082128153300978 0.05506361245490865 0.07834407649425928
0 0.09890911998727331 0.09607752583555565 0.05276210311902994 0.05954558637268524
0 0.35416447729685013 0.277066055849954 0.07187572978993882 0.0912319974668519
0 0.9241508079779405 0.18405385903967672 0.044574220454060294 0.07185162588638896
0 0.7090826390833952 0.22072604318421357 0.05276210311903 0.05954558637268524
0 0.4413394026628487 0.03840490577370407 0.04857119467430261 0.05736527279620374
0 0.14940388706769894 0.32335569060236125 0.0613863377890904 0.08473954685898152
0 0.2920053217695761 0.06722952874782433 0.06327573689793896 0.06812137031388893
0 0.6732296204116378 0.25740171111745425 0.0467060373435146 0.07606678267462967
0 0.7942811297475164 0.24146413816875067 0.07192421334606015 0.09539866413351857
0 0.5507992488860608 0.033658970489676386 0.05256816889454517 0.04287891970601856
0 0.26490767817739597 0.33646355901638914 0.06337270401018132 0.07645470364722229
0 0.3817803999575777 0.321470672491204 0.06780603023551457 0.09946835055703715
0 0.2239917768406689 0.36051800164569464 0.07810148801187822 0.08929413449824088
0 0.9046371919690318 0.24924244794551 0.05499088712072696 0.07209407649425933
0 0.08597057861236614 0.4021093202884723 0.07187572978993882 0.0912319974668519
0 0.44715086128794146 0.34487311132078735 0.06773330490133275 0.09321835055703716
0 0.8500705359643653 0.282356704784584 0.06337270401018126 0.07645470364722229
0 0.020360618661151766 0.1213182345490741 0.04072123732230353 0.08013646909814819
0 0.32388268883939625 0.37222052748125023 0.06962270401018127 0.07660017401194447
0 0.7122432719605473 0.30728135676069507 0.07609088001272682 0.09549564437666677
0 0.6109349457352141 0.32784625253101907 0.06327573689793885 0.06812137031388896
0 0.6498060657755151 0.03179558459777832 0.06705453511563633 0.03488501722370376
0 0.5395076888393963 0.37723925506416717 0.0656257297899387 0.0910865271021296
0 0.6491372275090325 0.3579099864468061 0.06557724623381773 0.08691986043546306
0 0.7415090951092728 0.03080414994703766 0.0544818097814544 0.028344076494259303
0 0.9069500924040018 0.3191068497945378 0.05285907023127218 0.06787891970601857
0 0.22933271016339665 0.4387884720104169 0.07412875556969632 0.10586382092175933
0 0.6007478461701842 0.3974197136506023 0.06962270401018127 0.07660017401194447
0 0.864871315510305 0.35355371402972297 0.07197269690218112 0.09956533080018523
0 0.8383598533312122 0.03514227393356552 0.052446960004242274 0.03246225303935189
0 0.3313190763844876 0.4494978213008799 0.07187572978993882 0.0912319974668519
0 0.47849709861024503 0.4268747082051856 0.07187572978993882 0.0912319974668519
0 0.7728773848398205 0.37954514868046363 0.05729239645660537 0.09089256661583343
0 0.3764288053256973 0.06502671200490773 0.05511209601102986 0.08251074316092598
0 0.4839022853278184 0.051898953265972624 0.06552876267769653 0.08275319376879635
0 0.8373879928389719 0.38729834244926004 0.0656257297899387 0.0910865271021296
0 0.7401614870570934 0.41525188512939876 0.0718757297899387 0.0912319974668519
0 0.9695220879482449 0.4039191318358804 0.03178331911733304 0.046560685156944476
0 0.6070092372692757 0.4861310957427783 0.06557724623381773 0.08691986043546306
0 0.5443274239338212 0.500301392095556 0.08037875556969638 0.10600929128648152
0 0.1936159404307279 0.10557549303384275 0.05506361245490865 0.07834407649425931
0 0.7517766621578817 0.4915844925255099 0.07197269690218112 0.09956533080018523
0 0.3905478959261853 0.5529873681598615 0.07616360534690851 0.10174564437666665
0 0.9584630141629724 0.4588850145613434 0.07391057956715107 0.08711382092175933
0 0.8780001421600029 0.4788931448807415 0.07192421334606015 0.09539866413351857
0 0.2807123021430339 0.5900249701105558 0.06996208890302971 0.10576684067861114
0 0.010767442658606432 0.15235002900199077 0.021534885317212864 0.06720005800398153
0 0.05257883020369782 0.13771907649425927 0.05925452089963588 0.08052439007074076
0 0.4199804923615796 0.6203571415893523 0.0762363306810902 0.10799564437666666
0 0.548044887916428 0.6285476173994912 0.0867984480161205 0.12073809498453704
0 0.7045615474750946 0.6092677098508802 0.07412875556969638 0.10586382092175933
0 0.8294282176957614 0.6236354504786582 0.08464238934860523 0.11443960486296305
0 0.9565963972523067 0.61930168122801 0.0742014809038783 0.11211382092175934
0 0.5765136515489094 0.06239009700935234 0.05499088712072696 0.07209407649425931
0 0.6784757759919398 0.07518277963314872 0.06337270401018126 0.07645470364722229
0 0.8736431902185456 0.04742493933365814 0.048546952896242127 0.055281939462870404
0 0.7609371351050306 0.06251480610199138 0.05704997867599957 0.07005923328250005