0 0.6631674751075546 0.10946246482231059 0.012790917748803565 0.0168848549782694
0 0.8171886828998195 0.1038201206654108 0.012790917748803565 0.0168848549782694
0 0.11886673214199409 0.12807809090829203 0.012790917748803624 0.0168848549782694
0 0.14591370075672697 0.12646749891676462 0.019150011904604962 0.023243949134070737
0 0.3311667261896916 0.12032895887220496 0.019150011904604962 0.023243949134070737
0 0.5642818712114223 0.11190180735545573 0.012790917748803565 0.0168848549782694
0 0.5736568712114223 0.11206544858915776 0.012790917748803565 0.0168848549782694
0 0.8297068652591197 0.10507997564368018 0.016957584415470232 0.01695758441547029
0 0.36347657521565846 0.12193427867717865 0.019150011904604962 0.023243949134070737
0 0.551836418289323 0.114808619043853 0.012790917748803565 0.0168848549782694
0 0.8765818652591197 0.10589818181219038 0.012790917748803565 0.0168848549782694
0 0.8026962613629872 0.10877390096854096 0.016957584415470232 0.01695758441547029
0 0.8630947456703538 0.10878681114128745 0.012790917748803565 0.0168848549782694
0 0.2948720340900603 0.12906757629669702 0.019150011904604962 0.023243949134070737
0 0.8943083809517532 0.10724894858696092 0.012790917748803565 0.0168848549782694
0 0.043025071427629916 0.13820911201270883 0.012936376623205436 0.025218188311602732
0 0.8370894437222876 0.11041558549211512 0.012790917748803565 0.0168848549782694
0 0.7746258084408879 0.11140797726743484 0.012790917748803565 0.0168848549782694
0 0.5030053614710911 0.12124571482340901 0.016884854978269342 0.012790917748803624
0 0.5033250059523025 0.020240412875342808 0.016957584415470232 0.01695758441547029
0 0.7632402045447556 0.115374637981799 0.012790917748803565 0.0168848549782694
0 0.7383129339819565 0.11910492802526024 0.016957584415470232 0.01695758441547029
0 0.48228112229355913 0.12713206763740448 0.012790917748803565 0.01688485497826937
0 0.0524546185055306 0.14149775324641087 0.014983345237938324 0.023171219696869846
0 0.2721008262977955 0.1370008977254254 0.019222741341805853 0.027410615800737403
0 0.7164924810598571 0.1218480984799555 0.012790917748803565 0.0168848549782694
0 0.4365568831160272 0.13258204382819452 0.019150011904604962 0.023243949134070737
0 0.4917288517307601 0.13146237553777318 0.008587886363536513 0.014728792207735146
0 0.6884402104970581 0.12552384144551604 0.012790917748803565 0.0168848549782694
0 0.7040288457784576 0.1237132435016861 0.012790917748803565 0.0168848549782694
0 0.4688303674233937 0.1321040302998349 0.016957584415470232 0.01695758441547029
0 0.8497349025966893 0.11896710713705115 0.019222741341805735 0.027410615800737403
0 0.5208591536788263 0.1298881482648462 0.016957584415470232 0.01695758441547029
0 0.2899651628786381 0.026929695885463012 0.016957584415470232 0.01695758441547029
0 0.2555068890683297 0.1408766466432884 0.01695758441547029 0.01695758441547029
0 0.2804887067090295 0.14027135659982717 0.012790917748803565 0.0168848549782694
0 0.08280841071326575 0.1503583749994508 0.01915001190460499 0.023243949134070737
0 0.6531144556268925 0.13011397456264168 0.014983345237938294 0.023171219696869846
0 0.19419401460939817 0.1481372207779084 0.01695758441547029 0.01695758441547029
0 0.4512674929644621 0.14012826352506436 0.019150011904604962 0.023243949134070737
0 0.6750076379861928 0.13153747077461306 0.016957584415470232 0.01695758441547029
0 0.5865568831160272 0.13520030356742715 0.010598490259668835 0.010598490259668953
0 0.6375985497826939 0.13609123917313826 0.014983345237938294 0.023171219696869846
0 0.41590537337569616 0.14263506330885664 0.014983345237938294 0.023171219696869846
0 0.9123439967524907 0.12630804869506476 0.012790917748803565 0.0168848549782694
0 0.18282659307256596 0.15314554815893924 0.019150011904604962 0.023243949134070737
0 0.16411295779116644 0.15490159902486847 0.012790917748803624 0.0168848549782694
0 0.24837122564917233 0.03036906818012061 0.014983345237938294 0.023171219696869846
0 0.5845931883116027 0.022700303567427152 0.014837886363536511 0.014837886363536505
0 0.40455613419816416 0.14868505735655416 0.014983345237938294 0.023171219696869846
0 0.8988932418823251 0.13128001135749515 0.012790917748803565 0.0168848549782694
0 0.38686598322413107 0.14941762391511695 0.012790917748803565 0.016884854978269342
0 0.330688712661332 0.15260244317957142 0.012790917748803565 0.016884854978269342
0 0.5628167380942967 0.14728210930352195 0.012790917748803565 0.016884854978269342
0 0.5492932537869302 0.14808740529928563 0.008587886363536513 0.014728792207735117
0 0.37240992640589937 0.15645473755158046 0.016957584415470232 0.01695758441547029
0 0.35680310876519955 0.15722366882874372 0.016957584415470232 0.01695758441547029
0 0.5252545530302032 0.023747242420647567 0.019150011904604962 0.023243949134070744
0 0.9230152164493606 0.14107320562140035 0.014983345237938294 0.023171219696869846
0 0.7939758262977955 0.1461102597348389 0.014983345237938294 0.023171219696869846
0 0.31003720292100095 0.16265546266023354 0.016957584415470232 0.01695758441547029
0 0.47761825973923266 0.15829115584090336 0.012790917748803565 0.0168848549782694
0 0.6087409832241311 0.15329046644606523 0.012790917748803565 0.0168848549782694
0 0.8585409772718287 0.1461958993447863 0.012790917748803565 0.0168848549782694
0 0.5276000773799324 0.15812224242064757 0.014983345237938294 0.023171219696869846
0 0.7138765871202634 0.15096021806872145 0.012790917748803565 0.0168848549782694
0 0.8023455243497293 0.14833905194257407 0.012790917748803565 0.0168848549782694
0 0.5057432597392327 0.15878207954200949 0.019150011904604962 0.023243949134070737
0 0.06661448538840498 0.1771507905839805 0.01695758441547029 0.01695758441547029
0 0.4672925048690671 0.16331766558123442 0.006431823593002288 0.010525760822468063
0 0.7660144675314975 0.1549943360337328 0.014983345237938294 0.023171219696869846
0 0.7764311341981641 0.15517615962673506 0.019150011904604962 0.023243949134070737
0 0.83990007142763 0.15211861687738223 0.016957584415470232 0.01695758441547029
0 0.45901371861363444 0.1662972067068326 0.012790917748803565 0.016884854978269342
0 0.5162326558431002 0.1631305698016784 0.012790917748803565 0.016884854978269342
0 0.2352553912326036 0.1738463327906172 0.012790917748803624 0.0168848549782694
0 0.4912872029210009 0.165819193178473 0.012790917748803565 0.016884854978269342
0 0.750425832250098 0.15680493397756273 0.019150011904604962 0.023243949134070737
0 0.8753167380942967 0.15273681709358994 0.012790917748803565 0.0168848549782694
0 0.29978417748803626 0.17184863906723127 0.012790917748803565 0.0168848549782694
0 0.7004621969686985 0.15801551406448516 0.012790917748803565 0.016884854978269342
0 0.08021069913297231 0.18051216125488345 0.014983345237938294 0.023171219696869846
0 0.051062214825605884 0.18104472186114376 0.01915001190460499 0.023243949134070737
0 0.6557614420985328 0.16244200594790878 0.019150011904604962 0.023243949134070737
0 0.6724099264058994 0.16169125703004575 0.019150011904604962 0.023243949134070737
0 0.7369387126613319 0.1596935633066598 0.012790917748803565 0.0168848549782694
0 0.636115234306268 0.17042987445453778 0.012790917748803565 0.016884854978269342
0 0.6340319009729346 0.17039350973593734 0.012790917748803565 0.016884854978269342
0 0.45864243344143724 0.025708571425433056 0.012790917748803565 0.016884854978269383
0 0.5533613706709029 0.02319649945508702 0.012790917748803565 0.016884854978269383
0 0.40197660497717097 0.17988051027865345 0.012790917748803565 0.016884854978269342
0 0.176153126622107 0.1884349383105043 0.010743949134070736 0.018931823593002287
0 0.16787434036667434 0.19141447943610246 0.019150011904604962 0.023243949134070737
0 0.18660615800737415 0.1907000952368399 0.014983345237938294 0.023171219696869846
0 0.2084629756480739 0.19004025811547798 0.012790917748803624 0.016884854978269342
0 0.4394947873364712 0.1815767418801283 0.012790917748803565 0.0168848549782694
0 0.5695758441547029 0.17655787012598995 0.012790917748803565 0.016884854978269342
0 0.8880894734838 0.16858000540519266 0.012790917748803565 0.0168848549782694
0 0.21993949134070745 0.19128193073444716 0.012790917748803624 0.0168848549782694
0 0.14605388744457504 0.19415764989079773 0.01695758441547029 0.01695758441547029
0 0.03578267965231018 0.200563653138307 0.008696980519337864 0.020978792207735176
0 0.5894402402585704 0.18107000161936096 0.014983345237938294 0.023171219696869846
0 0.6039872088733034 0.1792412213162308 0.012790917748803565 0.016884854978269342
0 0.2328553198049737 0.036346332790617206 0.012790917748803624 0.016884854978269383
0 0.42331667857127164 0.030298704542558688 0.016957584415470232 0.01695758441547029
0 0.276550772727073 0.03398499188122673 0.010598490259668953 0.01059849025966894
0 0.37717661092947347 0.19090246698878136 0.014983345237938294 0.023171219696869846
0 0.3501114599554403 0.19147139231364213 0.012790917748803565 0.0168848549782694
0 0.4312887305182394 0.18872294967239314 0.012790917748803565 0.0168848549782694
0 0.12849101298564353 0.20218188311602722 0.012790917748803624 0.016884854978269342
0 0.5603826677477052 0.18681089555895458 0.012790917748803565 0.0168848549782694
0 0.14100919534494374 0.20344173809429658 0.012790917748803624 0.0168848549782694
0 0.10771222673021086 0.20494323593002267 0.019150011904604962 0.023243949134070737
0 0.33353570508527486 0.19638880789817184 0.012790917748803565 0.0168848549782694
0 0.6249478187217382 0.18689653516890198 0.012790917748803565 0.0168848549782694
0 0.5448485795442063 0.19174649350278453 0.012790917748803565 0.0168848549782694
0 0.7613152402585704 0.18407009090389834 0.019150011904604962 0.023243949134070737
0 0.7935705422066367 0.18255041070887204 0.019150011904604962 0.023243949134070737
0 0.7155364540031378 0.18639506709468837 0.019150011904604962 0.023243949134070737
0 0.5001478246740408 0.1961729853862081 0.012790917748803565 0.016884854978269342
0 0.19954016883094058 0.036806163959676626 0.01695758441547029 0.01695758441547029
0 0.4898220698038752 0.2011994951265392 0.012790917748803565 0.016884854978269342
0 0.27235010714144486 0.21094104869945846 0.014983345237938294 0.023171219696869846
0 0.07357359740111381 0.21788488473978188 0.01695758441547029 0.01695758441547029
0 0.4752932835484426 0.20406994209633603 0.012790917748803565 0.016884854978269342
0 0.0891804150418136 0.21711595346261855 0.012790917748803624 0.016884854978269342
0 0.9800652402585704 0.18788838635694596 0.010816678571271629 0.023098490259668956
0 0.5252932835484426 0.2049426953427469 0.012790917748803565 0.016884854978269342
0 0.055974358223581835 0.223825784631678 0.01915001190460499 0.023243949134070737
0 0.6751841893926414 0.20131095508197952 0.012790917748803565 0.016884854978269342
0 0.26202435227127935 0.21596755843978954 0.019150011904604962 0.023243949134070737
0 0.4462357110375773 0.20981083603592968 0.014983345237938294 0.023171219696869846
0 0.625238736470542 0.20356320183556864 0.016957584415470232 0.01695758441547029
0 0.9030910010810386 0.19279289176872919 0.016957584415470232 0.01695758441547029
0 0.9561796363624382 0.19163685875970737 0.014983345237938294 0.023171219696869846
0 0.4358190443709107 0.20962901244292736 0.010598490259668835 0.010598490259668953
0 0.5940432835484426 0.20614273105656183 0.019150011904604962 0.023243949134070737
0 0.6659001011891424 0.2063556471816108 0.019150011904604962 0.023243949134070737
0 0.2465084464270807 0.22194482305028615 0.019150011904604962 0.023243949134070737
0 0.4567251071414449 0.21415932629559858 0.012790917748803565 0.0168848549782694
0 0.9198303971849061 0.19725047618419947 0.012790917748803565 0.016884854978269342
0 0.40992283657864576 0.21750778679375504 0.016957584415470232 0.01695758441547029
0 0.42554783657864576 0.21778052218325844 0.019150011904604962 0.023243949134070737
0 0.22781299350498138 0.22474254058288207 0.012790917748803624 0.0168848549782694
0 0.942765246210873 0.19869215475547108 0.016957584415470232 0.01695758441547035
0 0.8168872207779084 0.2058670892801437 0.012790917748803565 0.0168848549782694
0 0.49617879816003757 0.028446469693574554 0.016957584415470232 0.01695758441547029
0 0.17044623160147482 0.04046372456593694 0.014983345237938294 0.023171219696869846
0 0.21014102489024852 0.22651677380811155 0.01695758441547029 0.01695758441547029
0 0.373591779760414 0.2241630708849138 0.01695758441547035 0.01695758441547029
0 0.8419054031372085 0.2073451325700158 0.012790917748803565 0.0168848549782694
0 0.3964902640677805 0.22352141612285212 0.019150011904604962 0.023243949134070737
0 0.854441767855809 0.20964665421495182 0.010598490259668835 0.010598490259668953
0 0.20716148376465032 0.23479556006354418 0.010743949134070736 0.018931823593002287
0 0.5870243522712794 0.22164045454146025 0.019150011904604962 0.023243949134070737
0 0.7868425286782771 0.2147148008604371 0.012790917748803565 0.0168848549782694
0 0.6015895032453125 0.22085334090499675 0.014983345237938294 0.023171219696869846
0 0.18842966612395054 0.23550994426280678 0.012790917748803624 0.0168848549782694
0 0.5693160189379459 0.22133135443335641 0.012790917748803565 0.0168848549782694
0 0.7692069247821446 0.21857236741899994 0.016957584415470232 0.01695758441547029
0 0.16459860930571882 0.24238341666556823 0.014983345237938294 0.023171219696869846
0 0.525729660171648 0.2299426953427469 0.014983345237938294 0.023171219696869846
0 0.5548599621197142 0.22836846806981992 0.019150011904604962 0.023243949134070737
0 0.7400948051933786 0.22118826135859357 0.016957584415470232 0.01695758441547029
0 0.15420012499835237 0.2432432597392326 0.012790917748803624 0.016884854978269342
0 0.8036364718600453 0.2222973852759074 0.016957584415470232 0.01695758441547029
0 0.5403311758642816 0.23123891503961674 0.012790917748803565 0.016884854978269342
0 0.7266258679639129 0.22511855735435732 0.014983345237938294 0.023171219696869846
0 0.14593952110221992 0.2472644675314975 0.01695758441547029 0.01695758441547029
0 0.7120970817084803 0.22798900432415412 0.016957584415470232 0.01695758441547029
0 0.6902220817084803 0.22760717477884937 0.019150011904604962 0.023243949134070737
0 0.29064027597238545 0.24458348214089565 0.014983345237938294 0.023171219696869846
0 0.5050236033534163 0.23687071482340902 0.016957584415470232 0.01695758441547029
0 0.8911364718600453 0.22382470345712643 0.012790917748803565 0.0168848549782694
0 0.30312209361308523 0.2437600037858317 0.019150011904604962 0.023243949134070737
0 0.12729861525802127 0.2531871850640934 0.014983345237938353 0.023171219696869846
0 0.480078150431317 0.2395593382002036 0.012790917748803565 0.0168848549782694
0 0.7610735974011137 0.22988524187793144 0.012790917748803565 0.0168848549782694
0 0.1199887662320544 0.25201824188232513 0.014983345237938324 0.023171219696869846
0 0.28343952110221987 0.2496645389591274 0.016957584415470232 0.01695758441547029
0 0.6695705719681492 0.23766019425951151 0.016957584415470232 0.01695758441547035
0 0.6789455719681492 0.23782383549321354 0.012790917748803565 0.016884854978269342
0 0.9204304150418137 0.23162547618419946 0.019150011904604962 0.023243949134070737
0 0.6477683014053501 0.24144503138087342 0.016957584415470232 0.01695758441547029
0 0.2803872505394208 0.2537766585478934 0.019150011904604962 0.023243949134070737
0 0.8455940562755156 0.23969134631458314 0.016957584415470232 0.01695758441547029
0 0.4241190681801206 0.255244157464658 0.016957584415470232 0.01695758441547029
0 0.07024331926225758 0.26572882196924763 0.014983345237938294 0.023171219696869846
0 0.46262437012818686 0.25383357142543306 0.016957584415470232 0.01695758441547029
0 0.6197523955611515 0.24720410767976728 0.016957584415470232 0.01695758441547029
0 0.8549690562755157 0.2398549875482852 0.01688485497826946 0.012790917748803624
0 0.9059561758642816 0.23762092315399627 0.012790917748803565 0.0168848549782694
0 0.26490770941382263 0.26183725649172335 0.01695758441547029 0.01695758441547035
0 0.4761842191541537 0.2551116087630027 0.012790917748803565 0.016884854978269342
0 0.8050417857127166 0.24314890096854094 0.019150011904604962 0.023243949134070737
0 0.03807892911069249 0.27245683549760724 0.01915001190460499 0.023243949134070737
0 0.09844104869945847 0.27038641233702043 0.014983345237938294 0.023171219696869846
0 0.26077740746575645 0.26384786038785574 0.019150011904604962 0.023243949134070737
0 0.1910584702362907 0.2667963089814072 0.019150011904604962 0.023243949134070737
0 0.6448614897169528 0.25389048430297273 0.019150011904604962 0.023243949134070737
0 0.7437289112537849 0.2504094751031609 0.019150011904604962 0.023243949134070737
0 0.21296983495489114 0.26926147186004534 0.019150011904604962 0.023243949134070737
0 0.18173801731419134 0.2697576677477052 0.008587886363536513 0.014728792207735117
0 0.5772077034615202 0.255833630948458 0.019150011904604962 0.023243949134070737
0 0.45860316233592197 0.2620941753215655 0.016957584415470232 0.01695758441547035
0 0.6136660367948534 0.2564700135239659 0.012790917748803565 0.016884854978269342
0 0.5574705838727542 0.2586131661217537 0.012790917748803565 0.016884854978269342
0 0.23486301731419135 0.27068496807201675 0.019150011904604962 0.023243949134070737
0 0.2504516525955909 0.2688743701281868 0.019150011904604962 0.023243949134070737
0 0.600142552487487 0.25727530951972966 0.016957584415470232 0.01695758441547029
0 0.3483319545436571 0.26850017856907477 0.014983345237938294 0.023171219696869846
0 0.7251061877688866 0.2573738593024235 0.019150011904604962 0.023243949134070737
0 0.39433183549760725 0.040206265148819004 0.019150011904604962 0.02324394913407075
0 0.5222721055176902 0.27049496590554595 0.012790917748803565 0.01688485497826946
0 0.1808963565998272 0.2811978187217383 0.012790917748803683 0.01688485497826946
0 0.3598993820327918 0.27495018452137726 0.012790917748803565 0.01688485497826946
0 0.05498196644826211 0.28628941991307755 0.014983345237938324 0.023171219696869846
0 0.1611592370110612 0.283977353895034 0.01695758441547029 0.016957584415470232
0 0.3381334761885932 0.28081835497607255 0.019150011904604962 0.023243949134070737
0 0.32879484090719363 0.2827380470757038 0.012790917748803565 0.01688485497826946
0 0.02594257629669702 0.2930719805193379 0.006577282467404085 0.018859094155801396
0 0.4953160486994585 0.2773138912304068 0.019150011904604962 0.023243949134070737
0 0.5411130173141914 0.27603058170628336 0.016957584415470232 0.016957584415470232
0 0.14465621157809658 0.29306143614623037 0.010598490259668953 0.010598490259668835
0 0.47342577272707304 0.03742145778896957 0.012790917748803565 0.016884854978269383
0 0.15080002380920998 0.04845159307256597 0.012790917748803624 0.0168848549782694
0 0.3195107527036948 0.2877827391753351 0.012790917748803683 0.01688485497826946
0 0.38091453895912747 0.2857304983740485 0.019150011904604962 0.023243949134070737
0 0.29873196644826205 0.29054409198933057 0.019150011904604962 0.023243949134070737
0 0.5069016585478934 0.2848055638493759 0.012790917748803565 0.01688485497826946
0 0.29255469588546296 0.2946016645001959 0.016957584415470232 0.016957584415470232
0 0.09792667045249838 0.3005765633110535 0.012790917748803624 0.01688485497826946
0 0.4882243879850943 0.2886449480486385 0.016957584415470232 0.016957584415470232
0 0.1312963685044322 0.30324173214199407 0.01915001190460499 0.023243949134070737
0 0.47371378408896186 0.292557061685102 0.019150011904604962 0.023243949134070737
0 0.288442576296697 0.29765393506299503 0.019150011904604962 0.023243949134070855
0 0.4591486331149287 0.2933441753215655 0.019150011904604962 0.023243949134070737
0 0.9878425584397895 0.2754974805127473 0.015056074675139305 0.027337886363536512
0 0.2666403057338979 0.3014387721843569 0.014983345237938294 0.023171219696869846
0 0.583016054651761 0.29029954274495917 0.012790917748803565 0.01688485497826946
0 0.9733319545436572 0.2794095941492108 0.023243949134070855 0.019150011904604962
0 0.2541948528117986 0.3043455838727542 0.012790917748803624 0.016884854978269342
0 0.08352516071216733 0.310738676947517 0.012790917748803624 0.01688485497826946
0 0.2749918214265315 0.30262589772542536 0.015056074675139305 0.027337886363536512
0 0.37914030573389795 0.30340246698878137 0.010598490259668953 0.010598490259668953
0 0.23761909794163305 0.30926299945728386 0.014983345237938294 0.023171219696869846
0 0.949464533006825 0.2841997332186389 0.01688485497826946 0.012790917748803565
0 0.9630061996734917 0.2844361038895419 0.012790917748803565 0.01688485497826946
0 0.2262153116862004 0.3121879935049814 0.019150011904604962 0.023243949134070737
0 0.3854812175303991 0.30871989447791603 0.008587886363536513 0.014728792207735117
0 0.20128804112340132 0.3159182835484426 0.014983345237938294 0.023171219696869846
0 0.18984789014936823 0.3167599442628068 0.019150011904604962 0.023243949134070737
0 0.3605357646082998 0.3114085178547106 0.012790917748803565 0.01688485497826946
0 0.2127827391753351 0.31820162283407843 0.019150011904604962 0.023243949134070737
0 0.038969864716403596 0.3234985021642739 0.012790917748803624 0.016884854978269342
0 0.5218668214265315 0.3069351168795791 0.012790917748803565 0.016884854978269342
0 0.8903259036777278 0.2967050054051927 0.014983345237938294 0.023171219696869846
0 0.9163130232664938 0.2940345643876983 0.014983345237938294 0.023171219696869846
0 0.16492061958656912 0.320490234306268 0.014983345237938294 0.023171219696869846
0 0.5115410665563659 0.3119616266199101 0.016957584415470232 0.016957584415470232
0 0.09255760227237778 0.05264171428508661 0.012790917748803624 0.0168848549782694
0 0.6118765275972387 0.03463137824256638 0.016957584415470232 0.01695758441547029
0 0.40893335119024077 0.041502484845688845 0.019150011904604962 0.023243949134070737
0 0.644150011904605 0.034153364714206734 0.019150011904604962 0.02324394913407075
0 0.6597386471860046 0.032342766770376806 0.012754553030203179 0.014801521644936052
0 0.4074653116862005 0.3153517240232208 0.012790917748803565 0.016884854978269342
0 0.42307212932690014 0.31458279274605755 0.012790917748803565 0.01688485497826946
0 0.878903935062995 0.2985883327862235 0.012790917748803565 0.01688485497826946
0 0.859166815474229 0.3013678679595192 0.019150011904604962 0.023243949134070737
0 0.8311327272707302 0.3060852775917464 0.012790917748803565 0.01688485497826946
0 0.7884789410152975 0.3084648008604371 0.012790917748803565 0.01688485497826946
0 0.8394660606040635 0.3062307364661482 0.012790917748803565 0.01688485497826946
0 0.31080849999780313 0.32616076460829974 0.019150011904604962 0.023243949134070737
0 0.809330456707931 0.3098701147131083 0.012790917748803565 0.01688485497826946
0 0.3658250059523025 0.01784034144771289 0.006431823593002288 0.010525760822468026
0 0.3819045649348081 0.04415474350388295 0.014983345237938294 0.023171219696869846
0 0.775028186145132 0.31343676352286753 0.012790917748803565 0.01688485497826946
0 0.027802449131873894 0.3399651628786381 0.01695758441547029 0.016957584415470232
0 0.7667493998896993 0.3164163046484657 0.014983345237938294 0.023171219696869846
0 0.13611760010590698 0.340814461579195 0.01695758441547029 0.016957584415470232
0 0.17045623538730656 0.3393311461027692 0.01695758441547029 0.016957584415470232
0 0.7480539469676 0.3192140221810616 0.016957584415470232 0.016957584415470232
0 0.5732539529199024 0.32761771915195687 0.014983345237938294 0.023171219696869846
0 0.11134396699097822 0.055052330085824025 0.01915001190460499 0.02324394913407075
0 0.3486075963200753 0.04565624133960903 0.014983345237938294 0.023171219696869846
0 0.15596381385047434 0.34428492640589936 0.012790917748803624 0.01688485497826946
0 0.2652479020539732 0.3409857407990898 0.01922274134180591 0.027410615800737403
0 0.11850017856907478 0.3457136948044245 0.012790917748803624 0.016884854978269342
0 0.4036622922055383 0.33611232791935325 0.019150011904604962 0.023243949134070737
0 0.3828835059501056 0.33887368073334867 0.016957584415470232 0.016957584415470232
0 0.9886243998896994 0.320289147179414 0.010743949134070856 0.018931823593002287
0 0.10609109036557592 0.3507038398261551 0.012790917748803624 0.01688485497826946
0 0.9543766764048008 0.3269807959891731 0.019150011904604962 0.023243949134070737
0 0.9678819783528672 0.3251338333267428 0.019150011904604962 0.023243949134070737
0 0.6921130470757039 0.3359405081121827 0.014983345237938294 0.023171219696869846
0 0.0530833630948458 0.058200784631678 0.012790917748803624 0.016884854978269383
0 0.9335433430714676 0.32661714880316867 0.016957584415470232 0.016957584415470232
0 0.4652660844132734 0.34551842045139997 0.016957584415470232 0.01695758441547035
0 0.36327366287644125 0.3489448825733111 0.010598490259668953 0.010598490259668835
0 0.7056728961016707 0.3372185454497523 0.012790917748803565 0.01688485497826946
0 0.357078209954342 0.3519607884175097 0.012790917748803565 0.01688485497826946
0 0.10210624729191152 0.36104777705562086 0.01915001190460499 0.023243949134070737
0 0.6661804745648384 0.34173594912967703 0.016957584415470232 0.016957584415470232
0 0.9273842548679686 0.33171638798070063 0.019150011904604962 0.023243949134070737
0 0.09589261201051198 0.3630220162331528 0.019150011904604962 0.023243949134070855
0 0.605854719694673 0.3458897056235973 0.012790917748803565 0.01688485497826946
0 0.872303198049737 0.33804438960445526 0.012790917748803565 0.01688485497826946
0 0.22811154923997773 0.36116450919761495 0.012790917748803624 0.01688485497826946
0 0.90874334902377 0.3376391055132965 0.014983345237938294 0.023171219696869846
0 0.31013865909060956 0.049150160712167316 0.019150011904604962 0.023243949134070737
0 0.8910895627683374 0.34045500540519263 0.014983345237938294 0.023171219696869846
0 0.6569145687206398 0.347822307895975 0.014983345237938294 0.023171219696869846
0 0.220892612010512 0.36520389934918 0.01695758441547029 0.016957584415470232
0 0.8588524431795714 0.3430163522668856 0.008587886363536513 0.014728792207735117
0 0.34786685118804395 0.36117214718380775 0.016957584415470232 0.016957584415470232
0 0.8401751726167723 0.3468557364661482 0.019150011904604962 0.023243949134070737
0 0.08253276893684758 0.3732023122289166 0.01695758441547029 0.016957584415470232
0 0.6351304805171409 0.3526488116840036 0.014983345237938294 0.023171219696869846
0 0.6507918452357414 0.3550048804068403 0.012790917748803565 0.01688485497826946
0 0.2053585238070131 0.37013949729301 0.01695758441547029 0.016957584415470232
0 0.06902746698878137 0.37504927489134693 0.014983345237938324 0.023171219696869846
0 0.6268516942617083 0.3556283528096017 0.012790917748803565 0.01688485497826946
0 0.3365357943698122 0.36826380789817187 0.012790917748803565 0.016884854978269342
0 0.023285045451949166 0.3794575844154703 0.014983345237938317 0.023171219696869846
0 0.3392689610386757 0.04757593343924033 0.012790917748803565 0.016884854978269383
0 0.6275924393937397 0.04011244696540311 0.01688485497826946 0.012790917748803624
0 0.8288077510799402 0.35186406384717905 0.016957584415470232 0.016957584415470232
0 0.5321873041101433 0.3612654247799478 0.012790917748803683 0.016884854978269342
0 0.050386561144582724 0.38097199242394286 0.01915001190460499 0.023243949134070737
0 0.7965706314911741 0.354425410708872 0.019150011904604962 0.023243949134070855
0 0.6092524550841764 0.3615692527014979 0.012790917748803565 0.016884854978269342
0 0.7872319962097746 0.35634510280850334 0.012790917748803565 0.01688485497826946
0 0.5083198825733111 0.36605556384937593 0.01922274134180597 0.027410615800737403
0 0.30438958657754733 0.3760334880931982 0.010743949134070736 0.01893182359300217
0 0.2908842846294811 0.37788045075562854 0.012790917748803565 0.01688485497826946
0 0.8133463923136421 0.3609663284576757 0.012790917748803565 0.01688485497826946
0 0.774841090365576 0.36237691449690057 0.012790917748803565 0.01688485497826946
0 0.5687910963178785 0.370235140688789 0.016957584415470232 0.016957584415470232
0 0.28154564934808163 0.3798001428552598 0.012790917748803565 0.016884854978269342
0 0.6000592786771787 0.37182227813446256 0.014983345237938294 0.023171219696869846
0 0.2487712375537773 0.05328573484678727 0.006431823593002288 0.010525760822468033
0 0.2914432061685102 0.05194787824476323 0.016957584415470232 0.01695758441547029
0 0.5251138257550794 0.3736381482648462 0.014983345237938294 0.023171219696869846
0 0.5854759453438453 0.37156772510425934 0.014983345237938294 0.023171219696869846
0 0.7561820021620771 0.36725796536282984 0.019150011904604962 0.023243949134070855
0 0.27121989447791606 0.3848266525955909 0.015056074675139187 0.027337886363536512
0 0.7280751845213772 0.3678087083283904 0.019150011904604962 0.023243949134070737
0 0.3409933787852825 0.38500320400203947 0.016957584415470232 0.016957584415470232
0 0.7187729139585781 0.371811733761355 0.012790917748803565 0.01688485497826946
0 0.2566911082224834 0.3876970995653878 0.019150011904604962 0.023243949134070855
0 0.5658297375515804 0.3795555936108884 0.012790917748803565 0.01688485497826946
0 0.9914713923136421 0.3640755118980144 0.012790917748803565 0.01688485497826946
0 0.538819133655448 0.3832495189357491 0.014983345237938294 0.023171219696869846
0 0.5481759512961478 0.38237149350278454 0.016957584415470232 0.016957584415470232
0 0.0173986926379537 0.4001818235930023 0.008624251082136958 0.016812125541068448
0 0.7469342786771787 0.37438599079579454 0.012790917748803565 0.01688485497826946
0 0.93635397077681 0.3683201801884357 0.014983345237938294 0.023171219696869846
0 0.9530570021620771 0.37069443127057267 0.008587886363536513 0.014728792207735117
0 0.9208017002140109 0.372214111465599 0.008587886363536513 0.014728792207735117
0 0.9728123041101433 0.3689565627639437 0.014983345237938294 0.023171219696869846
0 0.20685474945618545 0.39619934631897685 0.01695758441547029 0.016957584415470232
0 0.9062365492399778 0.3730012251020625 0.019150011904604962 0.023243949134070737
0 0.7044077689368476 0.38405718073115186 0.012790917748803565 0.01688485497826946
0 0.14033354166392056 0.4033690086570957 0.025436376623205467 0.025436376623205467
0 0.6919077689368476 0.38383899241954916 0.012790917748803565 0.01688485497826946
0 0.8979759453438453 0.37702243289432735 0.019150011904604962 0.023243949134070737
0 0.5015009572484502 0.39301162066760764 0.012790917748803565 0.01688485497826946
0 0.48589413960775046 0.39378055194477096 0.012790917748803565 0.01688485497826946
0 0.6825873160147483 0.38680035118584705 0.010598490259668835 0.010598490259668835
0 0.5797666845235742 0.044484391770926016 0.016957584415470232 0.01695758441547029
0 0.5964151688309406 0.043733642853062984 0.016957584415470232 0.01695758441547029
0 0.8637100394996466 0.38267241503741983 0.016957584415470232 0.016957584415470232
0 0.18411990638252104 0.40621600108103856 0.019150011904604962 0.023243949134070737
0 0.12900248484568885 0.41046066937145986 0.014983345237938324 0.023171219696869846
0 0.24873960443445484 0.40942664069098594 0.012790917748803624 0.016884854978269342
0 0.6587744415558168 0.39471549025527525 0.016957584415470232 0.016957584415470232
0 0.820141863092649 0.39232542261347697 0.016957584415470232 0.016957584415470232
0 0.6796259572484503 0.39612080410794637 0.016957584415470232 0.016957584415470232
0 0.8440638317073819 0.3906602835440489 0.019150011904604962 0.023243949134070737
0 0.48397444750811924 0.4031191872261705 0.019222741341805853 0.027410615800737403
0 0.17076006330885665 0.4163962970768022 0.01695758441547029 0.016957584415470232
0 0.6338835357116182 0.4005291136320698 0.012790917748803565 0.01688485497826946
0 0.6141464161228521 0.40330864880536554 0.016957584415470232 0.016957584415470232
0 0.8347797435038831 0.3957049756436801 0.012790917748803565 0.01688485497826946
0 0.885766863092649 0.39347091124939126 0.014983345237938294 0.023171219696869846
0 0.1989032456681569 0.41792888744457507 0.019150011904604962 0.023243949134070737
0 0.6422350514042516 0.40171623917313826 0.012790917748803565 0.01688485497826946
0 0.11772597510535779 0.42067733008582403 0.012790917748803624 0.01688485497826946
0 0.8035842905817836 0.39828450486467337 0.014983345237938294 0.023171219696869846
0 0.5402971769453201 0.40826770129504936 0.012790917748803565 0.016884854978269342
0 0.7879956553003841 0.4000951028085033 0.019150011904604962 0.023243949134070737
0 0.4425259691530553 0.4148918928541614 0.019150011904604962 0.023243949134070737
0 0.9868085297593157 0.39523460010151334 0.012790917748803565 0.01688485497826946
0 0.44983581817902224 0.41606083603592964 0.014983345237938294 0.023171219696869846
0 0.6007683906898875 0.4124472781344625 0.012790917748803565 0.01688485497826946
0 0.3706462375537773 0.05541307088491379 0.012790917748803565 0.016884854978269383
0 0.524649262986742 0.04872906006134734 0.012790917748803565 0.016884854978269383
0 0.9733395925298498 0.399164896097277 0.012790917748803565 0.016884854978269342
0 0.7381774788933863 0.4096390162287591 0.012790917748803565 0.01688485497826946
0 0.43017142802745706 0.423007037875892 0.019150011904604962 0.023243949134070737
0 0.9578236866856512 0.40514216070777365 0.016957584415470232 0.016957584415470232
0 0.18351461633905983 0.43119781872173835 0.01695758441547029 0.016957584415470232
0 0.7642736926379536 0.41321857521126476 0.012790917748803565 0.01688485497826946
0 0.41251764177202443 0.4258229377677882 0.019150011904604962 0.023243949134070737
0 0.9412297494561855 0.4090179096256366 0.016957584415470232 0.016957584415470232
0 0.7539115730491877 0.4161617516182625 0.014983345237938294 0.023171219696869846
0 0.8538206612526866 0.41269892477775094 0.012790917748803565 0.016884854978269342
0 0.5558628982681415 0.04719119750702081 0.01688485497826946 0.012790917748803624
0 0.3237894199130775 0.05563653138307026 0.014983345237938294 0.023171219696869846
0 0.7279426358197221 0.4198738593024235 0.012790917748803565 0.01688485497826946
0 0.16598810659872879 0.4413053852803011 0.025436376623205467 0.025436376623205467
0 0.923666874997254 0.41704214285086605 0.012790917748803565 0.01688485497826946
0 0.5542206731572915 0.4303790719659523 0.016957584415470232 0.016957584415470232
0 0.05261008116576413 0.4486985081165764 0.01915001190460499 0.023243949134070737
0 0.7134502142828898 0.42482763960555364 0.012790917748803565 0.01688485497826946
0 0.12443053408786345 0.44682809090829206 0.01915001190460502 0.023243949134070737
0 0.5324184025944925 0.4341639090873142 0.012790917748803565 0.01688485497826946
0 0.3617123457762607 0.4384736688287437 0.019150011904604962 0.023243949134070737
0 0.9081509691530554 0.4230194074613627 0.016957584415470232 0.016957584415470232
0 0.8276651688309405 0.04777012661771329 0.016775760822468063 0.006540917748803624
0 0.07925230627661405 0.06594701028085033 0.014983345237938324 0.023171219696869846
0 0.8779790005383225 0.4245754523749895 0.016957584415470232 0.016957584415470232
0 0.893567635819722 0.4227648544311595 0.012790917748803565 0.01688485497826946
0 0.4106888614688943 0.440369906382521 0.014983345237938294 0.023171219696869846
0 0.5886502202351923 0.4341040898228598 0.012790917748803565 0.016884854978269342
0 0.06415932629559859 0.4541068474022122 0.025436376623205435 0.02543637662320535
0 0.6885956731572915 0.4327245963156816 0.012790917748803565 0.01688485497826946
0 0.3847017418801283 0.44304034740001536 0.019150011904604962 0.023243949134070737
0 0.6750540064906249 0.4324882256447786 0.019150011904604962 0.023243949134070737
0 0.702119157464658 0.4319193003199178 0.012790917748803565 0.01688485497826946
0 0.6032517359278258 0.43540030951972963 0.012790917748803565 0.016884854978269342
0 0.1526646282436648 0.45356901460939814 0.015056074675139246 0.027337886363536512
0 0.6626085535685255 0.4353950373331759 0.012790917748803565 0.016884854978269342
0 0.3337509870099628 0.44735774512763765 0.019150011904604962 0.023243949134070737
0 0.10377902434753238 0.4568811103889542 0.019222741341805884 0.027410615800737403
0 0.07258357142543306 0.4594606396099474 0.019222741341805884 0.027410615800737403
0 0.5232070438281945 0.4433752678536122 0.016957584415470232 0.016957584415470232
0 0.6220562830057265 0.4388525919871337 0.014983345237938294 0.023171219696869846
0 0.8302259751053579 0.43311406384717904 0.014983345237938294 0.023171219696869846
0 0.5710873457762607 0.4421283230480893 0.012790917748803565 0.01688485497826946
0 0.5107252261874947 0.44419874620867617 0.010743949134070736 0.018931823593002287
0 0.09341690475876639 0.4598242867959519 0.015056074675139246 0.027337886363536512
0 0.5024282575727619 0.4461366206676077 0.014983345237938294 0.023171219696869846
0 0.3015865968583977 0.45408575865599726 0.01922274134180597 0.027410615800737403
0 0.80887880411234 0.04535951081697588 0.010525760822468063 0.006431823593002273
0 0.6617123457762607 0.443710188307209 0.012790917748803565 0.01688485497826946
0 0.3599017478324308 0.4540623041101433 0.019150011904604962 0.023243949134070737
0 0.8230070378758919 0.4371534539987441 0.012790917748803565 0.016884854978269342
0 0.493144169369263 0.45118131276723894 0.014983345237938294 0.023171219696869846
0 0.1424297851700004 0.4638038576830626 0.019150011904604962 0.023243949134070737
0 0.8095744653650266 0.4431670833278412 0.014983345237938294 0.023171219696869846
0 0.9594290064906249 0.4374520097337405 0.014983345237938294 0.023171219696869846
0 0.3329275086548988 0.4598395627683374 0.014983345237938294 0.023171219696869846
0 0.11858054599246844 0.46963566341915736 0.01915001190460499 0.023243949134070737
0 0.6014593203432962 0.4520306114677959 0.012790917748803565 0.01688485497826946
0 0.28197675378473325 0.46415696049595956 0.016957584415470232 0.016957584415470232
0 0.9942341983210949 0.43911187661661494 0.011531603357810146 0.01688485497826946
0 0.5879358360359297 0.45283590746355956 0.01688485497826946 0.012790917748803565
0 0.7922303198049737 0.04611025973483892 0.010598490259668835 0.010598490259668924
0 0.25929699837624537 0.05971755843978954 0.008587886363536513 0.014728792207735146
0 0.5049303257572763 0.0525502619013097 0.016957584415470232 0.01695758441547029
0 0.5413886590906095 0.05318664447681763 0.012790917748803565 0.016884854978269383
0 0.7805168928541614 0.44890797726743487 0.014983345237938294 0.023171219696869846
0 0.46834417532156547 0.4622032694773669 0.012790917748803565 0.01688485497826946
0 0.4589691753215655 0.4620396282436648 0.014983345237938294 0.023171219696869846
0 0.9835146163390598 0.4451618706643124 0.014983345237938294 0.023171219696869846
0 0.3445131185033337 0.46733123538730653 0.019150011904604962 0.023243949134070737
0 0.7691494713173291 0.4539163046484657 0.019150011904604962 0.023243949134070737
0 0.7993214399320621 0.4523602597348389 0.014983345237938294 0.023171219696869846
0 0.31227599891456775 0.46989258224899955 0.01922274134180597 0.027410615800737403
0 0.630735081165764 0.45878971752820225 0.019150011904604962 0.023243949134070737
0 0.9721108300836272 0.4480868647120098 0.012790917748803565 0.01688485497826946
0 0.4548752380920997 0.46613356547313056 0.014983345237938294 0.023171219696869846
0 0.9242487104948611 0.45037547618419943 0.012790917748803565 0.01688485497826946
0 0.10629873430407115 0.48191747510755467 0.01695758441547029 0.016957584415470232
0 0.23541139448011292 0.063466030842551 0.01695758441547029 0.01695758441547029
0 0.9545115909060952 0.4540277646039061 0.012790917748803565 0.01688485497826946
0 0.7547115968583976 0.4619950849515958 0.016957584415470232 0.016957584415470232
0 0.44350781655526755 0.4711418928541614 0.012790917748803565 0.016884854978269342
0 0.6100472067068327 0.466759403675531 0.012790917748803565 0.01688485497826946
0 0.5850472067068326 0.46632302705232553 0.012790917748803565 0.01688485497826946
0 0.7412062949103314 0.46384204761402625 0.014983345237938294 0.023171219696869846
0 0.2843146401482698 0.4787766585478934 0.019150011904604962 0.023243949134070737
0 0.3020593382002036 0.48116909198933056 0.014983345237938294 0.023171219696869846
0 0.7256540243475323 0.4677359788911895 0.014983345237938294 0.023171219696869846
0 0.4207547911223029 0.48011688094955646 0.012790917748803565 0.01688485497826946
0 0.5602108479405347 0.4752616504291201 0.019150011904604962 0.023243949134070737
0 0.2594964637412721 0.4887569485913546 0.019150011904604962 0.023243949134070737
0 0.8121123576808656 0.4692451147131083 0.014983345237938294 0.023171219696869846
0 0.7101381185033337 0.4737132435016861 0.016957584415470232 0.016957584415470232
0 0.09611843830830742 0.49527731818121906 0.019150011904604962 0.023243949134070855
0 0.5436169107110689 0.47913739934698313 0.019150011904604962 0.023243949134070737
0 0.41253055194477095 0.4862214220751546 0.012790917748803565 0.016884854978269342
0 0.7955547851700004 0.47520419696430466 0.012790917748803565 0.01688485497826946
0 0.4448949480486385 0.49095174188012825 0.019150011904604962 0.023243949134070855
0 0.527095702918804 0.48717981493151286 0.014983345237938294 0.023171219696869846
0 0.4074131304079387 0.4913388436119868 0.012790917748803565 0.01688485497826946
0 0.6967237283517687 0.48076853949744985 0.012790917748803565 0.01688485497826946
0 0.8809350871180667 0.4746118170935899 0.019222741341805735 0.027410615800737403
0 0.6873669107110688 0.4816465649304144 0.019150011904604962 0.023243949134070737
0 0.3501760108191727 0.49346381385047433 0.010598490259668953 0.010598490259668953
0 0.5187623695854707 0.48703435605711104 0.012790917748803565 0.01688485497826946
0 0.7724750178569074 0.04784812824146795 0.012790917748803565 0.016884854978269383
0 0.8445676655812344 0.47918376785141537 0.016957584415470232 0.016957584415470232
0 0.39911616179320586 0.49327671807091833 0.012790917748803565 0.01688485497826946
0 0.5011631304079387 0.4929752559490072 0.012790917748803565 0.016884854978269342
0 0.507431312767239 0.4941260167714752 0.014983345237938294 0.023171219696869846
0 0.38983207358970695 0.49832141017054965 0.014983345237938294 0.023171219696869846
0 0.029797236468345072 0.5139053138526711 0.019150011904604983 0.023243949134070737
0 0.2556388971827092 0.506392552487487 0.019150011904604962 0.023243949134070737
0 0.37426162066760765 0.5011736747810462 0.019150011904604962 0.023243949134070737
0 0.21360912391731382 0.06725086796391291 0.01695758441547029 0.01695758441547029
0 0.2775320795420094 0.5078160486994585 0.012790917748803565 0.01688485497826946
0 0.9842237283517686 0.48578687066431236 0.014983345237938294 0.023171219696869846
0 0.24220632467184394 0.512406181816584 0.019150011904604962 0.023243949134070855
0 0.6210275265118063 0.49923289393519993 0.014983345237938294 0.023171219696869846
0 0.6772775265118064 0.5002147413374122 0.012790917748803565 0.01688485497826946
0 0.9613979734816032 0.4905951920930407 0.012790917748803565 0.01688485497826946
0 0.34946162661991015 0.5121956314911741 0.016957584415470232 0.016957584415470232
0 0.6075585892823405 0.5031631899309637 0.012790917748803565 0.01688485497826946
0 0.4629305638493759 0.5100108419882321 0.012790917748803565 0.01688485497826946
0 0.9499760048668703 0.49247851947407156 0.014983345237938294 0.023171219696869846
0 0.6398502559490071 0.5037268430692706 0.019150011904604962 0.023243949134070737
0 0.23813056980167838 0.5175417857127165 0.019150011904604962 0.023243949134070737
0 0.477495714823409 0.5092237283517687 0.016957584415470232 0.016957584415470232
0 0.27919775919871337 0.06631302326649385 0.010598490259668953 0.010598490259668924
0 0.20903663257221267 0.5211993463189768 0.019150011904604962 0.023243949134070737
0 0.580620714823409 0.5110237819224911 0.016957584415470232 0.016957584415470232
0 0.7805116206676076 0.5082647949081346 0.016957584415470232 0.016957584415470232
0 0.7180843501048085 0.5113405200167876 0.019150011904604962 0.023243949134070855
0 0.6077585952346429 0.514621523264297 0.016957584415470232 0.016957584415470232
0 0.34138284631677995 0.5266335059501056 0.019150011904604962 0.023243949134070855
0 0.9137722245637401 0.506425470231897 0.014983345237938294 0.023171219696869846
0 0.4873310865797442 0.058491161793205855 0.019150011904604962 0.023243949134070737
0 0.5185629042204439 0.05799496590554598 0.019150011904604962 0.02324394913407075
0 0.9387540422044398 0.5058201801884358 0.012790917748803565 0.01688485497826946
0 0.3205676953427469 0.5273115254307678 0.019150011904604962 0.023243949134070737
0 0.3569896639574798 0.5258645746729423 0.016957584415470232 0.01695758441547035
0 0.17699951893574914 0.5352190265140031 0.019150011904604962 0.023243949134070855
0 0.3102055757539809 0.5302547018377655 0.019150011904604962 0.023243949134070737
0 0.33312224242064753 0.5306547137423705 0.012790917748803565 0.016884854978269342
0 0.9284282873342743 0.5108466899287668 0.012790917748803565 0.01688485497826946
0 0.8962093501048085 0.5144497034571265 0.012790917748803565 0.016884854978269342
0 0.21243436796171605 0.5368788933968776 0.012790917748803624 0.01688485497826946
0 0.8337638971827093 0.5164837618991128 0.014983345237938294 0.023171219696869846
0 0.5725237521609787 0.524419989714756 0.012790917748803565 0.01688485497826946
0 0.34915833928563583 0.017549423698909262 0.006431823593002288 0.010525760822468026
0 0.26675230627661406 0.06921983495489113 0.012790917748803683 0.01688485497826937
0 0.20108512878418405 0.542928887444575 0.019150011904604962 0.02324394913407062
0 0.44774194047258137 0.5347381065987288 0.019150011904604962 0.02324394913407062
0 0.5590911796501133 0.530433619043853 0.016957584415470232 0.016957584415470232
0 0.5488017894985482 0.5375434621175174 0.012790917748803565 0.01688485497826946
0 0.16897528571051967 0.5527819009729347 0.019150011904604962 0.023243949134070855
0 0.4759454826836118 0.062457822507570024 0.016957584415470232 0.01695758441547029
0 0.6851204767313093 0.054654143393582245 0.016957584415470232 0.01695758441547029
0 0.29494422293998546 0.5508152997815954 0.008587886363536513 0.014728792207735117
0 0.5332677012950494 0.5424790600613474 0.016957584415470232 0.016957584415470232
0 0.30221770724735186 0.5499009096300304 0.010743949134070736 0.01893182359300217
0 0.9756123874423782 0.5293732294306104 0.012790917748803565 0.01688485497826946
0 0.43339497781015096 0.5480252202351923 0.014983345237938294 0.023171219696869846
0 0.8039010286760802 0.5357481401460729 0.014983345237938294 0.023171219696869846
0 0.5176972483729501 0.545331324671844 0.019150011904604962 0.023243949134070855
0 0.4230328582213849 0.5509683966421901 0.019150011904604962 0.023243949134070855
0 0.40325937391401856 0.5516645984821522 0.016957584415470232 0.016957584415470232
0 0.7102601228318816 0.5403617278090526 0.016957584415470232 0.016957584415470232
0 0.55832224837295 0.5460404366845528 0.016957584415470232 0.016957584415470232
0 0.9940198290025887 0.533867178564681 0.0119603419948227 0.01688485497826946
0 0.6312025503210162 0.5452298685022353 0.019150011904604962 0.023243949134070855
0 0.4364166964281792 0.0648918928541614 0.016957584415470232 0.01695758441547029
0 0.6510123993469832 0.5466169999956063 0.016957584415470232 0.016957584415470232
0 0.5137124052992856 0.5556752619013097 0.016957584415470232 0.016957584415470232
0 0.27434726027755507 0.5639933192622576 0.012790917748803565 0.01688485497826946
0 0.7895177012950493 0.546951920449203 0.014983345237938294 0.023171219696869846
0 0.9373070914466145 0.5422421488031687 0.014983345237938294 0.023171219696869846
0 0.9539737581132812 0.5425330665519722 0.014983345237938294 0.023171219696869846
0 0.16822453679265661 0.569430385280301 0.019150011904604962 0.023243949134070855
0 0.3899358955589546 0.5639282278112494 0.019150011904604962 0.023243949134070855
0 0.40450104653298774 0.5631411141747859 0.014983345237938294 0.023171219696869846
0 0.9654502738059147 0.5437747391709414 0.019150011904604962 0.023243949134070855
0 0.7729601287841841 0.5529110027003995 0.019150011904604962 0.023243949134070855
0 0.3785139269442217 0.5658115551922802 0.019150011904604962 0.023243949134070855
0 0.6137851347364865 0.5615874350607981 0.019150011904604962 0.023243949134070855
0 0.9155775503210163 0.5501936525911972 0.014983345237938294 0.023171219696869846
0 0.5024177131996544 0.5648502559490072 0.019150011904604962 0.023243949134070855
0 0.14649499566705845 0.5773818890683297 0.025436376623205467 0.02543637662320535
0 0.2890942348445904 0.5736228722924608 0.016957584415470232 0.016957584415470232
0 0.3620109015112571 0.5748956374434767 0.019150011904604962 0.023243949134070855
0 0.4629434740221223 0.5704093262955986 0.016957584415470232 0.016957584415470232
0 0.258958630948458 0.5772622505394208 0.01695758441547029 0.016957584415470232
0 0.9032230091954181 0.5583087976129277 0.010598490259668835 0.010598490259668835
0 0.5868654426368553 0.5704896937189922 0.012790917748803565 0.01688485497826946
0 0.1248018192600607 0.5874167261896915 0.01695758441547029 0.016957584415470232
0 0.7586677131996543 0.5693231163368629 0.023243949134070855 0.019150011904604962
0 0.8918919523771863 0.5654004583272919 0.012790917748803565 0.01688485497826946
0 0.5744745367926567 0.5765215054073896 0.012790917748803565 0.01688485497826946
0 0.7056336249961555 0.5736041493458847 0.019150011904604962 0.023243949134070855
0 0.24565333495269429 0.5905675465351846 0.019150011904604962 0.023243949134070855
0 0.8826078641736875 0.5704451504269233 0.014983345237938294 0.023171219696869846
0 0.6078442348445904 0.5791866742383301 0.012790917748803565 0.01688485497826946
0 0.47463817802635866 0.5841509989145678 0.019150011904604962 0.023243949134070855
0 0.34042681926006074 0.5911804745648385 0.019150011904604962 0.023243949134070855
0 0.6890578701259901 0.5785215649304144 0.019150011904604962 0.023243949134070855
0 0.4517942407968929 0.5879176536766295 0.016957584415470232 0.016957584415470232
0 0.8743290779182549 0.5734246915525214 0.012790917748803565 0.01688485497826946
0 0.5204533290003918 0.583909356057111 0.016957584415470232 0.016957584415470232
0 0.5610601466410915 0.5835768014031532 0.019150011904604962 0.023243949134070855
0 0.8421465054073896 0.5791110384142144 0.019150011904604962 0.023243949134070855
0 0.1354912213162308 0.6032235497826939 0.01695758441547029 0.016957584415470232
0 0.25517379382709604 0.59906452110222 0.019150011904604962 0.023243949134070855
0 0.3342677310565618 0.5962797137423704 0.019150011904604962 0.023243949134070855
0 0.7361985081165764 0.05762841233262668 0.016957584415470232 0.01695758441547029
0 0.4708644258653801 0.06965857737773555 0.019150011904604962 0.023243949134070737
0 0.1262071331127319 0.6082682418823251 0.01695758441547029 0.016957584415470232
0 0.8245290838705573 0.5840102716394439 0.019150011904604962 0.023243949134070855
0 0.6611328760782925 0.5894889745626417 0.019150011904604962 0.023243949134070855
0 0.9827715054073896 0.581565656919745 0.014983345237938294 0.023171219696869846
0 0.22615258603483124 0.606888748375147 0.01695758441547029 0.016957584415470232
0 0.802708630948458 0.5867534420941392 0.014983345237938294 0.023171219696869846
0 0.21993895075343167 0.6088629875526789 0.0168848549782694 0.012790917748803565
0 0.24181395075343168 0.6092448170979836 0.01695758441547029 0.016957584415470232
0 0.457220762441829 0.6005085654731306 0.012790917748803565 0.01688485497826946
0 0.3240692527014979 0.6085978901493683 0.019150011904604962 0.023243949134070855
0 0.648760152593394 0.5965624529177056 0.019150011904604962 0.023243949134070855
0 0.9949406742405269 0.5828800589759151 0.01011865151894611 0.02320758441547023
0 0.5280722781344626 0.6027866325722128 0.012790917748803565 0.01688485497826946
0 0.6654560865797443 0.06160034523354461 0.016957584415470232 0.01695758441547029
0 0.6404631839786611 0.5985003273766372 0.012790917748803565 0.01688485497826946
0 0.12536547239836773 0.6197083928563583 0.012790917748803624 0.01688485497826946
0 0.9568934799744249 0.5904860979372394 0.014983345237938294 0.023171219696869846
0 0.028563201835568642 0.6221841001081039 0.019222741341805898 0.02741061580073752
0 0.42924122131623077 0.6083509751053578 0.019150011904604962 0.023243949134070855
0 0.21485789393519994 0.6160637424228445 0.01695758441547029 0.016957584415470232
0 0.11081850378363486 0.6215371731594884 0.01695758441547029 0.016957584415470232
0 0.07439653516890198 0.6229841239173138 0.01915001190460499 0.023243949134070855
0 0.2014071390650344 0.6210357050852747 0.01695758441547029 0.016957584415470232
0 0.40539198213869887 0.6141827808414526 0.016957584415470232 0.016957584415470232
0 0.4168321331127319 0.6133411201270884 0.019150011904604962 0.023243949134070855
0 0.04950562932470334 0.6287977472941084 0.01915001190460499 0.023243949134070855
0 0.6281813722902638 0.6107821390650343 0.019222741341805735 0.02741061580073752
0 0.18570231222891653 0.07925994426280679 0.012790917748803624 0.0168848549782694
0 0.3730386709952145 0.07315776893684758 0.008587886363536513 0.014728792207735146
0 0.920635152593394 0.6013080486950647 0.016957584415470232 0.016957584415470232
0 0.9320753035674272 0.6004663879807006 0.012790917748803565 0.01688485497826946
0 0.7603639448011292 0.6068412986961632 0.015056074675139305 0.027337886363536512
0 0.9476821212081269 0.5996974567035374 0.019150011904604962 0.023243949134070855
0 0.28786547239836774 0.6225448409071936 0.014983345237938294 0.023171219696869846
0 0.4596313782425664 0.619294930191731 0.016957584415470232 0.016957584415470232
0 0.5231184978313324 0.6172790541090448 0.012790917748803565 0.01688485497826946
0 0.5096677429611668 0.6222510167714752 0.019150011904604962 0.023243949134070855
0 0.3056828998875024 0.6291039410152975 0.008587886363536513 0.014728792207735117
0 0.8957624291084957 0.608163338738526 0.016957584415470232 0.016957584415470232
0 0.18601850973593734 0.6343046363624382 0.019150011904604962 0.023243949134070855
0 0.7781995546495641 0.6144420654709337 0.012790917748803565 0.01688485497826946
0 0.7206644199130776 0.06256401027645661 0.016957584415470232 0.01695758441547029
0 0.4868419880910013 0.6270593382002035 0.012790917748803565 0.01688485497826946
0 0.29952381168400355 0.6342031801928295 0.019150011904604962 0.023243949134070855
0 0.6107094096278335 0.6240147056235972 0.019150011904604962 0.023243949134070855
0 0.7356184978313324 0.620988255406291 0.014983345237938294 0.023171219696869607
0 0.40674274891346934 0.6319092965340862 0.025436376623205467 0.025436376623205584
0 0.5004200194762684 0.6293790422044397 0.019150011904604962 0.023243949134070855
0 0.3901669940433038 0.6368267121186159 0.014983345237938294 0.023171219696869846
0 0.38077381168400354 0.6356214042182472 0.019150011904604962 0.023243949134070855
0 0.7263344096278335 0.6260329475059224 0.014983345237938294 0.023171219696869846
0 0.09774957845877408 0.6483841358219188 0.019150011904604962 0.023243949134070855
0 0.21807198051933788 0.024633446427080704 0.01695758441547029 0.01695758441547029
0 0.31383258441547035 0.02213955681603489 0.012790917748803565 0.016884854978269383
0 0.5469840941558014 0.015795738632618992 0.014765156926335503 0.010671219696869842
0 0.3980386709952145 0.07359414556005302 0.016957584415470232 0.01695758441547029
0 0.45010382196924764 0.07346159685839768 0.016957584415470232 0.01695758441547029
0 0.7139071390650343 0.6299814258609864 0.016957584415470232 0.016957584415470232
0 0.5900942646061029 0.6361510584375926 0.019150011904604962 0.023243949134070855
0 0.8461078939351999 0.6270822521587818 0.015056074675139305 0.027337886363536512
0 0.2810101823549065 0.647417564392092 0.01922274134180597 0.02741061580073752
0 0.8898215292165995 0.6257625779160579 0.012790917748803565 0.01688485497826946
0 0.4797866920952376 0.6404737283517686 0.010598490259668953 0.010598490259668835
0 0.49542987445453784 0.6417881304079387 0.012790917748803565 0.01688485497826946
0 0.5995056293247033 0.638398033004628 0.014983345237938294 0.023171219696869607
0 0.26542154707350696 0.649228162335922 0.01695758441547029 0.016957584415470232
0 0.1800957922033414 0.6529455422066367 0.019222741341805853 0.02741061580073752
0 0.07393670399984258 0.656299274891347 0.01695758441547029 0.016957584415470232
0 0.08647306871844301 0.6586007965362829 0.01915001190460499 0.023243949134070855
0 0.7077662332208358 0.636122331705185 0.014983345237938294 0.023171219696869846
0 0.6900760822468027 0.6368548982637477 0.016957584415470232 0.016957584415470232
0 0.19619170833278413 0.08360843452247571 0.010598490259668953 0.010598490259668953
0 0.9602113885278104 0.06466261958217541 0.012609094155801396 0.006468188311602733
0 0.16666321969247613 0.6589591715357339 0.019150011904604962 0.023243949134070855
0 0.8733185037836348 0.6348466601672543 0.014983345237938294 0.023171219696869846
0 0.5787995725064715 0.6453260524852901 0.019150011904604962 0.023243949134070855
0 0.9566154723983676 0.634217915577939 0.014983345237938294 0.023171219696869846
0 0.46540336471420674 0.6516775086548988 0.014983345237938294 0.023171219696869846
0 0.9836806233724008 0.6336489902530784 0.019150011904604962 0.023243949134070855
0 0.3634291255366747 0.6561456374434766 0.010743949134070736 0.01893182359300217
0 0.9733185037836348 0.636592166660076 0.019150011904604962 0.023243949134070855
0 0.3895253392812421 0.6597251964259824 0.01695758441547035 0.016957584415470232
0 0.7985366920952376 0.6460375302976381 0.019150011904604962 0.023243949134070855
0 0.35518670399984253 0.6612085119024083 0.025436376623205467 0.025436376623205584
0 0.4779760941514076 0.6560623636331682 0.019150011904604962 0.023243949134070855
0 0.38040306709908206 0.07745171211861583 0.01688485497826946 0.012790917748803624
0 0.5633563960994739 0.6554699837624535 0.019150011904604962 0.023243949134070855
0 0.9421775979394361 0.6422966958810693 0.016957584415470232 0.016957584415470232
0 0.25531398051494414 0.666754672076253 0.01922274134180591 0.02741061580073752
0 0.07530565313391331 0.6750674572506471 0.01915001190460499 0.023243949134070855
0 0.9255654783506702 0.6451307781322657 0.012790917748803565 0.01688485497826946
0 0.7809192705584054 0.6509367635228676 0.019150011904604962 0.023243949134070855
0 0.4572700373331759 0.6629903831138304 0.015056074675139187 0.027337886363536512
0 0.16381095508197951 0.6745296244578332 0.019150011904604962 0.023243949134070855
0 0.6737548804068403 0.6563556471816109 0.019150011904604962 0.023243949134070855
0 0.5499420059479088 0.6625252797582171 0.019150011904604962 0.023243949134070855
0 0.5343533706665092 0.6643358777020472 0.016957584415470232 0.016957584415470232
0 0.4479495844110766 0.6659517418801283 0.014983345237938294 0.023171219696869846
0 0.6291795768394131 0.07138062932470333 0.019150011904604962 0.023243949134070737
0 0.646851545454146 0.06960639609947386 0.016957584415470232 0.01695758441547029
0 0.7009818474022124 0.06846854544975231 0.012790917748803565 0.0168848549782694
0 0.07022459631568156 0.6822682121208127 0.033806074675139214 0.027665168830940463
0 0.7956298804068404 0.6584829832197374 0.019150011904604962 0.023243949134070855
0 0.6634654902552751 0.6634654902552751 0.019222741341805735 0.02741061580073752
0 0.9101041195843723 0.6542330427427622 0.019150011904604962 0.023243949134070855
0 0.7716897294328072 0.6591064556224988 0.019150011904604962 0.023243949134070855
0 0.25132913744127977 0.6770986093057189 0.025436376623205467 0.02543637662320535
0 0.43976170995214503 0.6741396163390598 0.010743949134070736 0.01893182359300217
0 0.3450427727226793 0.6766516883094058 0.019150011904604962 0.023243949134070855
0 0.3242639864672467 0.6794130411234013 0.016957584415470232 0.016957584415470232
0 0.41901928841531283 0.6789843024863885 0.014983345237938294 0.023171219696869846
0 0.5293450432854784 0.6757032992388794 0.019150011904604962 0.023243949134070855
0 0.2400162629823482 0.6852319366867495 0.019150011904604962 0.023243949134070855
0 0.12338413582191882 0.08858566937145985 0.01695758441547029 0.01695758441547029
0 0.1599170238048163 0.6900818950206322 0.019150011904604962 0.023243949134070855
0 0.6314101942595116 0.6764435037836348 0.016957584415470232 0.016957584415470232
0 0.7542177667703769 0.6723390221810616 0.014983345237938294 0.023171219696869846
0 0.434735200211814 0.6844653712092252 0.019150011904604962 0.023243949134070855
0 0.06638521211641897 0.7009454826836117 0.01915001190460499 0.023243949134070855
0 0.33387535713814953 0.69311834902377 0.019150011904604962 0.023243949134070855
0 0.40885717477884936 0.6933858122267196 0.019150011904604962 0.023243949134070855
0 0.5160397472897146 0.689008595234643 0.019150011904604962 0.023243949134070855
0 0.15386702975711877 0.7014311341981642 0.019150011904604962 0.023243949134070855
0 0.7408397413374121 0.6814776515101587 0.019150011904604962 0.023243949134070855
0 0.23093218073115185 0.7017349621197143 0.01695758441547035 0.016957584415470232
0 0.9011473138482775 0.6780277348423935 0.014983345237938294 0.023171219696869846
0 0.6274617159044475 0.688870774346434 0.019150011904604962 0.023243949134070855
0 0.8293814080040788 0.6830231520506779 0.019150011904604962 0.023243949134070855
0 0.14980945724625344 0.7076084047609633 0.025436376623205467 0.025436376623205584
0 0.32780718073115184 0.7034259215346353 0.014983345237938294 0.023171219696869846
0 0.7274435335451473 0.689574614172589 0.016957584415470232 0.016957584415470232
0 0.3163306650385183 0.7021842489156661 0.019150011904604962 0.023243949134070855
0 0.6160761120083151 0.6928374350607982 0.01922274134180597 0.02741061580073752
0 0.5057867218567501 0.6982017716416408 0.012790917748803565 0.01688485497826946
0 0.4048905140644852 0.7047714161228522 0.019150011904604962 0.023243949134070855
0 0.06249128083925572 0.716497753246411 0.012790917748803624 0.01688485497826946
0 0.6015836904714829 0.6977912153639283 0.019150011904604962 0.023243949134070855
0 0.8159670178525137 0.6900784480464417 0.019222741341805735 0.02741061580073752
0 0.9939465589781119 0.684854298153447 0.00876970995653868 0.025145458874401783
0 0.7015473257528825 0.6974533885234167 0.019222741341805735 0.02741061580073752
0 0.48614051406448516 0.7061896401482699 0.019150011904604962 0.023243949134070855
0 0.7286852061641166 0.7010511298652226 0.019150011904604962 0.023243949134070855
0 0.6073409415580137 0.0730821331127319 0.012790917748803565 0.0168848549782694
0 0.9712117159044475 0.6948709529155087 0.014983345237938294 0.023171219696869846
0 0.3082882494539886 0.7187054567079311 0.019150011904604962 0.023243949134070855
0 0.499773092527653 0.711634344152506 0.019150011904604962 0.023243949134070855
0 0.13447537499505705 0.7240023360381265 0.019150011904604962 0.023243949134070855
0 0.2229261298652226 0.7203395032453125 0.019150011904604962 0.023243949134070855
0 0.48003597293888695 0.7144138793258018 0.012790917748803565 0.01688485497826946
0 0.2365405259690902 0.7247425405828821 0.025436376623205467 0.025436376623205584
0 0.06378750053612554 0.7310992689390443 0.025509106060406357 0.02960304328987225
0 0.6892836964237854 0.7107768668784807 0.019150011904604962 0.023243949134070855
0 0.9547086904714829 0.7039550351667051 0.025436376623205584 0.025436376623205584
0 0.789247331705185 0.710439040037969 0.01922274134180597 0.02741061580073752
0 0.5824136709952145 0.07681242315619313 0.016957584415470232 0.01695758441547029
0 0.11201671428508661 0.09359399675249068 0.01695758441547029 0.01695758441547029
0 0.4125094631985559 0.7236486926379536 0.019150011904604962 0.023243949134070855
0 0.4749730984799555 0.7226563008626339 0.014983345237938294 0.023171219696869846
0 0.13155038094735957 0.7354061222935592 0.01695758441547029 0.016957584415470232
0 0.3001912867915582 0.7321016645001959 0.019150011904604962 0.023243949134070855
0 0.4657435573543573 0.7308259929622652 0.016957584415470232 0.016957584415470232
0 0.7997912748869532 0.717912530297638 0.014983345237938294 0.023171219696869846
0 0.8091662748869533 0.7180761715313401 0.016957584415470232 0.016957584415470232
0 0.03279205356632872 0.7451371314933709 0.019222741341805898 0.02741061580073752
0 0.8602841179650114 0.06708377975602033 0.012790917748803565 0.0168848549782694
0 0.06830307900368707 0.0949136709952145 0.012790917748803624 0.0168848549782694
0 0.2201647770512271 0.7411182895007451 0.01695758441547029 0.016957584415470232
0 0.6697465827873219 0.7250147353851097 0.019222741341805735 0.02741061580073752
0 0.05156023592562895 0.7465060806274418 0.01695758441547029 0.016957584415470232
0 0.5605170416617237 0.7314389209919192 0.025436376623205584 0.025436376623205584
0 0.9071193062722203 0.7218686466388947 0.014983345237938294 0.023171219696869607
0 0.1370314496701963 0.7511220340900603 0.01695758441547029 0.016957584415470232
0 0.36598337499945083 0.08657215908841266 0.012790917748803565 0.0168848549782694
0 0.6136818533545149 0.0783995606018666 0.016957584415470232 0.01695758441547029
0 0.09852959469632064 0.09648262608158774 0.012790917748803624 0.0168848549782694
0 0.5741348847397819 0.07979196428179132 0.019150011904604962 0.023243949134070737
0 0.21833599674809698 0.755665258115478 0.023243949134070737 0.019150011904604962
0 0.6564776515101587 0.7404033647142066 0.014983345237938294 0.023171219696869846
0 0.38275568884772826 0.7491630708849137 0.016957584415470232 0.016957584415470232
0 0.4660708398217614 0.7495759929622653 0.019150011904604962 0.023243949134070855
0 0.5326647770512272 0.7465729972908132 0.016957584415470232 0.016957584415470232
0 0.8688140102764567 0.734737566011453 0.019150011904604962 0.023243949134070855
0 0.062304185059699695 0.765437904220444 0.019150011904604976 0.023243949134070855
0 0.30062766341476366 0.7571016645001959 0.019150011904604962 0.023243949134070855
0 0.8342969983762454 0.06975422077351465 0.012790917748803565 0.0168848549782694
0 0.3337280730513845 0.08809183928343896 0.016957584415470232 0.01695758441547029
0 0.39119811633686297 0.7555585297593156 0.014983345237938294 0.023171219696869846
0 0.6388965946919268 0.7473859312727694 0.019150011904604962 0.023243949134070855
0 0.5546488712070285 0.7532048268361178 0.019222741341805735 0.02741061580073752
0 0.8491678024841918 0.742725434518082 0.019150011904604962 0.023243949134070855
0 0.36731251244073054 0.759307002162077 0.025436376623205467 0.02543637662320535
0 0.053092826293401736 0.774649262986742 0.021378804112340135 0.031613647186004575
0 0.12494964393410152 0.7748621791117909 0.01695758441547029 0.016957584415470232
0 0.48778564556224985 0.0845328284598725 0.019150011904604962 0.023243949134070737
0 0.21758524783023392 0.7723137424228445 0.01695758441547029 0.016957584415470232
0 0.13856404003796907 0.7792652164493605 0.012790917748803624 0.01688485497826946
0 0.2801034301895342 0.7744463506475247 0.01688485497826946 0.012790917748803565
0 0.4809450909038983 0.7664972126591352 0.019150011904604962 0.023243949134070855
0 0.5402837261852979 0.7654502738059146 0.02543637662320535 0.025436376623205584
0 0.8718333630948457 0.07249211904165614 0.010598490259668835 0.010598490259668924
0 0.8229113944801131 0.07372088148787884 0.010598490259668835 0.010598490259668953
0 0.09025080844088797 0.09946216720718594 0.0168848549782694 0.012790917748803624
0 0.7204920595186313 0.768595821964854 0.014983345237938294 0.023171219696869846
0 0.7340155438259977 0.7677905259690903 0.012790917748803565 0.01688485497826946
0 0.8277291791073972 0.7673436049727772 0.016957584415470232 0.016957584415470232
0 0.6091610027003995 0.7739419761863963 0.014983345237938294 0.023171219696869846
0 0.1294072283495718 0.7916015752156584 0.0168848549782694 0.012790917748803565
0 0.5207466125488344 0.7796881423125437 0.016957584415470232 0.016957584415470232
0 0.6987079713151323 0.7734223257528825 0.019150011904604962 0.023243949134070855
0 0.04305798917203983 0.7963424393937397 0.025436376623205435 0.02543637662320535
0 0.8007367575705651 0.7720791969643047 0.012790917748803565 0.01688485497826946
0 0.77711442586538 0.07500419101200219 0.016957584415470232 0.01695758441547029
0 0.5575227651510158 0.0826260465329877 0.010598490259668835 0.010598490259668924
0 0.5939810984843492 0.08326242910849563 0.014983345237938294 0.023171219696869846
0 0.3460011655790376 0.791216839283439 0.016957584415470232 0.016957584415470232
0 0.4628583749994508 0.08826311850333374 0.010598490259668835 0.010598490259668953
0 0.05490687121142221 0.1030106336576449 0.01915001190460499 0.023243949134070737
0 0.28370117153134006 0.8015842310587586 0.016957584415470232 0.016957584415470232
0 0.4429307126569383 0.79603279869836 0.019150011904604962 0.023243949134070855
0 0.7967882792155011 0.7845064675271037 0.012790917748803565 0.01688485497826946
0 0.13278678137977498 0.8062394556268925 0.01695758441547029 0.016957584415470232
0 0.43147237932360494 0.7958327927460576 0.016957584415470232 0.016957584415470232
0 0.23273223430187429 0.8048599621197143 0.019150011904604962 0.023243949134070855
0 0.3628314734794063 0.8008827570322427 0.019150011904604962 0.023243949134070855
0 0.5918344989123709 0.7955078760782925 0.016957584415470232 0.016957584415470232
0 0.04241633440997815 0.819240923701106 0.01695758441547029 0.016957584415470232
0 0.5471424632029496 0.08452755627331876 0.01688485497826946 0.012790917748803624
0 0.29222504761841994 0.0967395449114299 0.016957584415470232 0.01695758441547029
0 0.5315901926401506 0.08842148755048204 0.01695758441547035 0.01695758441547029
0 0.2776693598429427 0.8139751369029573 0.02543637662320535 0.025436376623205584
0 0.7782382851678036 0.7956375183930331 0.019150011904604962 0.023243949134070855
0 0.5129042029166072 0.8076676834381419 0.016957584415470232 0.016957584415470232
0 0.20698148538401123 0.8210720698038754 0.025509106060406357 0.02960304328987225
0 0.34747920886890965 0.8162350216427392 0.019150011904604962 0.023243949134070855
0 0.049835277591746406 0.8266598668828744 0.012790917748803624 0.01688485497826946
0 0.4286928441503092 0.8155699123348235 0.019150011904604962 0.023243949134070855
0 0.498411781379775 0.812621463741272 0.016957584415470232 0.016957584415470232
0 0.2786833809517533 0.09650317424052696 0.023243949134070737 0.01915001190460499
0 0.2622080010766448 0.8230774015134539 0.01695758441547029 0.016957584415470232
0 0.6640549637390752 0.8165541255366747 0.019222741341805735 0.02741061580073752
0 0.7660837499945078 0.815210996748097 0.014983345237938294 0.023171219696869846
0 0.599562542202243 0.8206351525933939 0.019150011904604962 0.023243949134070855
0 0.8094606396099474 0.07869284415030921 0.016957584415470232 0.01695758441547029
0 0.4743530730513845 0.09054645778896958 0.012790917748803565 0.0168848549782694
0 0.5097333749994508 0.08908132467184394 0.016957584415470232 0.01695758441547029
0 0.2749080070289473 0.8347539231583899 0.016884854978269342 0.012790917748803565
0 0.733864812765042 0.8188140102764566 0.012790917748803565 0.01688485497826946
0 0.05739967964791647 0.8424121433979759 0.01695758441547029 0.016957584415470232
0 0.3602701266177133 0.8331198766210086 0.019150011904604962 0.023243949134070855
0 0.5101428501026117 0.8284464696935745 0.016957584415470232 0.016957584415470232
0 0.49769739718051237 0.8313532813819718 0.012790917748803683 0.01688485497826946
0 0.14387619534055004 0.8449629458865614 0.01695758441547035 0.016957584415470232
0 0.5233114063847178 0.09140102867608023 0.016957584415470232 0.01695758441547029
0 0.2105428620072167 0.8461266168817759 0.025436376623205467 0.02543637662320535
0 0.42075952272158085 0.8383411201270884 0.023243949134070855 0.019150011904604962
0 0.35107695021071555 0.8433729020539732 0.012790917748803565 0.01688485497826946
0 0.28139437769985026 0.848404683980858 0.025509106060406357 0.02960304328987225
0 0.49687391882544846 0.8438350990226716 0.014983345237938294 0.023171219696869846
0 0.33974589339248384 0.8504645627683374 0.014983345237938294 0.023171219696869846
0 0.7362754285657795 0.837600374995057 0.019150011904604962 0.023243949134070855
0 0.5730803079003688 0.019375297615124656 0.010598490259668835 0.01059849025966894
0 0.7918068533545148 0.08150874404220536 0.012790917748803565 0.0168848549782694
0 0.4473242867959519 0.09319871644716367 0.012790917748803565 0.0168848549782694
0 0.48338679923668243 0.8467237283517687 0.016957584415470232 0.016957584415470232
0 0.14420347780795412 0.8637129458865614 0.01695758441547029 0.016957584415470232
0 0.21604211308935367 0.8628841953449438 0.01695758441547029 0.016957584415470232
0 0.6510587678514154 0.8475677548657718 0.019150011904604962 0.023243949134070855
0 0.04016408765638903 0.8691863766232053 0.01915001190460499 0.023243949134070855
0 0.4128080189335523 0.8600706612526866 0.023243949134070737 0.019150011904604962
0 0.7260587678514153 0.8488768847353881 0.019150011904604962 0.023243949134070855
0 0.5648186228296848 0.858558619043853 0.014983345237938294 0.023171219696869846
0 0.6397458933924838 0.8557010822468027 0.01922274134180597 0.02741061580073752
0 0.16421333278622352 0.8765584107132658 0.019150011904604962 0.023243949134070855
0 0.21207545237498948 0.8742697992410762 0.023243949134070737 0.019150011904604962
0 0.34635954057848833 0.8714069902574721 0.019150011904604962 0.023243949134070855
0 0.14964818181219036 0.8773455243497293 0.01695758441547035 0.016957584415470232
0 0.9281924572506471 0.0797239664438684 0.016957584415470232 0.01695758441547029
0 0.41821635821918807 0.8716199063825211 0.02543637662320535 0.025436376623205584
0 0.17784591124939128 0.882003114717502 0.025436376623205467 0.02543637662320535
0 0.5025549935005877 0.8710093441525061 0.019150011904604962 0.023243949134070855
0 0.5639951444746207 0.8710404366845528 0.012790917748803565 0.01688485497826946
0 0.7180527169854861 0.8674814258609864 0.019150011904604962 0.023243949134070855
0 0.3018587916606253 0.887291815474229 0.019150011904604962 0.023243949134070855
0 0.48501030140095636 0.8800752440444022 0.019150011904604962 0.023243949134070855
0 0.12398834469082849 0.8987659653672236 0.01915001190460499 0.023243949134070855
0 0.709901207245155 0.8777526336532513 0.019150011904604962 0.023243949134070855
0 0.09279289176872915 0.9013454945882168 0.025436376623205435 0.02543637662320535
0 0.10527470940942893 0.9005220162331528 0.014983345237938324 0.023171219696869846
0 0.31108414177422133 0.10331682737883398 0.012790917748803565 0.0168848549782694
0 0.40576671428508665 0.09872142207515461 0.01922274134180597 0.027410615800737403
0 0.4567720162331528 0.09752902434753238 0.016957584415470232 0.01695758441547029
0 0.41753833873852597 0.8924350573565542 0.023243949134070737 0.019150011904604962
0 0.21459516233152826 0.8993061639596767 0.021378804112340135 0.031613647186004575
0 0.353064099560994 0.8975577510799402 0.023243949134070737 0.019150011904604962
0 0.2874936466388947 0.8995372624440258 0.025509106060406357 0.02960304328987225
0 0.5529550054051927 0.8947987640655837 0.019150011904604962 0.023243949134070855
0 0.6299656093013251 0.8919775919871337 0.019150011904604962 0.023243949134070855
0 0.42811864663889465 0.9019918809495564 0.016957584415470232 0.016957584415470232
0 0.35838152705012866 0.9038986628764413 0.016957584415470232 0.016957584415470232
0 0.13891714285086612 0.9188121850640935 0.027410615800737403 0.019222741341805735
0 0.4927565270501287 0.9062441872261705 0.019150011904604962 0.023243949134070855
0 0.43599322997772016 0.10029037716152785 0.008587886363536513 0.014728792207735146
0 0.10563835659543347 0.9213553495664861 0.027410615800737403 0.019222741341805735
0 0.36167016828383075 0.9133282099543419 0.01688485497826946 0.012790917748803565
0 0.2503572938248992 0.9197160308425509 0.023243949134070737 0.019150011904604962
0 0.4262353192578639 0.9134138495642893 0.01688485497826946 0.012790917748803565
0 0.6333269799722281 0.905573805731701 0.01688485497826946 0.012790917748803565
0 0.23306823593002265 0.108203150431317 0.010598490259668953 0.010598490259668953
0 0.49224322997772013 0.10127222456374009 0.012790917748803565 0.0168848549782694
0 0.6535561044366517 0.0957571569219419 0.012790917748803565 0.0168848549782694
0 0.22166444967459 0.11112814447901448 0.01695758441547029 0.01695758441547029
0 0.5167939431817683 0.016310116879579083 0.012754553030203179 0.014801521644936052
0 0.27847046482670434 0.024646356599827182 0.014983345237938294 0.023171219696869846
0 0.9699682180731152 0.08670126081587745 0.012790917748803565 0.0168848549782694
0 0.16656521049705802 0.11641447943610247 0.01695758441547029 0.01695758441547029
0 0.2404689967524907 0.11458042694641857 0.006431823593002288 0.010525760822468033
0 0.6286651985924531 0.10157078029873645 0.019150011904604962 0.023243949134070737
0 0.6962826201292852 0.09754430031991784 0.016957584415470232 0.01695758441547029
0 0.1062394556268925 0.12056823593002267 0.019150011904604962 0.023243949134070737
0 0.3882947516226563 0.11195398863371743 0.012790917748803565 0.0168848549782694
0 0.6047432299777201 0.10323591936816458 0.019150011904604962 0.023243949134070737
0 0.7223970162331528 0.10216552596909018 0.010598490259668835 0.010598490259668924
0 0.929488676947517 0.09432548213650195 0.012790917748803565 0.0168848549782694
0 0.3435758143931905 0.11533881385047434 0.016957584415470232 0.01695758441547029
0 0.4185212673152898 0.11352294372009067 0.010598490259668835 0.010598490259668953
0 0.08759854978269387 0.12649095346261857 0.014983345237938324 0.023171219696869846
0 0.37690914772652384 0.11592064934808159 0.016957584415470232 0.01695758441547029