0 0.026660011136936643 0.312600792946791 0.017248679491529136 0.01763738945783307
0 0.1463425503989416 0.3227028630082994 0.015383600967519229 0.023766049108937183
0 0.2544940047245054 0.33422089448421427 0.013082012824862469 0.017394708760041528
0 0.42920299831207415 0.3527468171247948 0.015529104173734846 0.02793271577560385
0 0.0900561745973877 0.3204683402547796 0.013082012824862469 0.017394708760041528
0 0.16598871385939262 0.32802226298947623 0.019550267634185894 0.024008729806728843
0 0.4198279983120742 0.35220078555476364 0.019695770840401514 0.02817539647339551
0 0.09932204719272598 0.3241393718248106 0.013082012824862469 0.017394708760041528
0 0.3989582891771869 0.3520290487324723 0.019695770840401514 0.028175396473395627
0 0.03897813212916712 0.31853716837349916 0.01078042468220571 0.01102336841114564
0 0.23035379238340256 0.33803381380524594 0.019550267634185894 0.02400872980672896
0 0.13355154398651037 0.33030815424825805 0.019550267634185894 0.024008729806728843
0 0.3926355375740791 0.3537483610191183 0.015383600967519229 0.0237660491089373
0 0.28861437411362806 0.3435146769076617 0.019550267634185894 0.02400872980672896
0 0.28141864742937295 0.04144161727538073 0.01078042468220571 0.011023368411145654
0 0.11997350151828981 0.33056110864710203 0.015383600967519229 0.023766049108937183
0 0.38311503436786354 0.35736899611575385 0.015529104173734728 0.027932715775603967
0 0.11041662251052028 0.3352234104104042 0.019550267634185894 0.02400872980672896
0 0.32790670103453023 0.35415347687001514 0.019695770840401396 0.028175396473395627
0 0.36845894943142243 0.3586029470068166 0.026018522443509322 0.030622750853416272
0 0.07615074991518199 0.33009629465362356 0.017248679491529136 0.01763738945783307
0 0.2757869918996429 0.3521616348142869 0.019550267634185894 0.024008729806728843
0 0.21027111930430467 0.34521441382406926 0.015383600967519229 0.0237660491089373
0 0.2581150343678635 0.3500885751820059 0.017248679491529136 0.01763738945783307
0 0.3413392402965351 0.3580671891378379 0.019695770840401396 0.02817539647339551
0 0.25082336770119684 0.34966388396087067 0.013082012824862469 0.017394708760041528
0 0.193604452637638 0.34424369103290287 0.013082012824862469 0.017394708760041528
0 0.09576053757407914 0.33645736130146703 0.013082012824862469 0.017394708760041528
0 0.08530749510585857 0.33689232622365467 0.01078042468220571 0.01102336841114564
0 0.31935511289187346 0.35991811547443203 0.019695770840401396 0.02817539647339551
0 0.1840839494314224 0.3478643261295384 0.017248679491529136 0.01763738945783307
0 0.6632010528742851 0.07829090463109314 0.019550267634186012 0.024008729806728843
0 0.29640207042365285 0.35962503830324494 0.019550267634185776 0.02400872980672896
0 0.23702707042365287 0.35616683835971463 0.015383600967519229 0.0237660491089373
0 0.010198367701196854 0.3356490736634059 0.013082012824862462 0.01739470876004141
0 0.21457010175493677 0.0427670594440485 0.012791006412431234 0.009061375426708122
0 0.19952707042365286 0.3539827120795902 0.013082012824862469 0.017394708760041528
0 0.28788685808255005 0.36434801024099506 0.013082012824862469 0.017394708760041528
0 0.19201714894766278 0.3598080208584549 0.019550267634185894 0.024008729806728843
0 0.4362400785240099 0.03167080309366984 0.010562169872882284 0.004773368411145655
0 0.21073077314610886 0.3619417506651838 0.015383600967519229 0.023766049108937183
0 0.17122019141588335 0.35755295070283033 0.015383600967519229 0.023766049108937183
0 0.2668716457414471 0.3683429400853704 0.019695770840401514 0.02817539647339551
0 0.2502049790747805 0.36737221729420394 0.017248679491529136 0.01763738945783307
0 0.0035184959498214745 0.34447804209337474 0.007036991899642949 0.017394708760041528
0 0.239715560805006 0.36884884888305824 0.015383600967519229 0.023766049108937183
0 0.12006939734455496 0.35770511215488315 0.015383600967519229 0.023766049108937183
0 0.44567459854872116 0.06040250483814883 0.008842594555087993 0.015068694728916535
0 0.08353831240811381 0.3576649893825401 0.01078042468220571 0.01102336841114564
0 0.2291170151305698 0.37345048047191265 0.015529104173734846 0.02793271577560385
0 0.1521428092018982 0.3658358875627681 0.017248679491529136 0.01763738945783307
0 0.1365178092018982 0.3649258349460496 0.015383600967519229 0.023766049108937183
0 0.027324688209667724 0.35334713329568684 0.013082012824862462 0.01739470876004141
0 0.3135284350882701 0.04853072601659895 0.01078042468220571 0.01102336841114567
0 0.0708928092018982 0.3611036139558319 0.015383600967519229 0.023766049108937183
0 0.18112759686079535 0.37274298578064263 0.013082012824862469 0.017394708760041528
0 0.037559475868564875 0.3591621683734992 0.01955026763418588 0.024008729806728843
0 0.20497680278946698 0.3772633997929443 0.019695770840401514 0.02817539647339551
0 0.1633465119243542 0.3737949261483617 0.019695770840401514 0.02817539647339551
0 0.01557534846390316 0.3610130947100933 0.013082012824862462 0.017394708760041528
0 0.056091221059241456 0.3665042315135614 0.013082012824862469 0.017394708760041528
0 0.14247680278946698 0.37362318932607036 0.019550267634185894 0.024008729806728843
0 0.005813468303279958 0.36555405612449976 0.011626936606559916 0.023766049108937183
0 0.12972217217858964 0.38018681389936226 0.015383600967519229 0.023766049108937183
0 0.6214252588029566 0.07898909765317716 0.010780424682205591 0.01102336841114564
0 0.238564810889824 0.043120806789683525 0.01078042468220571 0.01102336841114567
0 0.04962296624991803 0.372390210466874 0.013082012824862469 0.017394708760041528
0 0.10464942057548184 0.380814063045946 0.019550267634185894 0.02400872980672896
0 0.7547354479131326 0.05752754314139372 0.010780424682205591 0.01102336841114567
0 0.0369047114405946 0.3779121683734992 0.015383600967519213 0.023766049108937183
0 0.06287362650415346 0.38151225606802996 0.015383600967519229 0.023766049108937183
0 0.046134208234378984 0.3826248666101969 0.015383600967519213 0.023766049108937183
0 0.08352508082971728 0.3879339928903213 0.019695770840401514 0.02817539647339551
0 0.001428546827289868 0.37965202806224985 0.002857093654579736 0.027932715775603967
0 0.1105720383614967 0.39055308409263334 0.019550267634185894 0.024008729806728843
0 0.08977508082971727 0.3882980139370087 0.019550267634185894 0.024008729806728843
0 0.7171130889300744 0.08873742036905057 0.015383600967519347 0.023766049108937242
0 0.0136606625599428 0.3859524245356454 0.015383600967519218 0.0237660491089373
0 0.023968201821947754 0.38968412628012433 0.015383600967519222 0.023766049108937183
0 0.004353479918743397 0.3893910491089373 0.008706959837486794 0.023766049108937183
0 0.29463293188205447 0.051605329543203425 0.013082012824862469 0.01739470876004147
0 0.054818068004854816 0.40296256484689474 0.019550267634185894 0.02400872980672896
0 0.4988128301271177 0.03322768022721047 0.010707673079097901 0.008940035077812335
0 0.4267790953425055 0.06347710836475332 0.013082012824862469 0.01739470876004147
0 0.35799271954095163 0.060514543517858614 0.01078042468220571 0.01102336841114567
0 0.4641335921362899 0.06982790131154436 0.013082012824862469 0.01739470876004147
0 0.2851851802789467 0.053142631306505664 0.013082012824862469 0.017394708760041455
0 0.929282343626307 0.5290468517320259 0.019695770840401396 0.02817539647339551
0 0.5597850464618539 0.08061789069408443 0.010780424682205591 0.01102336841114564
0 0.8937599126447608 0.11155135002519347 0.015383600967519347 0.023766049108937242
0 0.3796858405331821 0.06699695051459784 0.013082012824862469 0.01739470876004147
0 0.6387334583191969 0.09147882395212478 0.019550267634186012 0.024008729806728843
0 0.9488227427718786 0.1189335359375988 0.015383600967519347 0.023766049108937242
0 0.15389880447739276 0.04653985599273701 0.01078042468220571 0.01102336841114567
0 0.3901025071998488 0.06760365225907683 0.01078042468220571 0.01102336841114567
0 0.8374007852400991 0.11140016060500689 0.019695770840401396 0.02817539647339554
0 0.34114417386651547 0.06475215406002556 0.01078042468220571 0.01102336841114567
0 0.26934192546962327 0.058482578689787165 0.013082012824862469 0.01739470876004147
0 0.9236606448974842 0.570470837700901 0.019550267634186012 0.02400872980672896
0 0.5615244029130234 0.5389409503263655 0.019550267634186012 0.02400872980672896
0 0.9724734750246019 0.5774890025666191 0.019695770840401396 0.028175396473395627
0 0.5929001249858636 0.08880933627641721 0.019550267634186012 0.024008729806728843
0 0.18299271954095164 0.050321954210611516 0.01078042468220571 0.01102336841114567
0 0.895244638485053 0.5771660763241412 0.019695770840401396 0.028175396473395627
0 0.25788359213629 0.05781520677086028 0.01078042468220571 0.01102336841114567
0 0.9491930503423963 0.5865709253954319 0.019841274046617247 0.03234206314006229
0 0.8782869654059551 0.5845286868663081 0.02437169872882284 0.04300141050452026
0 0.7712929871751375 0.0616232659325601 0.023571431094636826 0.020084743837853778
0 0.4080059511193482 0.03315770838357656 0.016884921475990092 0.00722072279116639
0 0.5460978765889716 0.0839958450929284 0.010780424682205591 0.01102336841114564
0 0.4901454325563814 0.5504403784639084 0.019695770840401514 0.028175396473395627
0 0.7813755896044012 0.57992802730932 0.015383600967519347 0.023766049108937183
0 0.3316964222634076 0.0662894558233278 0.013082012824862469 0.017394708760041455
0 0.8364020439299651 0.5883518798883921 0.02609127404661725 0.03270608418674949
0 0.5014218868819452 0.5563160837161685 0.019550267634185894 0.02400872980672896
0 0.7978603772632984 0.5861070834338198 0.015383600967519347 0.023766049108937183
0 0.9341004557873082 0.6003048762864945 0.019695770840401396 0.028175396473395627
0 0.7114020439299651 0.5810714589546442 0.011071431094636826 0.019356701744478972
0 0.7405323347950777 0.5838118905058519 0.019695770840401396 0.028175396473395627
0 0.2973279718183864 0.5423413961910468 0.01984127404661713 0.03234206314006229
0 0.7196990014617445 0.582598487016894 0.01984127404661701 0.03234206314006229
0 0.0558795599610431 0.5220159157191342 0.013082012824862469 0.017394708760041528
0 0.6843849126447609 0.09935664496116568 0.015383600967519347 0.02376604910893727
0 0.6634126256601905 0.580363964263374 0.010780424682205591 0.011023368411145876
0 0.31169305034239625 0.5494407786333174 0.019695770840401514 0.028175396473395627
0 0.6955587891206415 0.5864114063379257 0.019695770840401396 0.028175396473395627
0 0.6196626256601905 0.5778158169365623 0.019550267634186012 0.02400872980672896
0 0.8650958251764309 0.6035923114395999 0.019695770840401396 0.028175396473395627
0 0.8868980735733232 0.6069497184363393 0.019695770840401396 0.028175396473395627
0 0.27300588046951396 0.5513626488454118 0.025873019237293703 0.026456084186749725
0 0.674004621779648 0.09770827655002004 0.015383600967519347 0.023766049108937242
0 0.7816897402399898 0.6008220308171012 0.015674607379950346 0.032099382442270515
0 0.6807935767795388 0.5907703572289883 0.01984127404661701 0.03234206314006229
0 0.323902043929965 0.5585021540600257 0.019550267634185894 0.02400872980672896
0 0.643220825176431 0.5906695642821973 0.019550267634185776 0.02400872980672896
0 0.22027446473162823 0.0587560804907359 0.013082012824862469 0.01739470876004147
0 0.6598874918430976 0.5916402870733637 0.013082012824862469 0.017394708760041528
0 0.766924527898887 0.605180981708164 0.015383600967519347 0.023766049108937183
0 0.703491988636882 0.5983551010668421 0.01984127404661701 0.03234206314006229
0 0.5786738676446516 0.5858663467997609 0.026018522443509086 0.03062275085341639
0 0.23589946473162823 0.05966613310745439 0.01078042468220571 0.01102336841114567
0 0.47141857677953874 0.5785756521649605 0.019550267634185894 0.02400872980672896
0 0.04171950466796007 0.5389355367846449 0.01955026763418588 0.024008729806728725
0 0.5983564069066565 0.590144080114271 0.019550267634185776 0.02400872980672896
0 0.5213458251764309 0.583571153871793 0.019550267634185894 0.02400872980672896
0 0.5046791585097643 0.5826004310806266 0.019550267634185894 0.02400872980672896
0 0.5539484118573433 0.038526532806282474 0.010780424682205591 0.01102336841114567
0 0.12975859213628996 0.05035277531376865 0.01078042468220571 0.01102336841114567
0 0.41484787658897143 0.07635140311249308 0.019550267634185894 0.024008729806728843
0 0.9415971456849018 0.6247485710154111 0.028538365395489505 0.04324409120231205
0 0.8374668548197891 0.6176398869039545 0.019841274046617247 0.03234206314006229
0 0.16930554966806938 0.0536999086094555 0.013082012824862469 0.01739470876004147
0 0.24732142226340767 0.06137517169304795 0.01078042468220571 0.011023368411145654
0 0.911104487962555 0.12299940965747443 0.019550267634186012 0.024008729806728843
0 0.07382929232685723 0.546024645525863 0.019550267634185894 0.02400872980672896
0 0.7530918548197891 0.6127256027736746 0.019695770840401396 0.028175396473395627
0 0.5283828612322202 0.5912875117595949 0.019695770840401514 0.028175396473395627
0 0.9673478059391374 0.634598658709942 0.019841274046617247 0.03234206314006229
0 0.8757175150740245 0.6282180166918602 0.019695770840401396 0.028175396473395627
0 0.34084648543066637 0.5814085470256399 0.019550267634185894 0.02400872980672896
0 0.37001315209733304 0.5831073119101811 0.017248679491529136 0.01763738945783307
0 0.1941533644384359 0.5676457190951526 0.013082012824862469 0.017394708760041528
0 0.08184192546962327 0.04756194728916528 0.010634921475990093 0.0068567017444790025
0 0.4011176488911174 0.5890940838102847 0.019550267634185894 0.02400872980672896
0 0.4833365639546763 0.595970360925002 0.01984127404661713 0.03234206314006229
0 0.8110250543360294 0.6275814658760903 0.008842594555088113 0.015068694728916417
0 0.41986764889111744 0.5901861469503468 0.019550267634185894 0.02400872980672896
0 0.21685177629577915 0.5752304629330065 0.015383600967519229 0.023766049108937183
0 0.6528372242089117 0.6141929326933429 0.019841274046617247 0.03234206314006229
0 0.44996685481978904 0.5950705820093359 0.019550267634185894 0.02400872980672896
0 0.31573735802600467 0.5830774628388902 0.02609127404661713 0.03270608418674972
0 0.28649793975623017 0.5834620312876825 0.019550267634185894 0.02400872980672896
0 0.3478835214864557 0.5891249049134418 0.019550267634185894 0.02400872980672896
0 0.11197750719984881 0.0514047156814877 0.013009261221754661 0.015311375426708122
0 0.6162333876693628 0.6162361432543333 0.019841274046617247 0.03234206314006229
0 0.5028372242089117 0.6054564275728455 0.019550267634185894 0.02400872980672896
0 0.24680547901823513 0.5842815646586622 0.019550267634185894 0.02400872980672896
0 0.2322585214864557 0.5823905155497251 0.019695770840401514 0.028175396473395627
0 0.13593584053318214 0.05280012969378938 0.017248679491529136 0.017637389457833056
0 0.5370667210026961 0.6116252099962928 0.019841274046617247 0.03234206314006229
0 0.19572743655001457 0.5823503927773819 0.019550267634185894 0.02400872980672896
0 0.14580018815312237 0.5773548910705493 0.019550267634185894 0.02400872980672896
0 0.18326381235156847 0.5805806840173403 0.019550267634185894 0.02400872980672896
0 0.6337598419949266 0.6224758695532808 0.019841274046617247 0.03234206314006229
0 0.11253960642289686 0.5733301121548832 0.015383600967519229 0.023766049108937183
0 0.9536673180896729 0.12965355347650495 0.006977516031078087 0.021197354380020704
0 0.9156877506460541 0.6493341534953282 0.02609127404661725 0.03270608418674949
0 0.08642518815312238 0.573896691127019 0.015383600967519229 0.023766049108937183
0 0.10513881235156847 0.5760304209337479 0.019550267634185894 0.02400872980672896
0 0.5826090479235982 0.6226280310053338 0.024153443919499296 0.036751410504520264
0 0.07076381235156846 0.5740283051769672 0.019550267634185894 0.02400872980672896
0 0.7334688355824954 0.6366335396336125 0.02609127404661725 0.03270608418674949
0 0.7833233323762798 0.6437123746737783 0.02609127404661725 0.03270608418674972
0 0.5708068701765402 0.09378526261301132 0.013082012824862469 0.01739470876004147
0 0.006342554814556237 0.5713084210278642 0.012685109629112474 0.017394708760041528
0 0.03311830914535287 0.5760108455635096 0.019550267634185887 0.02400872980672896
0 0.3972287570584854 0.610787073286941 0.019550267634185894 0.02400872980672896
0 0.04974860001046563 0.5780232350213427 0.013082012824862469 0.017394708760041528
0 0.15071751507402448 0.5859915752761221 0.017248679491529136 0.01763738945783307
0 0.2702909269313677 0.5992186453376306 0.026018522443509322 0.03062275085341639
0 0.023670557542245056 0.5775481473268118 0.013082012824862462 0.017394708760041528
0 0.002678533580445951 0.574868385950052 0.005357067160891902 0.02400872980672896
0 0.1620667210026961 0.589783947195049 0.019550267634185894 0.02400872980672896
0 0.6769278291700641 0.6416906835467593 0.019695770840401396 0.028175396473395627
0 0.8809126168289614 0.6587903710718808 0.02609127404661725 0.03270608418674972
0 0.013217515074024485 0.5779831122489995 0.013082012824862462 0.017394708760041528
0 0.37732796298715704 0.6127593399724309 0.015383600967519229 0.023766049108937183
0 0.8059489926305152 0.6533804518449654 0.03255952885594056 0.03932010523343716
0 0.7425164533685104 0.6465545712036435 0.02609127404661725 0.03270608418674972
0 0.34611433878871095 0.6098975680723273 0.01984127404661713 0.03234206314006229
0 0.28993709039181875 0.6045380453188074 0.030185189110175988 0.030865431551207932
0 0.8403239926305152 0.6553825676017461 0.025873019237293703 0.026456084186749725
0 0.6925164533685103 0.6436424028301443 0.019841274046617247 0.03234206314006229
0 0.4657241264476081 0.622082971467169 0.02609127404661713 0.03270608418674972
0 0.19625984199492658 0.596994396285163 0.019550267634185894 0.02400872980672896
0 0.12747346619337266 0.5940318314382684 0.019695770840401514 0.028175396473395627
0 0.36992716891582866 0.6154596487512957 0.019550267634185894 0.02400872980672896
0 0.44690137484450027 0.6230742416604402 0.019695770840401514 0.028175396473395627
0 0.7507241970974423 0.11261453612583126 0.013082012824862469 0.01739470876004147
0 0.5070997867018435 0.6328431117784183 0.019695770840401514 0.028175396473395627
0 0.43425587163828466 0.626512866233732 0.019550267634185894 0.02400872980672896
0 0.5558762410274073 0.6409029433108029 0.02609127404661725 0.03270608418674949
0 0.31762558077317193 0.6186761400289006 0.019550267634185894 0.02400872980672896
0 0.9355389373374321 0.6786725569842863 0.030185189110175988 0.030865431551207696
0 0.13547941731272087 0.6038921928338515 0.019550267634185894 0.02400872980672896
0 0.6577776953529711 0.6520569537400304 0.019841274046617247 0.03234206314006229
0 0.9667889373374322 0.6804926622177232 0.019550267634186012 0.02400872980672896
0 0.6369807378211918 0.6498018835844057 0.02839286218927389 0.039077424535645375
0 0.852698403026114 0.1216852132217254 0.008842594555088113 0.015068694728916535
0 0.2092558716382847 0.6134081085529857 0.015383600967519229 0.023766049108937183
0 0.22800587163828467 0.614500171693048 0.01984127404661713 0.03234206314006229
0 0.028151374844500313 0.5986848315323846 0.01955026763418588 0.02400872980672896
0 0.6222519012816428 0.6531191678088019 0.019841274046617247 0.03234206314006229
0 0.4859390711545251 0.6410047082894602 0.019550267634185776 0.02400872980672896
0 0.3724701560909663 0.632308325941306 0.02609127404661701 0.03270608418674972
0 0.007450357295132438 0.6004750876945308 0.014900714590264876 0.02400872980672896
0 0.07124337979518708 0.052163578878019624 0.012936509618646851 0.013228042093374803
0 0.7094608948692115 0.6665487957957588 0.019841274046617247 0.03234206314006229
0 0.07897478670184356 0.6079076700803318 0.015383600967519229 0.023766049108937183
0 0.40465269535297116 0.6373141013491908 0.019695770840401396 0.028175396473395627
0 0.5939086464723194 0.6577310730987086 0.03270503206215617 0.04348677190010359
0 0.24639211362274566 0.6260089014997767 0.019695770840401514 0.028175396473395627
0 0.18396486522585348 0.6202853576995696 0.01984127404661713 0.03234206314006229
0 0.16216261682896127 0.6169279507028302 0.019695770840401514 0.028175396473395627
0 0.5408563980754272 0.6525535608685324 0.026018522443509322 0.03062275085341639
0 0.10803232596384851 0.6127314349648728 0.019695770840401514 0.028175396473395627
0 0.20859787658897147 0.064338708571809 0.013082012824862469 0.017394708760041455
0 0.15971229485874597 0.0594038770394244 0.013082012824862469 0.017394708760041455
0 0.7371097788276678 0.1139091571913419 0.013082012824862469 0.01739470876004144
0 0.030582003993633186 0.05083910874121821 0.010634921475990093 0.0068567017444790025
0 0.3160382770831967 0.6342404698544527 0.019695770840401396 0.028175396473395627
0 0.300304149678535 0.6364554172377341 0.02609127404661701 0.03270608418674972
0 0.14010573782119176 0.6208622103727578 0.015383600967519229 0.023766049108937183
0 0.2785019012816428 0.633098010240995 0.01984127404661701 0.03234206314006229
0 0.3586011072103144 0.6408946136734833 0.01984127404661701 0.03234206314006229
0 0.3418980647420939 0.6409655575489837 0.019695770840401396 0.028175396473395627
0 0.7642690943854519 0.6812226483748307 0.02839286218927389 0.039077424535645375
0 0.19613748301186834 0.6303883997929443 0.01984127404661713 0.03234206314006229
0 0.4489351007978832 0.6545062521837839 0.025873019237293703 0.02645608418674949
0 0.698640863764109 0.10958102740343628 0.015383600967519347 0.023766049108937242
0 0.5196924519067657 0.09289575739839757 0.013082012824862469 0.01739470876004147
0 0.0597519012816428 0.6203572736069362 0.019550267634185894 0.02400872980672896
0 0.9075825847668051 0.7020951324486407 0.028538365395489505 0.04324409120231205
0 0.12936168894053995 0.6296305086282789 0.019695770840401514 0.028175396473395627
0 0.17307531313898605 0.6332203226217572 0.019550267634185894 0.02400872980672896
0 0.25831010079788314 0.6434036102598183 0.019550267634185894 0.02400872980672896
0 0.43125991264476077 0.08461379257032613 0.008842594555087993 0.015068694728916535
0 0.016934440543647757 0.6209947964545722 0.019550267634185887 0.02400872980672896
0 0.6972750455048 0.6867147572101651 0.019695770840401396 0.028175396473395627
0 0.6546394637745746 0.682143946724468 0.019695770840401396 0.028175396473395627
0 0.28862433091453527 0.07421864533763059 0.013082012824862469 0.01739470876004147
0 0.4943319245125697 0.6696757398594914 0.023571431094636944 0.020084743837853837
0 0.009115368910595877 0.6246761017256558 0.018230737821191754 0.02400872980672896
0 0.7991401240288101 0.6989104343060594 0.02609127404661725 0.03270608418674972
0 0.22795626425833423 0.6458108418674958 0.02609127404661713 0.03270608418674972
0 0.18040012498586366 0.06478394719504905 0.013082012824862469 0.017394708760041455
0 0.04412367066029985 0.051627821009040904 0.006541006412431234 0.008697354380020735
0 0.20184184598855975 0.6463774208396316 0.01984127404661713 0.03234206314006229
0 0.8202976089547855 0.12292943781384051 0.019550267634186012 0.024008729806728843
0 0.38380613044124134 0.666369701368014 0.019695770840401514 0.028175396473395627
0 0.3380091729094619 0.6626585470256399 0.025873019237293703 0.026456084186749725
0 0.5387962089652513 0.681659557360751 0.02609127404661701 0.03270608418674972
0 0.32130613044124134 0.6627294909011402 0.019695770840401514 0.028175396473395627
0 0.2890144637745747 0.6608487154932552 0.019695770840401514 0.028175396473395627
0 0.30155083957612855 0.6605350909199633 0.015529104173734846 0.02793271577560385
0 0.7488854934179326 0.7032899325992268 0.02839286218927389 0.039077424535645375
0 0.36394171217146687 0.6673003013868374 0.026018522443509322 0.030622750853416154
0 0.07263880352033919 0.6398959858747588 0.019695770840401514 0.028175396473395627
0 0.3614682459780941 0.08054889088231688 0.01078042468220571 0.01102336841114564
0 0.0015690716330518824 0.6354670631400622 0.003138143266103765 0.017394708760041528
0 0.5604165783543739 0.6902252976908236 0.03255952885594056 0.03932010523343716
0 0.5209059966241483 0.6858364977284701 0.02839286218927389 0.039077424535645375
0 0.5021559966241483 0.6847444345884081 0.019695770840401514 0.028175396473395627
0 0.1744311304412413 0.6541749963039862 0.019695770840401514 0.028175396473395627
0 0.969318692934173 0.7276103429155147 0.011216934300852681 0.023523368411145877
0 0.03287359117923635 0.6427988525790719 0.019550267634185887 0.02400872980672896
0 0.7809225294737221 0.7124623746737784 0.017248679491529136 0.01763738945783307
0 0.5873544084814916 0.6959693888931358 0.03255952885594056 0.03932010523343692
0 0.7257505719419426 0.708205188761373 0.03270503206215617 0.04348677190010359
0 0.08797279710790797 0.6491393718248107 0.019550267634185894 0.02400872980672896
0 0.9389648563946242 0.7300175745231923 0.03270503206215617 0.043486771900103825
0 0.09731142130635405 0.6507270700615084 0.01984127404661713 0.03234206314006229
0 0.45513549341793275 0.6861809434049192 0.02609127404661713 0.03270608418674972
0 0.009327007930721026 0.6445284385667702 0.018654015861442053 0.028175396473395627
0 0.04924925143347179 0.6521029087035717 0.019550267634185894 0.02400872980672896
0 0.11796287563191786 0.6571488068837998 0.02609127404661713 0.03270608418674972
0 0.6849800687357271 0.7100057186245716 0.03076720193503822 0.047532098217874366
0 0.15740070575903561 0.6636209401794865 0.026018522443509322 0.03062275085341639
0 0.4622916578354374 0.09268389780376313 0.013082012824862469 0.01739470876004147
0 0.7962665240183444 0.12361735713487215 0.017248679491529136 0.01763738945783307
0 0.7971526865217419 0.7259330974649446 0.02609127404661701 0.03270608418674972
0 0.6598345655295115 0.7127163011044887 0.028392862189273654 0.039077424535645375
0 0.22083324502104057 0.6704468208208084 0.01984127404661713 0.03234206314006229
0 0.24051578428304551 0.6747245541353185 0.01984127404661713 0.03234206314006229
0 0.038541578354373884 0.659829540292426 0.019695770840401496 0.028175396473395627
0 0.3226255719419427 0.6847258312500359 0.026018522443509322 0.030622750853416154
0 0.19773469934660437 0.6743204103162879 0.019695770840401514 0.028175396473395627
0 0.29751644453728093 0.6863947470632863 0.026018522443509322 0.03062275085341639
0 0.4497916578354374 0.09195585571038833 0.013082012824862469 0.01739470876004147
0 0.4057406504659526 0.6958294452058679 0.025873019237293703 0.026456084186749725
0 0.062427160084599406 0.663308287638061 0.026018522443509322 0.03062275085341639
0 0.4338292746643987 0.6985092065826279 0.01984127404661713 0.03234206314006229
0 0.357787607997732 0.6940802838479312 0.019695770840401514 0.028175396473395627
0 0.07273469934660436 0.6670399893825399 0.019695770840401514 0.028175396473395627
0 0.8124503043077567 0.7362181500816632 0.019550267634186012 0.02400872980672896
0 0.3869178988628448 0.6968207153991391 0.026018522443509322 0.03062275085341639
0 0.2167493309145353 0.07003240330072553 0.01078042468220571 0.01102336841114567
0 0.126233458319197 0.06162909812375829 0.013082012824862469 0.017394708760041455
0 0.6157208075139723 0.7205848204443436 0.03270503206215617 0.04348677190010359
0 0.47944435318840856 0.7074286942583353 0.019695770840401514 0.028175396473395627
0 0.2781349126447608 0.07569527692648492 0.013082012824862469 0.01739470876004147
0 0.24424594133106534 0.68746723483311 0.019695770840401514 0.028175396473395627
0 0.8528570494984334 0.7448342868851313 0.019550267634186012 0.02400872980672896
0 0.176537607997732 0.6835236734939966 0.02609127404661713 0.03270608418674972
0 0.46773138924419794 0.7140529890060753 0.019550267634185894 0.02400872980672896
0 0.40604165783543744 0.08940770838357655 0.010780424682205591 0.01102336841114564
0 0.9639516248162275 0.7617426622177231 0.0223611169985972 0.04496340348895795
0 0.4926222618395362 0.7186340731928247 0.02609127404661713 0.03270608418674972
0 0.08885572898996248 0.6836357121737063 0.02609127404661713 0.03270608418674972
0 0.15220237338275586 0.06522918581828911 0.01078042468220571 0.01102336841114567
0 0.3415442193713156 0.7108785645645459 0.02609127404661713 0.03270608418674972
0 0.7191235823480071 0.7485268378891334 0.02609127404661725 0.03270608418674972
0 0.3539947003036579 0.08533253299451492 0.010780424682205591 0.01102336841114567
0 0.27178892850620284 0.7057719962098702 0.019695770840401514 0.028175396473395627
0 0.3788259645619922 0.7193126908446703 0.01984127404661713 0.03234206314006229
0 0.8750825759355758 0.7659606973896518 0.03902778366526386 0.04593412628012459
0 0.5493682914828942 0.7375959327874592 0.03255952885594056 0.03932010523343692
0 0.6378008307448993 0.7458778976155306 0.02609127404661725 0.03270608418674972
0 0.3945833245021041 0.08874033646464967 0.010780424682205591 0.01102336841114567
0 0.004360073629868474 0.687853747345635 0.008720147259736948 0.023887389457833072
0 0.8218484485309142 0.7659915184928089 0.03255952885594056 0.03932010523343692
0 0.3599304613557766 0.7223872943712749 0.02839286218927389 0.039077424535645375
0 0.20899792209377163 0.7104651190763295 0.02839286218927389 0.039077424535645375
0 0.7118187724152366 0.12078640633792563 0.017248679491529136 0.01763738945783307
0 0.2536440855542227 0.7172406032442556 0.02609127404661713 0.03270608418674972
0 0.40026445494334534 0.7330867645080763 0.02609127404661713 0.03270608418674972
0 0.8445104845867034 0.7746179289973294 0.03255952885594056 0.03932010523343716
0 0.2909985823480071 0.723591396191047 0.019695770840401514 0.028175396473395627
0 0.87201718427258 0.13637961320290212 0.019550267634186012 0.024008729806728843
0 0.4183961546292218 0.09430241714361802 0.010780424682205591 0.01102336841114564
0 0.6071196119913652 0.7576601292232082 0.02839286218927389 0.039077424535645375
0 0.03801908555422269 0.7046818771335406 0.01955026763418588 0.02400872980672896
0 0.572817363594473 0.7535746801330941 0.03493386860170512 0.047774778915666144
0 0.05145162481622764 0.7085955894013635 0.01955026763418588 0.02400872980672896
0 0.8938921842725799 0.13765368686630802 0.013082012824862469 0.01739470876004147
0 0.42077040606269356 0.7436751679970343 0.019695770840401514 0.028175396473395627
0 0.08887887321311982 0.7128630490148211 0.015383600967519229 0.023766049108937183
0 0.23341590926890915 0.7285878699297458 0.01984127404661713 0.03234206314006229
0 0.061577285070463075 0.7175356244791757 0.019695770840401496 0.028175396473395627
0 0.3466301937215907 0.7445759189445667 0.03255952885594056 0.03932010523343716
0 0.904236011023846 0.7979284657819742 0.03449735898305827 0.03527477891566614
0 0.2976718603882574 0.7417244207455155 0.02839286218927389 0.039077424535645375
0 0.6586209324998361 0.7773603046122699 0.030330692316391607 0.03503209821787436
0 0.20708323618981125 0.7354044489018816 0.02609127404661713 0.03270608418674972
0 0.07393178186424745 0.722430333239217 0.019550267634185894 0.02400872980672896
0 0.6222718148834573 0.11452710466873964 0.017248679491529136 0.01763738945783307
0 0.265271066316929 0.7429686453376305 0.024153443919499414 0.0367514105045205
0 0.5950792658331693 0.773659423970948 0.019841274046617247 0.03234206314006229
0 0.7615276776905127 0.789616651882612 0.02839286218927389 0.039077424535645375
0 0.44931868410294384 0.7630822662149088 0.025873019237293703 0.026456084186749725
0 0.2766202722456006 0.7467610172565575 0.024153443919499414 0.0367514105045205
0 0.9393252954765274 0.8093662517132026 0.03270503206215617 0.043486771900103825
0 0.3109588964440467 0.7498047996800049 0.01984127404661713 0.03234206314006229
0 0.2484588964440467 0.7461645892131308 0.019695770840401514 0.028175396473395627
0 0.012255193721590703 0.725100792946791 0.019841274046617115 0.03234206314006229
0 0.0027182062375623937 0.725414417520083 0.0054364124751247874 0.02977336841114564
0 0.9598312465958756 0.8199546552021606 0.020132280459048482 0.040675396473395624
0 0.329236011023846 0.7644385294867336 0.019695770840401396 0.028175396473395627
0 0.714143416468758 0.8014698273657898 0.03507937180792074 0.05194144558233281
0 0.023349769039385 0.7361848315323846 0.026018522443509308 0.030622750853416154
0 0.23347542929362045 0.7567735401041936 0.019695770840401514 0.028175396473395627
0 0.9262796584532189 0.8242632096198279 0.028538365395489505 0.04324409120231205
0 0.7700066025423543 0.12835060277367466 0.019695770840401396 0.02817539647339554
0 0.935413347733031 0.14424716051089068 0.015529104173734728 0.027932715775603908
0 0.31318782129588846 0.08817472952438017 0.010780424682205591 0.01102336841114564
0 0.554732040667204 0.7932289573419278 0.02437169872882284 0.04300141050452026
0 0.788779658453219 0.8162547465927052 0.02437169872882284 0.04300141050452026
0 0.448518416468758 0.7859989328815755 0.02839286218927389 0.039077424535645375
0 0.8625197369772288 0.826812328978506 0.03493386860170512 0.047774778915666144
0 0.19562499116877072 0.07715233314510088 0.01078042468220571 0.01102336841114564
0 0.4931778998198984 0.10492066970386676 0.006613758015539043 0.010780687713354069
0 0.5699569068501111 0.8055973432919797 0.03270503206215617 0.043486771900103825
0 0.38378957992920903 0.7864040487324723 0.02839286218927389 0.039077424535645375
0 0.5408629917865523 0.8018152450741051 0.013082012824862469 0.017394708760041528
0 0.7436606095725671 0.8230209290914455 0.03255952885594056 0.03932010523343692
0 0.37457340302611397 0.09383760315013957 0.010780424682205591 0.01102336841114564
0 0.5095402401834445 0.8020784731740015 0.024153443919499296 0.0367514105045205
0 0.4886705310485572 0.8019067363517103 0.01984127404661701 0.03234206314006229
0 0.08397145893697854 0.7637227051581441 0.019695770840401514 0.028175396473395627
0 0.6585846450105749 0.12081722744108277 0.013082012824862469 0.01739470876004147
0 0.17999999116877072 0.07624228052838239 0.013082012824862469 0.01739470876004147
0 0.09855479227031187 0.7645720876004146 0.019695770840401514 0.028175396473395627
0 0.24097211919121397 0.78121723483311 0.02609127404661713 0.03270608418674972
0 0.8900627241523664 0.845117090355266 0.03493386860170512 0.047774778915666144
0 0.10979487079432178 0.7714894595193414 0.013082012824862469 0.017394708760041528
0 0.28565465845321897 0.7869510523343699 0.019695770840401396 0.028175396473395627
0 0.6184787305647976 0.820948841491031 0.03270503206215617 0.04348677190010359
0 0.3032538643818905 0.7911074452999841 0.03270503206215617 0.043486771900103825
0 0.2292591552470033 0.78784152958085 0.01984127404661713 0.03234206314006229
0 0.005133878107261267 0.7663427683923224 0.010267756214522535 0.02989470876004153
0 0.034758494992767876 0.7681628736257593 0.019695770840401514 0.028175396473395627
0 0.6807604757554742 0.830839051957905 0.03493386860170512 0.047774778915666144
0 0.7244740999539202 0.8344288659513833 0.02839286218927389 0.039077424535645375
0 0.22777115462922176 0.08319977521965244 0.01078042468220571 0.01102336841114564
0 0.015790240183444458 0.7733208104856973 0.019695770840401503 0.028175396473395627
0 0.051134155247003314 0.7774669297502591 0.026091274046617114 0.03270608418674972
0 0.0075925415677123185 0.7758997789156662 0.015185083135424637 0.032220722791166403
0 0.8457670871290578 0.8581939430284542 0.025873019237293703 0.02645608418674949
0 0.9342360021926166 0.865434241189859 0.03493386860170489 0.047774778915666144
0 0.5243285967477046 0.8269468591240533 0.02839286218927389 0.039077424535645375
0 0.27034380908880756 0.8069350032254324 0.024153443919499414 0.036751410504520264
0 0.07069774277187853 0.06778857887801963 0.01078042468220571 0.01102336841114564
0 0.5075793541454622 0.11097838547947068 0.013082012824862469 0.01739470876004147
0 0.4481778026763763 0.8256429363893567 0.025873019237293703 0.026456084186749725
0 0.5459853419383812 0.8344709327874592 0.02437169872882284 0.043001410504520506
0 0.08621361536721682 0.07182363149473811 0.010634921475990093 0.0068567017444790025
0 0.37738084514459685 0.8204756978602329 0.02839286218927389 0.039077424535645375
0 0.46181877241523667 0.10622556447042979 0.01078042468220571 0.01102336841114567
0 0.07235439081903304 0.797491003413665 0.02839286218927386 0.039077424535645375
0 0.21106811216100121 0.0832707190951527 0.013082012824862469 0.01739470876004147
0 0.3531678812003862 0.8263719505145979 0.019695770840401514 0.028175396473395627
0 0.49152766885928334 0.8396494170495018 0.030330692316391607 0.0350320982178746
0 0.6505752866452982 0.8583069537400303 0.03255952885594056 0.03932010523343716
0 0.4643352081212883 0.8411969925138564 0.030330692316391607 0.0350320982178746
0 0.6369907387782453 0.05171348009544775 0.017248679491529136 0.017637389457833056
0 0.16943782129588844 0.07980224545057006 0.013082012824862469 0.01739470876004147
0 0.41846549898640106 0.8395691715048155 0.030767201935038457 0.0475320982178746
0 0.6836176135662003 0.8685817326556965 0.03270503206215617 0.043486771900103825
0 0.22877303824840603 0.8316521997552978 0.02839286218927389 0.039077424535645375
0 0.14023477882766786 0.07914514723269554 0.013082012824862469 0.01739470876004147
0 0.8228008130824407 0.8881698693650484 0.03493386860170489 0.047774778915666144
0 0.28897145010574926 0.8414210698732759 0.028538365395489505 0.04324409120231205
0 0.7113788555506613 0.8806364940324565 0.03493386860170512 0.047774778915666144
0 0.640694432669472 0.1249941678088018 0.017248679491529136 0.01763738945783307
0 0.3608134815501239 0.09929889088231689 0.013082012824862469 0.01739470876004147
0 0.665509146415774 0.8790086730234156 0.028538365395489505 0.04324409120231205
0 0.35962290443131306 0.8507549750690664 0.01984127404661713 0.03234206314006229
0 0.3502479044313131 0.8502089434990353 0.019695770840401514 0.028175396473395627
0 0.11088282590730317 0.8300048033760185 0.026018522443509322 0.03062275085341639
0 0.5706811039475534 0.8745293538153234 0.030330692316391607 0.03503209821787436
0 0.8474370550669017 0.9000426202184646 0.03270503206215617 0.04348677190010359
0 0.3323576920902102 0.8543858838667544 0.02609127404661713 0.03270608418674972
0 0.79420292766224 0.9000734413216217 0.030767201935038457 0.047532098217874366
0 0.3020766071537691 0.8547097821410986 0.026018522443509322 0.03062275085341639
0 0.0804198619630925 0.835537034983696 0.030185189110175988 0.030865431551207696
0 0.3446758130824407 0.8603222592934626 0.015674607379950464 0.032099382442270515
0 0.060099197097442346 0.07239021046687395 0.01078042468220571 0.01102336841114564
0 0.8721163990324808 0.07375827285400635 0.019550267634186012 0.024008729806728843
0 0.23738414641577404 0.8540732313253289 0.024153443919499414 0.0367514105045205
0 0.7804430061862498 0.9055347290537991 0.028538365395489505 0.04324409120231205
0 0.4297650975351222 0.8746722135981903 0.01984127404661713 0.03234206314006229
0 0.6977678445268153 0.13458102740343628 0.013082012824862469 0.01739470876004147
0 0.8226587171221537 0.1449864483371842 0.017248679491529136 0.01763738945783307
0 0.4119112609955733 0.8778074872992427 0.02609127404661713 0.03270608418674972
0 0.7489747513769264 0.9099646238203621 0.03493386860170512 0.047774778915666144
0 0.5687830568679182 0.12184959243856343 0.019695770840401396 0.02817539647339551
0 0.012347770614220136 0.8420101403112492 0.01998677725283273 0.03650872980672896
0 0.12561506969278063 0.07933743145709163 0.006613758015539043 0.010780687713354038
0 0.6114019997738186 0.9040394941265727 0.026018522443509322 0.03062275085341639
0 0.26499988519401935 0.8702946593687554 0.01998677725283275 0.03650872980672896
0 0.37832329705136264 0.8831577083835765 0.02839286218927389 0.039077424535645375
0 0.39283387878158815 0.8860904241591804 0.02609127404661713 0.03270608418674972
0 0.25251652401834446 0.09194752607306868 0.013082012824862469 0.01739470876004147
0 0.049609778827667865 0.0738668420557283 0.01078042468220571 0.01102336841114567
0 0.43334975137692644 0.8915815609626485 0.01984127404661713 0.03234206314006229
0 0.2740475029800342 0.8802156909387866 0.02839286218927389 0.039077424535645375
0 0.24599525458314203 0.87649426289536 0.028538365395489505 0.04324409120231205
0 0.4613656239722647 0.8963446556727419 0.03902778366526398 0.04593412628012459
0 0.33362102081212885 0.1008464663466715 0.01078042468220571 0.01102336841114564
0 0.5714549084249463 0.9121506941642192 0.03493386860170512 0.047774778915666144
0 0.0512763395195832 0.8630656069402695 0.028392862189273876 0.039077424535645375
0 0.5443715750916129 0.9105732696285738 0.04147487501413636 0.056472133295686906
0 0.46468914180435933 0.11369924166044015 0.01078042468220571 0.01102336841114564
0 0.29049591483737747 0.887436413729953 0.02839286218927389 0.039077424535645375
0 0.31962620570249023 0.8901768452811608 0.02839286218927389 0.039077424535645375
0 0.516173823488505 0.9110185082518139 0.03493386860170512 0.047774778915666144
0 0.5208663902012515 0.11905876441396004 0.013082012824862469 0.01739470876004147
0 0.9290243499256476 0.9548962341742967 0.04147487501413636 0.056472133295686906
0 0.016683084710259775 0.8673134911834889 0.028247358983058257 0.03491075786897871
0 0.9131018381143842 0.15547308684748481 0.019695770840401396 0.02817539647339551
0 0.34917326920902103 0.10383985229672334 0.013082012824862469 0.01739470876004147
0 0.8485548805826046 0.15066986936504836 0.019550267634186012 0.024008729806728843
0 0.06438149656760302 0.8763543192080921 0.019841274046617115 0.03234206314006229
0 0.5322883477330309 0.1207678029995536 0.013082012824862469 0.01739470876004147
0 0.03309512076604912 0.8755758806413219 0.028392862189273876 0.039077424535645375
0 0.3106679783439083 0.10055338917548438 0.01078042468220571 0.01102336841114567
0 0.5959092714016377 0.9292317783509688 0.02839286218927389 0.039077424535645375
0 0.08079353262339237 0.8846167086659252 0.030330692316391607 0.0350320982178746
0 0.22428239661368274 0.09343443136297538 0.013082012824862469 0.01739470876004147
0 0.6205818891876526 0.9400628625377183 0.028538365395489505 0.04324409120231205
0 0.5592261778601486 0.12651189420186565 0.013082012824862469 0.01739470876004144
0 0.6872420504554869 0.13709932565895727 0.013082012824862469 0.01739470876004147
0 0.3873940590605348 0.9223060767947222 0.028538365395489505 0.04324409120231205
0 0.3571493499256476 0.9215883084023998 0.028538365395489505 0.04324409120231205
0 0.4205059511193482 0.033885750476951346 0.01078042468220571 0.011023368411145654
0 0.015446307457427044 0.9027301578501555 0.01998677725283273 0.03650872980672896
0 0.44575726279658984 0.1178155118537113 0.017248679491529136 0.017637389457833042
0 0.3284423371007852 0.9366168803589733 0.03270503206215617 0.043486771900103825
0 0.40958320969612344 0.9444741539659094 0.03902778366526398 0.04593412628012435
0 0.6810944516805844 0.9707257361634778 0.030767201935038457 0.0475320982178746
0 0.4437035790852461 0.9537679363893566 0.03493386860170512 0.047774778915666144
0 0.6350064877363738 0.9746885961816353 0.03507937180792074 0.05062280763672954
0 0.7266798805826047 0.14357145895464415 0.019550267634186012 0.024008729806728843
0 0.382172494148805 0.952271729430264 0.02839286218927389 0.039077424535645375
0 0.06155741562479507 0.927335315700311 0.02839286218927386 0.039077424535645375
0 0.03655741562479506 0.9258792315135614 0.028392862189273876 0.039077424535645375
0 0.657668523792163 0.9811761400289005 0.028538365395489505 0.03764771994219889
0 0.5452776511968248 0.9740721067520371 0.04132937180792074 0.05185578649592581
0 0.07696416081547164 0.9344953683170295 0.03270503206215614 0.04348677190010359
0 0.27861098453015815 0.9587653821599219 0.028538365395489505 0.04324409120231205
0 0.7426486808401829 0.9908642785862594 0.034642862189273656 0.018271442827481367
0 0.5123675959037418 0.9831185576430997 0.03493386860170512 0.03376288471380041
0 0.47910701417351625 0.9800645015186 0.03507937180792074 0.03987099696279988
0 0.4186739294632565 0.11623808731806591 0.013082012824862469 0.01739470876004147
0 0.09924602081212883 0.08719567709589414 0.013082012824862469 0.01739470876004147
0 0.5444973413205998 0.12982917842626174 0.019550267634186012 0.024008729806728843
0 0.07216268747879549 0.08561825256024876 0.015383600967519229 0.023766049108937242
0 0.5923576744277516 0.9864050207643388 0.041474875014136124 0.027189958471322485
0 0.4932174620866488 0.9921598716836364 0.01984127404661713 0.015680256632727207
0 0.2975296319595311 0.981648034936638 0.028538365395489505 0.03670393012672406
0 0.7962532924399479 0.15388636064265337 0.017248679491529136 0.01763738945783307
0 0.33786362554709987 0.9859257682511481 0.030767201935038457 0.02814846349770382
0 0.3628636255470999 0.9876651419239656 0.03270503206215617 0.024669716152068824
0 0.37488755366170257 0.11473160665792083 0.013082012824862469 0.01739470876004147
0 0.41889537073777644 0.9928580647057202 0.03888228045904837 0.014283870588559466
0 0.37722870407110975 0.9932678313912102 0.03449735898305827 0.01346433721757947
0 0.5870237956461634 0.13752498891195894 0.019550267634186012 0.024008729806728843
0 0.6016435047810508 0.13733270468756287 0.015529104173734728 0.027932715775603908
0 0.023167978343908262 0.08380842102786416 0.013082012824862462 0.01739470876004147
0 0.4017890079872664 0.12151736452689953 0.013082012824862469 0.01739470876004147
0 0.3154398020585948 0.11335674004772388 0.01078042468220571 0.01102336841114564
0 0.8157903284957372 0.16233076062383014 0.013082012824862469 0.01739470876004141
0 0.6253835833050606 0.14497811869986457 0.015383600967519347 0.023766049108937242
0 0.11037697193147702 0.09723804901482103 0.013082012824862469 0.01739470876004147
0 0.036527766002805405 0.08980546662902018 0.013082012824862469 0.01739470876004147
0 0.08124668106636426 0.09449761746361318 0.013082012824862469 0.01739470876004147
0 0.7480819951624039 0.15838719928471667 0.019550267634186012 0.024008729806728843
0 0.7064517042972912 0.15491872564013404 0.019550267634186012 0.024008729806728843
0 0.6710714134321784 0.1518142730422388 0.019550267634186012 0.024008729806728843
0 0.5244146682415018 0.13700977844508497 0.013082012824862469 0.01739470876004147
0 0.09884588699503588 0.09865401042922747 0.013082012824862469 0.01739470876004147
0 0.5763161225670657 0.1452516205008133 0.017248679491529136 0.01763738945783307
0 0.39007604404305574 0.1281416592746393 0.015383600967519229 0.02376604910893727
0 0.2839715472492713 0.1177866348142869 0.01078042468220571 0.01102336841114564
0 0.017632262796589793 0.09288007015562465 0.013082012824862462 0.01739470876004147
0 0.9320932371468648 0.17954248682866153 0.019695770840401396 0.02817539647339551
0 0.19022154724927134 0.11232631911397593 0.013082012824862469 0.01739470876004147
0 0.46597220750350676 0.13673724867600262 0.013082012824862469 0.01739470876004147
0 0.1757109655190458 0.10939360333837203 0.013082012824862469 0.01739470876004147
0 0.04255951119348199 0.09641948767570759 0.01078042468220571 0.01102336841114564
0 0.47843583170195286 0.1385069574360441 0.015383600967519229 0.0237660491089373
0 0.20785712897949687 0.11544104541292358 0.006613758015539043 0.010780687713354069
0 0.21410712897949685 0.11580506645961096 0.013082012824862469 0.01739470876004147
0 0.45027445590039894 0.13791052939261747 0.013082012824862469 0.01739470876004147
0 0.051825383788820276 0.10009051924573867 0.013082012824862469 0.01739470876004147
0 0.7956712796150853 0.17055302730932004 0.019695770840401396 0.02817539647339551
0 0.035085965519045796 0.1012031297879056 0.013082012824862469 0.01739470876004147
0 0.31288358330506066 0.12677706636549474 0.013082012824862469 0.01739470876004147
0 0.45276124198446094 0.0368081925515029 0.008842594555087993 0.015068694728916535
0 0.8877050232309268 0.07570999213739152 0.015529104173734728 0.027932715775603908
0 0.5531084494879676 0.15225020999629285 0.019550267634186012 0.024008729806728843
0 0.18271162577328123 0.11815162789284066 0.013082012824862469 0.01739470876004147
0 0.42825395269418337 0.14080312239587825 0.015383600967519229 0.023766049108937242
0 0.34502974676551174 0.13282450844004628 0.01078042468220571 0.01102336841114567
0 0.07456017144771741 0.10663359641692578 0.01078042468220571 0.01102336841114564
0 0.20142524997172734 0.12028535769956951 0.013082012824862469 0.01739470876004147
0 0.659212946281752 0.16260523445664526 0.019550267634186012 0.024008729806728843
0 0.3606183709639578 0.13477622772343142 0.013082012824862469 0.01739470876004147
0 0.49994707368641383 0.15019769776611666 0.008842594555087993 0.015068694728916535
0 0.02240408651127628 0.10568342102786416 0.006613758015539043 0.010780687713354038
0 0.405849866182907 0.03511970136801409 0.006541006412431234 0.008697354380020735
0 0.8547188974011003 0.18338622725285034 0.015383600967519347 0.0237660491089373
0 0.2783630800988451 0.12894161727538073 0.013082012824862469 0.01739470876004147
0 0.04427908651127628 0.10695749469127006 0.013082012824862469 0.01739470876004147
0 0.9014847699964386 0.18924138510300578 0.019550267634185776 0.024008729806728843
0 0.41869707368641385 0.14546542415918048 0.013082012824862469 0.01739470876004147
0 0.8221527748340347 0.0698044378138405 0.013082012824862469 0.01739470876004147
0 0.5736871522104237 0.16075528015191748 0.017248679491529136 0.01763738945783307
0 0.5933696914724287 0.1650330134664276 0.019550267634185776 0.024008729806728843
0 0.3166137403530805 0.13951974706328635 0.015383600967519229 0.023766049108937242
0 0.5610416490042082 0.16419390472520937 0.010780424682205591 0.01102336841114564
0 0.6784391506355886 0.060390287073363726 0.010780424682205591 0.011023368411145654
0 0.016904746765511715 0.11371340348895798 0.013082012824862462 0.01739470876004147
0 0.18022815862285496 0.1294886208772782 0.01078042468220571 0.01102336841114567
0 0.5172552732026542 0.16268742406506426 0.013082012824862469 0.01739470876004147
0 0.3403538188770904 0.14716516107558805 0.013082012824862469 0.01739470876004141
0 0.328931861345311 0.14545612248999445 0.013082012824862469 0.01739470876004141
0 0.1728637403530805 0.13114726298947624 0.013082012824862469 0.01739470876004147
0 0.06460315862285496 0.12275423151356137 0.015383600967519213 0.023766049108937242
0 0.2029629462817521 0.13603169804846532 0.01078042468220571 0.01102336841114564
0 0.6722089759251103 0.17901894672446794 0.019550267634186012 0.024008729806728843
0 0.24452048554375708 0.14158350502638128 0.013082012824862469 0.01739470876004147
0 0.34124998233754145 0.1513924979167026 0.013082012824862469 0.01739470876004147
0 0.1591765704801982 0.1345252173883202 0.008842594555087993 0.015068694728916535
0 0.3578802732026542 0.15340488737453567 0.01078042468220571 0.01102336841114564
0 0.8770535512429044 0.20138763775737079 0.015383600967519347 0.0237660491089373
0 0.37767193986932085 0.15455762068904572 0.013082012824862469 0.01739470876004141
0 0.5972982780402504 0.052533013466427574 0.015383600967519347 0.02376604910893727
0 0.11758265541663934 0.13001507707707088 0.013082012824862469 0.01739470876004147
0 0.05723874035308049 0.12441287362575941 0.017248679491529136 0.01763738945783307
0 0.25378635813909534 0.14525453659641235 0.013082012824862469 0.01739470876004141
0 0.49825064259177687 0.16888702759166874 0.013082012824862469 0.01739470876004147
0 0.5265376963100248 0.046324108270637085 0.01078042468220571 0.011023368411145654
0 0.576302890988669 0.17552062400859453 0.013082012824862469 0.01739470876004147
0 0.030009903813531535 0.12700211575678066 0.013082012824862462 0.01739470876004147
0 0.5658134727188947 0.1769972555974489 0.015383600967519347 0.0237660491089373
0 0.8030588421080173 0.19812172203823658 0.019550267634186012 0.024008729806728843
0 0.6532407211157867 0.18417688358440573 0.015383600967519347 0.023766049108937242
0 0.0747651946786443 0.13065259992470704 0.013082012824862469 0.01739470876004147
0 0.7291368845762378 0.19277247298576908 0.019550267634186012 0.024008729806728843
0 0.1652810672739826 0.13905590510167426 0.01078042468220571 0.01102336841114564
0 0.3139483941948847 0.1560650733810572 0.01078042468220571 0.01102336841114564
0 0.6229596361793457 0.18450078185875 0.013082012824862469 0.01739470876004147
0 0.8560019631002478 0.20642423426841278 0.017103176285313517 0.013470722791166404
0 0.7831944238382429 0.19905232205705983 0.019550267634186012 0.024008729806728843
0 0.013306861345310962 0.12707305963228097 0.010780424682205707 0.01102336841114567
0 0.41800593345688963 0.16525709082584716 0.013082012824862469 0.01739470876004147
0 0.941236750759145 0.21660752190647387 0.015529104173734728 0.027932715775603908
0 0.5552513028460123 0.18055722051963655 0.013082012824862469 0.01739470876004147
0 0.40543318185378185 0.1666123820658057 0.01078042468220571 0.01102336841114564
0 0.9204397932273655 0.21435245175084922 0.019550267634186012 0.024008729806728843
0 0.44911043025067404 0.17124386272595077 0.01078042468220571 0.01102336841114564
0 0.10475527320265421 0.13866203498369611 0.006613758015539043 0.010780687713354099
0 0.33876651518711515 0.16272949090114014 0.013082012824862469 0.01739470876004147
0 0.11193781246465916 0.14221172620483138 0.013082012824862469 0.01739470876004141
0 0.8881117507591451 0.213513343009631 0.010780424682205591 0.01102336841114564
0 0.39181876358400736 0.16790700313131632 0.01078042468220571 0.01102336841114564
0 0.900575374957591 0.21528305176967247 0.013082012824862469 0.01739470876004147
0 0.6060747147033555 0.1897800590675836 0.015383600967519347 0.0237660491089373
0 0.3594907211157868 0.16706789439009812 0.019550267634185894 0.024008729806728843
0 0.04419310332977192 0.1393098315323846 0.01078042468220571 0.01102336841114564
0 0.6663095023622527 0.1985072625188951 0.019550267634186012 0.024008729806728843
0 0.9576124110133805 0.2259115780309736 0.01136243750706806 0.027690035077812307
0 0.3240376786475662 0.1660467751255362 0.01078042468220571 0.01102336841114564
0 0.06387564259177687 0.1435875648468947 0.008842594555087993 0.015068694728916535
0 0.5257936297669145 0.1871917889684287 0.013082012824862469 0.01739470876004141
0 0.40093913297313005 0.1757447013680141 0.013082012824862469 0.01739470876004147
0 0.6870700840924784 0.2018039993411864 0.019695770840401396 0.02817539647339551
0 0.8542261866913778 0.0779352132217254 0.019550267634186012 0.024008729806728843
0 0.08355818185378183 0.14786529816140478 0.013082012824862469 0.01739470876004147
0 0.8513987868149343 0.21868155357062116 0.019695770840401396 0.02817539647339551
0 0.6006481265606989 0.19572670819534413 0.008842594555088113 0.015068694728916535
0 0.09293318185378183 0.14841132973143586 0.013082012824862469 0.01739470876004147
0 0.2521263028460123 0.16290219975529782 0.01078042468220571 0.01102336841114564
0 0.12202709691734069 0.1521934279493104 0.017248679491529136 0.01763738945783307
0 0.17303238778245345 0.15620793316392412 0.015383600967519229 0.0237660491089373
0 0.28542326037779175 0.16588531200429726 0.013082012824862469 0.01739470876004147
0 0.2718815937111251 0.16509659973647456 0.015383600967519229 0.023766049108937242
0 0.7005389991560371 0.20467604494234243 0.026018522443509322 0.030622750853416272
0 0.06796955765533573 0.14591357887801962 0.013082012824862469 0.01739470876004147
0 0.0970270969173407 0.15073734376256082 0.013082012824862469 0.01739470876004147
0 0.42054892063202715 0.1821057680158575 0.019550267634185894 0.024008729806728843
0 0.8325760352118264 0.21967282376389233 0.025873019237293703 0.026456084186749607
0 0.1646626786475662 0.15676423843500759 0.015383600967519229 0.0237660491089373
0 0.1021263028460123 0.1541656946348003 0.013082012824862469 0.01739470876004141
0 0.30916333890180164 0.17353072601659894 0.01078042468220571 0.01102336841114564
0 0.6285548717513753 0.20361480290543738 0.015383600967519347 0.023766049108937242
0 0.538038999156037 0.19521149772847016 0.017248679491529136 0.01763738945783307
0 0.7971229927436059 0.2186517044993304 0.019550267634186012 0.024008729806728843
0 0.3475595023622527 0.17994218913783788 0.013082012824862469 0.01739470876004147
0 0.24458000556846832 0.16976917520082918 0.013082012824862469 0.01739470876004147
0 0.05420963617934564 0.15137486661019692 0.015383600967519229 0.0237660491089373
0 0.33092921149713994 0.17792979968000483 0.013082012824862469 0.01739470876004141
0 0.45984124755292927 0.19274456797821102 0.019550267634185894 0.024008729806728843
0 0.4775495808862626 0.19377596094382532 0.019550267634185894 0.024008729806728843
0 0.5909457443467138 0.20455567662531304 0.019550267634186012 0.024008729806728843
0 0.8156911137358364 0.22495210097272592 0.019695770840401396 0.02817539647339551
0 0.18933529643358107 0.1675953226217572 0.013082012824862469 0.01739470876004147
0 0.8874569863311746 0.232263343009631 0.019550267634186012 0.024008729806728843
0 0.21214283569558604 0.17205506645961097 0.013082012824862469 0.01739470876004147
0 0.7271494470691697 0.21979513614465448 0.017248679491529136 0.01763738945783307
0 0.2558564598940321 0.1756448804530894 0.013082012824862469 0.01739470876004147
0 0.025866381370022225 0.15598677190010365 0.006613758015539036 0.010780687713354099
0 0.44514878681493425 0.19502018553594044 0.015383600967519229 0.0237660491089373
0 0.9039781497916256 0.23740073246746404 0.019695770840401396 0.02817539647339551
0 0.03628304803668889 0.15659347364458265 0.013082012824862455 0.01739470876004147
0 0.6448214046009492 0.2160438590299371 0.019550267634186012 0.024008729806728843
0 0.3118882050847087 0.18517106987327597 0.013082012824862469 0.01739470876004147
0 0.7717228589265128 0.22865395364591418 0.019550267634186012 0.024008729806728843
0 0.4294510352118264 0.19619346625255527 0.019550267634185894 0.024008729806728843
0 0.35247682928315477 0.18857887334341072 0.013082012824862469 0.01739470876004141
0 0.07564812656069879 0.1651489402736028 0.013082012824862469 0.01739470876004141
0 0.32532074434671365 0.18908478214109867 0.013082012824862469 0.01739470876004147
0 0.6582539438629541 0.2199575712977598 0.015529104173734728 0.027932715775603967
0 0.015304211497139942 0.15954673682229134 0.013082012824862462 0.01739470876004141
0 0.5145766954660619 0.20950175389061637 0.013082012824862469 0.01739470876004147
0 0.8287598949823024 0.23928247990721527 0.019550267634186012 0.024008729806728843
0 0.9488359743502751 0.08866453242981757 0.011144182697744753 0.021440035077812336
0 0.06296624755292929 0.16962923151356135 0.013082012824862469 0.01739470876004147
0 0.19719574434671366 0.18162235068400706 0.015383600967519229 0.0237660491089373
0 0.15351849594982145 0.17699087002386193 0.013082012824862469 0.01739470876004147
0 0.2232010352118264 0.1841807717118712 0.013082012824862469 0.01739470876004147
0 0.6830720648551846 0.22662198881784273 0.013082012824862469 0.01739470876004147
0 0.28146161694205196 0.1896616348142869 0.015383600967519229 0.0237660491089373
0 0.17212299274360585 0.18224959983059077 0.01078042468220571 0.01102336841114564
0 0.6059887315218513 0.22213239590869815 0.019841274046617247 0.032342063140062174
0 0.9576355552365378 0.2551389148720882 0.015383600967519347 0.023766049108937242
0 0.3634986529978413 0.20174624526233761 0.015383600967519229 0.023766049108937242
0 0.398878943862954 0.20485069786023283 0.019550267634185894 0.024008729806728843
0 0.25631611373583635 0.19237221729420398 0.013082012824862469 0.01739470876004141
0 0.48616068905363063 0.2161969925138564 0.019550267634185894 0.024008729806728843
0 0.011742701878493097 0.1718647262989476 0.008842594555087986 0.015068694728916535
0 0.2354464046009491 0.19220048047191265 0.013082012824862469 0.01739470876004147
0 0.9179430944985427 0.255958448243068 0.019550267634186012 0.024008729806728843
0 0.2707175680614001 0.1984299330698079 0.013082012824862469 0.01739470876004147
0 0.1136441562040569 0.1830187367281751 0.013082012824862469 0.01739470876004147
0 0.03975857447383138 0.1766278210090409 0.017248679491529136 0.01763738945783307
0 0.8501983853636556 0.2530565535706212 0.015383600967519347 0.0237660491089373
0 0.17811836213272852 0.18990528754394484 0.013082012824862469 0.01739470876004147
0 0.02205024114049805 0.17559642804342662 0.013082012824862462 0.01739470876004147
0 0.7232241794349837 0.2425297922879775 0.019550267634186012 0.024008729806728843
0 0.7045105552365378 0.2403960624812486 0.019695770840401396 0.02817539647339551
0 0.5473643917760868 0.22706819947294915 0.015383600967519347 0.023766049108937242
0 0.6826355552365377 0.23912198881784272 0.019550267634186012 0.024008729806728843
0 0.43504627078385616 0.21530748729924268 0.015383600967519229 0.023766049108937242
0 0.12696756806140014 0.19005744899599777 0.019695770840401482 0.02817539647339551
0 0.4692757675776405 0.22147626972269 0.015383600967519229 0.0237660491089373
0 0.41622351918074835 0.2162987574925138 0.019550267634185894 0.024008729806728843
0 0.35275460411718945 0.21051454351785862 0.019550267634185894 0.024008729806728843
0 0.015581986331174628 0.18148240699673923 0.013082012824862462 0.01739470876004147
0 0.30688489498230226 0.20888672250881773 0.015383600967519229 0.0237660491089373
0 0.8800793364830035 0.26419098862961027 0.019841274046617247 0.032342063140062174
0 0.5315211369667633 0.23240814685623065 0.019550267634185894 0.024008729806728843
0 0.8352943076836084 0.08205148341499653 0.019550267634186012 0.024008729806728843
0 0.5148908461016505 0.2303957573983976 0.019550267634185776 0.024008729806728843
0 0.8041467972209986 0.25663706589491364 0.019550267634186012 0.024008729806728843
0 0.14869706485518455 0.19549818932607035 0.013082012824862469 0.01739470876004147
0 0.0528637315218512 0.1899165332768636 0.013082012824862469 0.01739470876004147
0 0.741689810889824 0.07242450104801892 0.017248679491529136 0.01763738945783307
0 0.18493714337919445 0.2038716454317468 0.015383600967519229 0.0237660491089373
0 0.7644543364830035 0.2574565992658934 0.019550267634186012 0.024008729806728843
0 0.6447717972209986 0.247354529204385 0.019695770840401396 0.02817539647339551
0 0.05904097991874339 0.19236388765688434 0.013082012824862469 0.01739470876004141
0 0.26496359770475825 0.21375158219756837 0.015529104173734846 0.027932715775603967
0 0.44075063376054757 0.23129650834593007 0.013082012824862469 0.01739470876004147
0 0.3190575127683172 0.2189897646021925 0.013082012824862469 0.01739470876004147
0 0.1952446826411994 0.2076033471762258 0.015383600967519229 0.023766049108937242
0 0.2263855552365377 0.21254845240966277 0.015383600967519229 0.023766049108937242
0 0.20558859770475826 0.21029338225403815 0.015383600967519229 0.023766049108937242
0 0.913048911800798 0.27654910087860973 0.019695770840401396 0.02817539647339551
0 0.38066798717513756 0.03887195051459784 0.013009261221754661 0.015311375426708122
0 0.8672519542690185 0.27283794653623544 0.019550267634186012 0.024008729806728843
0 0.020317434244307212 0.1953274245356454 0.013082012824862462 0.01739470876004147
0 0.17218251276831711 0.2104352700050387 0.015383600967519229 0.023766049108937242
0 0.47014219310380917 0.047214585517117186 0.013082012824862469 0.017394708760041455
0 0.2522089670938809 0.22031520677086028 0.015529104173734846 0.027932715775603908
0 0.38748013055433195 0.23236899611575387 0.01538360096751911 0.023766049108937242
0 0.8483564510628028 0.27591255006283993 0.019695770840401396 0.02817539647339551
0 0.548720209078342 0.24802287315517826 0.015383600967519347 0.023766049108937242
0 0.5902777483403469 0.25357468013309425 0.019550267634186012 0.024008729806728843
0 0.23859454882410647 0.22160982783637093 0.015383600967519229 0.023766049108937242
0 0.4337202355720297 0.044049462744774046 0.013082012824862469 0.01739470876004147
0 0.05134917943498379 0.20339752976908235 0.013082012824862469 0.01739470876004147
0 0.6662102876023518 0.2611286028677909 0.015383600967519347 0.0237660491089373
0 0.4091368757450085 0.23989306977915975 0.01538360096751911 0.023766049108937242
0 0.5641997058721263 0.25309959243856345 0.019550267634186012 0.024008729806728843
0 0.010615052030322076 0.2041563929656143 0.011216934300852554 0.02352336841114564
0 0.1064120095621015 0.2107797156814877 0.013082012824862469 0.01739470876004147
0 0.6016269542690185 0.25736705205202115 0.019550267634186012 0.024008729806728902
0 0.07311505203032208 0.20779660343248824 0.013082012824862469 0.01739470876004147
0 0.042943094498542646 0.20499550170683248 0.013082012824862469 0.01739470876004141
0 0.5682936209356851 0.25542560646968837 0.015383600967519347 0.0237660491089373
0 0.616137535999244 0.2602997678276251 0.019550267634186012 0.024008729806728843
0 0.12092259129232703 0.21371243145709162 0.015383600967519229 0.0237660491089373
0 0.42774137253879296 0.2451517995858886 0.015383600967519229 0.0237660491089373
0 0.32889216661012133 0.23626313301333818 0.019550267634185776 0.024008729806728843
0 0.5234292026659106 0.254900122301762 0.019550267634185894 0.024008729806728843
0 0.7460548629201462 0.2762168729669458 0.019695770840401396 0.02817539647339551
0 0.8136540688488177 0.28328543430605924 0.02609127404661725 0.03270608418674949
0 0.5387466898975934 0.05538548369734521 0.019550267634186012 0.024008729806728857
0 0.3316369022386964 0.03810378564887991 0.01078042468220571 0.01102336841114567
0 0.47346557846746457 0.2509462872615962 0.017248679491529136 0.01763738945783307
0 0.3080224574752341 0.23609139619104683 0.013082012824862469 0.01739470876004141
0 0.02609454882410646 0.20923311224899946 0.013082012824862462 0.01739470876004147
0 0.2726057908085674 0.23402861025981825 0.015383600967519229 0.0237660491089373
0 0.1581315848798958 0.2242298910705493 0.019550267634185894 0.024008729806728843
0 0.1456679606814497 0.22246018231050788 0.013082012824862469 0.01739470876004147
0 0.7740707355154844 0.2809799676770391 0.02609127404661725 0.032706084186749605
0 0.07903766981633693 0.21753562447917565 0.013082012824862469 0.01739470876004147
0 0.035360421419444746 0.21290414381903056 0.017248679491529136 0.01763738945783307
0 0.4585747323658141 0.04967221359819029 0.01078042468220571 0.01102336841114567
0 0.20791333007057236 0.2333920594440485 0.019550267634185894 0.024008729806728843
0 0.17044970587212627 0.23016626649725744 0.015383600967519229 0.0237660491089373
0 0.7926388565077149 0.2872803641504346 0.019695770840401396 0.028175396473395627
0 0.4595965295868128 0.25953257499377347 0.025873019237293703 0.026456084186749607
0 0.38366399032480786 0.25197865225907684 0.019550267634185894 0.024008729806728843
0 0.3545336994596951 0.249238220707869 0.015383600967519229 0.0237660491089373
0 0.5334821113170383 0.26592349071290766 0.019550267634186012 0.024008729806728843
0 0.7873776410169417 0.07926065539039316 0.019550267634186012 0.02400872980672887
0 0.9205654711440594 0.09119310438639096 0.019550267634186012 0.024008729806728843
0 0.7165608140394942 0.28389310808240464 0.019550267634186012 0.02400872980672896
0 0.0943352876023518 0.22782067709589413 0.013082012824862469 0.01739470876004147
0 0.7373213957697199 0.28718984490469596 0.015529104173734728 0.02793271577560385
0 0.4919080656991474 0.051613659180523075 0.01078042468220571 0.011023368411145654
0 0.6737797291030532 0.2834889642633741 0.015383600967519347 0.0237660491089373
0 0.03600195426901847 0.2244231473268118 0.013082012824862455 0.01739470876004147
0 0.10572086933257732 0.23057138234815436 0.013082012824862469 0.01739470876004147
0 0.02562166340390571 0.2227747789156661 0.013082012824862462 0.01739470876004147
0 0.48118052317438154 0.2691399819905127 0.008842594555087993 0.015068694728916535
0 0.2283829053883667 0.24502212959967315 0.025873019237293703 0.026456084186749607
0 0.3646957355154844 0.25713658911901466 0.015383600967519229 0.0237660491089373
0 0.4065641506355886 0.044555371542461995 0.01078042468220571 0.011023368411145654
0 0.49371689897593546 0.26882635741722083 0.019550267634185894 0.024008729806728843
0 0.015095869332577332 0.2252930771711871 0.013082012824862462 0.01739470876004141
0 0.07335645106280285 0.2307739402736028 0.017248679491529136 0.01763738945783307
0 0.6132903108332787 0.28205342747872925 0.025873019237293703 0.026456084186749607
0 0.05873674192791563 0.2309662244979989 0.015383600967519229 0.023766049108937242
0 0.44245697749994534 0.2721035188692738 0.019550267634185894 0.024008729806728843
0 0.6807076377541806 0.2943303221511761 0.019550267634186012 0.02400872980672896
0 0.4102016866348326 0.2691810767947222 0.015383600967519229 0.023766049108937183
0 0.054351820451925534 0.2369735438002073 0.013082012824862469 0.01739470876004147
0 0.4289516866348326 0.27027313993478436 0.015383600967519229 0.023766049108937183
0 0.5860614742937297 0.28464266960975054 0.019550267634186012 0.024008729806728843
0 0.1489979839123766 0.2466611963416328 0.013082012824862469 0.01739470876004147
0 0.38933197749994536 0.2690093399724309 0.015383600967519229 0.023766049108937183
0 0.07198740218215106 0.24008827009915493 0.013082012824862469 0.01739470876004147
0 0.264477480706161 0.2575622523720163 0.015529104173734846 0.027932715775603908
0 0.20923277157127373 0.2553883997929443 0.01078042468220571 0.01102336841114564
0 0.18534718984104823 0.2519096524473093 0.013082012824862469 0.01739470876004141
0 0.24252972910305318 0.25837151204194375 0.025873019237293703 0.026456084186749548
0 0.3985250984921758 0.2747637048757953 0.015383600967519229 0.0237660491089373
0 0.5181712619526269 0.2859074416039704 0.019550267634185894 0.024008729806728843
0 0.007331317245709914 0.2384100526167185 0.013082012824862462 0.01739470876004147
0 0.04371689897593544 0.2426168420557283 0.013082012824862469 0.01739470876004141
0 0.589937134547965 0.2932186836408755 0.019550267634186012 0.024008729806728843
0 0.30790009849217587 0.2694853996988281 0.015529104173734846 0.02793271577560385
0 0.48268184368285244 0.2859279890060752 0.019550267634185894 0.024008729806728843
0 0.08110777157127373 0.24792596833585268 0.013082012824862469 0.01739470876004141
0 0.5492030071433035 0.2939775468374074 0.019695770840401396 0.02817539647339551
0 0.601101186691378 0.06319236083088584 0.013082012824862469 0.01739470876004144
0 0.11109785009528364 0.2559354033948418 0.013082012824862469 0.01739470876004147
0 0.7145733765324261 0.31091577124129005 0.019695770840401396 0.02817539647339551
0 0.3265045952859602 0.27474412950555693 0.015529104173734846 0.02793271577560385
0 0.44916663134174956 0.2891948767570757 0.019695770840401514 0.02817539647339551
0 0.1889682194844063 0.2677773331451009 0.019550267634185894 0.024008729806728843
0 0.14216597108751414 0.2629638419616121 0.017248679491529136 0.01763738945783307
0 0.03185843182550916 0.25340780347013475 0.010780424682205702 0.01102336841114564
0 0.4990178533580446 0.057246683734991706 0.01078042468220571 0.01102336841114567
0 0.0651917651588425 0.25534924905246753 0.01078042468220571 0.01102336841114564
0 0.7007770792548821 0.317418725640134 0.019695770840401396 0.02817539647339551
0 0.09841597108751411 0.2604156946348003 0.010634921475990093 0.006856701744478973
0 0.45728170986575944 0.2959302381526589 0.019695770840401514 0.02817539647339551
0 0.6643187459215487 0.3152952695344576 0.019841274046617247 0.032342063140062174
0 0.41773475233398005 0.2925831048569721 0.019695770840401514 0.02817539647339551
0 0.510476186691378 0.05791405565391859 0.01078042468220571 0.01102336841114567
0 0.25954364742937297 0.040167543611974846 0.010634921475990093 0.0068567017444790025
0 0.6486573701199949 0.31542688358440574 0.019695770840401396 0.028175396473395627
0 0.47075062492931835 0.29880228375381496 0.019550267634185894 0.024008729806728843
0 0.09309851034951908 0.2632373437625608 0.013082012824862469 0.01739470876004141
0 0.4343650431990928 0.29459549431480514 0.019550267634185894 0.024008729806728843
0 0.029556843682852406 0.25953646312123896 0.013082012824862455 0.01739470876004141
0 0.01493713454796517 0.259728747345635 0.015383600967519222 0.023766049108937242
0 0.614209618516887 0.3155081011609584 0.019695770840401396 0.02817539647339551
0 0.036775758746411265 0.26204448767570754 0.015383600967519213 0.0237660491089373
0 0.687949697040897 0.3260656835467593 0.01538360096751911 0.023766049108937183
0 0.07829692220686232 0.2686379613202902 0.013082012824862469 0.01739470876004141
0 0.30092258246109777 0.289954711985474 0.019550267634185894 0.024008729806728843
0 0.21144837653242612 0.2816120769829547 0.017248679491529136 0.01763738945783307
0 0.6349338244455588 0.3198465046499164 0.015529104173734728 0.02793271577560385
0 0.5995171577788921 0.31778371871868777 0.015383600967519347 0.023766049108937183
0 0.3623445399928772 0.29457591894456675 0.015383600967519229 0.0237660491089373
0 0.23953700073087222 0.28429183835971467 0.013082012824862469 0.017394708760041528
0 0.5890277395091175 0.31926035030754213 0.019695770840401396 0.02817539647339551
0 0.3440277748340347 0.0419568277422547 0.006613758015539043 0.010780687713354069
0 0.3596527748340347 0.04286688035897319 0.01078042468220571 0.01102336841114567
0 0.5703141153106714 0.3171266205008133 0.019695770840401396 0.02817539647339551
0 0.15728170986575946 0.27845722791166394 0.015383600967519229 0.023766049108937183
0 0.19470895826265167 0.2827246875251216 0.013082012824862469 0.01739470876004141
0 0.14883924912776442 0.28109686651608073 0.019550267634185894 0.024008729806728843
0 0.006481464309646774 0.2675160491089372 0.012962928619293547 0.0237660491089373
0 0.4910383212393431 0.31564068724277294 0.019550267634185894 0.024008729806728843
0 0.3193452002471126 0.3004217751255362 0.019695770840401514 0.02817539647339551
0 0.05616729159598499 0.274655554323551 0.015383600967519229 0.023766049108937183
0 0.5503405696362352 0.3211822205196365 0.015383600967519347 0.023766049108937183
0 0.3911474486440048 0.3066913504957746 0.01078042468220571 0.01102336841114564
0 0.2454232427153332 0.29507252607306866 0.017248679491529136 0.01763738945783307
0 0.406699697040897 0.30968473644582645 0.019695770840401514 0.02817539647339551
0 0.20379295185022042 0.2916040524284861 0.013082012824862469 0.017394708760041528
0 0.4211375271680147 0.31470078555476366 0.019695770840401514 0.02817539647339551
0 0.0924073701199949 0.28302901042922746 0.017248679491529136 0.01763738945783307
0 0.4763094846997941 0.31895797146716903 0.019550267634185894 0.024008729806728843
0 0.2702049879060098 0.3027786102598183 0.019550267634185894 0.024008729806728843
0 0.038204327651774325 0.2809158280246033 0.015383600967519229 0.023766049108937183
0 0.3408564422315736 0.31211251545560875 0.019550267634185894 0.024008729806728843
0 0.02042324271533319 0.2819677683923224 0.01724867949152913 0.01763738945783307
0 0.11514215777889204 0.2895720876004146 0.013082012824862469 0.017394708760041528
0 0.5395237691524757 0.33203385210849085 0.019550267634186012 0.024008729806728843
0 0.009933824445558714 0.28344439998117676 0.013082012824862462 0.017394708760041528
0 0.4292162298904707 0.32247781361701355 0.019695770840401514 0.02817539647339551
0 0.1660383212393431 0.29671159281502835 0.019550267634185894 0.024008729806728843
0 0.5300396417478139 0.3346128205384598 0.019695770840401514 0.02817539647339551
0 0.15127310889824025 0.3010705437060911 0.019550267634185894 0.02400872980672896
0 0.4727479750811473 0.33127596094382533 0.013082012824862469 0.01739470876004141
0 0.567622350151829 0.06541758191521972 0.013082012824862469 0.017394708760041455
0 0.26258593902535793 0.311728919038683 0.017248679491529136 0.01763738945783307
0 0.14089281803312748 0.2994221752949454 0.019550267634185894 0.024008729806728843
0 0.332232102485809 0.31996048739335886 0.019695770840401514 0.02817539647339551
0 0.06380948469979415 0.2949325823858009 0.015383600967519213 0.023766049108937183
0 0.5153471810098189 0.33688843809618924 0.019695770840401514 0.028175396473395627
0 0.36552906001758845 0.32294359964235836 0.017248679491529136 0.01763738945783307
0 0.18866398149357852 0.30637966998621546 0.019550267634185894 0.024008729806728843
0 0.5060085568113728 0.3353007398594914 0.015529104173734846 0.02793271577560385
0 0.48934189014470614 0.33433001706832505 0.026018522443509322 0.030622750853416272
0 0.04085644223157358 0.2946395052146137 0.017248679491529122 0.01763738945783307
0 0.4476388476764856 0.3329448767570758 0.015383600967519229 0.023766049108937183
0 0.3134093508827012 0.32095175758663 0.015529104173734846 0.027932715775603967
0 0.39868051434315227 0.33009337855802445 0.019550267634185894 0.024008729806728843
0 0.007032057655335738 0.29576238945783306 0.014064115310671477 0.023766049108937183
0 0.46297284126405436 0.34218826270712754 0.026018522443509322 0.030622750853416272
0 0.37666001113693665 0.33298597156128523 0.019550267634185894 0.024008729806728843
0 0.10927906001758843 0.3080187367281751 0.015383600967519229 0.0237660491089373
0 0.29436834447026994 0.32819302777990117 0.015383600967519229 0.023766049108937183
0 0.15485776274004442 0.3179798910705493 0.017248679491529136 0.01763738945783307
0 0.039378265946260066 0.30707883504016587 0.013082012824862469 0.017394708760041528
0 0.12364413854159835 0.31511811917044574 0.015383600967519229 0.023766049108937183
0 0.017466890144706163 0.30684642804342666 0.015383600967519213 0.023766049108937183
0 0.4492492955896182 0.3466078837726382 0.019695770840401514 0.02817539647339551
0 0.30876979879583377 0.3342507435555051 0.019695770840401514 0.02817539647339551
0 0.48328372595338287 0.059461631118273205 0.008842594555087993 0.015068694728916521
0 0.35862429558961817 0.3413295785956709 0.019695770840401514 0.028175396473395627
0 0.30348871385939263 0.33603072601659895 0.015383600967519229 0.0237660491089373
0 0.20359784126405434 0.32708138926960056 0.013082012824862469 0.017394708760041528
0 0.434593210653177 0.3478418346637009 0.015529104173734846 0.02793271577560385