0 0.028828682276619937 0.3 0.055451437416585966 0.22083333333333333
0 0.255378714543949 0.20833333333333334 0.15763173458010193 0.2375
0 0.10172110798574095 0.29583333333333334 0.15763173458010188 0.2375
0 0.7923817749142633 0.12291666666666666 0.17226354982852665 0.24583333333333332
0 0.6094665980985923 0.19479166666666667 0.14704538121061575 0.20833333333333334
0 0.43929383085837787 0.30833333333333335 0.15777718032537583 0.2625
0 0.23932482656310614 0.49270833333333336 0.1303302326288577 0.2
0 0.5553719597967663 0.028125 0.09407725292686611 0.05625
0 0.0871573443861592 0.6572916666666667 0.16178628076799573 0.23541666666666666
0 0.40634298711418465 0.553125 0.13463022456202545 0.22291666666666668
0 0.6486149832116964 0.478125 0.16604991126484497 0.2520833333333333
0 0.6782522650271148 0.021875 0.1148378633875628 0.04375
0 0.5338868986408852 0.6322916666666667 0.15763173458010205 0.2375
0 0.8677528385324267 0.5447916666666667 0.1492256783741316 0.225
0 0.2939709466490955 0.7541666666666667 0.16592870647711672 0.23125
0 0.41192497176608706 0.08020833333333334 0.12590903590796182 0.15625
0 0.8053295381210616 0.020833333333333332 0.08982574290878986 0.041666666666666664
0 0.7970232237764585 0.7416666666666667 0.15758325266501055 0.22916666666666666
0 0.3002580025932101 0.9395833333333333 0.1361196544354904 0.12083333333333333
0 0.18158678570523348 0.953125 0.09846208821144374 0.09375
0 0.5116496732932929 0.928125 0.1258363130353248 0.14375
0 0.6656405930177537 0.8979166666666667 0.16351812021691714 0.175
0 0.9835104692911315 0.8166666666666667 0.032979061417736946 0.07916666666666666