0 0.06148693313000019 0.22729201186299808 0.004263646909814807 0.004336445323185009
0 0.08561498188884278 0.23555990580464545 0.004263646909814807 0.004336445323185009
0 0.07829907016138908 0.2342211264890716 0.004263646909814807 0.004336445323185068
0 0.10024680534375019 0.2382374644357931 0.004263646909814807 0.004336445323185009
0 0.13374985410259282 0.24688736035460676 0.004263646909814867 0.004336445323185068
0 0.12439909916337984 0.24754702504410708 0.004263646909814807 0.004336445323185009
0 0.06269831522217612 0.23462612319379433 0.004263646909814822 0.004336445323185009
0 0.7673758700597225 0.3746921601504743 0.006492450607870381 0.01067133465144418
0 0.11497560904180576 0.24508168973360742 0.004263646909814807 0.004336445323185009
0 0.10557636398101872 0.24365802108977438 0.004263646909814807 0.004336445323185068
0 0.09622560904180576 0.2443176857792747 0.004263646909814807 0.004336445323185009
0 0.08474303064768537 0.2428091278071825 0.004263646909814807 0.004336445323185068
0 0.12447183434574095 0.25067202504410707 0.004263646909814807 0.004336445323185009
0 0.06388545225356501 0.24091856785792393 0.004263646909814807 0.004336445323185009
0 0.182005951620278 0.2634231482379014 0.004263646909814867 0.004336445323185068
0 0.16529079483203724 0.2606607002784946 0.004263646909814867 0.004336445323185009
0 0.05237862879865761 0.23836834321916509 0.004263646909814807 0.004336445323185009
0 0.0941907658300465 0.24631612978434886 0.004263646909814807 0.004336445323185009
0 0.13292639298300948 0.25621991569047714 0.004263646909814807 0.004336445323185009
0 0.12141956952810205 0.2536696910517183 0.004263646909814807 0.004336445323185009
0 0.3169385880183799 0.29285684324395245 0.004263646909814867 0.004336445323185009
0 0.10678774607319465 0.25099213242057067 0.010562137031388908 0.006674446641295973
0 0.1852036868026391 0.26667548223029025 0.010562137031388847 0.006674446641295973
0 0.33261207813995397 0.29557684653922967 0.010659117274537049 0.01084111330796264
0 0.15383246149870392 0.26019380897306904 0.010659117274537049 0.01084111330796264
0 0.29079994110856505 0.2876290599740459 0.010659117274537049 0.01084111330796264
0 0.07442334422416688 0.24655134783255322 0.004263646909814807 0.004336445323185009
0 0.2772582744418984 0.28707727934036126 0.004263646909814867 0.004336445323185009
0 0.21974840222814837 0.2753678228132335 0.004263646909814867 0.004336445323185009
0 0.19256808865166689 0.2700975948791974 0.004263646909814807 0.004336445323185009
0 0.1602036868026391 0.26565681029118 0.004263646909814867 0.004336445323185068
0 0.2490847843203243 0.2838479400755289 0.006492450607870381 0.01067133465144418
0 0.17171051025754652 0.26820703492993886 0.004263646909814867 0.004336445323185009
0 0.256400696047778 0.2851867193911026 0.004263646909814867 0.004336445323185009
0 0.22825145098699098 0.2829990467929369 0.010562137031388908 0.006674446641295973
0 0.10383246149870391 0.2581564650948485 0.010562137031388908 0.006674446641295973
0 0.12265519668106502 0.26204546904918125 0.004263646909814807 0.004336445323185009
0 0.2418900978968058 0.28771749409328834 0.004263646909814807 0.004336445323185009
0 0.2596954114732873 0.29260572005015806 0.006492450607870381 0.01067133465144418
0 0.21579994110856504 0.2845730441567151 0.010659117274537049 0.010841113307962521
0 0.1708385590163891 0.27545625693247594 0.010562137031388908 0.006674446641295973
0 0.330795440475278 0.30695029054430384 0.010562137031388847 0.006674446641295973
0 0.31519468553606506 0.30735528724902655 0.010659117274537049 0.010841113307962521
0 0.2639590583831021 0.2969421653733431 0.010659117274537049 0.01084111330796264
0 0.28910452874782433 0.3042108373124534 0.010659117274537049 0.01084111330796264
0 0.27028179356546317 0.3003218333581207 0.010659117274537049 0.01084111330796264
0 0.3842356262655095 0.32265663508157977 0.010659117274537049 0.010841113307962521
0 0.117640823834028 0.2701665790618666 0.006492450607870381 0.010671334651444297
0 0.2431014799889817 0.29505160542408454 0.010659117274537049 0.01084111330796264
0 0.2284696565340743 0.29237404679293694 0.010659117274537049 0.01084111330796264
0 0.27868786208115764 0.3037863906711575 0.010562137031388847 0.006674446641295854
0 0.3226075775066669 0.3128607332312671 0.010659117274537049 0.010841113307962521
0 0.35921138120472246 0.3205962964758029 0.010659117274537049 0.01084111330796264
0 0.29751059726351875 0.30767539462549015 0.004263646909814867 0.004336445323185009
0 0.32893031268902806 0.31624040121604463 0.010659117274537049 0.010841113307962521
0 0.380165939841991 0.3266535230917281 0.010659117274537049 0.01084111330796264
0 0.33832955774981505 0.31766406985987766 0.010659117274537049 0.01084111330796264
0 0.1575150978968058 0.2842794762987912 0.010562137031388908 0.006674446641295973
0 0.4303841453890743 0.3380658669699486 0.010659117274537049 0.01084111330796264
0 0.28193408738509285 0.3091220579968796 0.010659117274537049 0.01084111330796264
0 0.30807273429490767 0.3143498412667861 0.010659117274537049 0.010841113307962521
0 0.2714689305968521 0.3066142780222503 0.010659117274537049 0.010841113307962521
0 0.22129921517134282 0.2972852674773631 0.010659117274537049 0.01084111330796264
0 0.3928356552675003 0.3344545257279499 0.010659117274537049 0.01084111330796264
0 0.2600348423243058 0.3071890533834914 0.010659117274537049 0.010841113307962521
0 0.4022349003282873 0.3358781943717829 0.012887920972592563 0.01717600263622181
0 0.2872878910831484 0.3155842813175275 0.006492450607870381 0.01067133465144418
0 0.3886932336616206 0.3353264137380982 0.010659117274537049 0.01084111330796264
0 0.3280583614478706 0.3234896232185817 0.010659117274537049 0.010841113307962521
0 0.2998363812047225 0.318176950620416 0.010659117274537049 0.010841113307962521
0 0.1681014799889817 0.2919955896067538 0.010562137031388908 0.006674446641295854
0 0.34688109663023176 0.3273786271729144 0.010659117274537049 0.01084111330796264
0 0.24864924417333356 0.3098471620780659 0.016957607396111147 0.013179114626073485
0 0.3761932336616206 0.3348170777685431 0.010562137031388847 0.006674446641295854
0 0.11904616641250024 0.28583402372599614 0.010659117274537049 0.010841113307962521
0 0.10545600962425951 0.2831989097589781 0.010562137031388908 0.006674446641295854
0 0.44421675278518546 0.35111764760363334 0.010659117274537049 0.01084111330796264
0 0.21318408738509287 0.3063207101643263 0.012887920972592563 0.01717600263622181
0 0.30519018490277805 0.32463917394106395 0.010659117274537049 0.01084111330796264
0 0.42229326266361145 0.34814297632357855 0.012887920972592563 0.01717600263622181
0 0.38571370402634286 0.34144907974570937 0.006492450607870381 0.01067133465144418
0 0.4055781058753707 0.3453805283641717 0.010659117274537049 0.010841113307962521
0 0.3930781058753707 0.34487119239461655 0.010659117274537049 0.01084111330796264
0 0.32510307687337986 0.3306539558928596 0.01705458763925923 0.017345781292740153
0 0.1787363522027317 0.30179503624804976 0.010562137031388847 0.006674446641295973
0 0.3345265669949539 0.3331192912033593 0.010659117274537049 0.010841113307962521
0 0.7569115842186577 0.41693360217838205 0.01695760739611103 0.013179114626073485
0 0.3439258120557411 0.33454295984719234 0.01705458763925923 0.017345781292740153
0 0.24050987132629656 0.3178409380983625 0.010659117274537049 0.01084111330796264
0 0.04499085283601875 0.2786537859061283 0.010659117274537049 0.010841113307962521
0 0.15267044047527803 0.2996922529781432 0.010659117274537049 0.01084111330796264
0 0.08680298986740764 0.2866015724713121 0.010659117274537049 0.010841113307962521
0 0.29067958675180583 0.32716994864324966 0.016957607396111147 0.013179114626073485
0 0.7831229663108336 0.42528638544828856 0.017054587639259468 0.017345781292740153
0 0.4914796737577781 0.3696943241561318 0.021221254305925898 0.017515559949258613
0 0.2760962534184725 0.32657572334543533 0.010659117274537049 0.01084111330796264
0 0.4580251151205096 0.3631277615706514 0.010659117274537049 0.01084111330796264
0 0.21962804787138915 0.31490871148243726 0.010659117274537049 0.01084111330796264
0 0.13181286208115764 0.29780169302888465 0.010562137031388908 0.006674446641295973
0 0.3796091743910651 0.3474444117609318 0.010659117274537049 0.01084111330796264
0 0.12030603862625024 0.2952514683901258 0.010659117274537049 0.010841113307962521
0 0.466431183636204 0.36659231888368815 0.010659117274537049 0.010841113307962521
0 0.3566440176028243 0.3444272958167474 0.01695760739611103 0.013179114626073603
0 0.43925087005972246 0.361322090949652 0.012887920972592563 0.017176002636221693
0 0.25732200835768543 0.324770052724436 0.010562137031388908 0.006674446641295973
0 0.18205531268902805 0.3102557035737719 0.010562137031388847 0.006674446641295854
0 0.2281068515694447 0.321498268795474 0.010659117274537049 0.01084111330796264
0 0.19046138120472247 0.31372026088680854 0.016957607396111147 0.013179114626073603
0 0.5030592323950466 0.37536954879489065 0.01705458763925923 0.01734578129274027
0 0.23961367502435213 0.32404849343423286 0.010659117274537049 0.010841113307962521
0 0.4142023799381484 0.3582200856772085 0.016957607396111147 0.013179114626073485
0 0.10056286208115765 0.29652835310499687 0.010659117274537049 0.010841113307962521
0 0.34838341945185214 0.3472127385037107 0.010659117274537049 0.010841113307962521
0 0.27832505711652805 0.33291061267369454 0.010659117274537049 0.01084111330796264
0 0.5554819965793985 0.3920751153347037 0.01705458763925923 0.017345781292740153
0 0.1843083614478706 0.31763225956869773 0.010659117274537049 0.010841113307962521
0 0.14668713614393541 0.31089591832669894 0.016957607396111147 0.013179114626073485
0 0.09130908738509283 0.3013546844611638 0.010562137031388908 0.006674446641295973
0 0.29833492933027805 0.3430920612921568 0.016957607396111147 0.013179114626073485
0 0.16032578305375025 0.31561436562705036 0.012887920972592622 0.01717600263622181
0 0.37987587005972245 0.3589027450942652 0.01695760739611103 0.013179114626073485
0 0.467691055849954 0.37600976354781773 0.012887920972592563 0.017176002636221693
0 0.3694107132714818 0.35639496511963586 0.01705458763925923 0.01734578129274027
0 0.4949198595480096 0.3833633248151872 0.012887920972592563 0.017176002636221693
0 0.08404166577921321 0.3020992384789233 0.012887920972592622 0.01717600263622181
0 0.2889599293302781 0.34271005931499043 0.004263646909814867 0.004336445323185009
0 0.23048112563222248 0.3340831581237332 0.01705458763925923 0.017345781292740153
0 0.48351001633625035 0.38497976684309504 0.01705458763925923 0.017345781292740153
0 0.4552637910323151 0.3786254275782626 0.01705458763925923 0.01734578129274027
0 0.18343641020671325 0.3248814815712348 0.010659117274537049 0.010841113307962521
0 0.1928599003282873 0.32734681688173445 0.016957607396111147 0.013179114626073485
0 0.1499818515694447 0.31831491898575437 0.010562137031388847 0.006674446641295854
0 0.2075402139047688 0.33210770884621543 0.010562137031388908 0.006674446641295973
0 0.2828069095734262 0.34662205799687956 0.010659117274537049 0.01084111330796264
0 0.4030349873342595 0.3702531943717829 0.01695760739611103 0.013179114626073485
0 0.24203643920870396 0.3387167160958254 0.010659117274537049 0.01084111330796264
0 0.2639841743910651 0.3427330540425469 0.010659117274537049 0.01084111330796264
0 0.3257334484538429 0.3577372892261929 0.010659117274537049 0.01084111330796264
0 0.3163099583322688 0.3552719539156933 0.012887920972592563 0.01717600263622181
0 0.7481669557991207 0.44363493353454897 0.021318234549074097 0.02168222661592528
0 0.7983366712246299 0.45296394407943624 0.01695760739611103 0.013179114626073485
0 0.3446046737577781 0.3637096265138589 0.010659117274537049 0.010841113307962521
0 0.046687136143935444 0.30682123057025795 0.01472880369805556 0.006844225297814314
0 0.5642032508853243 0.4090813393144071 0.017054587639259468 0.01734578129274027
0 0.3948228793048614 0.3751219703920795 0.012887920972592563 0.01717600263622181
0 0.20356750772439844 0.3402712635230304 0.017054587639259287 0.01734578129274027
0 0.537095672491204 0.40693611138037095 0.01705458763925923 0.01734578129274027
0 0.14608188057143545 0.32960347366256937 0.017054587639259287 0.017345781292740153
0 0.7827844064069911 0.45545227411749234 0.01705458763925923 0.017345781292740153
0 0.37398954597152806 0.3742730771094876 0.01695760739611103 0.013179114626073485
0 0.042568959598842854 0.3087347852470729 0.010562137031388892 0.006674446641295973
0 0.5182729373088429 0.40304710742603833 0.01705458763925923 0.01734578129274027
0 0.16284552748125028 0.3344492549553095 0.012887920972592563 0.017176002636221693
0 0.6343828385245837 0.4285917984777566 0.021221254305925898 0.017515559949258613
0 0.42631532991273174 0.386811976982634 0.01695760739611103 0.013179114626073603
0 0.4556517120049077 0.3952920942449293 0.01705458763925923 0.01734578129274027
0 0.10441521390476878 0.3279056870973856 0.010659117274537049 0.01084111330796264
0 0.11802961575379657 0.3315824677310703 0.012887920972592622 0.01717600263622181
0 0.23721602684796322 0.3551711594418441 0.016957607396111147 0.013179114626073485
0 0.7536904749226855 0.4573888235218637 0.01705458763925923 0.01734578129274027
0 0.6543684656775466 0.43773158042955224 0.010659117274537049 0.010841113307962521
0 0.5079774959461114 0.40783099411807566 0.01705458763925923 0.017345781292740153
0 0.8039086804697689 0.4688011674000842 0.017151567882407428 0.02151244795940682
0 0.0919879490871299 0.3305213511278305 0.017054587639259287 0.017345781292740153
0 0.7851586804697689 0.4680371634457515 0.021221254305925898 0.017515559949258613
0 0.570865416918704 0.427044340632518 0.017054587639259468 0.017345781292740153
0 0.31798199657939846 0.3823977319131562 0.010659117274537049 0.01084111330796264
0 0.5584381521010652 0.4296600046629629 0.021318234549074097 0.02168222661592528
0 0.3661168687931485 0.39372518646311755 0.021124274062777816 0.013348893282591945
0 0.7769950625619448 0.47498927279938136 0.021318234549074097 0.02168222661592528
0 0.32742973176175955 0.38590473389032254 0.010659117274537049 0.01084111330796264
0 0.17483725215189844 0.35783281292740177 0.017151567882407428 0.02151244795940682
0 0.540778308889306 0.4310217787060931 0.017054587639259468 0.017345781292740153
0 0.41531765273435217 0.40613675234387514 0.01705458763925923 0.017345781292740153
0 0.268926683002917 0.3762361660323986 0.012887920972592563 0.01717600263622181
0 0.5220040638285188 0.42921610808509375 0.019331881458888964 0.025764003954332773
0 0.3839949175519911 0.40173841241998726 0.01705458763925923 0.017345781292740153
0 0.46972677000888924 0.41876054154528064 0.01705458763925923 0.01734578129274027
0 0.19167363424407438 0.3658035942201419 0.012887920972592563 0.017176002636221693
0 0.11538951696953734 0.3522884670720149 0.017054587639259287 0.01734578129274027
0 0.36318582927944476 0.4019311858040621 0.021221254305925898 0.017515559949258613
0 0.7448731113207875 0.48096515487803065 0.021221254305926134 0.017515559949258613
0 0.42912601506967624 0.4181468663108932 0.010659117274537049 0.01084111330796264
0 0.3224880940970837 0.3971508439030079 0.01705458763925923 0.01734578129274027
0 0.21478426139703732 0.37507071016432636 0.021124274062777816 0.013348893282591945
0 0.15102438918328734 0.36310658565242104 0.021221254305925957 0.017515559949258613
0 0.8045148069894449 0.49484283406675084 0.021318234549074097 0.02168222661592528
0 0.6466412588638892 0.4634336897831821 0.01705458763925923 0.017345781292740153
0 0.4835836224657874 0.43285398884563203 0.021221254305925898 0.017515559949258613
0 0.43758057370694475 0.4236947569572633 0.017151567882407428 0.02151244795940682
0 0.2859812706421762 0.39358194732513874 0.01705458763925923 0.017345781292740153
0 0.4209139070402781 0.42301564233118977 0.01705458763925923 0.01734578129274027
0 0.2598911138539355 0.39043749738856554 0.017054587639259287 0.01734578129274027
0 0.2349153589147225 0.390460492116122 0.01705458763925923 0.017345781292740153
0 0.10841303609310214 0.36553302108977437 0.021221254305925957 0.017515559949258613
0 0.15865548670097251 0.3779870316346616 0.021221254305925898 0.017515559949258613
0 0.6270435526835189 0.4709605744980532 0.017151567882407428 0.02151244795940682
0 0.5068154749226855 0.44732943812314985 0.01705458763925923 0.017345781292740153
0 0.20155778052060216 0.3880605961973083 0.021221254305925957 0.017515559949258613
0 0.45667000455796336 0.43904209424492924 0.017151567882407428 0.021512447959406936
0 0.3710108872834263 0.4251449651196359 0.01705458763925923 0.01734578129274027
0 0.5968352193501855 0.4697296792382949 0.021318234549074097 0.02168222661592528
0 0.30206692679712993 0.41401028395374934 0.017151567882407428 0.021512447959406936
0 0.7444133261130097 0.5059227102139011 0.021318234549074097 0.02168222661592528
0 0.7715936396894911 0.5111929381479372 0.021318234549074097 0.02168222661592528
0 0.3293442206167596 0.42344717855445213 0.017151567882407428 0.021512447959406936
0 0.8018989532659726 0.516590500074362 0.02349854812555563 0.025933782610851115
0 0.1066933786715744 0.3810731317615152 0.021318234549074097 0.02168222661592528
0 0.35560409283050964 0.433883295157692 0.017151567882407428 0.02151244795940682
0 0.3985063866501392 0.44395685972033866 0.017151567882407428 0.02151244795940682
0 0.6787640810522226 0.5022070297070699 0.017151567882407428 0.021512447959406936
0 0.7154163748718523 0.5120259262849391 0.021318234549074097 0.02168222661592528
0 0.19894192679712994 0.40980826220491956 0.01705458763925923 0.01734578129274027
0 0.9861604957565511 0.5690222062843557 0.02767900848689777 0.036859785247072806
0 0.5200185816855096 0.4780471074260383 0.025533391337314745 0.023935338605776953
0 0.37677685701486147 0.4493155217736172 0.025533391337314863 0.023935338605776953
0 0.24923286752657442 0.42434560608314 0.021221254305925898 0.017515559949258613
0 0.49911251316981525 0.4740732141434464 0.02349854812555563 0.025933782610851115
0 0.27849651443638923 0.4297007233454353 0.021221254305925898 0.017515559949258613
0 0.7814535409052319 0.5324082734584369 0.023498548125555394 0.025933782610851115
0 0.61839590450713 0.5018285725208869 0.027713704913796277 0.02818689460070279
0 0.3121692786207411 0.4456422859309157 0.017151567882407428 0.021512447959406936
0 0.8025778149680096 0.5457571667410287 0.027810685156944476 0.032353561267369456
0 0.73780052114838 0.5347922642316606 0.017151567882407428 0.0215124479594067
0 0.5862497082051856 0.5067627879328694 0.027713704913796277 0.02818689460070279
0 0.7200679427542596 0.5330290382747908 0.027713704913796277 0.02818689460070279
0 0.6053391390562041 0.5221101252205355 0.027713704913796277 0.02818689460070279
0 0.4987497082051856 0.5031974361459834 0.02349854812555563 0.025933782610851115
0 0.692161148301343 0.5412580323432917 0.02349854812555563 0.025933782610851115
0 0.960936264309306 0.5979996443579307 0.031880371580462946 0.028356673257221132
0 0.6713763050895838 0.5424924723940332 0.027713704913796277 0.02818689460070279
0 0.8690998822171301 0.5869728472478599 0.02364401849027781 0.032183782610851114
0 0.4217148649934263 0.5021398643337268 0.021318234549074097 0.02168222661592528
0 0.46364822732875044 0.515295984232244 0.02349854812555563 0.025933782610851115
0 0.525324766209167 0.52717521941589 0.02364401849027781 0.032183782610851114
0 0.6518270890307875 0.5521026904422376 0.027713704913796277 0.02818689460070279
0 0.23997996377768557 0.47392115944184415 0.021318234549074097 0.02168222661592528
0 0.2787640810522226 0.48590827868130576 0.025533391337314863 0.023935338605776953
0 0.5089975303935189 0.5410794381231498 0.02364401849027781 0.032183782610851114
0 0.345891403873843 0.5084164038522664 0.025533391337314863 0.023935338605776953
0 0.6336832155504635 0.5773803531545716 0.031977351823611146 0.0325233399238878
0 0.2448012470856023 0.5022159380983625 0.03619250861185191 0.03477645191373947
0 0.6086347254288893 0.574278347882128 0.027810685156944476 0.032353561267369456
0 0.4612748242131486 0.5474603169065219 0.027713704913796277 0.02818689460070279
0 0.37462253039351895 0.5356040764504322 0.031977351823611146 0.0325233399238878
0 0.5659991272779171 0.5756631166528146 0.02553339133731498 0.023935338605776953
0 0.8833940167153709 0.6645655165507484 0.027810685156944476 0.032353561267369456
0 0.8686660839644913 0.702470513255471 0.03624099873342601 0.036859785247072806
0 0.6986319666899542 0.6851353663356805 0.027810685156944476 0.032353561267369456