0 0.4501251815037262 0.515625 0.01470453812106148 0.020833333333333332
0 0.6206979245434437 0.5604166666666667 0.01887120478772838 0.020833333333333332
0 0.3938994224612718 0.5114583333333333 0.018895445745273895 0.025
0 0.38973275579460515 0.5114583333333333 0.01470453812106148 0.020833333333333332
0 0.6778744466617685 0.5802083333333333 0.023049991933167747 0.022916666666666665
0 0.6653744466617686 0.5802083333333333 0.014704538121061716 0.020833333333333332
0 0.5623948924070425 0.5552083333333333 0.01887120478772838 0.020833333333333332
0 0.46667064338266456 0.5364583333333334 0.023049991933167747 0.022916666666666665
0 0.36991684817039283 0.515625 0.01470453812106148 0.020833333333333332
0 0.34596457507644585 0.5145833333333333 0.01470453812106148 0.020833333333333332
0 0.4239865510068769 0.5322916666666667 0.018871204787728264 0.020833333333333332
0 0.6892539968830786 0.59375 0.018895445745273777 0.025
0 0.7785464387258643 0.64375 0.010513630496849185 0.016666666666666666
0 0.9595116074747028 0.6927083333333334 0.004190907624212296 0.004166666666666667
0 0.9532737279534756 0.690625 0.004190907624212296 0.004166666666666667
0 0.7275290130167432 0.6395833333333333 0.010513630496849185 0.016666666666666666
0 0.7014934065894629 0.6385416666666667 0.010513630496849185 0.016666666666666666
0 0.941766912705051 0.6989583333333333 0.004190907624212296 0.004166666666666667
0 0.17196988030679408 0.5208333333333334 0.018871204787728264 0.020833333333333332
0 0.878310089389794 0.684375 0.01045302810298523 0.00625
0 0.8845297881928621 0.6895833333333333 0.004190907624212296 0.004166666666666667
0 0.9542305512687326 0.7052083333333333 0.018895445745273777 0.025
0 0.9417184307899596 0.7072916666666667 0.01045302810298523 0.00625
0 0.9021835793717177 0.6989583333333333 0.010477269060530859 0.010416666666666666
0 0.712860836332 0.6541666666666667 0.016763630496849185 0.016666666666666666
0 0.8678449408080361 0.6927083333333334 0.004190907624212296 0.004166666666666667
0 0.8512025150989151 0.6885416666666667 0.004190907624212296 0.004166666666666667
0 0.6982896234774396 0.6520833333333333 0.010513630496849185 0.016666666666666666
0 0.9271290372172399 0.7083333333333334 0.010477269060530859 0.010416666666666666
0 0.12508275982802125 0.5229166666666667 0.018871204787728236 0.020833333333333332
0 0.9135752500718005 0.7104166666666667 0.01470453812106148 0.020833333333333332
0 0.7564835713048854 0.6760416666666667 0.010513630496849185 0.016666666666666666
0 0.7075858403654162 0.665625 0.016763630496849185 0.016666666666666666
0 0.943729041250656 0.7197916666666667 0.010513630496849185 0.016666666666666666
0 0.27794716953440557 0.5677083333333334 0.010477269060530859 0.010416666666666666
0 0.022042603179431033 0.5083333333333333 0.023049991933167722 0.022916666666666665
0 0.44334188043772194 0.6072916666666667 0.018895445745273895 0.025
0 0.5171971897014862 0.625 0.018895445745273777 0.025
0 0.2373464104919512 0.5635416666666667 0.010513630496849244 0.016666666666666666
0 0.3059994466617686 0.5802083333333333 0.010477269060530859 0.010416666666666666
0 0.14891988837362635 0.54375 0.010513630496849303 0.016666666666666666
0 0.35698051093457117 0.590625 0.021003020036152856 0.029166666666666667
0 0.3371949045072909 0.5895833333333333 0.025193927660365153 0.03333333333333333
0 0.07088579196442255 0.528125 0.014704538121061568 0.020833333333333332
0 0.7449767560564607 0.684375 0.01887120478772838 0.020833333333333332
0 0.05215397268258178 0.525 0.008418176684743095 0.014583333333333334
0 0.7824161536625966 0.6947916666666667 0.029299991933167745 0.022916666666666665
0 0.7252032701079533 0.68125 0.041981799114760084 0.05416666666666667
0 0.09998579599783868 0.5395833333333333 0.010513630496849244 0.016666666666666666
0 0.2268994426283525 0.56875 0.008418176684743095 0.014583333333333334
0 0.04173730601591511 0.525 0.010477269060530784 0.010416666666666666
0 0.7584820612868091 0.690625 0.01887120478772838 0.020833333333333332
0 0.561873711819811 0.6447916666666667 0.018871204787728146 0.020833333333333332
0 0.6721206917836582 0.6739583333333333 0.018895445745273777 0.025
0 0.029219125297755878 0.528125 0.018871204787728236 0.020833333333333332
0 0.25496384023448837 0.5791666666666667 0.03777877101177497 0.04791666666666667
0 0.21438732214957965 0.5708333333333333 0.018871204787728264 0.020833333333333332
0 0.2882486916527304 0.5875 0.0063106023938641915 0.010416666666666666
0 0.18422747073133763 0.5625 0.044089373405639044 0.058333333333333334
0 0.6492222058351509 0.6708333333333333 0.02308635336948631 0.029166666666666667
0 0.40787673185596396 0.615625 0.018895445745273895 0.025
0 0.8270926757809215 0.7145833333333333 0.010477269060530859 0.010416666666666666
0 0.6908040291504077 0.6854166666666667 0.004190907624212296 0.004166666666666667
0 0.8384782862416178 0.7270833333333333 0.010477269060530621 0.010416666666666666
0 0.26528960331035883 0.5947916666666667 0.03565907624212314 0.041666666666666664
0 0.49619416966533336 0.6541666666666667 0.025206048139137967 0.035416666666666666
0 0.9445464790600255 0.7583333333333333 0.010513630496849185 0.016666666666666666
0 0.4493797720591975 0.64375 0.0378030119693206 0.052083333333333336
0 0.8789942019326624 0.7458333333333333 0.016763630496849185 0.016666666666666666
0 0.8602684428902081 0.7416666666666667 0.016763630496849185 0.016666666666666666
0 0.8467449569417006 0.7385416666666667 0.016763630496849185 0.016666666666666666
0 0.9320404188206391 0.759375 0.016763630496849185 0.016666666666666666
0 0.8976896597781848 0.7552083333333334 0.018871204787728146 0.020833333333333332
0 0.10917292857685991 0.571875 0.010453028102985141 0.00625
0 0.830078290275034 0.7385416666666667 0.01887120478772838 0.020833333333333332
0 0.3442381013591147 0.6322916666666667 0.03777877101177497 0.04791666666666667
0 0.5346146315442719 0.675 0.033660586260199445 0.05625
0 0.7925904107538069 0.7364583333333333 0.03782725292686611 0.05625
0 0.272411583274206 0.6239583333333333 0.04411361436318468 0.0625
0 0.8851169369055479 0.7677083333333333 0.018895445745273777 0.025
0 0.09971308522545015 0.5864583333333333 0.014704538121061568 0.020833333333333332
0 0.11427823784062424 0.5895833333333333 0.025206048139137998 0.035416666666666666
0 0.22037067161657753 0.6166666666666667 0.05039997579950318 0.06875
0 0.9277283064086986 0.784375 0.023049991933167747 0.022916666666666665
0 0.6239494950627623 0.7177083333333333 0.025193927660365035 0.03333333333333333
0 0.12144869971956268 0.6104166666666667 0.01683635336948619 0.029166666666666667
0 0.6550904107538069 0.7364583333333333 0.025206048139138203 0.035416666666666666
0 0.7798783023752823 0.7729166666666667 0.029384835284577568 0.0375
0 0.5757964790600255 0.7583333333333333 0.02308635336948631 0.029166666666666667
0 0.847295744218068 0.8229166666666666 0.031528771011774856 0.04791666666666667
0 0.6188495515305881 0.878125 0.03782725292686611 0.05625