0 0.26145833333333335 0.1375 0.058333333333333334 0.07083333333333333
0 0.190625 0.14791666666666667 0.04791666666666667 0.06875
0 0.3802083333333333 0.13645833333333332 0.04375 0.06458333333333334
0 0.609375 0.115625 0.065625 0.09791666666666667
0 0.059375 0.06458333333333334 0.035416666666666666 0.03125
0 0.06041666666666667 0.18854166666666666 0.06041666666666667 0.09375
0 0.13541666666666666 0.18541666666666667 0.06041666666666667 0.08958333333333333
0 0.019791666666666666 0.20625 0.03958333333333333 0.1
0 0.24166666666666667 0.17916666666666667 0.06041666666666667 0.08958333333333333
0 0.4270833333333333 0.16145833333333334 0.04375 0.06875
0 0.7479166666666667 0.12708333333333333 0.07916666666666666 0.096875
0 0.459375 0.16875 0.05416666666666667 0.07916666666666666
0 0.9229166666666667 0.12291666666666666 0.075 0.13125
0 0.553125 0.014583333333333334 0.040625 0.028125
0 0.20104166666666667 0.22916666666666666 0.06458333333333334 0.084375
0 0.008333333333333333 0.25625 0.016666666666666666 0.09375
0 0.8979166666666667 0.15833333333333333 0.10208333333333333 0.125
0 0.33229166666666665 0.040625 0.052083333333333336 0.052083333333333336
0 0.3572916666666667 0.03958333333333333 0.0375 0.04583333333333333
0 0.017708333333333333 0.08020833333333334 0.035416666666666666 0.05416666666666667
0 0.48125 0.029166666666666667 0.041666666666666664 0.05416666666666667
0 0.7520833333333333 0.27291666666666664 0.11875 0.15416666666666667
0 0.6072916666666667 0.022916666666666665 0.04791666666666667 0.04583333333333333
0 0.7114583333333333 0.013541666666666667 0.041666666666666664 0.027083333333333334
0 0.646875 0.022916666666666665 0.04791666666666667 0.04583333333333333
0 0.396875 0.38229166666666664 0.08541666666666667 0.146875
0 0.184375 0.07708333333333334 0.041666666666666664 0.05
0 0.9229166666666667 0.013541666666666667 0.040625 0.027083333333333334
0 0.8875 0.0125 0.04375 0.025
0 0.08229166666666667 0.49270833333333336 0.14375 0.175
0 0.4895833333333333 0.4479166666666667 0.146875 0.19791666666666666
0 0.25 0.078125 0.053125 0.065625
0 0.37916666666666665 0.06979166666666667 0.03958333333333333 0.06458333333333334
0 0.09270833333333334 0.10729166666666666 0.04375 0.059375
0 0.725 0.053125 0.041666666666666664 0.05416666666666667
0 0.5458333333333333 0.08229166666666667 0.06041666666666667 0.08958333333333333
0 0.010416666666666666 0.153125 0.020833333333333332 0.09375
0 0.14270833333333333 0.1375 0.053125 0.07083333333333333