0 0.3854166666666667 0.171875 0.04583333333333333 0.05625
0 0.25416666666666665 0.2 0.05625 0.06666666666666667
0 0.42291666666666666 0.17083333333333334 0.06458333333333334 0.090625
0 0.6229166666666667 0.134375 0.07916666666666666 0.103125
0 0.7552083333333334 0.12083333333333333 0.053125 0.10208333333333333
0 0.328125 0.22083333333333333 0.040625 0.06041666666666667
0 0.3729166666666667 0.22395833333333334 0.053125 0.075
0 0.8572916666666667 0.15208333333333332 0.12291666666666666 0.12291666666666666
0 0.5177083333333333 0.21666666666666667 0.0625 0.07708333333333334
0 0.21458333333333332 0.3885416666666667 0.103125 0.11041666666666666
0 0.6208333333333333 0.31666666666666665 0.0625 0.103125
0 0.875 0.28020833333333334 0.121875 0.1625
0 0.28020833333333334 0.4822916666666667 0.13333333333333333 0.12916666666666668
0 0.5895833333333333 0.03958333333333333 0.04375 0.052083333333333336
0 0.37916666666666665 0.6552083333333333 0.203125 0.23125
0 0.484375 0.06354166666666666 0.035416666666666666 0.05
0 0.7604166666666666 0.8041666666666667 0.18958333333333333 0.24583333333333332
0 0.36875 0.11666666666666667 0.04583333333333333 0.06041666666666667
0 0.5260416666666666 0.13541666666666666 0.04791666666666667 0.07916666666666666