0 0.9145833333333333 0.04895833333333333 0.01875 0.025
0 0.8583333333333333 0.06458333333333334 0.016666666666666666 0.020833333333333332
0 0.5041666666666667 0.13541666666666666 0.022916666666666665 0.03125
0 0.5541666666666667 0.12708333333333333 0.016666666666666666 0.020833333333333332
0 0.4166666666666667 0.15833333333333333 0.022916666666666665 0.03125
0 0.48541666666666666 0.14479166666666668 0.016666666666666666 0.020833333333333332
0 0.1875 0.20208333333333334 0.025 0.034375
0 0.8239583333333333 0.08125 0.021875 0.021875
0 0.6697916666666667 0.11041666666666666 0.021875 0.021875
0 0.653125 0.11458333333333333 0.016666666666666666 0.020833333333333332
0 0.7239583333333334 0.103125 0.029166666666666667 0.035416666666666666
0 0.5885416666666666 0.12916666666666668 0.022916666666666665 0.03125
0 0.3729166666666667 0.17291666666666666 0.021875 0.021875
0 0.44583333333333336 0.159375 0.022916666666666665 0.027083333333333334
0 0.38645833333333335 0.17083333333333334 0.016666666666666666 0.020833333333333332
0 0.8552083333333333 0.08333333333333333 0.01875 0.029166666666666667
0 0.08020833333333334 0.234375 0.025 0.034375
0 0.48020833333333335 0.15729166666666666 0.016666666666666666 0.020833333333333332
0 0.909375 0.07291666666666667 0.029166666666666667 0.035416666666666666
0 0.6125 0.13125 0.022916666666666665 0.03125
0 0.36041666666666666 0.18020833333333333 0.016666666666666666 0.020833333333333332
0 0.6947916666666667 0.115625 0.022916666666666665 0.027083333333333334
0 0.7697916666666667 0.10104166666666667 0.029166666666666667 0.040625
0 0.2375 0.20416666666666666 0.021875 0.021875
0 0.49166666666666664 0.15416666666666667 0.016666666666666666 0.016666666666666666
0 0.7489583333333333 0.10729166666666666 0.022916666666666665 0.027083333333333334
0 0.7916666666666666 0.10104166666666667 0.025 0.034375
0 0.80625 0.09791666666666667 0.027083333333333334 0.04375
0 0.2833333333333333 0.2 0.021875 0.021875
0 0.010416666666666666 0.25416666666666665 0.020833333333333332 0.035416666666666666
0 0.41041666666666665 0.175 0.027083333333333334 0.022916666666666665
0 0.8770833333333333 0.084375 0.029166666666666667 0.035416666666666666
0 0.325 0.19166666666666668 0.025 0.034375
0 0.5395833333333333 0.15 0.029166666666666667 0.035416666666666666
0 0.8739583333333333 0.08541666666666667 0.035416666666666666 0.04583333333333333
0 0.05625 0.24375 0.020833333333333332 0.034375
0 0.5458333333333333 0.15208333333333332 0.025 0.034375
0 0.07083333333333333 0.24375 0.022916666666666665 0.03125
0 0.17708333333333334 0.22291666666666668 0.025 0.03958333333333333
0 0.3020833333333333 0.20104166666666667 0.01875 0.025
0 0.628125 0.1375 0.028125 0.03333333333333333
0 0.5645833333333333 0.15 0.03125 0.04583333333333333
0 0.7708333333333334 0.11041666666666666 0.029166666666666667 0.035416666666666666
0 0.4395833333333333 0.17395833333333333 0.022916666666666665 0.03125
0 0.7166666666666667 0.12291666666666666 0.028125 0.03333333333333333
0 0.146875 0.23333333333333334 0.016666666666666666 0.020833333333333332
0 0.4666666666666667 0.17083333333333334 0.022916666666666665 0.03125
0 0.21979166666666666 0.21979166666666666 0.025 0.034375
0 0.1375 0.23541666666666666 0.016666666666666666 0.020833333333333332
0 0.32083333333333336 0.2 0.025 0.034375
0 0.2520833333333333 0.215625 0.01875 0.025
0 0.04895833333333333 0.25416666666666665 0.027083333333333334 0.04375
0 0.17708333333333334 0.23020833333333332 0.028125 0.03333333333333333
0 0.3458333333333333 0.196875 0.01875 0.025
0 0.11979166666666667 0.24166666666666667 0.020833333333333332 0.034375
0 0.18020833333333333 0.22916666666666666 0.016666666666666666 0.020833333333333332
0 0.7447916666666666 0.121875 0.028125 0.03333333333333333
0 0.16041666666666668 0.23541666666666666 0.021875 0.021875
0 0.365625 0.19583333333333333 0.022916666666666665 0.027083333333333334
0 0.6833333333333333 0.134375 0.029166666666666667 0.035416666666666666
0 0.32708333333333334 0.203125 0.021875 0.021875
0 0.38333333333333336 0.19166666666666668 0.028125 0.028125
0 0.09583333333333334 0.24791666666666667 0.028125 0.03333333333333333
0 0.8208333333333333 0.11041666666666666 0.025 0.034375
0 0.565625 0.159375 0.029166666666666667 0.035416666666666666
0 0.47708333333333336 0.17708333333333334 0.021875 0.021875
0 0.10104166666666667 0.2520833333333333 0.022916666666666665 0.03125
0 0.23958333333333334 0.225 0.022916666666666665 0.027083333333333334
0 0.8458333333333333 0.10729166666666666 0.029166666666666667 0.040625
0 0.225 0.228125 0.022916666666666665 0.027083333333333334
0 0.51875 0.17083333333333334 0.025 0.034375
0 0.5364583333333334 0.16666666666666666 0.022916666666666665 0.03125
0 0.5010416666666667 0.17708333333333334 0.022916666666666665 0.03125
0 0.8895833333333333 0.10104166666666667 0.025 0.034375
0 0.13958333333333334 0.246875 0.022916666666666665 0.027083333333333334
0 0.6354166666666666 0.153125 0.025 0.034375
0 0.5833333333333334 0.16354166666666667 0.016666666666666666 0.020833333333333332
0 0.4083333333333333 0.196875 0.034375 0.041666666666666664
0 0.07083333333333333 0.265625 0.028125 0.03333333333333333
0 0.6583333333333333 0.153125 0.03125 0.05
0 0.775 0.13020833333333334 0.034375 0.0375
0 0.16770833333333332 0.24791666666666667 0.021875 0.021875
0 0.5177083333333333 0.18020833333333333 0.01875 0.025
0 0.035416666666666666 0.27708333333333335 0.029166666666666667 0.035416666666666666
0 0.8770833333333333 0.11354166666666667 0.025 0.034375
0 0.01875 0.2791666666666667 0.025 0.034375
0 0.2875 0.23020833333333332 0.022916666666666665 0.027083333333333334
0 0.8052083333333333 0.13229166666666667 0.027083333333333334 0.022916666666666665
0 0.00625 0.28854166666666664 0.0125 0.022916666666666665
0 0.4354166666666667 0.20416666666666666 0.021875 0.021875
0 0.6625 0.159375 0.025 0.034375
0 0.5583333333333333 0.17916666666666667 0.034375 0.0375
0 0.18541666666666667 0.2520833333333333 0.028125 0.028125
0 0.353125 0.21979166666666666 0.029166666666666667 0.035416666666666666
0 0.20625 0.25104166666666666 0.025 0.034375
0 0.6041666666666666 0.17291666666666666 0.029166666666666667 0.035416666666666666
0 0.41041666666666665 0.21041666666666667 0.022916666666666665 0.027083333333333334
0 0.3885416666666667 0.21770833333333334 0.025 0.034375
0 0.32708333333333334 0.22916666666666666 0.022916666666666665 0.027083333333333334
0 0.7479166666666667 0.14791666666666667 0.03333333333333333 0.03333333333333333
0 0.7020833333333333 0.15833333333333333 0.022916666666666665 0.03125
0 0.13229166666666667 0.26979166666666665 0.020833333333333332 0.016666666666666666
0 0.484375 0.20208333333333334 0.025 0.034375
0 0.859375 0.12916666666666668 0.025 0.034375
0 0.2760416666666667 0.24166666666666667 0.022916666666666665 0.027083333333333334
0 0.3416666666666667 0.22916666666666666 0.029166666666666667 0.035416666666666666
0 0.3614583333333333 0.225 0.021875 0.021875
0 0.103125 0.278125 0.028125 0.03333333333333333
0 0.058333333333333334 0.2864583333333333 0.025 0.034375
0 0.46458333333333335 0.20833333333333334 0.0375 0.05416666666666667
0 0.603125 0.18333333333333332 0.029166666666666667 0.035416666666666666
0 0.9229166666666667 0.12083333333333333 0.03125 0.04583333333333333
0 0.15625 0.2708333333333333 0.022916666666666665 0.03125
0 0.3104166666666667 0.23958333333333334 0.029166666666666667 0.035416666666666666
0 0.6239583333333333 0.18125 0.025 0.034375
0 0.023958333333333335 0.29791666666666666 0.034375 0.041666666666666664
0 0.715625 0.165625 0.025 0.034375
0 0.465625 0.21458333333333332 0.027083333333333334 0.04375
0 0.6458333333333334 0.17916666666666667 0.025 0.034375
0 0.5020833333333333 0.21041666666666667 0.022916666666666665 0.03125
0 0.55 0.20104166666666667 0.029166666666666667 0.035416666666666666
0 0.5229166666666667 0.20833333333333334 0.022916666666666665 0.027083333333333334
0 0.8260416666666667 0.14895833333333333 0.029166666666666667 0.035416666666666666
0 0.4479166666666667 0.22291666666666668 0.029166666666666667 0.035416666666666666
0 0.41041666666666665 0.23229166666666667 0.034375 0.0375
0 0.029166666666666667 0.30625 0.029166666666666667 0.040625
0 0.5302083333333333 0.20833333333333334 0.03958333333333333 0.046875
0 0.6947916666666667 0.17916666666666667 0.035416666666666666 0.04583333333333333
0 0.07708333333333334 0.2989583333333333 0.022916666666666665 0.03125
0 0.20208333333333334 0.275 0.01875 0.025
0 0.596875 0.19791666666666666 0.029166666666666667 0.040625
0 0.3770833333333333 0.24270833333333333 0.029166666666666667 0.040625
0 0.8083333333333333 0.159375 0.025 0.034375
0 0.9083333333333333 0.13958333333333334 0.025 0.03958333333333333
0 0.190625 0.2791666666666667 0.028125 0.028125
0 0.4114583333333333 0.23541666666666666 0.029166666666666667 0.035416666666666666
0 0.8958333333333334 0.14479166666666668 0.025 0.034375
0 0.8770833333333333 0.14791666666666667 0.025 0.03958333333333333
0 0.23854166666666668 0.27291666666666664 0.029166666666666667 0.035416666666666666
0 0.17083333333333334 0.28541666666666665 0.022916666666666665 0.03125
0 0.22083333333333333 0.278125 0.025 0.034375
0 0.3458333333333333 0.25416666666666665 0.029166666666666667 0.040625
0 0.7010416666666667 0.18541666666666667 0.029166666666666667 0.035416666666666666
0 0.6770833333333334 0.18958333333333333 0.03125 0.04583333333333333
0 0.134375 0.2947916666666667 0.029166666666666667 0.040625
0 0.5395833333333333 0.21875 0.028125 0.03333333333333333
0 0.29583333333333334 0.26875 0.029166666666666667 0.035416666666666666
0 0.6166666666666667 0.20520833333333333 0.022916666666666665 0.03125
0 0.27395833333333336 0.27291666666666664 0.029166666666666667 0.040625
0 0.7677083333333333 0.17916666666666667 0.041666666666666664 0.06041666666666667
0 0.8270833333333333 0.16666666666666666 0.022916666666666665 0.027083333333333334
0 0.865625 0.16041666666666668 0.03125 0.05
0 0.008333333333333333 0.32708333333333334 0.016666666666666666 0.025
0 0.515625 0.23020833333333332 0.021875 0.021875
0 0.11041666666666666 0.31145833333333334 0.027083333333333334 0.04375
0 0.44166666666666665 0.246875 0.029166666666666667 0.035416666666666666
0 0.4708333333333333 0.24166666666666667 0.021875 0.021875
0 0.057291666666666664 0.321875 0.021875 0.021875
0 0.13645833333333332 0.30625 0.03333333333333333 0.03333333333333333
0 0.7604166666666666 0.1875 0.021875 0.04375
0 0.42291666666666666 0.253125 0.029166666666666667 0.040625
0 0.496875 0.24166666666666667 0.020833333333333332 0.034375
0 0.03125 0.33229166666666665 0.025 0.034375
0 0.321875 0.275 0.022916666666666665 0.027083333333333334
0 0.36041666666666666 0.2677083333333333 0.029166666666666667 0.035416666666666666
0 0.40208333333333335 0.259375 0.03333333333333333 0.028125
0 0.746875 0.19270833333333334 0.040625 0.052083333333333336
0 0.09375 0.32395833333333335 0.022916666666666665 0.027083333333333334
0 0.6677083333333333 0.2125 0.034375 0.041666666666666664
0 0.20729166666666668 0.3020833333333333 0.025 0.034375
0 0.3020833333333333 0.2833333333333333 0.022916666666666665 0.027083333333333334
0 0.7760416666666666 0.19375 0.035416666666666666 0.05
0 0.7958333333333333 0.190625 0.027083333333333334 0.04375
0 0.934375 0.16354166666666667 0.01875 0.025
0 0.25833333333333336 0.296875 0.01875 0.025
0 0.553125 0.23958333333333334 0.025 0.03958333333333333
0 0.1625 0.315625 0.021875 0.021875
0 0.3614583333333333 0.27708333333333335 0.029166666666666667 0.01875
0 0.19479166666666667 0.31145833333333334 0.028125 0.03333333333333333
0 0.6041666666666666 0.23229166666666667 0.025 0.034375
0 0.003125 0.35104166666666664 0.00625 0.027083333333333334
0 0.9385416666666667 0.171875 0.010416666666666666 0.03333333333333333
0 0.6125 0.23333333333333334 0.029166666666666667 0.040625
0 0.22916666666666666 0.30833333333333335 0.03333333333333333 0.028125
0 0.734375 0.21458333333333332 0.040625 0.05625
0 0.81875 0.19791666666666666 0.04375 0.07083333333333333
0 0.528125 0.25416666666666665 0.034375 0.041666666666666664
0 0.49375 0.2635416666666667 0.022916666666666665 0.03125
0 0.3333333333333333 0.296875 0.03125 0.04583333333333333
0 0.05625 0.35104166666666664 0.020833333333333332 0.03958333333333333
0 0.128125 0.33645833333333336 0.025 0.03958333333333333
0 0.471875 0.26979166666666665 0.029166666666666667 0.035416666666666666
0 0.010416666666666666 0.36041666666666666 0.020833333333333332 0.03333333333333333
0 0.8927083333333333 0.19270833333333334 0.03333333333333333 0.05416666666666667
0 0.4114583333333333 0.2864583333333333 0.027083333333333334 0.04791666666666667
0 0.7364583333333333 0.22604166666666667 0.04375 0.046875
0 0.10520833333333333 0.34791666666666665 0.034375 0.0375
0 0.6822916666666666 0.23541666666666666 0.034375 0.0375
0 0.8416666666666667 0.20520833333333333 0.0375 0.05416666666666667
0 0.2791666666666667 0.3145833333333333 0.034375 0.041666666666666664
0 0.8229166666666666 0.21041666666666667 0.03333333333333333 0.05416666666666667
0 0.8708333333333333 0.20208333333333334 0.03125 0.05
0 0.3229166666666667 0.30833333333333335 0.01875 0.029166666666666667
0 0.03333333333333333 0.36666666666666664 0.022916666666666665 0.03125
0 0.39166666666666666 0.29791666666666666 0.029166666666666667 0.040625
0 0.30416666666666664 0.3145833333333333 0.025 0.03958333333333333
0 0.365625 0.3020833333333333 0.035416666666666666 0.05
0 0.22708333333333333 0.32916666666666666 0.025 0.034375
0 0.14479166666666668 0.346875 0.03125 0.04583333333333333
0 0.45208333333333334 0.28958333333333336 0.035416666666666666 0.029166666666666667
0 0.07708333333333334 0.3625 0.020833333333333332 0.03958333333333333
0 0.175 0.34375 0.029166666666666667 0.035416666666666666
0 0.04791666666666667 0.37083333333333335 0.020833333333333332 0.034375
0 0.934375 0.19791666666666666 0.025 0.03958333333333333
0 0.609375 0.26145833333333335 0.03333333333333333 0.028125
0 0.7760416666666666 0.23125 0.035416666666666666 0.04583333333333333
0 0.209375 0.3416666666666667 0.029166666666666667 0.040625
0 0.115625 0.3645833333333333 0.03333333333333333 0.028125
0 0.7135416666666666 0.24791666666666667 0.029166666666666667 0.040625
0 0.003125 0.39166666666666666 0.00625 0.04583333333333333
0 0.65 0.265625 0.034375 0.041666666666666664
0 0.9458333333333333 0.20833333333333334 0.009375 0.022916666666666665
0 0.26458333333333334 0.340625 0.03333333333333333 0.05416666666666667
0 0.7479166666666667 0.24895833333333334 0.035416666666666666 0.04583333333333333
0 0.5666666666666667 0.284375 0.028125 0.028125
0 0.24791666666666667 0.34791666666666665 0.020833333333333332 0.03958333333333333
0 0.49375 0.30104166666666665 0.025 0.034375
0 0.013541666666666667 0.3958333333333333 0.027083333333333334 0.03333333333333333
0 0.696875 0.2635416666666667 0.028125 0.028125
0 0.42083333333333334 0.321875 0.035416666666666666 0.04583333333333333
0 0.7958333333333333 0.2520833333333333 0.029166666666666667 0.040625
0 0.4552083333333333 0.32083333333333336 0.029166666666666667 0.040625
0 0.353125 0.33958333333333335 0.035416666666666666 0.04583333333333333
0 0.846875 0.24583333333333332 0.0375 0.034375
0 0.6260416666666667 0.28958333333333336 0.029166666666666667 0.035416666666666666
0 0.5125 0.3104166666666667 0.021875 0.04791666666666667
0 0.571875 0.3 0.028125 0.028125
0 0.0875 0.39375 0.0375 0.034375
0 0.24166666666666667 0.36875 0.034375 0.0375
0 0.7229166666666667 0.275 0.022916666666666665 0.027083333333333334
0 0.5458333333333333 0.309375 0.035416666666666666 0.05
0 0.04583333333333333 0.409375 0.028125 0.028125
0 0.334375 0.353125 0.03333333333333333 0.03333333333333333
0 0.12083333333333333 0.39479166666666665 0.022916666666666665 0.03125
0 0.20833333333333334 0.3802083333333333 0.034375 0.041666666666666664
0 0.28958333333333336 0.3645833333333333 0.029166666666666667 0.035416666666666666
0 0.7083333333333334 0.2833333333333333 0.034375 0.025
0 0.9270833333333334 0.240625 0.025 0.03958333333333333
0 0.5270833333333333 0.32083333333333336 0.027083333333333334 0.04375
0 0.946875 0.24166666666666667 0.021875 0.04375
0 0.60625 0.3072916666666667 0.035416666666666666 0.029166666666666667
0 0.4114583333333333 0.34791666666666665 0.03333333333333333 0.03333333333333333
0 0.8958333333333334 0.25416666666666665 0.035416666666666666 0.05
0 0.3072916666666667 0.36770833333333336 0.029166666666666667 0.040625
0 0.584375 0.31666666666666665 0.028125 0.028125
0 0.48333333333333334 0.33541666666666664 0.027083333333333334 0.022916666666666665
0 0.14791666666666667 0.40208333333333335 0.022916666666666665 0.027083333333333334
0 0.8541666666666666 0.26875 0.03958333333333333 0.041666666666666664
0 0.019791666666666666 0.43333333333333335 0.03125 0.05
0 0.08541666666666667 0.42083333333333334 0.029166666666666667 0.035416666666666666
0 0.4427083333333333 0.353125 0.03125 0.04583333333333333
0 0.746875 0.29375 0.027083333333333334 0.04791666666666667
0 0.6541666666666667 0.3145833333333333 0.0375 0.034375
0 0.4875 0.35104166666666664 0.034375 0.0375
0 0.13333333333333333 0.42083333333333334 0.028125 0.03333333333333333
0 0.721875 0.30833333333333335 0.04583333333333333 0.052083333333333336
0 0.24270833333333333 0.4010416666666667 0.034375 0.041666666666666664
0 0.3927083333333333 0.37395833333333334 0.035416666666666666 0.05
0 0.6114583333333333 0.334375 0.034375 0.041666666666666664
0 0.6875 0.321875 0.03125 0.05
0 0.5625 0.34791666666666665 0.027083333333333334 0.04375
0 0.7916666666666666 0.30416666666666664 0.03958333333333333 0.041666666666666664
0 0.20520833333333333 0.41770833333333335 0.0375 0.059375
0 0.6625 0.32916666666666666 0.035416666666666666 0.04583333333333333
0 0.6354166666666666 0.33645833333333336 0.029166666666666667 0.035416666666666666
0 0.184375 0.4270833333333333 0.040625 0.05625
0 0.9208333333333333 0.28854166666666664 0.029166666666666667 0.035416666666666666
0 0.534375 0.36354166666666665 0.0375 0.034375
0 0.5864583333333333 0.353125 0.040625 0.052083333333333336
0 0.4197916666666667 0.3885416666666667 0.034375 0.041666666666666664
0 0.9520833333333333 0.2875 0.03125 0.04583333333333333
0 0.065625 0.46145833333333336 0.03125 0.05
0 0.3854166666666667 0.4 0.029166666666666667 0.040625
0 0.503125 0.37916666666666665 0.040625 0.052083333333333336
0 0.35 0.4083333333333333 0.03958333333333333 0.046875
0 0.11458333333333333 0.45416666666666666 0.0375 0.0375
0 0.153125 0.45 0.034375 0.041666666666666664
0 0.8416666666666667 0.3177083333333333 0.035416666666666666 0.04583333333333333
0 0.9291666666666667 0.3020833333333333 0.025 0.03958333333333333
0 0.8708333333333333 0.3145833333333333 0.03125 0.05
0 0.2916666666666667 0.4270833333333333 0.0375 0.05416666666666667
0 0.7854166666666667 0.3333333333333333 0.03333333333333333 0.03333333333333333
0 0.6229166666666667 0.36770833333333336 0.04375 0.04375
0 0.553125 0.38333333333333336 0.03333333333333333 0.05416666666666667
0 0.44375 0.4041666666666667 0.0375 0.0375
0 0.8854166666666666 0.32395833333333335 0.029166666666666667 0.040625
0 0.32083333333333336 0.43854166666666666 0.04375 0.04375
0 0.6520833333333333 0.37395833333333334 0.034375 0.0375
0 0.725 0.3614583333333333 0.020833333333333332 0.03958333333333333
0 0.5270833333333333 0.4 0.035416666666666666 0.04583333333333333
0 0.9572916666666667 0.31666666666666665 0.040625 0.052083333333333336
0 0.17916666666666667 0.47291666666666665 0.029166666666666667 0.035416666666666666
0 0.035416666666666666 0.5041666666666667 0.04583333333333333 0.052083333333333336
0 0.2708333333333333 0.459375 0.03333333333333333 0.05416666666666667
0 0.24270833333333333 0.46458333333333335 0.0375 0.05416666666666667
0 0.12291666666666666 0.490625 0.040625 0.052083333333333336
0 0.6916666666666667 0.37916666666666665 0.029166666666666667 0.040625
0 0.7166666666666667 0.375 0.028125 0.053125
0 0.81875 0.35520833333333335 0.0375 0.05416666666666667
0 0.4083333333333333 0.4375 0.040625 0.052083333333333336
0 0.7479166666666667 0.37083333333333335 0.0375 0.059375
0 0.7854166666666667 0.36666666666666664 0.034375 0.0375
0 0.30625 0.459375 0.040625 0.052083333333333336
0 0.5895833333333333 0.4041666666666667 0.04583333333333333 0.052083333333333336
0 0.45208333333333334 0.43333333333333335 0.040625 0.052083333333333336
0 0.484375 0.42916666666666664 0.029166666666666667 0.035416666666666666
0 0.06770833333333333 0.5104166666666666 0.034375 0.0375
0 0.16041666666666668 0.49270833333333336 0.029166666666666667 0.035416666666666666
0 0.014583333333333334 0.5270833333333333 0.028125 0.05
0 0.6239583333333333 0.41041666666666665 0.04583333333333333 0.05625
0 0.6583333333333333 0.403125 0.03958333333333333 0.046875
0 0.8625 0.36354166666666665 0.0375 0.0375
0 0.55625 0.42291666666666666 0.04375 0.046875
0 0.3229166666666667 0.47604166666666664 0.035416666666666666 0.029166666666666667
0 0.23958333333333334 0.4947916666666667 0.0375 0.059375
0 0.47604166666666664 0.4510416666666667 0.03125 0.04583333333333333
0 0.35833333333333334 0.47604166666666664 0.046875 0.065625
0 0.21354166666666666 0.5041666666666667 0.040625 0.052083333333333336
0 0.9104166666666667 0.37083333333333335 0.046875 0.065625
0 0.8041666666666667 0.39375 0.028125 0.028125
0 0.8541666666666666 0.384375 0.034375 0.041666666666666664
0 0.38958333333333334 0.4739583333333333 0.03125 0.04583333333333333
0 0.9479166666666666 0.36770833333333336 0.03125 0.05
0 0.023958333333333335 0.55 0.03958333333333333 0.046875
0 0.68125 0.425 0.027083333333333334 0.04375
0 0.5447916666666667 0.45208333333333334 0.040625 0.052083333333333336
0 0.14583333333333334 0.53125 0.041666666666666664 0.06041666666666667
0 0.34791666666666665 0.4947916666666667 0.03125 0.04583333333333333
0 0.96875 0.3770833333333333 0.035416666666666666 0.05
0 0.6375 0.44166666666666665 0.040625 0.052083333333333336
0 0.26979166666666665 0.5145833333333333 0.03333333333333333 0.059375
0 0.846875 0.4041666666666667 0.029166666666666667 0.040625
0 0.04895833333333333 0.559375 0.0375 0.05416666666666667
0 0.090625 0.553125 0.035416666666666666 0.04583333333333333
0 0.896875 0.396875 0.025 0.03958333333333333
0 0.7177083333333333 0.43333333333333335 0.040625 0.05625
0 0.8770833333333333 0.403125 0.04583333333333333 0.05625
0 0.33541666666666664 0.5104166666666666 0.04375 0.046875
0 0.29375 0.51875 0.035416666666666666 0.05
0 0.7604166666666666 0.43020833333333336 0.04583333333333333 0.05625
0 0.93125 0.39895833333333336 0.040625 0.05625
0 0.528125 0.478125 0.05 0.058333333333333334
0 0.6958333333333333 0.45 0.027083333333333334 0.04375
0 0.020833333333333332 0.58125 0.035416666666666666 0.04583333333333333
0 0.8333333333333334 0.42604166666666665 0.04583333333333333 0.052083333333333336
0 0.46875 0.49895833333333334 0.03333333333333333 0.028125
0 0.41458333333333336 0.5197916666666667 0.035416666666666666 0.05
0 0.08020833333333334 0.5854166666666667 0.04583333333333333 0.052083333333333336
0 0.6239583333333333 0.48541666666666666 0.046875 0.065625
0 0.225 0.565625 0.046875 0.06041666666666667
0 0.39479166666666665 0.5375 0.04375 0.07083333333333333
0 0.15416666666666667 0.5864583333333333 0.04583333333333333 0.05625
0 0.5958333333333333 0.503125 0.035416666666666666 0.05
0 0.9791666666666666 0.43333333333333335 0.034375 0.06458333333333334
0 0.28229166666666666 0.5666666666666667 0.035416666666666666 0.04583333333333333
0 0.359375 0.5541666666666667 0.05 0.075
0 0.5333333333333333 0.521875 0.027083333333333334 0.04791666666666667
0 0.4583333333333333 0.5395833333333333 0.0375 0.05416666666666667
0 0.55625 0.521875 0.04583333333333333 0.05625
0 0.8635416666666667 0.4666666666666667 0.04583333333333333 0.052083333333333336
0 0.11354166666666667 0.6125 0.040625 0.05625
0 0.026041666666666668 0.6291666666666667 0.028125 0.053125
0 0.490625 0.5395833333333333 0.03958333333333333 0.046875
0 0.7916666666666666 0.49583333333333335 0.052083333333333336 0.0625
0 0.7104166666666667 0.5135416666666667 0.03958333333333333 0.046875
0 0.4197916666666667 0.571875 0.03958333333333333 0.046875
0 0.29791666666666666 0.6010416666666667 0.041666666666666664 0.06041666666666667
0 0.22291666666666668 0.6145833333333334 0.040625 0.052083333333333336
0 0.17708333333333334 0.6333333333333333 0.041666666666666664 0.06041666666666667
0 0.096875 0.6583333333333333 0.05625 0.06666666666666667
0 0.6854166666666667 0.546875 0.04375 0.046875
0 0.6416666666666667 0.5625 0.04583333333333333 0.05625
0 0.06041666666666667 0.6895833333333333 0.04375 0.046875
0 0.859375 0.5427083333333333 0.046875 0.06041666666666667
0 0.8791666666666667 0.017708333333333333 0.034375 0.035416666666666666