0 0.24308779707899913 0.16444468610863516 0.014801521644936007 0.012924331661811669
0 0.4546006774902331 0.16747249520490468 0.014801521644936125 0.012924331661811669
0 0.42439234415689975 0.16659352247686615 0.014728792207735117 0.008757664995145001
0 0.27742643236039866 0.1675282297876675 0.016957584415470232 0.017151617137308624
0 0.6389938598495334 0.17179559311971435 0.016957584415470232 0.017151617137308624
0 0.29931961471969887 0.16712306061371832 0.014801521644936125 0.012924331661811669
0 0.46289764610496603 0.16979830377355895 0.014801521644936125 0.012924331661811669
0 0.6723453755421668 0.1717238273943316 0.014801521644936125 0.012924331661811669
0 0.7515484069274341 0.17194400879654742 0.010489396103867439 0.004469760710817876
0 0.7077438598495334 0.17379601381111237 0.014728792207735352 0.008757664995145001
0 0.398259765693732 0.17104412069982147 0.014801521644936125 0.012924331661811669
0 0.37325976569373204 0.1703166949938586 0.014728792207735117 0.008757664995145001
0 0.6004158284642662 0.17275747848968823 0.014728792207735117 0.008757664995145001
0 0.5847544637456658 0.17438617075679474 0.014801521644936125 0.012924331661811669
0 0.33780673430846486 0.17136950857707783 0.014801521644936125 0.012924331661811669
0 0.6076711304123324 0.17505297765392744 0.010489396103867439 0.004469760710817876
0 0.5075802186158314 0.17735160816340917 0.014801521644936007 0.012924331661811669
0 0.6159680990270654 0.1773787862225817 0.010598490259668835 0.010719760710817875
0 0.38777036958986444 0.17490769332233694 0.014801521644936125 0.012924331661811669
0 0.5513665833344317 0.1765412698155109 0.014801521644936125 0.012924331661811669
0 0.259609004871264 0.17326296991261045 0.014801521644936066 0.012924331661811669
0 0.4169006715379306 0.17783968997929367 0.014801521644936125 0.012924331661811669
0 0.6263484009751317 0.17976521360006625 0.016957584415470232 0.017151617137308624
0 0.48881203625653113 0.17784770555060364 0.014801521644936125 0.012924331661811669
0 0.539871885282498 0.17829119970027793 0.014801521644936125 0.012924331661811669
0 0.5607052186158313 0.17889738778858033 0.014801521644936125 0.012924331661811669
0 0.7451165833344316 0.18217881903672334 0.014801521644936125 0.012924331661811669
0 0.754509765693732 0.1814099370097928 0.014801521644936125 0.012924331661811669
0 0.6440203695898644 0.18236380680845662 0.014728792207735117 0.008757664995145001
0 0.6825802186158313 0.18244358810514946 0.014728792207735117 0.008757664995145001
0 0.7075802186158313 0.18317101381111237 0.014728792207735117 0.008757664995145001
0 0.3272627911266966 0.17835808119959332 0.014801521644936125 0.012924331661811669
0 0.7857234009751316 0.18440255247557977 0.014801521644936125 0.012924331661811669
0 0.23347642640809613 0.17771356813556577 0.014728792207735117 0.008757664995145001
0 0.6033771872305642 0.1822234067029336 0.010489396103867439 0.004469760710817876
0 0.8326165833344317 0.18472480900759353 0.016957584415470232 0.017151617137308624
0 0.7529249940476975 0.033372032725465635 0.010489396103867439 0.004469760710817876
0 0.36160142640809617 0.18144162487862558 0.016957584415470232 0.017151617137308624
0 0.45016127543406304 0.18297625758724417 0.016957584415470232 0.017151617137308624
0 0.7179605205638976 0.1855574411885969 0.014801521644936125 0.012924331661811669
0 0.24798703030422858 0.18230456646404408 0.02320758441547029 0.017333473563799315
0 0.29694536363756197 0.18372910847155477 0.016957584415470232 0.017151617137308624
0 0.4407680930747629 0.1837451396141748 0.014728792207735117 0.008757664995145001
0 0.5709946087673964 0.18649214849939819 0.016957584415470232 0.017151617137308624
0 0.26253399891896145 0.18481223145918912 0.012754553030203179 0.014947046186314771
0 0.4021536969708953 0.186790358317482 0.016957584415470232 0.017151617137308624
0 0.5198438479449283 0.19125698768305727 0.010598490259668835 0.010719760710817875
0 0.673023395022829 0.19258747013208002 0.016957584415470232 0.017151617137308624
0 0.3500158165596613 0.18839988809672595 0.014801521644936125 0.012924331661811669
0 0.6282317283561624 0.1912841657422298 0.014801521644936125 0.012924331661811669
0 0.7313930930747629 0.19220146344599348 0.016957584415470232 0.017151617137308624
0 0.5510393008670278 0.1952912698155109 0.016957584415470232 0.017151617137308624
0 0.4541279361484272 0.194555828538238 0.014801521644936125 0.012924331661811669
0 0.28742490476316007 0.19178965716515203 0.014801521644936125 0.012924331661811669
0 0.7969453636375619 0.19827762259081272 0.016957584415470232 0.017151617137308624
0 0.4790915714298267 0.19736658757753425 0.016957584415470232 0.017151617137308624
0 0.3110765037880286 0.030937511920121105 0.004239396103867558 0.004287904284327149
0 0.5101075665585628 0.032559941496742496 0.010489396103867676 0.004469760710817876
0 0.24568550865929253 0.19474394765521386 0.014801521644936066 0.012924331661811669
0 0.32900065963332564 0.1982103666750902 0.016957584415470232 0.017151617137308624
0 0.5050605086592925 0.20229098935457893 0.014801521644936125 0.012924331661811669
0 0.6686567224038599 0.2039245658477529 0.014801521644936125 0.012924331661811669
0 0.6321802067112263 0.20390540335989032 0.014801521644936125 0.012924331661811669
0 0.22055823214419096 0.20130818861591765 0.01695758441547029 0.017151617137308624
0 0.38311277922209164 0.20291145570467647 0.014728792207735117 0.008757664995145001
0 0.7248703576852594 0.20764460701950274 0.01889545887440202 0.008878902612805521
0 0.2830764145034912 0.20208508621415822 0.012754553030203179 0.014947046186314771
0 0.36642793019612474 0.20346817190070118 0.02320758441547023 0.017333473563799374
0 0.5362377792220916 0.20736693815369922 0.016957584415470232 0.017151617137308624
0 0.3528135340922572 0.20724081630997132 0.016957584415470232 0.017151617137308624
0 0.4080400497848907 0.20780554807730603 0.016957584415470232 0.017151617137308624
0 0.6101961125554249 0.20951890586717278 0.014801521644936125 0.012924331661811669
0 0.39864686742559047 0.20857443010423662 0.004348490259668954 0.010537904284327127
0 0.4372067164515574 0.2086542114009294 0.016957584415470232 0.017151617137308624
0 0.7664824772740253 0.21198198319610756 0.016957584415470232 0.017151617137308624
0 0.9352688419926258 0.21480877337802382 0.02320758441547023 0.017333473563799374
0 0.7570529301961246 0.2148341985563715 0.014801521644936125 0.012924331661811669
0 0.6997430811701579 0.21420884798020653 0.014728792207735352 0.008757664995145001
0 0.4496703517329569 0.21110125758724418 0.014801521644936125 0.012924331661811669
0 0.5976052007589239 0.21436352634752467 0.016957584415470232 0.017151617137308624
0 0.6351052007589238 0.21545466490646906 0.014801521644936125 0.012924331661811669
0 0.34543332142872835 0.03297938893248675 0.010489396103867676 0.004469760710817876
0 0.7851415654775242 0.2177358858089131 0.014801521644936125 0.012924331661811669
0 0.8976961125554249 0.21788430148574608 0.02320758441547023 0.017333473563799374
0 0.7090635340922572 0.2176066326199426 0.014801521644936125 0.012924331661811669
0 0.5767173203476899 0.21688233825922226 0.016957584415470232 0.017151617137308624
0 0.7257120183996235 0.2191332497572512 0.016957584415470232 0.017151617137308624
0 0.8090817164515574 0.21947466877712749 0.016957584415470232 0.017151617137308624
0 0.37353777326978915 0.2140970043982737 0.014801521644936007 0.012924331661811669
0 0.7944983831182241 0.21905033711531582 0.014801521644936125 0.012924331661811669
0 0.23490519480662134 0.21527418694439598 0.01695758441547029 0.017151617137308624
0 0.335946861473288 0.2182141991726627 0.018968188311602675 0.013045569279472187
0 0.36615519480662134 0.21909317190070118 0.014801521644936007 0.012924331661811669
0 0.5682930752178554 0.2218481963572346 0.016957584415470232 0.017151617137308624
0 0.2692074653694204 0.22044106395676166 0.016957584415470232 0.017151617137308624
0 0.42342867911398774 0.22180185581019948 0.016957584415470232 0.017151617137308624
0 0.4942801948066214 0.22282122864376105 0.016957584415470232 0.017151617137308624
0 0.5401317104992549 0.2231131757713597 0.02320758441547023 0.017333473563799374
0 0.6255665595252218 0.22455688026673293 0.014801521644936125 0.012924331661811669
0 0.667196861473288 0.22785258977667108 0.014728792207735352 0.008757664995145001
0 0.33578322023958596 0.2275891991726627 0.014728792207735117 0.008757664995145001
0 0.1596870064950186 0.2255919098265073 0.014801521644936007 0.012924331661811669
0 0.7410824653694204 0.23417122415681133 0.02320758441547023 0.017333473563799315
0 0.6764264025988863 0.23645870774974054 0.016957584415470232 0.017151617137308624
0 0.21270291233921726 0.23338768945167843 0.01695758441547029 0.017151617137308624
0 0.7555930692655529 0.2387622224852897 0.016957584415470232 0.017151617137308624
0 0.3971142770578177 0.23666912069982146 0.016957584415470232 0.017151617137308624
0 0.6180021574690517 0.2399697144358271 0.02320758441547023 0.017333473563799315
0 0.33666124567255057 0.23699450857707785 0.014801521644936007 0.012924331661811669
0 0.3689165476206168 0.24001743344727988 0.010489396103867558 0.004469760710817876
0 0.4178930633132503 0.24040030878812388 0.014801521644936125 0.012924331661811669
0 0.5189710946985175 0.24125698768305728 0.016957584415470232 0.017151617137308624
0 0.6387991260837845 0.24265923585746282 0.016957584415470232 0.017151617137308624
0 0.6763173084430849 0.24270870774974054 0.016957584415470232 0.017151617137308624
0 0.8013536731616853 0.24426250294622165 0.02320758441547023 0.017333473563799374
0 0.23032033387604944 0.23911128266006887 0.01695758441547029 0.017151617137308624
0 0.2969870005427161 0.24105108454263657 0.018968188311602675 0.013045569279472128
0 0.5053930633132503 0.242946298758994 0.016957584415470232 0.017151617137308624
0 0.26780215151674924 0.24124408788567983 0.016957584415470232 0.017151617137308624
0 0.8752938241357184 0.24745613732636193 0.02320758441547023 0.017333473563799374
0 0.46054684956868297 0.24476799436914387 0.016957584415470232 0.017151617137308624
0 0.8585544280318509 0.25113785352238666 0.02320758441547023 0.017333473563799374
0 0.1927657867981488 0.24114514410112448 0.01695758441547029 0.017151617137308624
0 0.5834453338760495 0.24938617075679476 0.016957584415470232 0.017151617137308624
0 0.7386900319279832 0.25181893868131444 0.02320758441547023 0.017333473563799315
0 0.37297412013148207 0.2463886710649404 0.014801521644936125 0.012924331661811669
0 0.6157006358241157 0.25240909562699687 0.016957584415470232 0.017151617137308624
0 0.6928021515167493 0.2536103248870491 0.016957584415470232 0.017151617137308624
0 0.6574036672093828 0.25153813847026835 0.016957584415470232 0.017151617137308624
0 0.2134536612570803 0.25008466552276026 0.018968188311602734 0.013045569279472187
0 0.4207816926423475 0.25403290366803594 0.02320758441547023 0.017333473563799315
0 0.7917241201314821 0.2585730516398189 0.016957584415470232 0.017151617137308624
0 0.3894771455644468 0.2562486215355823 0.016957584415470232 0.017151617137308624
0 0.23733926515321271 0.2549484484909747 0.01695758441547029 0.017151617137308624
0 0.35608926515321276 0.25840372059429845 0.02320758441547023 0.017333473563799256
0 0.44570896320514647 0.2589269960406655 0.016957584415470232 0.017151617137308624
0 0.14874305140864538 0.25549714911568944 0.02320758441547029 0.017333473563799315
0 0.5349984724027614 0.039537367202705405 0.004239396103867439 0.004287904284327156
0 0.8426566926423473 0.2663082124561598 0.014801521644936125 0.012924331661811669
0 0.7759718436163805 0.2654100772402588 0.023316678571271628 0.023583473563799254
0 0.4081725984865461 0.2599191908150545 0.014801521644936125 0.012924331661811669
0 0.5488157808458463 0.2629692937444291 0.02320758441547023 0.017333473563799315
0 0.6185892651532128 0.26604169050690885 0.016957584415470232 0.017151617137308565
0 0.37789153571601186 0.26320688475368265 0.016957584415470232 0.017151617137308624
0 0.5143862337679456 0.26509408339873014 0.01706667857127163 0.023401617137308626
0 0.6706907808458463 0.2665154940609982 0.02320758441547023 0.017333473563799315
0 0.13196729058617734 0.2612621986450475 0.02320758441547029 0.017333473563799315
0 0.6028733533567115 0.27079538277401544 0.02320758441547023 0.017333473563799374
0 0.8498392651532127 0.2727703782870657 0.016957584415470232 0.017151617137308624
0 0.2694491082268771 0.26630470669451006 0.014801521644936007 0.012924331661811669
0 0.7132900200233782 0.2740081796420182 0.016957584415470232 0.017151617137308624
0 0.5038604729454776 0.27104098935457893 0.016957584415470232 0.017151617137308624
0 0.20163168073774243 0.2705845954075272 0.02320758441547029 0.017333473563799374
0 0.24020971212300954 0.2696227100375534 0.01695758441547029 0.017151617137308506
0 0.414074227272927 0.04122980962388472 0.010489396103867558 0.004469760710817876
0 0.4995272586581941 0.04163184745259129 0.004239396103867558 0.004287904284327156
0 0.6204725925342435 0.2775606426490725 0.016957584415470232 0.017151617137308624
0 0.7048657748935437 0.27897403774003054 0.016957584415470232 0.017151617137308506
0 0.6506991082268772 0.2773979487104443 0.02320758441547023 0.017333473563799374
0 0.7360794101749434 0.2819666532058175 0.016957584415470232 0.017151617137308624
0 0.2953271336598417 0.2764374418048881 0.016957584415470232 0.017151617137308624
0 0.4099650140710757 0.2766464762905514 0.016957584415470232 0.017151617137308624
0 0.2733975865819411 0.27892594431217055 0.02320758441547035 0.017333473563799374
0 0.44741046699317505 0.28086261484949576 0.016957584415470232 0.017151617137308506
0 0.8975013787896763 0.2887479442234946 0.016957584415470232 0.017151617137308624
0 0.3421475865819411 0.28092636500356855 0.016957584415470232 0.017151617137308624
0 0.3244210708893075 0.28145277179517814 0.016957584415470232 0.017151617137308624
0 0.8360430454563429 0.2869596893630025 0.014801521644936125 0.012924331661811787
0 0.574457435607908 0.2866436955214738 0.01706667857127163 0.023401617137308504
0 0.6067127375559742 0.2896666203916759 0.02320758441547023 0.017333473563799374
0 0.3920748571447401 0.286547883082161 0.016957584415470232 0.017151617137308624
0 0.22948394534823902 0.28702794932673553 0.01695758441547029 0.017151617137308506
0 0.28068634686169297 0.04047520585874927 0.010598490259668835 0.010719760710817875
0 0.40469922727292695 0.04095702498414864 0.010598490259668953 0.010719760710817875
0 0.4932590762988939 0.042491657692767235 0.004239396103867558 0.004287904284327156
0 0.3524006120149057 0.29060445904771975 0.023316678571271628 0.023583473563799372
0 0.18567939827033836 0.2888799543413004 0.01695758441547029 0.017151617137308506
0 0.7993665238114069 0.2983988602084732 0.016957584415470232 0.017151617137308506
0 0.7556165238114069 0.29712586522303813 0.014801521644936125 0.012924331661811787
0 0.5253172786815724 0.29563582018062984 0.016957584415470232 0.017151617137308506
0 0.5399187943742059 0.29501848517577484 0.016957584415470232 0.017151617137308624
0 0.45548924729630524 0.29568842341815 0.01695758441547035 0.017151617137308506
0 0.3210233354998041 0.2969868435819328 0.016957584415470232 0.017151617137308624
0 0.1157604550885701 0.29414089091215406 0.02331667857127166 0.023583473563799372
0 0.6534240963222722 0.3004055435903563 0.02320758441547023 0.017333473563799374
0 0.8430619767335062 0.3027968551939083 0.027483345237938293 0.023704711181459833
0 0.3741665178591043 0.2974909565404373 0.016957584415470232 0.017151617137308506
0 0.7231975806296386 0.3034779403528361 0.02320758441547023 0.017333473563799374
0 0.21784378842190344 0.29711121254483586 0.02320758441547029 0.017333473563799374
0 0.4262134864738372 0.3010897600945267 0.016957584415470232 0.017151617137308506
0 0.8982157629889388 0.3075282536279097 0.014728792207735117 0.008757664995145121
0 0.5866483354998041 0.3047157417077886 0.01706667857127163 0.023401617137308504
0 0.7387680335517378 0.30705758141906286 0.02320758441547023 0.017333473563799374
0 0.36159378842190343 0.30129391035412245 0.016957584415470232 0.017151617137308506
0 0.35879316450239274 0.04379007785654999 0.004239396103867558 0.004287904284327156
0 0.37026968019502626 0.04308181463844965 0.010489396103867676 0.004469760710817876
0 0.6234674096322272 0.04628033324465733 0.010489396103867439 0.004469760710817876
0 0.2896460589847025 0.3033692281161458 0.014801521644936125 0.012924331661811669
0 0.2990210589847025 0.3036420127558819 0.014801521644936125 0.012924331661811787
0 0.9449998511924378 0.3141005101599235 0.02320758441547023 0.017333473563799374
0 0.4657059080106694 0.3074498507956346 0.023316678571271628 0.023583473563799372
0 0.7501536374478703 0.3115576515342958 0.02320758441547023 0.017333473563799374
0 0.7803801531405039 0.3113949575956677 0.027483345237938293 0.023704711181459833
0 0.9053619707812037 0.31607375279214883 0.02320758441547023 0.017333473563799374
0 0.924057423703303 0.31974432207162107 0.016957584415470232 0.017151617137308506
0 0.6301619648289012 0.3195304033598903 0.02320758441547023 0.017333473563799374
0 0.8469013609327687 0.32166809281156883 0.023316678571271628 0.023583473563799372
0 0.24359453733976646 0.31453561432188054 0.02320758441547029 0.017333473563799374
0 0.26439150595449934 0.3172251357435163 0.027410615800737403 0.019538044514793167
0 0.34733483116905944 0.04345667440798366 0.004239396103867558 0.004287904284327156
0 0.2618817997837923 0.0430546365792771 0.010598490259668953 0.010719760710817875
0 0.3827333154764258 0.045528860824764435 0.010489396103867558 0.004469760710817876
0 0.4504780135283596 0.04541563877841395 0.010489396103867676 0.004469760710817876
0 0.6317825606062603 0.04756447514664496 0.010489396103867439 0.004469760710817876
0 0.5393733235951992 0.32626848517577484 0.016957584415470232 0.017151617137308624
0 0.8894642353917003 0.331244111725922 0.02320758441547023 0.017333473563799374
0 0.32983468236149704 0.32955129488833557 0.03165001190460496 0.023825948799120294
0 0.2797801352835964 0.33122144347640975 0.023316678571271628 0.023583473563799372
0 0.32231664880975924 0.04377091536868743 0.010598490259668835 0.010719760710817875
0 0.47964468019502626 0.04626430210203734 0.010598490259668835 0.010719760710817875
0 0.5391369529242962 0.3398101518424415 0.023316678571271628 0.023583473563799372
0 0.8069361980541306 0.34239133544379413 0.023316678571271628 0.023583473563799372
0 0.5193452862576294 0.3392342731585542 0.02320758441547023 0.017333473563799374
0 0.4818452862576295 0.3381431345996099 0.027483345237938293 0.023704711181459833
0 0.26914528030532703 0.3434183494322586 0.023316678571271628 0.023583473563799372
0 0.7547074058463955 0.34920919855637145 0.023316678571271628 0.023583473563799372
0 0.8662021038983293 0.3503689714954561 0.02320758441547023 0.017333473563799374
0 0.5056036136386604 0.3502985842344909 0.016957584415470232 0.017151617137308506
0 0.6212467959979605 0.3526212614579027 0.02741061580073752 0.019538044514793167
0 0.45459013311712565 0.04866187639607443 0.010598490259668953 0.010719760710817875
0 0.5608764978357261 0.049670102313083414 0.010598490259668835 0.010719760710817875
0 0.5942280135283596 0.04959833658770062 0.010598490259668835 0.010719760710817875
0 0.6421628625543266 0.0499509025241295 0.010598490259668835 0.010719760710817875
0 0.4357392175347928 0.35243452080534454 0.023316678571271628 0.023583473563799372
0 0.9077596764091945 0.35783134767206093 0.023316678571271628 0.023583473563799372
0 0.31070285281619225 0.3508807256088634 0.018968188311602793 0.013045569279472128
0 0.6743172489200598 0.3572920410830739 0.027483345237938293 0.023704711181459715
0 0.38774982143092523 0.3552069548689156 0.027483345237938293 0.023704711181459833
0 0.526309670456892 0.35819643898946 0.02320758441547023 0.017333473563799374
0 0.887895280305327 0.3614221356548403 0.023316678571271628 0.023583473563799372
0 0.6022786076863579 0.36457569217843055 0.02320758441547023 0.017333473563799374
0 0.5772604253270577 0.36488993313913426 0.02320758441547023 0.017333473563799374
0 0.7731483057382917 0.367463101169177 0.023316678571271628 0.023583473563799372
0 0.5170719507578254 0.05152210732764835 0.010489396103867558 0.004469760710817876
0 0.24065663311932248 0.3634333288463836 0.023316678571271628 0.023583473563799372
0 0.29897178409335556 0.36617232216029705 0.023316678571271628 0.023583473563799372
0 0.8012005763010907 0.3724481217550519 0.03165001190460496 0.023825948799120294
0 0.18851875270808846 0.3650428586256275 0.023316678571271628 0.023583473563799372
0 0.8501407272751239 0.3749143304292293 0.03157728246740419 0.019659282132453625
0 0.43851875270808843 0.37231711568525655 0.023316678571271628 0.023583473563799372
0 0.14255814285965357 0.3710009114980289 0.027410615800737403 0.01953804451479305
0 0.5707376899375541 0.3803330767126436 0.023316678571271628 0.023583473563799372
0 0.9218339036821216 0.38742234600053926 0.02320758441547023 0.017333473563799374
0 0.3570869291150862 0.3803696488075438 0.027483345237938293 0.023704711181459715
0 0.0652566212147175 0.38125801557131 0.027483345237938325 0.023704711181459833
0 0.4997588977298191 0.38660537054574867 0.02741061580073752 0.01953804451479305
0 0.4246498035740177 0.39067309342786 0.027483345237938293 0.023704711181459715
0 0.12976722511084995 0.3873038653117141 0.03157728246740407 0.019659282132453625
0 0.40033255465395784 0.05229412069982149 0.010598490259668953 0.010719760710817875
0 0.49099391937255826 0.05284770555060366 0.010598490259668953 0.010719760710817875
0 0.5472621017318585 0.05344274672235351 0.010598490259668835 0.010719760710817875
0 0.5805954350651918 0.05441264766363738 0.010489396103867439 0.004469760710817876
0 0.6285121017318586 0.05580688026673294 0.010598490259668835 0.010719760710817875
0 0.621238617424492 0.054553047769160416 0.014801521644936125 0.012924331661811698
0 0.1901111623403157 0.3932284774344578 0.02320758441547029 0.017333473563799374
0 0.17229373485118102 0.3989632175594008 0.027483345237938293 0.023704711181459833
0 0.12538237013258055 0.39968262769405366 0.023316678571271628 0.023583473563799372
0 0.7880460113662825 0.40958440890207043 0.03165001190460496 0.023825948799120294
0 0.24725737013258053 0.4032288280106228 0.027556074675139246 0.0278713778481265
0 0.28994752110661365 0.40551318025830946 0.027410615800737403 0.01953804451479305
0 0.31807252110661366 0.40633153417751766 0.027483345237938293 0.023704711181459715
0 0.6024340703465915 0.05713247848968825 0.010489396103867439 0.004469760710817876
0 0.5618043387473134 0.4144656014773226 0.03165001190460496 0.023825948799120294
0 0.18775509361747894 0.40879285862562753 0.023316678571271628 0.023583473563799372
0 0.4960884269508123 0.4177644423325033 0.027483345237938293 0.023704711181459833
0 0.8378278230546798 0.42353926031399625 0.027483345237938293 0.023704711181459833
0 0.35953918182097777 0.4190022436874558 0.027483345237938293 0.023704711181459715
0 0.09998235822797555 0.42187186865475745 0.03172274134180591 0.02799261546578696
0 0.31275982521675694 0.05391479739561801 0.004239396103867558 0.004287904284327156
0 0.3700696742427238 0.054540147971782985 0.010598490259668953 0.010719760710817875
0 0.42321285660202407 0.05504426093028748 0.010598490259668953 0.010719760710817875
0 0.514897705627991 0.056669821852151435 0.010598490259668835 0.010719760710817875
0 0.5951424036799248 0.0569203126587824 0.010489396103867439 0.004469760710817876
0 0.6639105860392249 0.057879066683513704 0.010489396103867439 0.004469760710817876
0 0.2877598252167569 0.05318737168965512 0.014728792207735117 0.00875766499514503
0 0.207255842535342 0.4260354039761815 0.03172274134180591 0.02799261546578696
0 0.41774523863920954 0.42799123700136926 0.027556074675139305 0.0278713778481265
0 0.27598766017604176 0.4290774913342462 0.03588940800847252 0.02811385308344742
0 0.6459066033578099 0.43254566323494736 0.03157728246740419 0.019659282132453625
0 0.7417581190504435 0.43429246177447184 0.023316678571271628 0.023583473563799372
0 0.5489588739206092 0.43389355529100787 0.018968188311602793 0.013045569279472128
0 0.8844846347430771 0.4374031835126767 0.027483345237938293 0.023704711181459833
0 0.7115134209985098 0.4354968223797666 0.027556074675139066 0.02787137784812638
0 0.16343311309814107 0.4289290756574131 0.027556074675139187 0.0278713778481265
0 0.4915762954574413 0.43743487138150955 0.027483345237938293 0.023704711181459715
0 0.7759876601760418 0.44362600545350417 0.027483345237938293 0.023704711181459715
0 0.7916126601760418 0.44408064651973095 0.027483345237938293 0.023704711181459715
0 0.8572558425353419 0.44494847233121687 0.027483345237938293 0.023704711181459715
0 0.32418179383148976 0.05633153417751767 0.014801521644936125 0.012924331661811698
0 0.35022346049815645 0.05708926928789569 0.010489396103867676 0.004469760710817876
0 0.4481764918834236 0.05785501996958371 0.004239396103867558 0.004287904284327156
0 0.5487588679683066 0.4453518886243411 0.03165001190460496 0.023825948799120294
0 0.6404255346349733 0.44801911621287177 0.027483345237938293 0.023704711181459833
0 0.9310505346349733 0.4564754400446905 0.023316678571271628 0.023583473563799372
0 0.36414749729740364 0.4535287907095314 0.027556074675139187 0.02787137784812638
0 0.5325333095241234 0.06135174839387516 0.014728792207735117 0.00875766499514503
0 0.5512833095241234 0.06189731767334734 0.004239396103867439 0.004287904284327156
0 0.2723353717563352 0.45919489645433414 0.023316678571271628 0.023583473563799372
0 0.5994005227303684 0.46975371610734873 0.031722741341805735 0.02799261546578696
0 0.5794264918834234 0.06167400492588892 0.010489396103867439 0.004469760710817876
0 0.32423688149666624 0.4711270333417569 0.027483345237938293 0.023704711181459833
0 0.3011923977276222 0.05983139394705169 0.010598490259668835 0.010719760710817875
0 0.43246058008692245 0.06260871223669023 0.010489396103867558 0.004469760710817876
0 0.6887833095241234 0.06589815905614328 0.010598490259668835 0.010719760710817875
0 0.39287724675358915 0.06145695486891564 0.010489396103867558 0.004469760710817876
0 0.4981219448055229 0.06243487138150951 0.010598490259668953 0.010719760710817875
0 0.6533848252167568 0.06382597263936249 0.010489396103867439 0.004469760710817876
0 0.6752416428574567 0.0655041367987467 0.010489396103867439 0.004469760710817876
0 0.7117181585500901 0.06552329928660926 0.010489396103867439 0.004469760710817876
0 0.25824823431066174 0.49005087419693755 0.027556074675139187 0.0278713778481265
0 0.5281126304145293 0.4937343432737872 0.03172274134180585 0.02799261546578696
0 0.605141416669962 0.4991022392005061 0.031722741341805735 0.02799261546578696
0 0.9437921774924299 0.5027027956354203 0.035816678571271625 0.023947186416780872
0 0.5252052781388562 0.06322291589630265 0.010598490259668953 0.010719760710817875
0 0.4142982283583592 0.506055618192539 0.023316678571271628 0.023583473563799372
0 0.09543913420255787 0.5030309404415121 0.03588940800847255 0.02811385308344742
0 0.6810012597436264 0.5117314923894766 0.023316678571271628 0.023583473563799372
0 0.6997330773843262 0.5133187283356154 0.03157728246740419 0.019659282132453625
0 0.8205845930769596 0.5157929525811028 0.031722741341805735 0.02799261546578696
0 0.173491404765357 0.5094708124393128 0.03172274134180585 0.02799261546578696
0 0.4245694361506241 0.5146920455700236 0.027628804112340078 0.03203804451479317
0 0.33180655573939005 0.5151195085770779 0.03165001190460496 0.023825948799120294
0 0.27553837338008985 0.514524467405328 0.027483345237938293 0.023704711181459833
0 0.8944338322544917 0.5241949202945764 0.027556074675139305 0.02787137784812638
0 0.39803103300902176 0.06473350189099124 0.010598490259668953 0.010719760710817875
0 0.45846588203498867 0.06544978068040158 0.010598490259668953 0.010719760710817875
0 0.48660906439428886 0.06522646793294318 0.014801521644936125 0.012924331661811683
0 0.5689189134202557 0.06657924421507104 0.010598490259668835 0.010719760710817875
0 0.628312095779556 0.06726521360006626 0.010598490259668835 0.010719760710817875
0 0.3594893663423551 0.06361205392763178 0.004239396103867558 0.004287904284327156
0 0.757515127164823 0.06894024641420791 0.010598490259668835 0.010719760710817875
0 0.7098770086614894 0.5292468223797667 0.0358894080084724 0.02811385308344742
0 0.3732368517351538 0.5298735514203493 0.027483345237938293 0.023704711181459833
0 0.7795595811723547 0.5375275524755797 0.03165001190460496 0.023825948799120294
0 0.5230855800869224 0.06524563042080574 0.010598490259668953 0.010719760710817875
0 0.3354764859311211 0.06603993762608401 0.010489396103867676 0.004469760710817876
0 0.3823696682904213 0.06636219415809777 0.010489396103867558 0.004469760710817876
0 0.602234064394289 0.06859081182302158 0.010598490259668835 0.010719760710817875
0 0.2699482105014518 0.5362479203832523 0.027483345237938293 0.02370471118145995
0 0.5449118457828512 0.5463329364821775 0.03165001190460496 0.023825948799120294
0 0.22912320454914928 0.546524186944396 0.035816678571271625 0.023947186416780872
0 0.39169593398635016 0.5470857873664882 0.03165001190460496 0.023825948799120294
0 0.35424466829042134 0.06554384023888951 0.010598490259668953 0.010719760710817875
0 0.04153229275264813 0.5462768274830075 0.03588940800847256 0.028113853083447538
0 0.871867902601083 0.5631417561351921 0.0358894080084724 0.028113853083447538
0 0.3383345633154472 0.5590816744079837 0.04001970995653868 0.026151757367774545
0 0.832230022189849 0.5651149987674177 0.035816678571271625 0.023947186416780633
0 0.4612512299821139 0.5626581841289681 0.027483345237938293 0.02370471118145995
0 0.4708931525977878 0.0699801602000497 0.010489396103867676 0.004469760710817876
0 0.657424215368322 0.07123887692368965 0.010489396103867439 0.004469760710817876
0 0.5435247142894803 0.5660942937444291 0.03179547077900675 0.03215928213245363
0 0.6381345573631447 0.5792691162128718 0.03165001190460496 0.023825948799120294
0 0.9611421358263125 0.5834566982482259 0.03179547077900698 0.03215928213245363
0 0.3104401212125206 0.06739584525345443 0.010598490259668835 0.010719760710817875
0 0.5052317878791873 0.07306370387908201 0.010489396103867676 0.004469760710817876
0 0.620911334957088 0.07330304776916043 0.010598490259668835 0.010719760710817875
0 0.3045103062810078 0.5862367734666998 0.03165001190460496 0.023825948799120294
0 0.2534140925364404 0.587876612650359 0.0380454707790068 0.03234113855894426
0 0.4930519729476745 0.5917227756658366 0.03179547077900675 0.03215928213245363
0 0.27392724080128666 0.06946001609892521 0.010598490259668953 0.010719760710817875
0 0.2968439074679533 0.07012682299605787 0.010598490259668953 0.010719760710817875
0 0.4364817878791873 0.07106328318768405 0.004348490259668836 0.010537904284327156
0 0.44377345454585393 0.0712754490185899 0.010489396103867676 0.004469760710817876
0 0.6479946682904213 0.07409109228395355 0.010489396103867676 0.004469760710817876
0 0.7063461839830549 0.07474675226453366 0.010489396103867439 0.004469760710817876
0 0.015294168833137445 0.5923334735637994 0.03058833766627489 0.0343638530834473
0 0.0813209042248377 0.5953755609218639 0.03588940800847255 0.028113853083447302
0 0.17918302381360368 0.6013496449368853 0.03172274134180591 0.02799261546578696
0 0.9772996964325728 0.6131083153855346 0.02554547077900698 0.03197742570596299
0 0.41455224080128666 0.07355178569496651 0.010598490259668953 0.010719760710817875
0 0.46457042316058683 0.07396497044022564 0.010598490259668953 0.010719760710817875
0 0.7594530016237546 0.07733419855637148 0.010598490259668835 0.010719760710817875
0 0.40311208982725355 0.07217671557973351 0.014801521644936125 0.012924331661811698
0 0.49063027218655375 0.073681038883937 0.010489396103867558 0.004469760710817876
0 0.9396178728395707 0.6224338434932568 0.042284866882874424 0.0366290428432715
0 0.5748708982725351 0.6212005519479645 0.031722741341805735 0.02799261546578696
0 0.36116559037216656 0.6243621240428647 0.03165001190460496 0.023825948799120294
0 0.8227875649392018 0.6284141901987633 0.03804547077900698 0.03234113855894426
0 0.24650952760163225 0.6251947562238681 0.042284866882874424 0.0366290428432715
0 0.6093620898272536 0.07817797765392744 0.010598490259668835 0.010719760710817875
0 0.2675863290047855 0.07448649300576782 0.010598490259668953 0.010719760710817875
0 0.4791173917753197 0.07647263543537067 0.014801521644936125 0.012924331661811698
0 0.55101057413462 0.07752231767334733 0.010598490259668835 0.010719760710817875
0 0.5760105741346199 0.07824974337931022 0.010598490259668835 0.010719760710817875
0 0.49833830790476247 0.6471129654256608 0.03179547077900675 0.03215928213245363
0 0.9755307353938972 0.654744672647786 0.027556074675139066 0.027871377848126617
0 0.12527618236369395 0.6445955319783808 0.04228486688287436 0.0366290428432715
0 0.5670701255454621 0.6501550527837253 0.031722741341805735 0.02799261546578696
0 0.04813830195245993 0.6454776360516619 0.04645153354954104 0.03675028046093208
0 0.4409011823636939 0.6537792815161624 0.04012880411234008 0.03240175736777454
0 0.45302117803075237 0.07883990032499265 0.014728792207735117 0.00875766499514503
0 0.48427117803075237 0.07974918245744628 0.004239396103867676 0.004287904284327156
0 0.5822423917753198 0.07947326647246762 0.010598490259668835 0.010719760710817875
0 0.6322423917753197 0.08092811788439341 0.010598490259668835 0.010719760710817875
0 0.49887269372338594 0.07913184745259129 0.004239396103867558 0.004287904284327156
0 0.5634742094160196 0.07996936385966211 0.014801521644936125 0.012924331661811669
0 0.7093439074679533 0.0821293471444457 0.014801521644936125 0.012924331661811669
0 0.7689352705671928 0.6685350772402588 0.038045470779006746 0.03234113855894426
0 0.5876307234892921 0.6663862408720277 0.038045470779006746 0.03234113855894426
0 0.7063807234892922 0.6698415129753515 0.038045470779006746 0.03234113855894426
0 0.7344693587706916 0.6727432002278931 0.042284866882874424 0.0366290428432715
0 0.9803754215412259 0.6757295530031949 0.017212137445673646 0.031734950470641836
0 0.533247693723386 0.08013205779829027 0.004348490259668954 0.010537904284327156
0 0.29355526623425127 0.0794108947828125 0.010489396103867676 0.004469760710817876
0 0.3737817819268848 0.08070305225611013 0.010598490259668953 0.010719760710817875
0 0.1967875351776894 0.6675202142163575 0.035816678571271625 0.023947186416780633
0 0.3393885995675846 0.08074450857707781 0.014801521644936125 0.012924331661811669
0 0.43838329761951833 0.08154056866318096 0.014801521644936125 0.012924331661811669
0 0.7718257251086531 0.0849895780760196 0.014728792207735117 0.00875766499514503
0 0.8454731331215193 0.7020279731669777 0.042284866882874424 0.0366290428432715
0 0.02540873106534928 0.6937994718922778 0.04228486688287437 0.0366290428432715
0 0.9318769193769519 0.7076686537334328 0.040128804112340315 0.03240175736777454
0 0.3153939015156508 0.08213072560886338 0.010598490259668835 0.010719760710817875
0 0.35709693290091793 0.08125976845213487 0.010598490259668835 0.010719760710817875
0 0.45711511526021814 0.08312780460931979 0.010598490259668953 0.010719760710817875
0 0.6019431466454852 0.08525747848968825 0.010489396103867439 0.004469760710817876
0 0.6327913095285171 0.7062615213329598 0.046487898268141474 0.03883361379426541
0 0.1992943349614817 0.7030278090962696 0.03815456493480814 0.038591138558944256
0 0.8983072153727157 0.7202404194588155 0.042284866882874424 0.0366290428432715
0 0.5279666309528517 0.08414717744288133 0.014801521644936125 0.012924331661811698
0 0.2903575367970504 0.08348663323623381 0.010598490259668835 0.010719760710817875
0 0.6258651152602182 0.08803792812456936 0.010489396103867439 0.004469760710817876
0 0.6446332976195185 0.08754183073737486 0.010489396103867439 0.004469760710817876
0 0.6936098133121519 0.08792470607821888 0.010598490259668835 0.010719760710817875
0 0.42922993290531164 0.7253511874720112 0.04012880411234008 0.03240175736777454
0 0.9522375113684796 0.7353581751550685 0.042284866882874424 0.0366290428432715
0 0.07489962500494293 0.7244209899708701 0.04001970995653877 0.026151757367774545
0 0.13423826028634248 0.7282319593558654 0.04228486688287436 0.0366290428432715
0 0.3830840524896839 0.08514250356251289 0.010598490259668953 0.010719760710817875
0 0.41956056818231746 0.08516166605037544 0.010489396103867676 0.004469760710817876
0 0.2091837132084418 0.7335392364737541 0.0400197099565388 0.026151757367774545
0 0.6218109897235434 0.7382500939554753 0.038045470779006746 0.03234113855894426
0 0.3246996190526404 0.7431535803638325 0.03157728246740419 0.019659282132453625
0 0.40278825433404003 0.7475101190282999 0.04232123160147481 0.038712376176604835
0 0.4090893544377501 0.08798357200622424 0.014801521644936125 0.012924331661811669
0 0.6143704172082844 0.08978785800933636 0.010598490259668835 0.010719760710817875
0 0.3278029897191497 0.08770277179517816 0.010489396103867558 0.004469760710817876
0 0.6602219329009178 0.090079805136935 0.010598490259668835 0.010719760710817875
0 0.8903973484898413 0.7554449202945764 0.04232123160147481 0.038712376176604835
0 0.06510643074103771 0.7481065386644674 0.03815456493480817 0.038591138558944256
0 0.19531476407437107 0.7518952142163575 0.038045470779006746 0.03234113855894426
0 0.4526791601782386 0.7552149704402257 0.038045470779006746 0.03234113855894426
0 0.32440870130383687 0.7598202470304991 0.03165001190460496 0.023825948799120294
0 0.5577602169964704 0.7655678869528195 0.03157728246740419 0.019659282132453625
0 0.2559279897191497 0.08561142289053483 0.004348490259668954 0.010537904284327156
0 0.4841075367970504 0.08912418245744627 0.010598490259668835 0.010719760710817875
0 0.5445423858230173 0.08984046124685661 0.004348490259668836 0.010537904284327127
0 0.5153393544377501 0.09107513125656655 0.014728792207735117 0.008757664995145001
0 0.641399203463717 0.0937009025241295 0.010489396103867439 0.004469760710817876
0 0.6810189015156508 0.09276932655857076 0.010489396103867439 0.004469760710817876
0 0.811999613100338 0.7687967149634422 0.03588940800847264 0.028113853083447302
0 0.6816821856112033 0.7712580394115522 0.042321231601475044 0.038712376176604835
0 0.21799506007013478 0.7661036877801568 0.04228486688287436 0.0366290428432715
0 0.2731670286848677 0.7697934195474916 0.04012880411234008 0.03240175736777454
0 0.5648155129922341 0.779321719450392 0.03165001190460496 0.023825948799120294
0 0.311599601195733 0.777164867510851 0.03165001190460496 0.023825948799120294
0 0.3757014740265161 0.09013867106494038 0.010489396103867558 0.004469760710817876
0 0.8136647521697661 0.7928156671056058 0.04232123160147481 0.038712376176604835
0 0.039415501087629104 0.7869624462918379 0.05705002380920998 0.047470041171749716
0 0.33504010930791567 0.091039937626084 0.010598490259668953 0.010719760710817875
0 0.39755829166721585 0.09181683522432457 0.014801521644936125 0.012924331661811698
0 0.5529208030356954 0.8039883160018257 0.04232123160147481 0.038712376176604835
0 0.713337469702362 0.8086559642817543 0.04232123160147481 0.038712376176604835
0 0.34960526028194877 0.09250593595456236 0.010598490259668835 0.010719760710817875
0 0.42670677597458234 0.09370716521461463 0.010598490259668953 0.010719760710817875
0 0.43609995833388254 0.09293828318768406 0.010598490259668835 0.010719760710817875
0 0.5851128387451167 0.09414752801904631 0.004239396103867439 0.004287904284327156
0 0.6580476877710834 0.0952275196614381 0.010598490259668835 0.010719760710817875
0 0.4974397343128586 0.8180069175678243 0.03190456493480814 0.03840928213245363
0 0.6715529897191497 0.097704875252168 0.010598490259668835 0.010719760710817875
0 0.7319878387451165 0.09842115404157833 0.014801521644936125 0.012924331661811698
0 0.28574503030862236 0.8253957751382214 0.04232123160147481 0.038712376176604835
0 0.8379192754384568 0.8362514261449021 0.04232123160147481 0.038712376176604835
0 0.1584980557415869 0.8310730277995766 0.03815456493480814 0.038591138558944256
0 0.06982911255981868 0.8357883950909581 0.042321231601474836 0.038712376176604835
0 0.27243101515211426 0.09547137336117675 0.010598490259668835 0.010719760710817875
0 0.2953476818187809 0.09613818025830942 0.010598490259668835 0.010719760710817875
0 0.3141158641780812 0.09564208287111492 0.010598490259668953 0.010719760710817875
0 0.49748556223001494 0.09889320471484284 0.014801521644936125 0.012924331661811669
0 0.5193787445893152 0.0984880355408937 0.010598490259668953 0.010719760710817875
0 0.9325836655900218 0.8463012486133448 0.04232123160147481 0.038712376176604835
0 0.5350219269486154 0.09790100994045385 0.004239396103867439 0.004287904284327156
0 0.4026393484854476 0.09926004891306685 0.010489396103867676 0.004469760710817876
0 0.5818787445893153 0.10030659980580096 0.010598490259668835 0.010719760710817875
0 0.6026938955633483 0.10195445456077004 0.014801521644936125 0.012924331661811669
0 0.42343631710018054 0.1019495703347026 0.010598490259668835 0.010719760710817875
0 0.45678783279281404 0.10187780460931979 0.010598490259668953 0.010719760710817875
0 0.5380741975114146 0.10215860482036589 0.004239396103867439 0.004287904284327156
0 0.24109010335561318 0.09977042456205647 0.010598490259668953 0.010719760710817875
0 0.4848946504335139 0.10373782519519473 0.010598490259668835 0.010719760710817875
0 0.5682643484854476 0.10407924421507105 0.010489396103867439 0.004469760710817876
0 0.6161991975114146 0.10443181015149992 0.010489396103867439 0.004469760710817876
0 0.10212605141303908 0.896133296032242 0.03815456493480814 0.038591138558944256
0 0.37029313474088027 0.1014454573761981 0.010598490259668953 0.010719760710817875
0 0.6599673798707146 0.10466313847026834 0.010598490259668835 0.010719760710817875
0 0.3244234366889465 0.10219517691526613 0.014801521644936125 0.012924331661811698
0 0.5536446504335139 0.1057382458865927 0.010598490259668835 0.010719760710817875
0 0.38900677002227985 0.10407435998900362 0.010598490259668953 0.010719760710817875
0 0.27365558658633476 0.9209260144274035 0.0487530551944771 0.04931089926976237
0 0.34834540530367936 0.10497562655014724 0.010598490259668835 0.010719760710817875
0 0.35980373863701265 0.10530902999871357 0.010598490259668835 0.010719760710817875
0 0.6255014680742136 0.10887126145790268 0.014801521644936125 0.012924331661811698
0 0.8058381590972001 0.9426641200835303 0.046487898268141474 0.03883361379426541
0 0.13061997078559737 0.935523626022532 0.0464878982681415 0.03883361379426541
0 0.4108283041189307 0.9436768558101996 0.048680325757276204 0.045144232603095705
0 0.441071920996313 0.10663149687642631 0.014801521644936125 0.012924331661811669
0 0.458762071970346 0.10818842341815003 0.004348490259668836 0.010537904284327156
0 0.465012071970346 0.10837027984464077 0.014801521644936125 0.012924331661811669
0 0.5679926942704958 0.9555452425435493 0.04451365909060954 0.045022994985435126
0 0.2993325248924454 0.10667608454263657 0.010598490259668953 0.010719760710817875
0 0.5098037386370127 0.10967358423449095 0.004239396103867676 0.0042879042843271264
0 0.6327749523815801 0.1101250939554752 0.010598490259668835 0.010719760710817875
0 0.6879832857149134 0.1117314923894766 0.014801521644936125 0.012924331661811669
0 0.6108817700222798 0.11053026312942432 0.010598490259668835 0.010719760710817875
0 0.9303290530367938 0.9754679152800115 0.04641516883094046 0.03466694712759875
0 0.3795408582257787 0.10900990868260087 0.010598490259668953 0.010719760710817875
0 0.5191423739184123 0.11202970220756038 0.010598490259668835 0.010719760710817875
0 0.27844464448121137 0.10919489645433415 0.014801521644936125 0.012924331661811669
0 0.3159628268405116 0.10924436834661183 0.010598490259668953 0.010719760710817875
0 0.6618870719703461 0.11409875727909859 0.010489396103867439 0.004469760710817876
0 0.8061525313918577 0.9840346446287397 0.04637880411234031 0.03193071074252055
0 0.30867116017384494 0.10903220251570599 0.010598490259668953 0.010719760710817875
0 0.5420590405850788 0.11269650910469303 0.010598490259668835 0.010719760710817875
0 0.5973037386370128 0.1122195742053611 0.014801521644936125 0.012924331661811669
0 0.4076113111478781 0.11295326260180912 0.014801521644936125 0.012924331661811698
0 0.47743934253314513 0.11290065936428888 0.010598490259668835 0.010719760710817875
0 0.6882260097469216 0.9895835205415369 0.05047274134180573 0.02083295891692624
0 0.7577204053036795 0.1168872224852897 0.014801521644936125 0.012924331661811669
0 0.3586166130959442 0.11361205392763178 0.010489396103867558 0.004469760710817876
0 0.5086347954552444 0.1169349414967425 0.014801521644936125 0.012924331661811698
0 0.34814539935137684 0.11643395988348057 0.014728792207735117 0.008757664995145001
0 0.6690878268405115 0.11951925644333776 0.010598490259668835 0.010719760710817875
0 0.28248403463277644 0.1166078007386613 0.010598490259668953 0.010719760710817875
0 0.6992779778145447 0.12143989583804293 0.010598490259668835 0.010719760710817875
0 0.7347128268405115 0.12142874892149037 0.014801521644936125 0.012924331661811698
0 0.7711893425331451 0.12144791140935293 0.014801521644936125 0.012924331661811698
0 0.36685903463277647 0.11906286249628609 0.014801521644936125 0.012924331661811698
0 0.4523120660180435 0.11946490032499264 0.014801521644936125 0.012924331661811698
0 0.6367416130959442 0.12170466490646902 0.014801521644936125 0.012924331661811669
0 0.6909264621219111 0.12223908726938863 0.014801521644936125 0.012924331661811698
0 0.3570371136364635 0.02497945904771975 0.014728792207735117 0.008757664995145024
0 0.3872636293290971 0.024816765109091588 0.010489396103867558 0.004469760710817876
0 0.2605363051955755 0.12013796991261043 0.010598490259668953 0.010719760710817875
0 0.5856272169920766 0.12438617075679477 0.010598490259668835 0.010719760710817875
0 0.539775701299443 0.12409422362919613 0.010598490259668835 0.010719760710817875
0 0.29701282088820913 0.12015713240047297 0.014801521644936125 0.012924331661811669
0 0.39807266991417595 0.12205547796207303 0.004348490259668954 0.010537904284327127
0 0.4720491856068095 0.12316577900887994 0.014801521644936125 0.012924331661811669
0 0.52521055032541 0.12262822530071776 0.010598490259668953 0.010719760710817875
0 0.4303279718622422 0.12507840283227512 0.014801521644936007 0.012924331661811698
0 0.630382518940143 0.1277728084799783 0.010598490259668835 0.010719760710817875
0 0.32405978950294195 0.12302851024859947 0.014801521644936125 0.012924331661811698
0 0.5637158522734763 0.12583300659741056 0.016957584415470232 0.017151617137308596
0 0.6189423679661097 0.1263977383647453 0.010598490259668835 0.010719760710817875
0 0.4823931228362753 0.12763553971969782 0.014801521644936125 0.012924331661811698
0 0.6063696385289089 0.1302006921784305 0.010598490259668835 0.010719760710817875
0 0.7251741856068096 0.13053096428175429 0.010598490259668835 0.010719760710817875
0 0.6668226699141759 0.1298753043011742 0.010489396103867439 0.004469760710817876
0 0.706387820888209 0.13206872833561545 0.014801521644936125 0.012924331661811698
0 0.38544539339907435 0.12898343177575824 0.014801521644936125 0.012924331661811669
0 0.5125287267324077 0.132681179114403 0.004348490259668954 0.010537904284327127
0 0.2436878149359066 0.13006968610863517 0.014801521644936066 0.012924331661811698
0 0.5187787267324077 0.1328630355408937 0.014801521644936125 0.012924331661811669
0 0.5729817581176749 0.13235579123714666 0.014801521644936125 0.012924331661811698
0 0.3208075129878403 0.13022924870202077 0.014801521644936125 0.012924331661811669
0 0.2321931168839728 0.13181961599340217 0.014728792207735117 0.008757664995145001
0 0.6604453933990744 0.13698511454135012 0.014801521644936125 0.012924331661811669
0 0.6812969090917079 0.13654963596298586 0.014801521644936125 0.012924331661811669
0 0.285336299243273 0.13232372895190667 0.014801521644936125 0.012924331661811669
0 0.41033629924327303 0.13596085748172115 0.010598490259668953 0.010719760710817875
0 0.5332711482692399 0.13849570053603874 0.010598490259668835 0.010719760710817875
0 0.7071098430736645 0.03099675226453365 0.010598490259668835 0.010719760710817875
0 0.27174008549870565 0.13505470669451008 0.014801521644936125 0.012924331661811669
0 0.3342764502173061 0.134789937626084 0.010598490259668953 0.010719760710817875
0 0.6051825129878404 0.1385037161073487 0.010598490259668835 0.010719760710817875
0 0.35193023647273874 0.13843019750114108 0.010598490259668835 0.010719760710817875
0 0.44884160119133926 0.13916563877841395 0.014801521644936125 0.012924331661811669
0 0.3873650854987057 0.1384190505845885 0.014728792207735117 0.008757664995145001
0 0.5467946325766064 0.13993138946010195 0.010489396103867439 0.004469760710817876
0 0.6374559972952069 0.14048497431088414 0.014728792207735117 0.008757664995145001
0 0.21960220508747166 0.13666423647375406 0.014801521644936066 0.012924331661811669
0 0.6166044816025732 0.14092045288924837 0.010489396103867439 0.004469760710817876
0 0.3977453874467719 0.14080547796207304 0.014801521644936007 0.012924331661811669
0 0.42172190313940544 0.14046092759695414 0.010489396103867676 0.004469760710817876
0 0.4675552364727388 0.14179454139121947 0.014801521644936125 0.012924331661811669
0 0.7270211482692398 0.14413324975725123 0.014801521644936125 0.012924331661811669
0 0.2914590227281714 0.13979725204506407 0.014728792207735117 0.008757664995145001
0 0.5071022050874717 0.14502963209232736 0.014728792207735117 0.008757664995145001
0 0.5863052364727388 0.14524981349454322 0.004239396103867439 0.0042879042843271264
0 0.5727272050874717 0.14693912457047997 0.010489396103867439 0.004469760710817876
0 0.5946022050874717 0.14757562206319755 0.014728792207735117 0.008757664995145001
0 0.308034777598337 0.14549053584903932 0.010489396103867558 0.004469760710817876
0 0.5612688717541384 0.14660572112191367 0.014728792207735117 0.008757664995145001
0 0.615435538420805 0.14818181015149995 0.014801521644936125 0.012924331661811669
0 0.33411280898360407 0.14416493762608398 0.010489396103867558 0.004469760710817876
0 0.4288862932909705 0.1479647600945267 0.014728792207735117 0.008757664995145001
0 0.49557114231693744 0.14886289531042773 0.010489396103867558 0.004469760710817876
0 0.1725453814944694 0.14571697994174027 0.01695758441547029 0.017151617137308624
0 0.45801659523903676 0.15089675675148337 0.010489396103867676 0.004469760710817876
0 0.549719626624304 0.15148065100668068 0.014801521644936125 0.012924331661811669
0 0.6560059913429044 0.15248887692368965 0.014801521644936125 0.012924331661811669
0 0.31110523052043626 0.1487064640622847 0.014728792207735117 0.008757664995145001
0 0.4694931109316703 0.15018849353338304 0.010489396103867558 0.004469760710817876
0 0.533034777598337 0.1520373672027054 0.016957584415470232 0.017151617137308624
0 0.30177423322522945 0.026498060613718347 0.010489396103867676 0.004469760710817876
0 0.3153158998918961 0.02689208287111492 0.004239396103867676 0.004287904284327149
0 0.5142484128797365 0.15357513125656658 0.014801521644936007 0.012924331661811669
0 0.3444203814944694 0.1507180316702352 0.014728792207735117 0.008757664995145001
0 0.5684150795464032 0.15515122028615283 0.010489396103867439 0.004469760710817876
0 0.6695112932909705 0.15496623251441957 0.014728792207735117 0.008757664995145001
0 0.8341128089836041 0.15871345174534196 0.016957584415470232 0.017151617137308624
0 0.7194749285723699 0.15850441725967868 0.010489396103867439 0.004469760710817876
0 0.6017302305204363 0.15716278789410337 0.010598490259668835 0.010719760710817875
0 0.5923006834425356 0.1600150032543673 0.014801521644936125 0.012924331661811669
0 0.6819203814944694 0.16053827870073434 0.014728792207735117 0.008757664995145001
0 0.2422097716460345 0.15503937670422005 0.014728792207735117 0.008757664995145001
0 0.7485688658018359 0.1635197472499687 0.010489396103867439 0.004469760710817876
0 0.7370923501092023 0.16422801046806906 0.010489396103867439 0.004469760710817876
0 0.43800674026076736 0.16282087806759607 0.010598490259668953 0.010719760710817875
0 0.486983255953401 0.1632037534084401 0.014801521644936125 0.012924331661811669
0 0.5421734069274341 0.16585181850910816 0.010489396103867439 0.004469760710817876
0 0.6526082559534009 0.16802294871044426 0.016957584415470232 0.017151617137308624
0 0.7588946206720014 0.16903117462745326 0.010489396103867439 0.004469760710817876