0 0.8562382632303361 0.4630811373263619 0.017976861148742765 0.02548495047064196
0 0.9245515317363108 0.4734148913510932 0.017976861148742765 0.02548495047064196
0 0.8675874136901631 0.46549787410826154 0.017758495401730082 0.02131828380397517
0 0.9742239831157917 0.481119742763019 0.0052584954017300825 0.020954570950993793
0 0.896481123173064 0.4715548707652183 0.0175401296547174 0.017151617137308624
0 0.9431377574260513 0.4770854606305654 0.0112901296547174 0.016969760710817874
0 0.8352957470234964 0.46455828257139287 0.006686731494025366 0.008515189759824082
0 0.960627725012372 0.4817673871722891 0.0112901296547174 0.016969760710817874
0 0.7864465965636694 0.46105040723054885 0.017212581034198374 0.010901617137308505
0 0.9096952412192116 0.47819889302261487 0.0175401296547174 0.017151617137308624
0 0.8164911555867432 0.46505437995858734 0.0112901296547174 0.016969760710817874
0 0.8060198974833235 0.46579295258110276 0.017212581034198374 0.010901617137308623
0 0.014553879090243572 0.3593032342746172 0.017758495401730023 0.02131828380397529
0 0.41966188828678347 0.4128208780675961 0.0112901296547174 0.016969760710817874
0 0.7739465965636695 0.4606866943775673 0.017212581034198374 0.010901617137308505
0 0.43830270541327715 0.4154497806804016 0.0112901296547174 0.016969760710817874
0 0.7396261880004226 0.45864481736520174 0.010962581034198374 0.010719760710817875
0 0.7602957470234964 0.46237600545350416 0.017212581034198374 0.010901617137308505
0 0.6919824785175218 0.4520422514287728 0.021925162068396748 0.02143952142163575
0 0.449597264436351 0.4189081841289679 0.010962581034198374 0.010719760710817875
0 0.7923144565063974 0.4685239303237062 0.007014280114544154 0.014765189759824082
0 0.7136391127705092 0.45684541558815706 0.0175401296547174 0.017151617137308624
0 0.8368877574260514 0.47399390138022307 0.007014280114544154 0.014765189759824082
0 0.7995515317363108 0.4697777628212787 0.0112901296547174 0.016969760710817874
0 0.3645081463902033 0.410172812966928 0.010962581034198374 0.010719760710817875
0 0.7467540803568298 0.46198198319610756 0.010962581034198374 0.010719760710817875
0 0.6276175109312011 0.4459964016883687 0.010962581034198374 0.010719760710817875
0 0.8584898002422854 0.479838732206274 0.0112901296547174 0.016969760710817874
0 0.6316749947243615 0.44820097263936254 0.00438503241367935 0.004287904284327245
0 0.39340185587310417 0.41622980962388473 0.0112901296547174 0.016969760710817874
0 0.93414932685168 0.4893429853952444 0.011508495401730082 0.021136427377484543
0 0.6419824785175218 0.45058740001684705 0.006686731494025366 0.008515189759823964
0 0.40480559776968433 0.41760487973911775 0.0175401296547174 0.017151617137308506
0 0.7280040803568297 0.46143641391663537 0.007014280114544391 0.014765189759824082
0 0.6627066289773488 0.4532769214384828 0.017976861148742765 0.02548495047064184
0 0.8242239831157917 0.47675518852724164 0.022361893562422117 0.029772854754969085
0 0.6511937042072623 0.4539851846565831 0.010962581034198374 0.010719760710817875
0 0.3518443720799438 0.41293410011394655 0.0112901296547174 0.016969760710817874
0 0.5279450595517202 0.4368366988645171 0.0175401296547174 0.017151617137308624
0 0.3766805977696844 0.41678652581990944 0.006686731494025366 0.008515189759823964
0 0.301075662597043 0.4062406059642723 0.0175401296547174 0.017151617137308624
0 0.891550176391853 0.4860169664808911 0.0175401296547174 0.017151617137308506
0 0.8801464344952727 0.48464189636565813 0.017758495401730082 0.02131828380397529
0 0.5175283928850535 0.4365336048203659 0.0175401296547174 0.017151617137308624
0 0.970170928690988 0.49873714788310697 0.011508495401730082 0.021136427377484543
0 0.6832124136901631 0.4601331095267852 0.0175401296547174 0.017151617137308506
0 0.4221317910457455 0.42541180628084146 0.00438503241367935 0.0042879042843271264
0 0.8686335097251863 0.4853501595837585 0.017976861148742765 0.02548495047064184
0 0.09065456656201988 0.3802961302013361 0.01129012965471734 0.016969760710817874
0 0.7981823164491252 0.4759974534168636 0.00438503241367935 0.0042879042843271264
0 0.6375974461038425 0.45463282906585323 0.010962581034198374 0.010719760710817875
0 0.49154131765514003 0.4347342030433212 0.0175401296547174 0.017151617137308624
0 0.36829267299959784 0.4175857172512552 0.0175401296547174 0.017151617137308506
0 0.4366059415055725 0.4279194712759865 0.008660881953852359 0.006492475235320919
0 0.2532681788038827 0.4027630400278434 0.017758495401730023 0.02131828380397517
0 0.18374946932098185 0.395523976598697 0.0112901296547174 0.016969760710817874
0 0.9120013696679141 0.4939148212358602 0.022143527815409434 0.025606188088302416
0 0.037693340872279386 0.375625350576165 0.011508495401730023 0.021136427377484543
0 0.7721406497824584 0.4752397183064856 0.0112901296547174 0.016969760710817874
0 0.6105687042072623 0.4528031178843934 0.0112901296547174 0.016969760710817874
0 0.5432425109312011 0.4435413399307439 0.0175401296547174 0.017151617137308506
0 0.8457168430585197 0.4846833526866258 0.017976861148742765 0.02548495047064184
0 0.8093131011619393 0.4825808568654299 0.021925162068396748 0.02143952142163575
0 0.7906722840354459 0.47995195425262444 0.006686731494025366 0.008515189759823964
0 0.5731232956440154 0.4506703126587824 0.0175401296547174 0.017151617137308624
0 0.31829267299959785 0.41613086583932934 0.017212581034198374 0.010901617137308623
0 0.2271173292637097 0.4040886382507987 0.02214352781540937 0.025606188088302416
0 0.6000974461038424 0.4535416905069089 0.0175401296547174 0.017151617137308506
0 0.47887754334488053 0.43749549019033973 0.00438503241367935 0.004287904284327245
0 0.7305831659892981 0.4719440087965474 0.006686731494025366 0.008515189759824082
0 0.3928559415055725 0.4266464762905514 0.007014280114544391 0.014765189759824082
0 0.780201025932026 0.4806905268751399 0.0112901296547174 0.016969760710817874
0 0.6984006821961377 0.4689210839263454 0.0175401296547174 0.017151617137308506
0 0.948022971507222 0.5033089837237228 0.017758495401730082 0.02131828380397517
0 0.760354767828606 0.48115631485791927 0.022143527815409434 0.025606188088302416
0 0.49209166139102817 0.4441395124477363 0.010962581034198374 0.010719760710817875
0 0.4091950595517202 0.43338142676119334 0.0175401296547174 0.017151617137308506
0 0.3843588338619797 0.4295290010552304 0.010962581034198374 0.010719760710817875
0 0.5873790803568297 0.4573446443205941 0.017758495401730082 0.02131828380397517
0 0.6537181984029774 0.4655344462031618 0.010962581034198138 0.010719760710817875
0 0.4734508442645345 0.44151060983493084 0.010962581034198374 0.010719760710817875
0 0.3750384252987329 0.42821454974882767 0.010962581034198374 0.010719760710817875
0 0.6185198974833235 0.460337259786381 0.0175401296547174 0.017151617137308506
0 0.9333850467371356 0.5039263187285777 0.022143527815409434 0.025606188088302416
0 0.5169278870807686 0.44799193815369925 0.0175401296547174 0.017151617137308624
0 0.560459521333756 0.45343159980580094 0.0175401296547174 0.017151617137308624
0 0.32531138248249863 0.42155136500356855 0.017212581034198374 0.010901617137308623
0 0.7178102088055324 0.4767886292768993 0.022143527815409434 0.025606188088302416
0 0.7913318106448403 0.4872739303237062 0.010962581034198374 0.010719760710817875
0 0.4422008442645345 0.44060132770247723 0.010962581034198374 0.010719760710817875
0 0.4629249947243615 0.4432908491241129 0.0175401296547174 0.017151617137308506
0 0.3542050919653995 0.42760836166052524 0.0175401296547174 0.017151617137308624
0 0.30535594150557255 0.4241004863196813 0.0175401296547174 0.017151617137308624
0 0.401739618574794 0.43629426093028745 0.0175401296547174 0.017151617137308506
0 0.690781466908952 0.4749589180954395 0.0175401296547174 0.017151617137308624
0 0.4297008442645345 0.44023761484949575 0.017758495401730082 0.02131828380397517
0 0.3374838338619797 0.42816507785655006 0.017212581034198374 0.010901617137308505
0 0.1820527054132772 0.40799366719428193 0.0112901296547174 0.016969760710817874
0 0.2960355329423257 0.42278603501327855 0.017758495401730082 0.02131828380397517
0 0.2803559415055725 0.4233730606137184 0.0175401296547174 0.017151617137308506
0 0.7051464344952728 0.4795499164239178 0.0175401296547174 0.017151617137308506
0 0.5310744889200766 0.4567496031488442 0.017976861148742765 0.02548495047064196
0 0.23172515679275818 0.41569851860620766 0.02214352781540937 0.025606188088302416
0 0.2006389311030177 0.41166423647375405 0.01754012965471734 0.017151617137308506
0 0.36116921001154717 0.4340705274914311 0.0175401296547174 0.017151617137308624
0 0.6324481335756187 0.47326159144819274 0.021925162068396748 0.02143952142163575
0 0.9691336913926778 0.5185288145497736 0.011726861148742766 0.02530309404415121
0 0.42219081185085516 0.4441921156852565 0.0175401296547174 0.017151617137308506
0 0.47915492989700276 0.4521091329280882 0.017758495401730082 0.02131828380397529
0 0.25952260817223916 0.42276687252541595 0.007014280114544391 0.014765189759823964
0 0.8852500143234562 0.5066987527921488 0.018195226895755447 0.029651617137308506
0 0.5475227898397307 0.4614012202861529 0.0175401296547174 0.017151617137308506
0 0.4480687042072623 0.4480748507956346 0.010962581034198374 0.010719760710817875
0 0.8084942296106419 0.4982058568654299 0.021925162068396748 0.02143952142163575
0 0.666550176391853 0.4794701351272251 0.010962581034198374 0.010719760710817875
0 0.04805984547054936 0.3967920873580646 0.02214352781540937 0.025606188088302416
0 0.7440746705875682 0.49320167379169244 0.032887743102595124 0.03215928213245363
0 0.8995057990362706 0.5133730844539606 0.018195226895755447 0.029651617137308624
0 0.37942788708076863 0.44399109677090326 0.0175401296547174 0.017151617137308624
0 0.31314336047137414 0.4347596282216689 0.0112901296547174 0.016969760710817874
0 0.07684437207994387 0.40493241734835467 0.029157807929953705 0.0403713778481265
0 0.1639076405859185 0.41581174065255816 0.022143527815409313 0.025606188088302416
0 0.3379249947243615 0.43965372059429847 0.008660881953852359 0.006492475235320919
0 0.48694234886280446 0.4627682748300758 0.022143527815409313 0.025606188088302416
0 0.4610098650696441 0.4599272063863645 0.017758495401730082 0.02131828380397529
0 0.32641206995427496 0.4403619838123988 0.0175401296547174 0.017151617137308506
0 0.6962125953576546 0.4907657745219302 0.0175401296547174 0.017151617137308624
0 0.20935883386197968 0.42443702111349013 0.017976861148742706 0.02548495047064196
0 0.573951025932026 0.474689264800946 0.017758495401730082 0.02131828380397529
0 0.6805330039209014 0.4913528001223701 0.017758495401730082 0.02131828380397529
0 0.5158360583457053 0.46882527148703257 0.021925162068396748 0.02143952142163575
0 0.239239618574794 0.43156599384152866 0.02192516206839669 0.02143952142163575
0 0.8524670247260111 0.5151341612552801 0.022361893562422117 0.029772854754969085
0 0.7934741647832833 0.5061148585369516 0.0225802593094348 0.03393952142163575
0 0.6556967782311609 0.4875003744164072 0.021925162068396748 0.02143952142163575
0 0.2755341775978678 0.43575182299605786 0.017758495401729964 0.02131828380397529
0 0.0889076405859185 0.41362946353466945 0.02214352781540937 0.025606188088302416
0 0.13139760817223917 0.4190388157823561 0.017976861148742706 0.02548495047064196
0 0.4452756821961377 0.461555898653471 0.017758495401730082 0.02131828380397529
0 0.4286090155294711 0.4610709481828291 0.0112901296547174 0.016969760710817874
0 0.8180920247260112 0.5141339509095811 0.022143527815409434 0.025606188088302416
0 0.2918187042072623 0.44352844013336645 0.017758495401730082 0.02131828380397517
0 0.6409496705875681 0.4902010427545955 0.0175401296547174 0.017151617137308624
0 0.5311335097251864 0.4755299125532594 0.0175401296547174 0.017151617137308624
0 0.22240917759786782 0.43420604337088675 0.02609182873506336 0.02156075903929633
0 0.41512194029955757 0.45963525925876586 0.017758495401730082 0.02131828380397529
0 0.7165546057602096 0.5007469626102327 0.0225802593094348 0.03393952142163575
0 0.590071778231161 0.48559088193825456 0.022143527815409434 0.025606188088302416
0 0.10201257575855983 0.42235681912539935 0.02214352781540937 0.025606188088302416
0 0.19417499472436148 0.43547102278501176 0.022361893562422058 0.029772854754969085
0 0.5587125953576546 0.48676493313913427 0.022143527815409434 0.025606188088302416
0 0.9378881207610342 0.5374415084884018 0.028611893562422115 0.029954711181459714
0 0.5235142944380006 0.4815677467223535 0.0175401296547174 0.017151617137308506
0 0.15459166139102815 0.4343192654172372 0.017758495401730023 0.02131828380397517
0 0.31928860696622424 0.4568467940525747 0.022143527815409434 0.025606188088302416
0 0.37411480024228544 0.46574485915324276 0.018413592642768015 0.033818283803975176
0 0.3305831659892982 0.4603051975011411 0.017758495401730082 0.02131828380397517
0 0.3513073164491251 0.4629947189227768 0.03584453942397907 0.048886567607950585
0 0.30569234886280444 0.45749443846184484 0.022143527815409313 0.025606188088302416
0 0.026903392885053497 0.422257875340844 0.022143527815409365 0.025606188088302416
0 0.4692930363345808 0.4810333243594339 0.03299692597610135 0.03424261546578696
0 0.3895214344952728 0.47036616688613625 0.0225802593094348 0.03393952142163575
0 0.25481445650639734 0.45288427764550393 0.02192516206839669 0.02143952142163575
0 0.18326700512691632 0.44454292874086054 0.02883025930943468 0.03412137784812638
0 0.04861461857479399 0.4260193728335615 0.02861189356242203 0.029954711181459714
0 0.6969311427721588 0.5168680599974271 0.022143527815409434 0.025606188088302416
0 0.4524625953576546 0.483673373888792 0.017976861148742647 0.02548495047064196
0 0.24012194029955763 0.45454327931702554 0.02258025930943468 0.03393952142163575
0 0.879281830243935 0.5409525151744885 0.028830259309434798 0.03412137784812662
0 0.012792169833132257 0.4238865676079505 0.025584339666264513 0.0341213778481265
0 0.5331666809901229 0.4964541740998381 0.022143527815409434 0.025606188088302416
0 0.21824694029955763 0.45390678182430805 0.02192516206839669 0.02143952142163575
0 0.6346495085191715 0.5108828290658533 0.017976861148742765 0.02548495047064196
0 0.7569110779448001 0.5269593387868375 0.03562617367696627 0.04471990094128391
0 0.26901564978245845 0.4606002759739823 0.017976861148742765 0.02548495047064196
0 0.42543385346107443 0.48184366270733214 0.022361893562422 0.029772854754969085
0 0.956751733002897 0.5557257205056224 0.03430712045817756 0.059242615465786956
0 0.8024168626576144 0.5345429525811027 0.028830259309434798 0.03412137784812638
0 0.7267573360482198 0.5250386993921323 0.04406868988380618 0.047045709509938166
0 0.4046005201277411 0.4812374746190297 0.017758495401730082 0.02131828380397517
0 0.2554193916790386 0.46124792038325235 0.021706796321384066 0.017272854754969084
0 0.5049324981166166 0.4977191535139631 0.022361893562422117 0.029772854754969085
0 0.1061290803568298 0.4433416994808083 0.02258025930943471 0.03393952142163575
0 0.13074694029955763 0.45136079185343786 0.03332447459662037 0.04049261546578696
0 0.6589398198413802 0.5251519214384828 0.04033875471116488 0.055257805225610926
0 0.28601429443800064 0.474657202515706 0.028611893562422115 0.02995471118145983
0 0.919747485302032 0.5650815580177598 0.029157807929953587 0.04037137784812638
0 0.7767617654165764 0.5463155268751397 0.0376003241367935 0.042697186416780636
0 0.5889843788644541 0.5262461913426697 0.018195226895755447 0.029651617137308624
0 0.5683148198413801 0.5225150032543673 0.031677872757312285 0.048765329990290006
0 0.03858895070211245 0.4580685642649073 0.03299692597610138 0.03424261546578696
0 0.4590490027148866 0.5172491824574462 0.022907807929953825 0.04018952142163575
0 0.6061467978302557 0.5371781178843934 0.03617208804449798 0.05513656760795058
0 0.5396984969106017 0.531071649335159 0.031677872757312285 0.048765329990290006
0 0.8224357538080066 0.570596116740487 0.03562617367696627 0.04471990094128391
0 0.19654457334653008 0.48978923647375405 0.03584453942397907 0.048886567607950585
0 0.3126107342089119 0.5046422231015809 0.0361720880444981 0.05513656760795058
0 0.24111787426618408 0.495259207530271 0.03562617367696639 0.04471990094128391
0 0.28865240087557864 0.5039451068000331 0.021925162068396748 0.02143952142163575
0 0.623145442485798 0.551235044426117 0.0225802593094348 0.03393952142163575
0 0.010961142017722893 0.4727539727280385 0.021922284035445785 0.03215928213245363
0 0.7378969794977472 0.5712660549828622 0.04823535655047285 0.047166947127598745
0 0.28158352932428105 0.5193882503735424 0.03442516206839663 0.021803234274617247
0 0.4276396577729835 0.5392868763960744 0.040557120458177325 0.05942447189227759
0 0.17582485225505953 0.5069216911232001 0.028611893562421997 0.02995471118145983
0 0.48767418438237803 0.5483364885188181 0.031459507010299724 0.04459866332362334
0 0.8239230107054117 0.6019370449537325 0.0376003241367935 0.042697186416780636
0 0.8920725049011267 0.6153957989784636 0.04472378712484423 0.05954570950993817
0 0.1553780883473549 0.5188458124393128 0.022907807929953707 0.04018952142163575
0 0.8542995477173609 0.6195129937528526 0.04406868988380618 0.047045709509938166
0 0.3755607538080067 0.5575933822464002 0.022907807929953825 0.04018952142163575
0 0.21152333484220504 0.5423878296821445 0.044068689883806064 0.047045709509938166
0 0.11415258254307004 0.5291220790004564 0.03562617367696639 0.044719900941283794
0 0.7367549886942871 0.612963031053944 0.05974385195220269 0.06830337450508304
0 0.08268421679605736 0.5323794635346695 0.02861189356242203 0.029954711181459714
0 0.010087679029672206 0.5267084735637994 0.020175358059344412 0.07425028046093196
0 0.8186143532352849 0.6435127834071537 0.0488904537915109 0.05966694712759875
0 0.2723310003028568 0.5764980606137183 0.051519701492375704 0.0701442326030957
0 0.08439426880883148 0.57937570115233 0.04055712045817739 0.05942447189227759
0 0.5118730303045065 0.6439768185091082 0.047898949193240746 0.08043966165210178
0 0.6495412339831224 0.6646746359629858 0.08418907884795815 0.09813684806888243
0 0.19509275139597695 0.6170241168291629 0.07179826172146449 0.0998564685492345
0 0.027527484547596178 0.5930608992697622 0.055054969095192356 0.10622770616689484
0 0.5374956829505737 0.7323557912371467 0.08134146540008041 0.08349289592671903
0 0.8216065845035208 0.7854825441179716 0.10633260666336734 0.12374303615718484
0 0.3759325961120904 0.749563142957218 0.10282103723773872 0.1361217985395245
0 0.20087800467533728 0.7455128296821445 0.0765108427556628 0.1103943728335615
0 0.48806817352824416 0.839416129585045 0.11466593999670091 0.12398551139250599
0 0.5607163123795015 0.8665680972985185 0.05732411126163749 0.10151547022075605
0 0.03442964759621823 0.7996443027183285 0.06885929519243646 0.1319551318728576