0 0.511336270113585 0.24461646968231499 0.09306379579196004 0.08854498560030244
0 0.021040193053672017 0.3887235456744362 0.013727350468775023 0.08161375801553904
0 0.060071745753320624 0.3765641594668178 0.07321023452459062 0.060806887838998826
0 0.2826523998979338 0.32504633260246113 0.10564868512021922 0.09106482855228262
0 0.1914720744732658 0.35930888626416363 0.09748513044340429 0.09494048880651794
0 0.7048545968563638 0.22016874457289504 0.09863468116588668 0.07209657374295914
0 0.4199401765772858 0.3246396050742431 0.0844757944738492 0.08200397918787121
0 0.39113251716022907 0.35795970682917994 0.10798668643833018 0.09738758015539044
0 0.06321265089891061 0.45364749280015115 0.09314868512021926 0.09062831893363565
0 0.5748089525975824 0.32172626617244143 0.11215335310499673 0.09753308336160606
0 0.7218997207092135 0.28109467246131636 0.11449135442310782 0.10385583496471375
0 0.9000282655001968 0.23634601946347505 0.09799446641295949 0.10744048880651799
0 0.12043533338290807 0.5305390344809542 0.13192202504410708 0.12318784778957621
0 0.7611788518116732 0.3771231163808158 0.1383418037006256 0.12757276926556643
0 0.5467387576163188 0.4497289071893832 0.11942202504410725 0.12275133817092936
0 0.3359559941180757 0.5099802012041662 0.131412689074552 0.11068784778957633
0 0.3001077912281466 0.6002645874117846 0.1257569143723663 0.125052926313586
0 0.9815983728766604 0.4485583319846796 0.036803254246679275 0.08091270514125408
0 0.547218009276351 0.589130361514947 0.13851158235714395 0.13173943593223308
0 0.48052834788212795 0.6117659344139433 0.12716113307962615 0.10845901125002749
0 0.1110037095548456 0.7330456458545379 0.09642046904918124 0.11986773720341025
0 0.7134336897831821 0.66046636235891 0.1532646943469956 0.13641536382065453
0 0.3665480554102325 0.8012599656321365 0.15509335969555132 0.13023811542376224
0 0.8422378044092557 0.6816072526167066 0.12533246773107035 0.11463625964691933
0 0.17083496648732152 0.8994841450671203 0.10509335969555131 0.1284920769491748
0 0.20426909429450404 0.9760317540219058 0.09378889987314641 0.047936491956188355
0 0.9624981811906739 0.8060550218822731 0.07500363761865217 0.22023149521894916
0 0.8538092925710449 0.8890080466880351 0.1586198116092909 0.16572753369353657
0 0.6804840844086723 0.9405506330862207 0.16576469434699562 0.11889873382755857
0 0.5106269783503197 0.9573346803354921 0.2269064650948484 0.08533063932901588
0 0.06941493546214067 0.2229431298234598 0.07321023452459062 0.060806887838998826
0 0.465510026362218 0.14107810428682555 0.07546334651444227 0.06504630610877331
0 0.31437992557630895 0.18468919479173498 0.06704512385284976 0.06267196636300873
0 0.7063313445372759 0.07771504185043904 0.08196801449922002 0.07151456091809667
0 0.2105722661592522 0.2153902388347907 0.051782675893442945 0.04549603847458741
0 0.6191903517868859 0.1089980987183572 0.08430601581733062 0.07783731252120447
0 0.18663338276249206 0.2405588862641637 0.04761600922677627 0.04535053526837179
0 0.3827249288715862 0.20267862189273872 0.08430601581733085 0.07783731252120454
0 0.7972959018503128 0.089213069918962 0.05811756522170223 0.04779762661724414
0 0.2502599387574179 0.2448611434922851 0.07129667984777571 0.06490080290255769
0 0.4963320349299388 0.1827216267303348 0.07588779315573836 0.07546297277543997
0 0.12821161530991632 0.28740742310737055 0.07720712253473891 0.05678572437854778
0 0.6615131383520697 0.1520834216456261 0.0844757944738492 0.08200397918787121
0 0.028080736526544327 0.33175926122175464 0.03154356785792394 0.059351855776842655
0 0.8608994631176823 0.11847895134552956 0.08864246114051563 0.08214948239408679
0 0.8024582457285333 0.1393221973236237 0.0844757944738492 0.08200397918787121
0 0.1298669572109705 0.3280324231073706 0.07129667984777566 0.06490080290255769