0 0.6338249072314288 0.2525049745714291 0.0314681686179109 0.0380454707790068
0 0.6173400477463545 0.2840458923202327 0.01888332526650108 0.023243949134070737
0 0.4790226099369851 0.32500581277382956 0.012572722872636888 0.012718188311602792
0 0.6007218629947791 0.2926701434023697 0.016763630496849185 0.016957584415470232
0 0.5092188227915456 0.3223951910207896 0.012596963830182517 0.016884854978269342
0 0.6600180798827558 0.2780920822555901 0.016763630496849185 0.016957584415470232
0 0.5362597344491741 0.31463078301231706 0.008393935727197524 0.010562125541068449
0 0.4915347304157579 0.3268709577955601 0.008393935727197524 0.010562125541068449
0 0.5633006461068025 0.3068663750038445 0.008418176684743154 0.014728792207735117
0 0.5695567063461889 0.30779894751470976 0.012572722872636888 0.012718188311602792
0 0.44266730067322074 0.3433505286826708 0.008393935727197524 0.010562125541068449
0 0.6506733810796879 0.28346405682262543 0.012596963830182517 0.01688485497826946
0 0.5560271601582951 0.31011865151894613 0.012596963830182517 0.01688485497826946
0 0.5477059473037346 0.3123474437266812 0.008393935727197288 0.010562125541068449
0 0.5445930677825075 0.31448532413791525 0.012596963830182517 0.01688485497826946
0 0.4988263970824246 0.3267436812804585 0.016763630496849185 0.016957584415470232
0 0.42706654163076646 0.3477899307388409 0.012596963830182635 0.01688485497826946
0 0.5206710958854925 0.32115351840182044 0.012596963830182635 0.01688485497826946
0 0.39170441711857745 0.3577831309550485 0.012596963830182517 0.01688485497826946
0 0.41044229663980464 0.3553725151543112 0.014716658599834414 0.023171219696869846
0 0.6860476260706496 0.27555418993975106 0.008418176684743154 0.014728792207735117
0 0.5352544292188258 0.3208989653716173 0.012596963830182517 0.016884854978269342
0 0.5269332163642654 0.32312775757935247 0.008418176684743154 0.014728792207735117
0 0.4707741199550616 0.33973460498156466 0.01888332526650108 0.023243949134070737
0 0.5778960999189086 0.30869515530697467 0.012596963830182517 0.01688485497826946
0 0.7349574774888917 0.2663662857193071 0.012596963830182517 0.0168848549782694
0 0.3480574411881464 0.37625512337899136 0.012596963830182517 0.01688485497826946
0 0.6788105015584608 0.28505646645485266 0.016763630496849185 0.01695758441547035
0 0.45832260187015283 0.34828612662650077 0.01890756622404671 0.027410615800737403
0 0.5956286742097877 0.31255272186553745 0.0377302890966836 0.040237898268141475
0 0.8348423329405499 0.24482911255981865 0.025169686702819643 0.029603043289872132
0 0.5467551842278641 0.32799062608598145 0.01888332526650108 0.023243949134070737
0 0.367861228333586 0.37799299188562047 0.01890756622404671 0.027410615800737403
0 0.4989233609126072 0.3434103479471252 0.01890756622404671 0.027410615800737403
0 0.12346953746642247 0.4510158463211737 0.012596963830182576 0.01688485497826946
0 0.7703741441555584 0.26574808550309936 0.01890756622404671 0.027410615800737403
0 0.4188422926063885 0.36668538961324265 0.016763630496849185 0.016957584415470232
0 0.29819682669403397 0.4010862099587357 0.012596963830182517 0.01688485497826946
0 0.8577529393678301 0.24338743398854704 0.0377302890966836 0.040237898268141475
0 0.3918135014275329 0.3765331309550486 0.025169686702819525 0.029603043289872132
0 0.13699908365431632 0.44869614231693744 0.01890756622404671 0.027410615800737403
0 0.3117324331213142 0.399808172621166 0.01890756622404671 0.027410615800737403
0 0.8743953650769513 0.23892984957307675 0.025169686702819643 0.029603043289872132
0 0.17861726840589168 0.439635514611595 0.025169686702819525 0.029603043289872014
0 0.09333998724511249 0.46508480140754693 0.01890756622404671 0.027410615800737403
0 0.32110743312131423 0.399644531387464 0.01890756622404671 0.027410615800737403
0 0.7631248991645966 0.27316702868486764 0.01890756622404671 0.027410615800737403
0 0.4521513849821762 0.36193688744896874 0.02518180718159234 0.03168637662320547
0 0.7184120156099533 0.2874905368014441 0.01888332526650108 0.023243949134070855
0 0.42616426046998723 0.3717664464314744 0.01890756622404671 0.027410615800737403
0 0.2212710595847473 0.4295150378802858 0.05037573484195755 0.06545608657974426
0 0.7943324774888917 0.26532989123919415 0.02101514051492567 0.031613647186004575
0 0.7256915617978471 0.2852799269530092 0.01888332526650108 0.023243949134070737
0 0.5156082082974331 0.34624443019832163 0.01888332526650108 0.023243949134070737
0 0.6601877665855753 0.3072587489222568 0.03144392766036504 0.03387880411234008
0 0.7361203489432865 0.28718143669334023 0.025169686702819643 0.029603043289872132
0 0.5676309392369023 0.33491864556664364 0.01890756622404671 0.02741061580073752
0 0.01329528037521228 0.4946098430736644 0.018907566224046705 0.027410615800737403
0 0.9389362767345797 0.23051087662979602 0.035719678635987386 0.052701533549541026
0 0.7517332284645138 0.2848253679705035 0.025145445745273776 0.02543637662320535
0 0.709091557764431 0.2970291780351461 0.03361210434510819 0.04849850216427391
0 0.2410748467301868 0.4312529063869147 0.025145445745273894 0.02543637662320535
0 0.815196112019157 0.270174577386523 0.03144392766036504 0.0338788041123402
0 0.579107453288395 0.3378436396143411 0.01890756622404671 0.027410615800737403
0 0.7829711079857409 0.28219656385816333 0.0314681686179109 0.038045470779006746
0 0.1069543767844161 0.477348430736644 0.027301501951244176 0.03797274134180597
0 0.5458468428276985 0.3509254751119484 0.02101514051492567 0.031613647186004575
0 0.4948900195124416 0.3663997440509928 0.03361210434510819 0.04849850216427391
0 0.062277854666091266 0.49792193885322045 0.025169686702819525 0.029603043289872132
0 0.860005959403983 0.27251773593661327 0.031395445745273774 0.025545470779006745
0 0.408619553600087 0.40020054653957826 0.03775453005422923 0.04440456493480814
0 0.9255400558131868 0.2557472473006989 0.035719678635987386 0.05270153354954109
0 0.3379195455332547 0.42435361363866037 0.03358786338756256 0.04433183549760725
0 0.8912135377282782 0.2646805984909398 0.03987422482388112 0.05069092965340864
0 0.48248698334262413 0.3832845990292622 0.0314681686179109 0.038045470779006746
0 0.3535324250544819 0.42199754491582364 0.031443927660365155 0.03387880411234008
0 0.6177097223489256 0.34758755898689936 0.05033937340563905 0.059206086579744265
0 0.25891044509063477 0.4528188062788109 0.03989846578142675 0.054857596320075315
0 0.2880528707997558 0.44814303355173796 0.04620906817529082 0.06538335714254326
0 0.17572255750257532 0.479273395022829 0.04203028102985134 0.06322729437200915
0 0.7311180637490913 0.322689015156508 0.01890756622404671 0.027410615800737403
0 0.5699142604699873 0.3692572808480431 0.03358786338756256 0.04433183549760725
0 0.6957741199550616 0.33580721537271574 0.05456664246616991 0.06969548268361182
0 0.7613142766036518 0.32007839340346805 0.04617270673897238 0.05913335714254326
0 0.38795590696957316 0.4297308603922495 0.0314681686179109 0.038045470779006746
0 0.021871023284002086 0.5361310508659293 0.02516968670281954 0.029603043289872014
0 0.05517405542040336 0.5303408820349886 0.025169686702819525 0.029603043289872014
0 0.7894695778005839 0.32479580303569533 0.044065132448093416 0.0549303257572762
0 0.12176193897504665 0.5156355443731075 0.03989846578142675 0.05485759632007519
0 0.23616346512678765 0.4823854848500826 0.04609998386633543 0.046633357142543255
0 0.8570870075431211 0.30798894968118057 0.044149975799503235 0.06951365909060954
0 0.878962007543121 0.30760712013587577 0.044149975799503235 0.06951365909060954
0 0.44435135271484705 0.45374901299003717 0.0314681686179109 0.038045470779006746
0 0.6877437985910488 0.3880360075804508 0.058806032005473456 0.08226821212081271
0 0.964427156124879 0.31444950000659055 0.033684827217745315 0.06099850216427392
0 0.2385679911476008 0.5375574534648154 0.05461512438126116 0.07802881601694528
0 0.03370509145929295 0.6005143782469601 0.05248330913283651 0.06965911796501131
0 0.7901180234149299 0.43625413636902866 0.044065132448093416 0.0549303257572762
0 0.414676320447518 0.5459429680764105 0.05673481915091294 0.08431518073554542
0 0.5968043606507515 0.5146360551988708 0.05461512438126116 0.07802881601694504
0 0.47638312359569424 0.5875785422110305 0.08607117252039913 0.11399095346261845
0 0.35599218773756897 0.6657293625565235 0.0819287468112781 0.11808489069208435
0 0.7181535088397262 0.7802534172126782 0.10281056205970268 0.126781871211422