0 0.7360482799333167 0.131428471761841 0.04336399331391334 0.05978836539548948
0 0.12993554869359725 0.0072288277083196704 0.015128902612805521 0.014457655416639341
0 0.2753445503651189 0.016286358139095347 0.03228051975011408 0.032572716278190694
0 0.9849076694820947 0.19766190358735017 0.017818424034441213 0.0401653461581958
0 0.5665788697986638 0.09051910321668123 0.04073509070110788 0.0409656137923817
0 0.9795143483770282 0.09691124333311472 0.03430323427461701 0.03449735898305827
0 0.933218358406158 0.1859390269983787 0.040916947127598746 0.0472156137923817
0 0.8184420217297813 0.16081007430419536 0.034606328318768455 0.04491402564972494
0 0.22139004952935806 0.013065462312830182 0.03221990094128386 0.026130924625660364
0 0.6551923021907133 0.12072411761637884 0.04103818474525909 0.051382280459048336
0 0.625226444092701 0.11344568252810872 0.025909282132453627 0.0321230192372937
0 0.47027974848255116 0.07411038609452764 0.04103818474525909 0.051382280459048364
0 0.7150633995779079 0.1373643211262524 0.040916947127598746 0.0472156137923817
0 0.4050790801443629 0.06181872825909025 0.03865175736777455 0.04089286218927386
0 0.14454919143134567 0.006114409438545197 0.035901617137308627 0.012228818877090394
0 0.35550341180617456 0.048981433400344304 0.03228051975011408 0.03650794071328378
0 0.565140049529358 0.006058164191323279 0.03626532999029 0.012116328382646558
0 0.6550982426322255 0.017496650157061793 0.03644718641678064 0.034993300314123586
0 0.5187228219408274 0.0901090567548275 0.03442447189227759 0.03866402564972494
0 0.24694676572538282 0.024675892563504206 0.036447186416780755 0.0366534439194994
0 0.29027243406357106 0.03773144223157358 0.03865175736777455 0.040892862189273876
0 0.9617182181756919 0.20783717122153605 0.034606328318768455 0.04491402564972494
0 0.8697070011439064 0.18711628422650015 0.03865175736777455 0.04089286218927389
0 0.5381204663500975 0.10295958319196999 0.034606328318768455 0.04491402564972494
0 0.7935298185977842 0.0513755542794841 0.025848663323623337 0.030039685903960372
0 0.8131396288379601 0.05693441404995992 0.025909282132453627 0.03212301923729369
0 0.7294617451395079 0.0359225206424928 0.025727425705962995 0.025873019237293703
0 0.7476693072052782 0.1612002954765275 0.03442447189227759 0.03866402564972494
0 0.1825149794141251 0.02314979044313131 0.03681089926976225 0.04629958088626262
0 0.4314349877717333 0.08587295741868874 0.04103818474525909 0.051382280459048364
0 0.8941614318644343 0.20499326498920648 0.040916947127598746 0.0472156137923817
0 0.6767913862057348 0.0221526865217419 0.025909282132453627 0.03212301923729369
0 0.5786210973871946 0.006215239509117573 0.021621377848126618 0.012430479018235146
0 0.6003445503651189 0.009570066430019675 0.03215928213245363 0.01914013286003935
0 0.20693910073023777 0.04064150635588589 0.038651757367774604 0.040892862189273876
0 0.8308319310286734 0.19992052221732795 0.04103818474525909 0.051382280459048364
0 0.6232148764847504 0.14681539166299595 0.03865175736777455 0.04089286218927389
0 0.2575261263306776 0.0544840920797446 0.038651757367774604 0.040892862189273876
0 0.5240635398083738 0.12114080194550406 0.03442447189227759 0.03866402564972491
0 0.8823554168207395 0.07428890201251503 0.032280519750113965 0.036507940713283796
0 0.9195969104427986 0.22491720328369222 0.03865175736777455 0.04089286218927389
0 0.9825020796167476 0.24457327938890405 0.019841138558944257 0.03815476442797028
0 0.9824717702123326 0.24561494605557072 0.019659282132453625 0.03190476442797028
0 0.15617021870330722 0.033048920632027176 0.03681089926976225 0.0491534439194994
0 0.29346919978895397 0.07091927235869129 0.03228051975011421 0.036507940713283796
0 0.47841206290153127 0.11649133721387583 0.034606328318768455 0.04491402564972494
0 0.25725334169094155 0.06385909207974459 0.045083613794265294 0.047361116998597304
0 0.7623547156684095 0.19294632511988563 0.040916947127598746 0.0472156137923817
0 0.512211184217644 0.13508260242926368 0.034606328318768455 0.04491402564972494
0 0.4058287996834309 0.10757930998931578 0.034606328318768455 0.04491402564972494
0 0.4626355158794556 0.12224530757051773 0.0303790428432715 0.042685189110175985
0 0.8747143155628865 0.22960636275051005 0.04532608902958633 0.05569445033193065
0 0.36648794158541853 0.10062825711503078 0.025909282132453627 0.0321230192372937
0 0.7982068609134404 0.2125065053988323 0.041038184745259325 0.051382280459048364
0 0.22698438954877798 0.06699732365814114 0.03442447189227771 0.03866402564972494
0 0.9359462048035189 0.0921890269983787 0.040916947127598746 0.0472156137923817
0 0.31057134503398487 0.09113421706560827 0.028174471892277588 0.03844577084040151
0 0.579101163631769 0.1608431753282599 0.03644718641678087 0.036653443919499415
0 0.12045045799248934 0.044702364551526576 0.03693213688742271 0.053320110586166064
0 0.1699351981174323 0.06066465941027253 0.03228051975011408 0.036507940713283796
0 0.4426316833818831 0.13022811446670857 0.036447186416780755 0.03665344391949939
0 0.6347146661390515 0.18075388204434914 0.0303790428432715 0.042685189110175985
0 0.7318129788865098 0.20545955669828211 0.03644718641678064 0.036653443919499415
0 0.3372303467055065 0.1047717795585401 0.034606328318768455 0.04491402564972494
0 0.2504577724114694 0.08282734688906804 0.04073509070110794 0.0409656137923817
0 0.856733197589817 0.23959975137692643 0.03865175736777455 0.04089286218927389
0 0.9083618898569236 0.25340596129923126 0.045204851411925755 0.05152778366526398
0 0.5374041875606872 0.16333987405708275 0.03228051975011421 0.036507940713283796
0 0.9753124880798789 0.27708320086489413 0.033007945456076965 0.0615079407132838
0 0.3824574919505374 0.12400457762350166 0.04091694712759863 0.04721561379238167
0 0.41751044576422264 0.13526780037066893 0.04091694712759863 0.0472156137923817
0 0.47624894827150505 0.15506937968209641 0.04103818474525909 0.051382280459048364
0 0.659078168646334 0.20175586280705543 0.032280519750113965 0.036507940713283796
0 0.28818108515892776 0.10960644223157358 0.045204851411925755 0.05152778366526398
0 0.9585548931999669 0.2807902136897566 0.045204851411925755 0.05152778366526398
0 0.7819150540163078 0.23596880908880755 0.04103818474525909 0.051382280459048364
0 0.202359249318312 0.09075063376054761 0.045083613794265294 0.04736111699859728
0 0.7146613617492013 0.22270823618981125 0.04073509070110788 0.0409656137923817
0 0.7768025331222873 0.05404090043767989 0.03865175736777455 0.040892862189273876
0 0.3591468030264741 0.1383465119243542 0.04091694712759863 0.0472156137923817
0 0.44484740124942945 0.16136898706204683 0.045204851411925755 0.05152778366526398
0 0.5336123806635545 0.18636566812841113 0.040916947127598746 0.0472156137923817
0 0.22675306123000957 0.11071094785658724 0.03865175736777455 0.04089286218927389
0 0.5861311925752521 0.20534383558249533 0.04508361379426541 0.04736111699859732
0 0.10995401002912986 0.08357141343217839 0.03197742570596291 0.02609127404661713
0 0.17708646467857586 0.1009986529978413 0.036447186416780755 0.036653443919499415
0 0.6769188865138803 0.23235109837908516 0.043242755696252765 0.05562169872882284
0 0.884445012844558 0.2885812289334171 0.045204851411925755 0.05152778366526398
0 0.822460272719615 0.273055443693318 0.040916947127598746 0.0472156137923817
0 0.9338994435650857 0.30558519045882976 0.05175794545607696 0.06216270514125408
0 0.38320721148960535 0.16976515935372719 0.04103818474525909 0.051382280459048364
0 0.2623324218353044 0.13964612813553395 0.04091694712759863 0.0472156137923817
0 0.914101514207934 0.091911252164344 0.040916947127598746 0.0472156137923817
0 0.19624163385252505 0.12218251276831713 0.03681089926976225 0.04915344391949941
0 0.31702549529358065 0.15542654398651035 0.04103818474525909 0.051382280459048364
0 0.6113848147271256 0.23151777387698108 0.040916947127598746 0.0472156137923817
0 0.7529413906926844 0.2661176223974296 0.041038184745259325 0.051382280459048364
0 0.4832486678105731 0.2006117066029985 0.04103818474525909 0.051382280459048364
0 0.5452637173399312 0.21509582517643094 0.04508361379426541 0.04736111699859732
0 0.8633995136803188 0.29660041163116185 0.04753065998058001 0.059933868601705124
0 0.6525362215187352 0.24777107514815827 0.04103818474525909 0.051382280459048364
0 0.42004040459247277 0.1913722971644533 0.034606328318768455 0.04491402564972494
0 0.35186628327636005 0.17398143340034433 0.04103818474525909 0.051382280459048364
0 0.7268391052171875 0.2691103507696105 0.04103818474525909 0.051382280459048364
0 0.09871898944325493 0.1120601714477174 0.0346063283187684 0.04491402564972494
0 0.7927783461778913 0.2917822994701607 0.04753065998058001 0.059933868601705124
0 0.12335527659027348 0.12368715221042373 0.0346063283187684 0.04491402564972494
0 0.9702173767928961 0.3449006616028892 0.03919732664724667 0.059642862189273886
0 0.1624536594529649 0.13897153841804202 0.0346063283187684 0.04491402564972494
0 0.9092439939302046 0.33038016722790287 0.05586399331391334 0.060224875014136356
0 0.8379448726140919 0.31309843086845557 0.04753065998058001 0.059933868601705124
0 0.28921473625428445 0.18137231482691185 0.05359880355408938 0.05390212341102855
0 0.762327537609237 0.3011705310485572 0.04710632831876846 0.04535053526837179
0 0.22101030553375664 0.16502311772946954 0.04753065998058013 0.059933868601705124
0 0.6970359410578034 0.2920038732131198 0.040916947127598746 0.0472156137923817
0 0.4418962421046102 0.22703036286360073 0.043242755696253 0.05562169872882284
0 0.5926156522392632 0.2685944958367308 0.034606328318768455 0.04491402564972494
0 0.8116304213076891 0.32338282590730316 0.04753065998058001 0.059933868601705124
0 0.614187558195112 0.27824727067076543 0.045204851411925755 0.05152778366526398
0 0.1844004251783477 0.17150460411718946 0.04091694712759863 0.0472156137923817
0 0.8847400913173992 0.3499668106636426 0.04955337450508305 0.05792328687147948
0 0.9445505698957635 0.3686903475068496 0.04336399331391334 0.059788365395489505
0 0.32883952590858545 0.21432865856630962 0.03693213688742271 0.05332011058616608
0 0.42072950532271053 0.23921621222801218 0.04067447189227771 0.03888228045904837
0 0.5663315103372756 0.2778372242089117 0.03644718641678064 0.036653443919499415
0 0.5415436761681813 0.27141857677953873 0.040916947127598746 0.0472156137923817
0 0.2367676900679697 0.1956911049046071 0.03228051975011408 0.036507940713283796
0 0.47576888202693063 0.0013359478565872413 0.03179556927947213 0.0026718957131744827
0 0.35237352758010704 0.22807534846390318 0.04532608902958633 0.05569445033193065
0 0.6561078470136522 0.30383919614038873 0.040916947127598746 0.0472156137923817
0 0.26036231054832154 0.20735446146886727 0.047530659980580064 0.059933868601705124
0 0.09818456708033532 0.1661904623128302 0.060030659980580096 0.060370378220351975
0 0.3873961719893772 0.2403802378777371 0.03865175736777455 0.04089286218927389
0 0.7293387546410225 0.32625651423006163 0.045204851411925755 0.051527783665263865
0 0.7560886845257895 0.33676907672299344 0.051272994985435125 0.04549603847458741
0 0.5358218358406158 0.007015507143303458 0.027689521421635752 0.014031014286606917
0 0.8580939894432549 0.08554221211492148 0.032280519750113965 0.03650794071328377
0 0.4625588659280054 0.26793313769763544 0.05359880355408938 0.05390212341102855
0 0.8457134741800905 0.3679793819878038 0.04955337450508305 0.0579232868714796
0 0.6793993734498528 0.3259192193713156 0.04955337450508305 0.0579232868714796
0 0.5151079872441181 0.28586963848505303 0.045204851411925755 0.05152778366526398
0 0.5884298230847339 0.30516195657472583 0.045204851411925755 0.051527783665263865
0 0.9137360484741277 0.3905785790852461 0.05806856426490725 0.06446429328391072
0 0.16875626269048513 0.20847219867227745 0.04710632831876846 0.04535053526837179
0 0.08192306958761779 0.18861109933613876 0.044719900941283856 0.034861116998597313
0 0.537327537609237 0.30902770418420045 0.04753065998058001 0.059933868601705124
0 0.22936593270019506 0.23549269304726383 0.04520485141192581 0.05152778366526398
0 0.7983838331138637 0.3852412930577295 0.04955337450508305 0.0579232868714796
0 0.7342551408467571 0.3718715927540715 0.04955337450508305 0.05792328687147948
0 0.557554682854268 0.3291335214864557 0.04753065998058001 0.059933868601705124
0 0.4449829171288851 0.2997651505224979 0.04532608902958633 0.05569445033193065
0 0.8249425125364123 0.08045623776464642 0.028174471892277588 0.03844577084040151
0 0.3672519393862816 0.28895166897237407 0.05818980188256783 0.0686309599505775
0 0.5924560896458774 0.34560507756695635 0.04508361379426541 0.0473611169985972
0 0.07696835840615798 0.2158399358756877 0.04103818474525912 0.051382280459048364
0 0.9352887919421138 0.43665331145106023 0.05818980188256783 0.0686309599505775
0 0.24214986425648372 0.2610614742937297 0.04091694712759863 0.0472156137923817
0 0.6522665682242418 0.36432861441016323 0.04532608902958633 0.05569445033193065
0 0.28038843687899917 0.27013223630290195 0.045083613794265294 0.04736111699859732
0 0.15635833782028302 0.2411639991560371 0.04943213688742271 0.053756620204812935
0 0.6955013083491847 0.3805091640782326 0.04753065998058001 0.059933868601705124
0 0.953968779097556 0.11653426257040843 0.04103818474525909 0.051382280459048364
0 0.8532699099151834 0.4301519997738186 0.049795849740404206 0.06625662020481281
0 0.760844129673721 0.0660448707943218 0.034606328318768455 0.04491402564972492
0 0.31581625046221845 0.30427574991518197 0.05634894378455542 0.07689154168080302
0 0.7796449800304163 0.4212763483508125 0.04955337450508305 0.0579232868714796
0 0.38497141963616754 0.3237135712110704 0.05622770616689484 0.07272487501413635
0 0.23210805735935108 0.28430552317438157 0.04943213688742271 0.053756620204812935
0 0.5181340434595627 0.3606877594772835 0.05396251640707087 0.06640212341102855
0 0.6634632638343916 0.4086837714581831 0.05396251640707087 0.06640212341102855
0 0.7398797902705923 0.4289086288098608 0.04336399331391334 0.059788365395489505
0 0.9712127029125276 0.48951044926178633 0.028841278789410296 0.06136243750706818
0 0.09316122151873527 0.26730488058260465 0.038651757367774604 0.04089286218927389
0 0.8245387218268808 0.4519674797491074 0.04753065998058001 0.059933868601705124
0 0.14270658045250845 0.2811838421080173 0.04943213688742271 0.053756620204812935
0 0.6023686433540397 0.39832994374986336 0.05175794545607696 0.06216270514125408
0 0.44736132893505964 0.36107798064961566 0.05818980188256783 0.06863095995057739
0 0.8918931107593676 0.10413347733030932 0.04508361379426541 0.04736111699859732
0 0.12187324711917512 0.28191135813909535 0.04943213688742271 0.053756620204812935
0 0.26931611023175245 0.32879295185022045 0.04091694712759863 0.0472156137923817
0 0.18661927439113662 0.30982801597453274 0.05586399331391346 0.060224875014136356
0 0.485084641682518 0.38785707599212116 0.05622770616689484 0.07272487501413635
0 0.6998418158710321 0.44591590926890917 0.05396251640707087 0.06640212341102855
0 0.9898815431514171 0.13401110951602177 0.011871518078592658 0.050363758015539044
0 0.311327327263538 0.35125987731984376 0.05396251640707087 0.06640212341102843
0 0.49933457156728506 0.39880614810369985 0.05806856426490725 0.06446429328391083
0 0.2231796828542679 0.34081015378525886 0.05622770616689484 0.07272487501413635
0 0.5578912176480768 0.42485772741512734 0.06860646854923426 0.06899471796611654
0 0.4008005698957634 0.3876785159179874 0.060758085686543 0.08537037822035197
0 0.8841481814908918 0.5133629741240937 0.05634894378455542 0.07689154168080302
0 0.7839551781478487 0.48772476020815575 0.054508085686543 0.08515212341102855
0 0.4672233828626914 0.008773117729469522 0.032219900941283915 0.017546235458939043
0 0.6196334825376988 0.4487168459885597 0.05175794545607696 0.06216270514125408
0 0.9428866839981744 0.5331645534355212 0.06474289592671881 0.0792658814265676
0 0.06477458379555175 0.31304231808967287 0.05359880355408938 0.05390212341102843
0 0.03269508295979092 0.30687830127117716 0.03778080021104609 0.08248677725283275
0 0.27012644857965074 0.37247020024711264 0.05586399331391334 0.060224875014136356
0 0.11410777689841908 0.33421294628175213 0.05396251640707082 0.06640212341102855
0 0.4115920963319641 0.41019504876756113 0.04955337450508317 0.0579232868714796
0 0.8505117541134073 0.5249436664404853 0.05212165830905846 0.07466270514125407
0 0.7440081319615338 0.5016070406672041 0.06872770616689484 0.07316138463278321
0 0.3441565476383668 0.4031844758685648 0.07105351473554909 0.08156746956922424
0 0.6580953679076725 0.4858762321961781 0.05175794545607696 0.06216270514125408
0 0.17876287595713522 0.3652546041171895 0.05175794545607702 0.06216270514125408
0 0.48553126717743483 0.44403432438901336 0.06057622926005225 0.07912037822035198
0 0.5787534819214076 0.029738678534475538 0.025909282132453627 0.03212301923729369
0 0.08252437344985276 0.34676255366170256 0.05175794545607702 0.06216270514125408
0 0.8197275420961867 0.5457902313522153 0.06278080021104605 0.08335979649012633
0 0.8410333005191917 0.0996658916064506 0.03442447189227759 0.03866402564972494
0 0.5519666055253332 0.4854198972880096 0.05015956259338547 0.07875662020481293
0 0.3867244808661771 0.44228169220330094 0.06235646854923438 0.06877646315679312
0 0.6995003968511557 0.5291764909991347 0.06694746687771272 0.08350529969634195
0 0.2780465971677249 0.4221428180331275 0.05175794545607696 0.06216270514125408
0 0.34104269455491937 0.4386738941383393 0.06057622926005225 0.07912037822035198
0 0.7586284118061746 0.034903998198983495 0.031856188088302415 0.021924607379950462
0 0.7118554869359724 0.06879620013402192 0.04103818474525909 0.051382280459048364
0 0.51556889100083 0.4846097170090629 0.06045499164239179 0.07495371155368531
0 0.433701555995975 0.472900071998488 0.05818980188256783 0.0686309599505775
0 0.036823424650732475 0.3795767131285204 0.05347756593642889 0.049735456744361764
0 0.8910681197332672 0.5974105919101085 0.05818980188256783 0.06863095995057762
0 0.10591797501585136 0.4010978677577422 0.0475306599805801 0.059933868601705124
0 0.6283942788780863 0.5410250455048001 0.060576229260052135 0.07912037822035198
0 0.749178140319142 0.5742690767229933 0.05818980188256783 0.06863095995057762
0 0.23267905181717094 0.44349864416661205 0.05396251640707082 0.06640212341102855
0 0.6655002566206899 0.5532571833155263 0.06498537116203996 0.08759921475990093
0 0.13656178692754894 0.4208399270444584 0.04979584974040415 0.06625662020481293
0 0.6807570339580481 0.06467914084730571 0.036325948799120295 0.032486777252832735
0 0.15920566895447952 0.4294146594102725 0.05818980188256771 0.0686309599505775
0 0.9348853756489898 0.12864736033171204 0.036810899269762366 0.049153443919499384
0 0.3091628341690942 0.0021626786475662184 0.03167433166181167 0.004325357295132437
0 0.0845996912118761 0.41849205045548693 0.05175794545607702 0.06216270514125408
0 0.8301665025959584 0.6161870550669017 0.0709322771178885 0.07740080290255756
0 0.7468175125364123 0.0831844228811892 0.03681089926976213 0.04915344391949941
0 0.9332723401080959 0.6490078082448446 0.047954991642391795 0.07451720193503845
0 0.6445411758600358 0.057618960568359016 0.032583613794265415 0.046924607379950446
0 0.4475383011354829 0.5338127683085129 0.06314451306402755 0.09585979649012634
0 0.33996270291252756 0.5115541850034522 0.06278080021104605 0.08335979649012633
0 0.7921962048035188 0.09720888761281743 0.040916947127598746 0.04721561379238167
0 0.026962784947881693 0.43615409534250554 0.05392556989576339 0.07272487501413635
0 0.6131552855641729 0.5998312642583342 0.0736217985395245 0.09830688783899882
0 0.5180796873412176 0.5771361713346267 0.0673717985395245 0.09808863302967528
0 0.40131094554475305 0.5489549702435512 0.06462165830905846 0.07509921475990093
0 0.4047840016715217 0.0077810584427533075 0.032098663323623336 0.015562116885506615
0 0.2998641097041372 0.5306447987958338 0.060030659980580124 0.060370378220351975
0 0.167561296120918 0.4998842347280668 0.05806856426490725 0.06446429328391072
0 0.9749951157739325 0.1449370374044431 0.040916947127598746 0.0472156137923817
0 0.46756442746616056 0.5965905431425474 0.06474289592671892 0.0792658814265676
0 0.9013969895319309 0.7073543731565745 0.07981117973069421 0.0964418093149888
0 0.09360296278758466 0.502466916638394 0.06235646854923438 0.06877646315679312
0 0.8011433673800574 0.6837994925739698 0.07343994211303387 0.0920568878389986
0 0.5726929795028011 0.6314218780507159 0.07343994211303387 0.09205688783899883
0 0.22898481024017595 0.0025032924399479 0.029530379519648105 0.0050065848798958
0 0.6769011024904353 0.6621229220937717 0.07797032163268179 0.10470239104521445
0 0.050227822557118655 0.5268749911687708 0.07784908401502136 0.10053572437854778
0 0.23511006686086572 0.5745303893572886 0.07356117973069422 0.0962235545056655
0 0.296053140319142 0.5900925503989416 0.08207636949051829 0.10276456091809673
0 0.864029374066144 0.7398775262109611 0.07797032163268179 0.10470239104521445
0 0.3878218821156066 0.6191467707273107 0.07123537116203996 0.08781746956922423
0 0.6398365810687996 0.6842294084814917 0.08826575068168789 0.1008994823940867
0 0.7452076083407612 0.7107274100563268 0.0651672275885306 0.09384921475990092
0 0.50741252986792 0.6576355110803913 0.0710535147355492 0.08156746956922424
0 0.8345899227597412 0.7502710486544705 0.07356117973069397 0.09622355450566526
0 0.14427290102995988 0.5849867507591449 0.07981117973069421 0.0964418093149888
0 0.18416283416909415 0.004381602542354356 0.035840998328478334 0.008763205084708712
0 0.7660029911147765 0.10332661598499836 0.0303790428432715 0.042685189110175985
0 0.7193784819214076 0.02482794532469851 0.023462235946138794 0.01955026763418588
0 0.2820491914313457 0.003677230734433636 0.03173495047064196 0.007354461468867272
0 0.6183176527668782 0.06477835560720661 0.03442447189227759 0.03866402564972494
0 0.4767913862057347 0.029136840420091452 0.03442447189227759 0.038664025649724924
0 0.7056354219239805 0.7474899813804878 0.08231884472583934 0.11109789425143006
0 0.5878250134608491 0.7193451560909663 0.06498537116203996 0.08759921475990093
0 0.43230281358321926 0.02028433322024265 0.03228051975011408 0.03650794071328378
0 0.8723550662445746 0.13187157509161293 0.040916947127598746 0.04721561379238167
0 0.34442795381368524 0.006752623354483187 0.031977425705962875 0.013505246708966374
0 0.37960214524503094 0.01180883769240263 0.025909282132453627 0.02361767538480526
0 0.5397268647840989 0.047751249858636644 0.03258361379426518 0.046924607379950446
0 0.4444690357182457 0.7108233500387383 0.07356117973069422 0.0962235545056655
0 0.20072705128955573 0.6475330392054596 0.09500070115232996 0.11778440387007691
0 0.0022937462834143056 0.5913029086511277 0.004587492566828611 0.06739418269774475
0 0.9197867824405992 0.14686495488680004 0.03865175736777455 0.04089286218927389
0 0.1404431435735093 0.0039219487005501515 0.014947046186314771 0.007843897401100303
0 0.7746805003968216 0.8064747602081558 0.08207636949051818 0.10276456091809649
0 0.555139698953193 0.05449727950199476 0.03442447189227759 0.038664025649724924
0 0.07418928723569455 0.6332208869950359 0.07981117973069421 0.0964418093149888
0 0.009312628310344885 0.6191732780402504 0.01862525662068977 0.08665344391949929
0 0.35778776405386115 0.012820744346713668 0.038591138558944374 0.025641488693427337
0 0.2049961675024275 0.004017844526815317 0.035840998328478334 0.008035689053630633
0 0.618146568840533 0.7859258395761285 0.0838566087797003 0.09242064585453799
0 0.512734459664011 0.045572020699038145 0.03681089926976213 0.049153443919499384
0 0.8070634696931409 0.12270491725617555 0.03442447189227759 0.03866402564972494
0 0.5225557107425206 0.7809390799857544 0.07968994211303375 0.09227514264832214
0 0.35722265787011925 0.7409258749010458 0.07968994211303375 0.09227514264832214
0 0.8486914369676751 0.8736109933613874 0.0693338942551975 0.09399471796611654
0 0.25985156048292474 0.7255952002471127 0.08207636949051829 0.10276456091809673
0 0.3048446204803519 0.00744376358400736 0.031977425705962875 0.01488752716801472
0 0.7047568236123491 0.09818112161001201 0.036810899269762366 0.04915344391949941
0 0.08637817762023335 0.7150032924399479 0.06057622926005225 0.07912037822035198
0 0.6622606561099216 0.09238086280705543 0.034606328318768455 0.04491402564972494
0 0.03120434868517373 0.7274570039936332 0.06240869737034746 0.09399471796611654
0 0.8222668949601645 0.9234423459320145 0.09439451306402755 0.09695107053674358
0 0.6448087018572972 0.9067459413310653 0.08624303615718484 0.10291006412431235
0 0.3389910490904189 0.8310548452576875 0.09243241734835479 0.10104498560030256
0 0.7397024436537618 0.9356910342547728 0.09593227711788851 0.07827382213985128
0 0.24038252476467903 0.004404746765511713 0.03173495047064196 0.008809493531023426
0 0.1516314491959419 0.797013865338944 0.07712165830905846 0.07553572437854777
0 0.2640516678992491 0.8315905696362352 0.07473523093157391 0.06504630610877342
0 0.5870017753155735 0.9264549437498635 0.07020485141192576 0.05240080290255757
0 0.9482260234013029 0.1708464324432907 0.0303790428432715 0.042685189110175985
0 0.4172042203748288 0.03850192777533064 0.03644718641678087 0.0366534439194994
0 0.8562148063695173 0.1501255454482548 0.03442447189227759 0.03866402564972494
0 0.8407413533915931 0.14546284913823004 0.036810899269762366 0.04915344391949941
0 0.901593498636624 0.16415001017988307 0.03865175736777455 0.04089286218927389
0 0.5865523928918213 0.08357796298715707 0.034606328318768455 0.04491402564972494
0 0.3396854084631312 0.020396779558540096 0.03228051975011421 0.03650794071328378
0 0.49971919978895396 0.06371686365101832 0.034606328318768455 0.04491402564972492
0 0.6835900868304494 0.11036697097442344 0.040916947127598746 0.0472156137923817
0 0.7775027807690776 0.1372651063663515 0.032280519750113965 0.036507940713283796