0 0.46986764760363336 0.4496126148494958 0.006674446641295973 0.010598523093157296
0 0.12399186960617042 0.438508225917009 0.023850449277517723 0.023583473563799372
0 0.4715035395681143 0.46422625758724423 0.013094225297814314 0.014947046186314832
0 0.7384673188836882 0.47927713178418174 0.013094225297814432 0.014947046186314832
0 0.7280082075528919 0.4779323710733639 0.010841113307962521 0.010719760710817875
0 0.84697043087354 0.48659597651002096 0.013264003954332774 0.0191137128529815
0 0.28825509556304024 0.4609751357435163 0.019683782610851117 0.023462235946138794
0 0.48321654088622523 0.4708096610358105 0.01084111330796264 0.010719760710817875
0 0.661468874878614 0.4791175691907962 0.010841113307962757 0.010719760710817875
0 0.7135946528760769 0.4816747060782189 0.010841113307962757 0.010719760710817875
0 0.8251803202017991 0.4880428123506368 0.03711445323185056 0.042697186416780754
0 0.537468096881151 0.4744690833987301 0.0066744466412960906 0.010598523093157416
0 0.6312605415452808 0.4782385964627577 0.013264003954332774 0.0191137128529815
0 0.4436332075528919 0.46965790366803595 0.013264003954332774 0.0191137128529815
0 0.9639342101891137 0.4972822964711812 0.019683782610851117 0.023462235946138794
0 0.30821654088622524 0.46571768109407025 0.017345781292740153 0.017151617137308624
0 0.33846731888368814 0.46763832048877535 0.019683782610851117 0.023462235946138794
0 0.4364264302144844 0.47152907117046344 0.010841113307962521 0.010719760710817875
0 0.9139342101891137 0.4958274450592554 0.01734578129274027 0.017151617137308624
0 0.5126378755376695 0.4779083243594339 0.023680670620999322 0.019416806897132707
0 0.9473099881865766 0.4978390126672059 0.019683782610851117 0.023462235946138794
0 0.751306876196725 0.4879741779704965 0.010841113307962757 0.010719760710817875
0 0.9969651601008995 0.4994151016967922 0.006069679798200885 0.012924331661811669
0 0.12484076288876231 0.4593415592503423 0.023850449277517723 0.023583473563799372
0 0.40117954220433616 0.47466521808701595 0.017345781292740153 0.017151617137308506
0 0.4700144315325953 0.4787489721117473 0.008927558631147647 0.014825808568654253
0 0.6284326541941877 0.48543933491617897 0.010841113307962757 0.010719760710817875
0 0.20938554154528072 0.46596328767463374 0.017345781292740153 0.017151617137308506
0 0.639890987527521 0.48577273836474527 0.015092669302888358 0.012924331661811787
0 0.19801209754020654 0.46771321755940076 0.015092669302888476 0.012924331661811669
0 0.47843265419418785 0.4810747806804016 0.010841113307962521 0.010719760710817875
0 0.5951842101891137 0.48655276730822844 0.0372842318883689 0.04686385308344742
0 0.4596402095300583 0.47948754473426275 0.004336445323185009 0.0042879042843271264
0 0.3855969868684657 0.47525224368745583 0.017345781292740153 0.017151617137308506
0 0.6713107661840396 0.4908486871638656 0.013094225297814432 0.014947046186314832
0 0.23559698686846572 0.4708876894516784 0.019683782610851117 0.023462235946138794
0 0.9779003234970763 0.5080929853952444 0.019683782610851117 0.023462235946138794
0 0.037765209530058255 0.4672122359461388 0.013094225297814314 0.014947046186314832
0 0.05972509885831744 0.4699320667721897 0.01734578129274018 0.017151617137308506
0 0.927028435486928 0.5107744912455702 0.015092669302888358 0.012924331661811669
0 0.3630623221789654 0.48396043679032325 0.013264003954332774 0.0191137128529815
0 0.6267737675021505 0.4957953827740154 0.01985356126736946 0.027628902612805463
0 0.7331086568304097 0.500970275357691 0.024020227934036124 0.027750140230466038
0 0.6549836568304097 0.49869707002655694 0.019683782610851117 0.023462235946138794
0 0.9604466581485205 0.5138277255201874 0.017345781292740035 0.017151617137308624
0 0.49448210083548383 0.491946088413295 0.023850449277517782 0.023583473563799372
0 0.8436951021535947 0.5083497388923605 0.03294778656518389 0.04257594879912029
0 0.3038146561713542 0.4853578007386613 0.023680670620999322 0.019416806897132707
0 0.18497976684309503 0.4798191953020042 0.028017115944184448 0.023704711181459833
0 0.2622328788329467 0.4862287578953898 0.013433782610851116 0.023280379519648165
0 0.43631854615866883 0.494415428432715 0.019683782610851117 0.023462235946138794
0 0.4634018794920022 0.49520347294750805 0.019259335969555143 0.013045569279472128
0 0.9482013261332981 0.519714012667206 0.0262733399238878 0.03197742570596276
0 0.1007745454996134 0.48153080021104605 0.019683782610851058 0.023462235946138794
0 0.14261099082279843 0.48690984305431756 0.02818689460070279 0.02787137784812638
0 0.21569743614598347 0.4931981680300427 0.023850449277517723 0.023583473563799372
0 0.317865658807576 0.49825182299605786 0.030440006590554465 0.032098663323623336
0 0.7024953267923536 0.5156859932252374 0.0262733399238878 0.031977425705962875
0 0.7484559941180758 0.5201446070195027 0.03928267589344282 0.04484113855894437
0 0.3992429927999648 0.5037409565404373 0.01985356126736946 0.027628902612805463
0 0.4232437707974277 0.5054797395086517 0.01985356126736946 0.027628902612805463
0 0.2857013261332981 0.5004372314591892 0.02818689460070279 0.02787137784812638
0 0.36503777145648314 0.506907412861405 0.034691562585480305 0.03430323427461725
0 0.7195015507720569 0.5245042770292127 0.01985356126736946 0.027628902612805463
0 0.9238804407593716 0.5356532536279097 0.020023339923887797 0.03179556927947213
0 0.19416199345902024 0.5008950038706584 0.030440006590554465 0.032098663323623336
0 0.09099454879489063 0.49685270616689486 0.026273339923887827 0.03197742570596299
0 0.4602114401003162 0.5190405686631809 0.0262733399238878 0.03197742570596299
0 0.3809598841053903 0.5146537205942984 0.024869121216628067 0.04858347356379937
0 0.2517083281104645 0.5088120211134901 0.023850449277517782 0.023583473563799372
0 0.1600841061079274 0.5071864601916262 0.0262733399238878 0.031977425705962875
0 0.4770054407593716 0.5226505191338229 0.0262733399238878 0.03197742570596299
0 0.666800997413353 0.5333751640707083 0.047785787883294496 0.04925028046093208
0 0.1092122180977791 0.509867966041952 0.013264003954332715 0.0191137128529815
0 0.8868473320647972 0.5460204484022987 0.041705566539813076 0.05323509070110788
0 0.987057829403788 0.55134688800805 0.02588434119242417 0.06800028046093208
0 0.42096766408001957 0.5262221446287397 0.023850449277517782 0.023583473563799372
0 0.523135886741612 0.5312757995947549 0.04187534519633142 0.057401757367774545
0 0.28055488740066753 0.5273387083660317 0.024020227934036124 0.027750140230466038
0 0.18151166473907504 0.5223759816132619 0.032947786565183775 0.04257594879912029
0 0.39730644339559346 0.5328166949938586 0.0262733399238878 0.031977425705962875
0 0.9592316680343522 0.5606117973069421 0.0372842318883689 0.0468638530834473
0 0.08901555472638968 0.5248867779536496 0.032014003954332716 0.019659282132453625
0 0.7249840020267411 0.5569171813135398 0.03928267589344282 0.044841138558944255
0 0.9179045586807225 0.5677327544636707 0.03928267589344282 0.044841138558944255
0 0.32923555802166693 0.5474829409691273 0.04187534519633142 0.057401757367774545
0 0.16773478002420403 0.5417433166181169 0.03728423188836878 0.0468638530834473
0 0.8600805613169442 0.5785354278164238 0.05446023452459059 0.05984880355408938
0 0.2067008933321666 0.553281431248143 0.034691562585480305 0.03430323427461701
0 0.10665844866803702 0.5493300617576248 0.03469156258548036 0.03430323427461725
0 0.4903313393144071 0.5688172559157226 0.033117565221702235 0.04674261546578696
0 0.4519170066401292 0.5708208079523632 0.0372842318883689 0.0468638530834473
0 0.29449800598107373 0.5631190878856799 0.032778007908665314 0.03840928213245363
0 0.7345482306198327 0.5873679898821941 0.04778578788329473 0.04925028046093208
0 0.03950189596838841 0.5609016171373086 0.036219570494145745 0.07180323427461725
0 0.22827523589227625 0.5976073099320303 0.05696801449921989 0.07032608902958609
0 0.14081768055640584 0.5961029866278269 0.04187534519633142 0.057401757367774545
0 0.09819423655133169 0.5969436343801403 0.03728423188836884 0.0468638530834473
0 0.2832059065132756 0.6179333989616166 0.04395867852966475 0.05746237617660484
0 0.434521691101293 0.6545896198640607 0.047955566539813074 0.05341694712759874
0 0.1793133577679597 0.647163815782356 0.04778578788329468 0.04925028046093208