0 0.5575912000605714 0.10042508878087916 0.08692750942232928 0.11022444807472229
0 0.35051346977256087 0.0813157676049534 0.07136153022743912 0.09113501722370376
0 0.6523459927639108 0.1783301413394439 0.07114316448042643 0.0869683505570371
0 0.9759944949501509 0.25610961385819364 0.021588754711164882 0.05460307776083333
0 0.15347912483065784 0.10879050569958319 0.08068636815904243 0.0705441344982408
0 0.7962184637424865 0.23220325443513817 0.036499636665017 0.06119250861185191
0 0.421309929142567 0.15977845656161999 0.09526084275566286 0.11041840856101856
0 0.47006905321878895 0.009443380446481298 0.059861893562422115 0.018886760892962595
0 0.7563621732253873 0.238332900078379 0.06610303482570903 0.07020470364722228
0 0.3050254025331725 0.1552022367031016 0.09701662746847717 0.10421689868259267
0 0.923037698628767 0.2739885335642122 0.05666901402059944 0.0887122530393519
0 0.977649955526172 0.30392930028171217 0.016094176088995955 0.10857578394120372
0 0.09778389793490251 0.13921791552717583 0.08857411126163746 0.10193960486296305
0 0.49402151816729034 0.2215502337908329 0.07420914367531685 0.10576684067861114
0 0.6790649035133979 0.2640611228491661 0.10457682195055326 0.12936236904731485
0 0.16604700437248046 0.16676016312111094 0.08890165988215645 0.10818960486296306
0 0.9597276858141824 0.328275554587638 0.04757140057272172 0.07393495921972218
0 0.8504574393193323 0.3089705310310641 0.11126355344457864 0.13784117274537047
0 0.5949628606971636 0.26081663943958283 0.09405097241038002 0.12703658510611118
0 0.7710133861005434 0.29625406737833265 0.09701662746847717 0.10421689868259267
0 0.725727406151217 0.04865345744907346 0.06171800241202969 0.06594105673740745
0 0.42845697798887544 0.008789634752407237 0.04308604402224911 0.017579269504814473
0 0.6492991700589218 0.037947591947314264 0.06588466907869635 0.0660380369805556
0 0.5217776662150876 0.2874895486338884 0.08977512287020725 0.12485627152962972
0 0.42874178426123527 0.2958973590439348 0.09120335896250253 0.11240476165120382
0 0.24440952660939447 0.004867160587962876 0.07368094678121105 0.009734321175925752
0 0.19913395673218684 0.28979718414453687 0.08692750942232946 0.11022444807472229
0 0.9426464344952727 0.4358339169229622 0.07234417608899596 0.10988501722370382
0 0.894179424092718 0.4275984347799529 0.10194757424968799 0.11889721225907408
0 0.5013780740238987 0.02780545947388869 0.05974385195220269 0.05561091894777738
0 0.31762428765349043 0.35154384536578676 0.1114819191915912 0.14200783941203715
0 0.753226875472199 0.437121517986203 0.09405097241038002 0.12703658510611124
0 0.5204305977696844 0.39260090172407364 0.05941630333168379 0.061725899949166774
0 0.09080505276720996 0.31208609207226845 0.11740437057107214 0.13590330977675932
0 0.5587583280576948 0.4156379227474995 0.08977512287020725 0.12485627152962972
0 0.6110142944380006 0.45083551291990687 0.0871458751693422 0.11439111474138895
0 0.13873500753894605 0.3702730840937036 0.11411116689245618 0.1524729962002779
0 0.6000678795418227 0.04429544313763838 0.06193636815904237 0.07010772340407412
0 0.48162926202432127 0.4580085671241662 0.1019475742496881 0.1188972122590742
0 0.9124646773720784 0.555141553321064 0.11641286597280213 0.15668815298851843
0 0.17285033846024964 0.4339835952387035 0.10874348861721982 0.12945934929046304
0 0.3774743321273185 0.028315476697592448 0.07838466907869636 0.056630953395184896
0 0.5369143336361901 0.5545190202651847 0.09054826172146449 0.09990476165120393
0 0.30296720639350255 0.5121059823971756 0.11180946781211022 0.14825783941203716
0 0.7276072131780128 0.6083427722921291 0.1254101552838866 0.12984727026305573
0 0.5969031275455445 0.600980983284629 0.1330795326394688 0.15707607396111126
0 0.3855997097857576 0.5632428874126385 0.12233531735228312 0.15058362335324085
0 0.9720196178203582 0.13343539779939734 0.044169014020599445 0.08842131230990742
0 0.2202565257062364 0.6014243619562035 0.1258380280411989 0.1777154468081482
0 0.047999329489499205 0.5660596691998148 0.09599865897899841 0.15029268262379628
0 0.7899655857095357 0.7088501766743048 0.0953700256291692 0.1125017418943519
0 0.10928951530368163 0.5946435834604167 0.13165129654717353 0.16952758383953703
0 0.4911621679497488 0.6731486659084254 0.14656217850102587 0.1761170146905556
0 0.7191912731813119 0.7292245957470364 0.14547920850267532 0.11574883814546316
0 0.8873126398314827 0.12188182611726776 0.08232411126163726 0.1017941344982408
0 0.8387778622060353 0.7899053452408327 0.1413036830992958 0.15518670111407432
0 0.2738492627787571 0.7302264817638886 0.15313972712154492 0.18251248505527778
0 0.11616659731810533 0.7016443093976387 0.13243329413514376 0.10504123074935214
0 0.7110438610000205 0.8251306642627309 0.1441512965471735 0.1698185245689814
0 0.4550578471281432 0.052382041857291485 0.07837581034198352 0.10476408371458297
0 0.0356011488022331 0.7341801685665277 0.0712022976044662 0.13580632953361135
0 0.12413550806759238 0.7878117020015277 0.09537002562916914 0.1125017418943519
0 0.6442678991409174 0.09424608206888835 0.07399077792830393 0.1016001740119445
0 0.056388749435526214 0.7916649247723148 0.11277749887105243 0.09040940729444458
0 0.2706784177597868 0.04004137664675916 0.09197649781375977 0.08008275329351831