0 0.4815913761223628 0.31244192945949034 0.004336445323185009 0.004263646909814867
0 0.489839820127437 0.3143313023065274 0.004336445323185009 0.004263646909814867
0 0.487714042129974 0.31542145909476815 0.004336445323185009 0.004263646909814867
0 0.4874169294810669 0.3227131257614348 0.004336445323185009 0.004263646909814867
0 0.46728570550136345 0.3315071152497218 0.004336445323185009 0.004263646909814867
0 0.5253643708499193 0.3363993918456477 0.004336445323185009 0.004263646909814867
0 0.43374014884738216 0.3374912905282404 0.004336445323185009 0.004263646909814867
0 0.5346969261857897 0.33722285296523097 0.004336445323185009 0.004263646909814867
0 0.4857810375165859 0.33732070415555515 0.004336445323185009 0.004263646909814867
0 0.39415681551404885 0.33841260283814784 0.004336445323185009 0.004263646909814867
0 0.4825711481883267 0.3394767726712496 0.004336445323185009 0.004263646909814867
0 0.4273628148549934 0.34076176089296256 0.004336445323185009 0.004263646909814867
0 0.5137787035241971 0.3397910875143051 0.004336445323185009 0.004263646909814867
0 0.44923781485499337 0.3402526146164348 0.004336445323185009 0.004263646909814867
0 0.49090448152166005 0.33928281218495326 0.004336445323185009 0.004263646909814867
0 0.5116104808626045 0.3419229109692125 0.004336445323185009 0.004263646909814867
0 0.39711203685753044 0.34250653432245337 0.004336445323185009 0.004263646909814867
0 0.47619381419593787 0.3427472430359718 0.004336445323185009 0.004263646909814867
0 0.577193036198475 0.34143713880629584 0.004336445323185009 0.004263646909814867
0 0.564693036198475 0.3417280795357403 0.004336445323185009 0.004263646909814867
0 0.5417339248676787 0.3433031375397217 0.004336445323185009 0.004263646909814867
0 0.45944225820101203 0.34521849734189775 0.004336445323185009 0.004263646909814867
0 0.43036048086260453 0.3438140257106015 0.004336445323185009 0.004263646909814867
0 0.49277559153434536 0.34444265539671254 0.004336445323185009 0.004263646909814867
0 0.4188597028651416 0.3451223880459255 0.004336445323185009 0.004263646909814867
0 0.45731648020354915 0.3463086541301385 0.004336445323185009 0.004263646909814867
0 0.41356648020354914 0.347326946683194 0.004336445323185009 0.004263646909814867
0 0.5395232575419566 0.3464766276612958 0.004336445323185009 0.004263646909814867
0 0.4229414802035491 0.3471087411361108 0.004336445323185009 0.004263646909814867
0 0.5249823688727528 0.34577439184564773 0.004336445323185009 0.004263646909814867
0 0.40002481353688246 0.3476421324734256 0.004336445323185009 0.004263646909814867
0 0.6154375902162346 0.34783173822384206 0.004336445323185009 0.004263646909814867
0 0.4540217015470308 0.3505480559791663 0.004336445323185009 0.004263646909814867
0 0.5019383682136974 0.34943278318296256 0.004336445323185009 0.004263646909814867
0 0.4436474795444937 0.34974883992037 0.004336445323185009 0.004263646909814867
0 0.43635581287782704 0.3499185553458793 0.004336445323185009 0.004263646909814867
0 0.40410659087528994 0.34962848556361076 0.004336445323185009 0.004263646909814867
0 0.6008118122187717 0.3492128357415273 0.004336445323185009 0.004263646909814867
0 0.5643959235495679 0.34901974620240694 0.008757779974629424 0.010610627152963067
0 0.4331459235495679 0.35207462386157373 0.004336445323185009 0.004263646909814867
0 0.5591027008879753 0.3512243048396755 0.013179114626073367 0.01695760739611103
0 0.552895145552105 0.350328108537731 0.004336445323185009 0.004263646909814867
0 0.47377092354956785 0.35112906649087916 0.013179114626073603 0.01695760739611103
0 0.4831034788854383 0.3519525276104626 0.004336445323185009 0.004263646909814867
0 0.47789514555210494 0.35207375291439774 0.008757779974629187 0.010610627152963067
0 0.40610503488036415 0.35166332877537 0.004336445323185009 0.004263646909814867
0 0.3967300348803641 0.3518815343224534 0.004336445323185009 0.004263646909814867
0 0.5216027008879753 0.3520971270280088 0.004336445323185009 0.004263646909814867
0 0.5101868122187716 0.3513221560299995 0.004336445323185009 0.004263646909814867
0 0.39039514555210497 0.3541103380205089 0.004336445323185009 0.004263646909814867
0 0.38102014555210495 0.3543285435675923 0.008757779974629187 0.010610627152963067
0 0.48718525622384573 0.3539388807006477 0.004336445323185009 0.004263646909814867
0 0.46114358955717905 0.35454500722032367 0.004336445323185009 0.004263646909814867
0 0.4393110342213087 0.35401248683018477 0.004336445323185009 0.004263646909814867
0 0.4278527008879754 0.3542791824988422 0.004336445323185009 0.004263646909814867
0 0.4913519228905124 0.35384190045749964 0.004336445323185009 0.004263646909814867
0 0.4434777008879754 0.3539155065870367 0.004336445323185009 0.004263646909814867
0 0.3716451455521049 0.35454674911467554 0.008757779974629187 0.010610627152963067
0 0.4590602562238457 0.35459349734189777 0.004336445323185009 0.004263646909814867
0 0.29464670154703076 0.3542575502795831 0.013009335969555143 0.012790940729444363
0 0.538057144233994 0.3569175393887496 0.004336445323185009 0.004263646909814867
0 0.45480870022891984 0.35677381091837923 0.004336445323185009 0.004263646909814867
0 0.43401781155971614 0.35621704546745325 0.004336445323185009 0.004263646909814867
0 0.42043370022891985 0.3575738979243515 0.004336445323185009 0.004263646909814867
0 0.6171813662365311 0.35611658143560126 0.004336445323185009 0.004263646909814867
0 0.5401404775673273 0.3568690492671755 0.004336445323185009 0.004263646909814867
0 0.4225594782263828 0.35648374113611075 0.004336445323185009 0.004263646909814867
0 0.3455610342213087 0.35619454230101816 0.004336445323185009 0.004263646909814867
0 0.6233464769082719 0.3580544444042124 0.004336445323185009 0.004263646909814867
0 0.6098472549057348 0.35732796352777724 0.004336445323185009 0.004263646909814867
0 0.4151829222314569 0.3587367898949534 0.004336445323185009 0.004263646909814867
0 0.526556366236531 0.3582259017240736 0.004336445323185009 0.004263646909814867
0 0.4901404775673273 0.3580328121849533 0.004336445323185009 0.004263646909814867
0 0.3038094782263828 0.359247678065833 0.013179114626073485 0.01695760739611103
0 0.587844920913346 0.36096210980430504 0.013179114626073367 0.016957607396111147
0 0.5181381435749386 0.36050319554370325 0.008757779974629306 0.010610627152963067
0 0.4827639215724015 0.3602858609437959 0.004336445323185009 0.004263646909814867
0 0.43905636623653105 0.36026248683018475 0.004336445323185009 0.004263646909814867
0 0.3942646995698644 0.3613050244440275 0.004336445323185009 0.004263646909814867
0 0.7627175869209573 0.3600139395920827 0.013009335969555025 0.012790940729444363
0 0.49417981024160523 0.3610608319418051 0.004336445323185009 0.004263646909814867
0 0.44838892157240146 0.36108594794976817 0.008757779974629306 0.010610627152962949
0 0.4754722549057348 0.36045557636930514 0.004336445323185009 0.004263646909814867
0 0.35259803290319774 0.36227482687550894 0.013009335969555143 0.012790940729444481
0 0.31409881090066066 0.36213022745796264 0.013009335969555025 0.012790940729444363
0 0.6545115875800126 0.35941042591393463 0.013179114626073367 0.016957607396111147
0 0.6430108095825499 0.3607187882492587 0.004336445323185009 0.004263646909814867
0 0.3900980329031977 0.3614020046871756 0.004336445323185009 0.004263646909814867
0 0.657509253587624 0.3624626907315735 0.008757779974629424 0.010610627152962949
0 0.41705403224414234 0.3638966331067126 0.004336445323185009 0.004263646909814867
0 0.7782576975926981 0.36173359701361046 0.008927558631147766 0.014777293819629733
0 0.7105918089234943 0.36226785929810124 0.013009335969555025 0.012790940729444481
0 0.4430532542466794 0.3643321732537033 0.008757779974629187 0.010610627152962949
0 0.4223048102416052 0.3627337411361108 0.008757779974629306 0.010610627152963067
0 0.3983040322441423 0.3643330442008793 0.004336445323185009 0.004263646909814867
0 0.34313814357493855 0.3645763657559256 0.008757779974629306 0.010610627152962949
0 0.7345501422568276 0.3617102228999994 0.008757779974629424 0.010610627152962949
0 0.6648009202542906 0.36229297530606425 0.008757779974629424 0.010610627152962949
0 0.6356766982517535 0.3619301703414346 0.004336445323185009 0.004263646909814867
0 0.5471774762492164 0.36294933384166617 0.008757779974629424 0.010610627152962949
0 0.3223472549057348 0.3640196003049997 0.008757779974629306 0.010610627152962949
0 0.6877175869209573 0.36175958396874935 0.004336445323185009 0.004263646909814867
0 0.6148433649184202 0.3624150715571754 0.004336445323185009 0.004263646909814867
0 0.6980069195952351 0.364642133360879 0.013009335969555025 0.012790940729444363
0 0.5366759202542907 0.3652751177828699 0.008757779974629187 0.010610627152962949
0 0.3472199209133461 0.3665627188461108 0.008757779974629187 0.010610627152962949
0 0.33576158758001273 0.36682941451476825 0.013179114626073485 0.01695760739611103
0 0.5980918089234942 0.3648863258631013 0.008757779974629424 0.010610627152962949
0 0.41280247624921645 0.366076946683194 0.004336445323185009 0.004263646909814867
0 0.7968803636003092 0.36442218591944375 0.008757779974629424 0.010610627152962949
0 0.4804683649184202 0.3655426843987033 0.008757779974629187 0.010610627152962949
0 0.43571914291588315 0.36554355534587923 0.008757779974629187 0.010610627152962949
0 0.37842747624921647 0.36687703368916635 0.013179114626073603 0.016957607396111147
0 0.3649282542466794 0.3661505528127312 0.013009335969555143 0.012790940729444363
0 0.8062553636003092 0.3642039803723604 0.013179114626073367 0.016957607396111147
0 0.6740910309260315 0.3641581030923142 0.008757779974629424 0.010610627152962949
0 0.6626326975926982 0.36442479876097167 0.013009335969555025 0.012790940729444481
0 0.76867047427205 0.3671601358940271 0.008757779974629187 0.010610627152963067
0 0.4564251422568277 0.36818365413013854 0.008757779974629306 0.010610627152963067
0 0.38355092025429055 0.36883914171856447 0.013009335969555143 0.012790940729444481
0 0.35959258692095725 0.3693967781166664 0.013009335969555143 0.012790940729444363
0 0.2805108095825498 0.3691560694031479 0.013179114626073603 0.016957607396111147
0 0.8561280296079207 0.36616521745458264 0.008927558631147766 0.014777293819629733
0 0.8311280296079206 0.3667470989134715 0.008927558631147766 0.014777293819629615
0 0.43042592025429066 0.36774811398314783 0.004336445323185009 0.004263646909814867
0 0.5730069195952351 0.3675515406553236 0.013009335969555025 0.012790940729444481
0 0.5324243642593648 0.3674554313593514 0.008757779974629306 0.010610627152962949
0 0.4480918089234943 0.3683776146164348 0.013009335969555143 0.012790940729444481
0 0.3502600315850869 0.368573316997083 0.008757779974629187 0.010610627152963067
0 0.7197545856028464 0.36725798708435126 0.013009335969555025 0.012790940729444481
0 0.486633475590161 0.3674805473673144 0.008757779974629306 0.010610627152962949
0 0.39609336491842023 0.3675065343224534 0.008757779974629187 0.010610627152963067
0 0.3898433649184202 0.36765200468717557 0.008757779974629187 0.010610627152963067
0 0.8123780296079205 0.3671835100076382 0.013179114626073603 0.016957607396111147
0 0.6812553636003092 0.367113387666805 0.008757779974629424 0.010610627152963067
0 0.5813402529285684 0.3673575801690273 0.008757779974629424 0.010610627152962949
0 0.5657152529285684 0.36772125608083284 0.008757779974629424 0.010610627152962949
0 0.49800691959523513 0.3692971850319903 0.013009335969555143 0.012790940729444363
0 0.9008348069463279 0.36720601317407336 0.013009335969555025 0.012790940729444363
0 0.7915022516104576 0.3687100778900456 0.004336445323185009 0.004263646909814867
0 0.4271735862619018 0.37094584916550893 0.004336445323185009 0.004263646909814867
0 0.7821696962745872 0.3678866167704623 0.008757779974629187 0.010610627152962949
0 0.5239636969336426 0.3707743918456477 0.004336445323185009 0.004263646909814867
0 0.40429936425936475 0.37043757383615705 0.008757779974629306 0.010610627152962949
0 0.6832538076053835 0.36914823087856424 0.008757779974629187 0.010610627152962949
0 0.6249629189361797 0.36946428761597166 0.004336445323185009 0.004263646909814867
0 0.4927561415977722 0.3704600770025922 0.008757779974629187 0.010610627152963067
0 0.9601249176180687 0.3679073780425455 0.013179114626073367 0.016957607396111147
0 0.868458250951402 0.3700409433918048 0.013179114626073367 0.016957607396111147
0 0.5166295856028463 0.37198577393782367 0.004336445323185009 0.004263646909814867
0 0.6456689182771242 0.3721043864002309 0.013179114626073603 0.01695760739611103
0 0.32504780826443885 0.3743635317893053 0.013179114626073603 0.01695760739611103
0 0.8465832509514021 0.3705500896683326 0.017345781292740035 0.01705458763925923
0 0.5395038076053834 0.3724940492671755 0.008757779974629187 0.010610627152963067
0 0.4885045856028463 0.3726403905790736 0.013009335969555143 0.012790940729444363
0 0.715460584943791 0.3704799673274994 0.008927558631147766 0.014777293819629615
0 0.6550439182771243 0.37188618085314756 0.008757779974629187 0.010610627152962949
0 0.9079142502923467 0.37224463108189737 0.013009335969555025 0.012790940729444481
0 0.7059582509514021 0.3738231728745827 0.008757779974629424 0.010610627152963067
0 0.9380801389615504 0.37258319098573994 0.013009335969555025 0.012790940729444481
0 0.34479703026697595 0.3749445423010182 0.008757779974629187 0.010610627152963067
0 0.7590408062872726 0.37362834144111046 0.008757779974629424 0.010610627152963067
0 0.6882923622821984 0.37319367224129574 0.013179114626073367 0.016957607396111147
0 0.5050439182771242 0.37537746960648105 0.008757779974629306 0.010610627152962949
0 0.8912051389615504 0.37367421872115664 0.015517115944184449 0.02325609751768525
0 0.2916720302669759 0.37618104040115713 0.013009335969555025 0.012790940729444481
0 0.8776210276307542 0.3750310711780548 0.017345781292740035 0.01705458763925923
0 0.8172892502923468 0.37435395137036964 0.013179114626073367 0.016957607396111147
0 0.5091256956155318 0.37736382269666624 0.008757779974629187 0.010610627152962949
0 0.27283714093871675 0.3787007848286572 0.013179114626073485 0.01695760739611103
0 0.6756650282898096 0.3766096129707402 0.013009335969555025 0.012790940729444363
0 0.6704991396206059 0.37568917160800874 0.013179114626073367 0.01695760739611103
0 0.6600400282898096 0.3769732888825458 0.008757779974629424 0.010610627152963067
0 0.6506650282898095 0.377191494429629 0.013009335969555025 0.012790940729444363
0 0.6173741396206059 0.3769256697081476 0.008927558631147766 0.014777293819629615
0 0.6111241396206059 0.37707114007286985 0.008757779974629424 0.010610627152962949
0 0.5829991396206059 0.37772575671411984 0.013009335969555025 0.012790940729444481
0 0.30091969627458715 0.3790878348540738 0.019683782610851117 0.02335307776083333
0 0.6642491396206059 0.3758346419727309 0.013179114626073367 0.016957607396111147
0 0.5289173622821984 0.3769031665417125 0.008927558631147529 0.014777293819629733
0 0.3977522516104576 0.3778747108675459 0.008757779974629306 0.010610627152962949
0 0.9254528049691617 0.3759991317151844 0.013179114626073367 0.01695760739611103
0 0.35196136294125385 0.37789982687550894 0.013009335969555143 0.012790940729444481
0 0.6382074729539392 0.3764407684924069 0.013179114626073367 0.016957607396111147
0 0.9463285829666245 0.37447256383277694 0.013179114626073367 0.01695760739611103
0 0.8005376942974209 0.3768252056762956 0.013179114626073367 0.016957607396111147
0 0.7942452496332912 0.37801234270768447 0.008927558631147766 0.014777293819629733
0 0.7505376942974209 0.37798896859407344 0.013179114626073367 0.016957607396111147
0 0.49445747295393916 0.3797865868810181 0.013009335969555143 0.012790940729444481
0 0.40183402894886505 0.37986106395773117 0.008757779974629187 0.010610627152962949
0 0.6277059169590135 0.37876655243361057 0.013009335969555025 0.012790940729444481
0 0.8379528049691617 0.3780357168212956 0.017345781292740035 0.01705458763925923
0 0.4122082509514022 0.38066028001652735 0.015517115944184449 0.02325609751768525
0 0.3924590289488651 0.38007926950481447 0.013179114626073603 0.016957607396111147
0 0.7838285829666245 0.37825479331555484 0.017176002636221693 0.012887920972592563
0 0.6058309169590134 0.3792756987101384 0.013179114626073367 0.016957607396111147
0 0.7358694716358283 0.38041173277842527 0.01985356126736946 0.027519744427499996
0 0.7192028049691618 0.38079965375101793 0.013179114626073367 0.016957607396111147
0 0.3100824729539392 0.38407796264032373 0.02618845059562863 0.029748548125555628
0 0.5755801389615504 0.38102047213962914 0.013179114626073367 0.016957607396111147
0 0.4620809169590133 0.3826215170987496 0.017345781292740153 0.01705458763925923
0 0.4464559169590133 0.3829851930105551 0.015517115944184449 0.02325609751768525
0 0.9731572483151804 0.380092192252314 0.007098893282591945 0.020978803698055513
0 0.5568301389615503 0.3814568832337958 0.015517115944184449 0.02325609751768525
0 0.4350400282898096 0.38221022201254595 0.013179114626073485 0.01695760739611103
0 0.37045669495647626 0.3837134157813422 0.017345781292740153 0.01705458763925923
0 0.5692452496332912 0.38324927583768464 0.015517115944184449 0.02325609751768525
0 0.6920345823075691 0.38351335866481423 0.01985356126736946 0.027519744427499996
0 0.47970436096408753 0.3842926843987033 0.008927558631147647 0.014777293819629615
0 0.5015793609640875 0.38378353812217547 0.013179114626073485 0.01695760739611103
0 0.29333091695901337 0.3865492169462498 0.015517115944184449 0.02325609751768525
0 0.18708091695901335 0.3890222131465276 0.01551711594418439 0.02325609751768525
0 0.17249758362568002 0.38936164399754614 0.019683782610851058 0.02335307776083333
0 0.2662051389615504 0.38822125519337936 0.017345781292740153 0.01705458763925923
0 0.519160360305032 0.38649637208879584 0.019683782610851117 0.02335307776083333
0 0.5430762489742358 0.3869804023573606 0.02618845059562863 0.029748548125555628
0 0.42128613830249495 0.38773374113611075 0.013179114626073603 0.01695760739611103
0 0.38591191629995786 0.3875164065362034 0.013179114626073603 0.016957607396111147
0 0.6605723589869211 0.38944904382175866 0.013179114626073367 0.01695760739611103
0 0.2692452496332912 0.3902318533443516 0.019683782610851117 0.02335307776083333
0 0.9125283583278656 0.38670673911129555 0.019683782610851117 0.02335307776083333
0 0.8646541363253287 0.38678034524083255 0.019683782610851117 0.023353077760833448
0 0.7282806923202545 0.38787311487060117 0.017345781292740035 0.01705458763925923
0 0.4732845823075691 0.3886048214300922 0.013179114626073485 0.016957607396111147
0 0.341035360305032 0.3906422774833793 0.019683782610851117 0.02335307776083333
0 0.853110913663736 0.3891303742428233 0.01985356126736946 0.027519744427499996
0 0.4929913596459766 0.39022749860847183 0.013179114626073485 0.016957607396111147
0 0.48565724831518037 0.3914388807006477 0.013179114626073603 0.01695760739611103
0 0.7979025803304028 0.3904153624645364 0.017345781292740035 0.01705458763925923
0 0.32532547097677283 0.39308928672851823 0.01985356126736946 0.027519744427499996
0 0.5043648036510507 0.3920441362731477 0.01734578129274027 0.01705458763925923
0 0.6699473589869211 0.38923083827467536 0.019683782610851117 0.023353077760833448
0 0.7656958029919954 0.3890836260156012 0.028781119898517223 0.04229703824712961
0 0.744862469658662 0.38956852723134194 0.019683782610851117 0.02335307776083333
0 0.9321926910021435 0.3893710829563418 0.019683782610851117 0.02335307776083333
0 0.9591486903430881 0.39186571137587883 0.01985356126736946 0.027519744427499996
0 0.7041525803304027 0.3925974179353698 0.01985356126736946 0.027519744427499996
0 0.7135275803304029 0.39237921238828644 0.013179114626073367 0.016957607396111147
0 0.0577444716358283 0.39619526735078703 0.032778007908665384 0.038227351823611144
0 0.2836163596459766 0.3951007558266664 0.019683782610851117 0.02335307776083333
0 0.9091911350072177 0.3919878076269899 0.013179114626073603 0.01695760739611103
0 0.02237024963329123 0.39597793275087956 0.026273339923887827 0.03183188145888896
0 0.4043223589869212 0.39541332877537 0.015517115944184449 0.02325609751768525
0 0.3720731369843841 0.3951232589931015 0.019683782610851117 0.02335307776083333
0 0.5833192469970694 0.3954098449866662 0.01985356126736946 0.027519744427500114
0 0.9236895790122919 0.39373171010930474 0.019683782610851117 0.02335307776083333
0 0.8841911350072177 0.3925696890858789 0.0387733399238878 0.03212282218833332
0 0.20957313698438407 0.3989054884758795 0.03528578788329468 0.048692508611851794
0 0.04095047097677285 0.39970818832337957 0.03528578788329468 0.04869250861185191
0 0.39482002499453234 0.3987565343224534 0.015517115944184449 0.02325609751768525
0 0.3906958029919953 0.39781184789893487 0.013179114626073485 0.016957607396111147
0 0.6508153570097548 0.39904224936884203 0.02618845059562863 0.029748548125555628
0 0.4228601356662731 0.40018525101453667 0.01734578129274027 0.01705458763925923
0 0.777813801014829 0.3981676852861567 0.02618845059562863 0.029748548125555628
0 0.15636324765612486 0.40222531990935173 0.03277800790866543 0.038227351823611144
0 0.3499859136637361 0.40084073860296265 0.03928267589344294 0.04462282218833333
0 0.445649468340551 0.4027768596772218 0.013009335969555143 0.012790940729444363
0 0.6257304676814957 0.4017074641610643 0.030355117262295294 0.02984552836870371
0 0.6028562456789585 0.4011991888317124 0.008927558631147766 0.014777293819629733
0 0.4611471343481623 0.4055381837654162 0.02618845059562863 0.029748548125555628
0 0.9679719097094034 0.40518917249546216 0.02435978524707281 0.03595005800398153
0 0.9441833550325884 0.40158014222689736 0.0262733399238878 0.03183188145888896
0 0.6652289116865698 0.4028694851844901 0.019683782610851117 0.023353077760833448
0 0.4829372450199031 0.4071123708222218 0.015517115944184449 0.02325609751768525
0 0.5443531336891069 0.4067235789024532 0.02618845059562863 0.029748548125555628
0 0.6807265776941809 0.40563080927268463 0.03277800790866555 0.038227351823611144
0 0.7900591330300514 0.40412674455671227 0.030355117262295294 0.02984552836870371
0 0.5078099110275143 0.40965548936333285 0.01568689460070279 0.027422764184351914
0 0.303813023017366 0.41024085461092563 0.028611341241998645 0.038130371580462945
0 0.2818531336891068 0.41283333422078683 0.02618845059562863 0.029748548125555628
0 0.7199703537144776 0.4130428302961105 0.0262733399238878 0.03183188145888896
0 0.43372424370179213 0.41450188867921256 0.019683782610851117 0.02335307776083333
0 0.4960969097094034 0.4161721850319903 0.028781119898517105 0.04229703824712961
0 0.39709613171194047 0.41951713247342565 0.02618845059562863 0.029748548125555628
0 0.6270497970604961 0.4204089740394902 0.01985356126736946 0.027519744427499996
0 0.5916755750579592 0.4201916394395828 0.01985356126736946 0.027519744427499996
0 0.4137203537144776 0.4201708781674996 0.01985356126736946 0.027519744427500114
0 0.6988823523963668 0.4197777315118512 0.0262733399238878 0.03183188145888896
0 0.23151357637607006 0.42233043047189794 0.0616440171354417 0.08260772340407409
0 0.6539633517373111 0.42394526912569386 0.03277800790866555 0.038227351823611144
0 0.5779216850706445 0.4257151585631476 0.015517115944184449 0.02325609751768525
0 0.9308344617499966 0.42270441628967514 0.04179045586807225 0.055087978976574095
0 0.3260081303938296 0.4274157966069441 0.030355117262295294 0.02984552836870371
0 0.5580451290757187 0.4282591480514347 0.04162067721155391 0.05092131230990742
0 0.5289209070731816 0.4278963430868051 0.026018671939110286 0.025581881458888962
0 0.09475813039382958 0.4327982001016666 0.061474238478923304 0.07844105673740742
0 0.15096568572969998 0.4325306334858332 0.03928267589344294 0.04462282218833333
0 0.8442487944242745 0.42784175633499927 0.044043567857923925 0.05930313576481486
0 0.8202904610909412 0.4283993927331012 0.04821023452459059 0.05940011600796306
0 0.3507110177449224 0.4341255818147219 0.030355117262295294 0.02984552836870371
0 0.016935513815377078 0.4358764518744444 0.033871027630754155 0.08241376291777781
0 0.6867449044369598 0.4367110938471754 0.02618845059562863 0.029748548125555628
0 0.961617570444571 0.4334353977993973 0.04179045586807225 0.055087978976574095
0 0.299542017085867 0.43843858979328676 0.032778007908665314 0.038227351823611144
0 0.26516701708586693 0.43923867679925904 0.05696801449921989 0.07001074316092588
0 0.37853890509601523 0.44076263184013853 0.03770867852966475 0.057074332066759347
0 0.4523699044369598 0.44216623252425885 0.03770867852966475 0.057074332066759347
0 0.05574957242173737 0.44515360068412035 0.045787343878220525 0.051018292553055504
0 0.7177826811163117 0.44119207535689753 0.03277800790866555 0.038227351823611144
0 0.9091946797982009 0.44298098417208254 0.05088779315573835 0.07403193946287037
0 0.594866014449645 0.444052992529768 0.02861134124199888 0.038130371580462945
0 0.8841522351340714 0.44460453229763813 0.0745684637767378 0.09331533080018524
0 0.13253579310616354 0.45065113285254615 0.03753889987314638 0.05290766540009268
0 0.79123167848009 0.45197067604101787 0.04421334651444227 0.06346980243148152
0 0.19777879112899718 0.4584986940229628 0.06313312517096073 0.06807288019231497
0 0.7546035664902384 0.4569859198352308 0.06147423847892337 0.07844105673740742
0 0.6659770104953125 0.4611300833354624 0.05012378920140558 0.055281939462870376
0 0.31506267782103453 0.4661756688206941 0.04179045586807225 0.05508797897657421
0 0.1015634558184975 0.4701042396153703 0.056883125170960724 0.06792740982759256
0 0.4323890091772016 0.47281097695175883 0.057137793155738234 0.07417740982759255
0 0.6331335631949612 0.47542334688652726 0.0352857878832945 0.04869250861185191
0 0.6029252298616278 0.47612645364935136 0.0352857878832945 0.04869250861185191
0 0.5140015612177947 0.48756228381624955 0.056968014499219774 0.07001074316092588
0 0.5697422252482395 0.49875305053374946 0.061219570494145614 0.07219105673740742
0 0.7112815579225175 0.49858072226671235 0.0352857878832945 0.048692508611851794
0 0.34148989125585083 0.5071877188461108 0.05237690119125726 0.05949709625111114
0 0.9409381106221661 0.5067642304994436 0.07265490909992281 0.09743350734527781
0 0.4641943346018695 0.5095351350065737 0.04821023452459059 0.05940011600796294
0 0.02478250590671168 0.5169082463273611 0.04956501181342336 0.09535017401194447
0 0.20926366398087015 0.534200929838611 0.06721490250936822 0.0660865271021296
0 0.7540783253750933 0.546496517986203 0.09250847036729226 0.12495325177277791
0 0.09808299335987077 0.555520906282037 0.08132779974629276 0.10596080116490754
0 0.5579938688479655 0.6082977659592588 0.08000847036729203 0.12466231104333332
0 0.14553631351209512 0.616857143364259 0.13013225956869773 0.1799442505062037
0 0.6730670882142807 0.6191482308785642 0.08825691437236619 0.12277293819629638
0 0.4037653075805961 0.6389451232282866 0.09667513703395882 0.1250502320159261
0 0.20899663564148577 0.6684547045346757 0.13370470093755008 0.1654578974160188
0 0.5060025144248578 0.7094130387554626 0.16686116603239848 0.26405342578472213
0 0.7531357272006185 0.748410135894027 0.15440715548751124 0.21381097517685202
0 0.8380660526252866 0.7838977958487031 0.26902938869399123 0.26851277507518556