0 0.21770833333333334 0.9635416666666666 0.08541666666666667 0.07291666666666667
0 0.14375 0.14479166666666668 0.020833333333333332 0.0125
0 0.6552083333333333 0.915625 0.12708333333333333 0.121875
0 0.12083333333333333 0.15208333333333332 0.015625 0.015625
0 0.778125 0.9229166666666667 0.09375 0.08125
0 0.18020833333333333 0.14166666666666666 0.015625 0.015625
0 0.15416666666666667 0.15416666666666667 0.015625 0.015625
0 0.0375 0.171875 0.015625 0.010416666666666666
0 0.13645833333333332 0.15625 0.020833333333333332 0.016666666666666666
0 0.04895833333333333 0.17291666666666666 0.015625 0.010416666666666666
0 0.115625 0.1625 0.015625 0.010416666666666666
0 0.26458333333333334 0.13854166666666667 0.020833333333333332 0.016666666666666666
0 0.8520833333333333 0.04791666666666667 0.015625 0.015625
0 0.24166666666666667 0.14479166666666668 0.021875 0.021875
0 0.409375 0.12083333333333333 0.015625 0.010416666666666666
0 0.7572916666666667 0.065625 0.010416666666666666 0.010416666666666666
0 0.76875 0.06354166666666666 0.015625 0.015625
0 0.6583333333333333 0.08125 0.015625 0.015625
0 0.5166666666666667 0.103125 0.015625 0.010416666666666666
0 0.378125 0.128125 0.015625 0.010416666666666666
0 0.16979166666666667 0.16041666666666668 0.016666666666666666 0.020833333333333332
0 0.30416666666666664 0.13958333333333334 0.027083333333333334 0.021875
0 0.58125 0.09583333333333334 0.015625 0.010416666666666666
0 0.215625 0.153125 0.015625 0.015625
0 0.3458333333333333 0.13333333333333333 0.015625 0.010416666666666666
0 0.428125 0.11979166666666667 0.010416666666666666 0.010416666666666666
0 0.13541666666666666 0.16875 0.015625 0.015625
0 0.071875 0.17916666666666667 0.015625 0.015625
0 0.7208333333333333 0.07604166666666666 0.021875 0.021875
0 0.0375 0.184375 0.020833333333333332 0.016666666666666666
0 0.4395833333333333 0.12083333333333333 0.015625 0.010416666666666666
0 0.48541666666666666 0.11354166666666667 0.015625 0.010416666666666666
0 0.05520833333333333 0.18125 0.020833333333333332 0.016666666666666666
0 0.41875 0.12291666666666666 0.015625 0.010416666666666666
0 0.6791666666666667 0.08229166666666667 0.015625 0.015625
0 0.74375 0.071875 0.015625 0.015625
0 0.703125 0.08125 0.015625 0.015625
0 0.43125 0.12395833333333334 0.015625 0.010416666666666666
0 0.6916666666666667 0.08333333333333333 0.015625 0.010416666666666666
0 0.45208333333333334 0.12083333333333333 0.010416666666666666 0.010416666666666666
0 0.33541666666666664 0.14166666666666666 0.015625 0.015625
0 0.4041666666666667 0.13020833333333334 0.015625 0.015625
0 0.6354166666666666 0.09479166666666666 0.015625 0.015625
0 0.7583333333333333 0.075 0.015625 0.015625
0 0.32395833333333335 0.14375 0.015625 0.015625
0 0.6104166666666667 0.10104166666666667 0.015625 0.015625
0 0.365625 0.13958333333333334 0.010416666666666666 0.010416666666666666
0 0.5208333333333334 0.11458333333333333 0.015625 0.010416666666666666
0 0.39166666666666666 0.1375 0.009375 0.00625
0 0.44166666666666665 0.13229166666666667 0.015625 0.010416666666666666
0 0.3541666666666667 0.14583333333333334 0.010416666666666666 0.010416666666666666
0 0.7822916666666667 0.078125 0.015625 0.015625
0 0.45625 0.13229166666666667 0.010416666666666666 0.010416666666666666
0 0.4166666666666667 0.13854166666666667 0.014583333333333334 0.00625
0 0.6895833333333333 0.09791666666666667 0.021875 0.021875
0 0.8083333333333333 0.07916666666666666 0.021875 0.021875
0 0.83125 0.075 0.015625 0.015625
0 0.6041666666666666 0.11041666666666666 0.015625 0.010416666666666666
0 0.6666666666666666 0.103125 0.020833333333333332 0.016666666666666666
0 0.321875 0.15833333333333333 0.015625 0.010416666666666666
0 0.4354166666666667 0.13958333333333334 0.015625 0.010416666666666666
0 0.5833333333333334 0.11875 0.015625 0.015625
0 0.61875 0.11354166666666667 0.015625 0.015625
0 0.7239583333333334 0.09895833333333333 0.021875 0.021875
0 0.38958333333333334 0.15208333333333332 0.015625 0.015625
0 0.425 0.14583333333333334 0.009375 0.00625
0 0.40729166666666666 0.14895833333333333 0.015625 0.010416666666666666
0 0.6385416666666667 0.1125 0.020833333333333332 0.016666666666666666
0 0.014583333333333334 0.21145833333333333 0.010416666666666666 0.015625
0 0.3614583333333333 0.15833333333333333 0.010416666666666666 0.010416666666666666
0 0.3958333333333333 0.153125 0.015625 0.010416666666666666
0 0.41875 0.15 0.015625 0.010416666666666666
0 0.5166666666666667 0.134375 0.015625 0.015625
0 0.6083333333333333 0.121875 0.016666666666666666 0.020833333333333332
0 0.008333333333333333 0.21979166666666666 0.015625 0.010416666666666666
0 0.5489583333333333 0.13333333333333333 0.009375 0.00625
0 0.43125 0.15729166666666666 0.015625 0.010416666666666666
0 0.4979166666666667 0.146875 0.015625 0.010416666666666666
0 0.3697916666666667 0.16666666666666666 0.015625 0.015625
0 0.909375 0.08125 0.021875 0.021875
0 0.38229166666666664 0.16666666666666666 0.010416666666666666 0.010416666666666666
0 0.5854166666666667 0.13541666666666666 0.015625 0.010416666666666666
0 0.73125 0.1125 0.021875 0.021875
0 0.35625 0.17395833333333333 0.015625 0.015625
0 0.39791666666666664 0.16875 0.015625 0.010416666666666666
0 0.014583333333333334 0.22916666666666666 0.015625 0.015625
0 0.6520833333333333 0.12916666666666668 0.020833333333333332 0.016666666666666666
0 0.6822916666666666 0.12395833333333334 0.020833333333333332 0.016666666666666666
0 0.4479166666666667 0.16041666666666668 0.015625 0.010416666666666666
0 0.76875 0.11041666666666666 0.021875 0.021875
0 0.5447916666666667 0.14583333333333334 0.015625 0.010416666666666666
0 0.6239583333333333 0.13333333333333333 0.020833333333333332 0.016666666666666666
0 0.55625 0.14375 0.015625 0.015625
0 0.5791666666666667 0.13958333333333334 0.015625 0.015625
0 0.5229166666666667 0.15208333333333332 0.020833333333333332 0.016666666666666666
0 0.8197916666666667 0.10416666666666667 0.020833333333333332 0.016666666666666666
0 0.3260416666666667 0.18333333333333332 0.015625 0.015625
0 0.051041666666666666 0.22708333333333333 0.015625 0.015625
0 0.6895833333333333 0.125 0.015625 0.010416666666666666
0 0.8583333333333333 0.09791666666666667 0.020833333333333332 0.016666666666666666
0 0.3416666666666667 0.18333333333333332 0.015625 0.010416666666666666
0 0.6010416666666667 0.14166666666666666 0.015625 0.015625
0 0.03125 0.23229166666666667 0.020833333333333332 0.016666666666666666
0 0.321875 0.18854166666666666 0.010416666666666666 0.010416666666666666
0 0.007291666666666667 0.2375 0.014583333333333334 0.015625
0 0.11770833333333333 0.22083333333333333 0.020833333333333332 0.016666666666666666
0 0.4708333333333333 0.16458333333333333 0.015625 0.015625
0 0.9010416666666666 0.09791666666666667 0.015625 0.015625
0 0.2947916666666667 0.19479166666666667 0.020833333333333332 0.016666666666666666
0 0.36041666666666666 0.184375 0.015625 0.010416666666666666
0 0.45416666666666666 0.16979166666666667 0.015625 0.015625
0 0.784375 0.11666666666666667 0.015625 0.015625
0 0.8479166666666667 0.109375 0.021875 0.021875
0 0.5770833333333333 0.15208333333333332 0.020833333333333332 0.016666666666666666
0 0.5010416666666667 0.16458333333333333 0.021875 0.021875
0 0.6197916666666666 0.14583333333333334 0.020833333333333332 0.016666666666666666
0 0.759375 0.12291666666666666 0.021875 0.021875
0 0.41458333333333336 0.178125 0.010416666666666666 0.010416666666666666
0 0.5354166666666667 0.159375 0.015625 0.015625
0 0.42291666666666666 0.17708333333333334 0.015625 0.015625
0 0.725 0.12916666666666668 0.025 0.016666666666666666
0 0.020833333333333332 0.24270833333333333 0.015625 0.015625
0 0.8854166666666666 0.10625 0.020833333333333332 0.016666666666666666
0 0.2604166666666667 0.20416666666666666 0.015625 0.015625
0 0.08958333333333333 0.23229166666666667 0.015625 0.010416666666666666
0 0.5958333333333333 0.15208333333333332 0.020833333333333332 0.016666666666666666
0 0.10208333333333333 0.23333333333333334 0.015625 0.010416666666666666
0 0.17083333333333334 0.221875 0.021875 0.021875
0 0.18125 0.21979166666666666 0.015625 0.010416666666666666
0 0.35104166666666664 0.19270833333333334 0.020833333333333332 0.016666666666666666
0 0.5135416666666667 0.16666666666666666 0.015625 0.015625
0 0.5416666666666666 0.1625 0.015625 0.010416666666666666
0 0.2864583333333333 0.203125 0.010416666666666666 0.010416666666666666
0 0.38333333333333336 0.18854166666666666 0.021875 0.021875
0 0.36666666666666664 0.19270833333333334 0.015625 0.015625
0 0.9135416666666667 0.10625 0.020833333333333332 0.016666666666666666
0 0.525 0.16770833333333332 0.015625 0.015625
0 0.5677083333333334 0.16041666666666668 0.021875 0.021875
0 0.33958333333333335 0.196875 0.015625 0.015625
0 0.346875 0.19583333333333333 0.010416666666666666 0.010416666666666666
0 0.8739583333333333 0.1125 0.016666666666666666 0.020833333333333332
0 0.15208333333333332 0.22916666666666666 0.021875 0.021875
0 0.22604166666666667 0.21666666666666667 0.020833333333333332 0.016666666666666666
0 0.7052083333333333 0.14166666666666666 0.020833333333333332 0.016666666666666666
0 0.05416666666666667 0.24479166666666666 0.015625 0.015625
0 0.07916666666666666 0.240625 0.015625 0.015625
0 0.32708333333333334 0.20208333333333334 0.016666666666666666 0.020833333333333332
0 0.19166666666666668 0.22291666666666668 0.015625 0.015625
0 0.140625 0.23125 0.015625 0.015625
0 0.6375 0.15208333333333332 0.020833333333333332 0.016666666666666666
0 0.5854166666666667 0.16354166666666667 0.020833333333333332 0.0125
0 0.008333333333333333 0.25416666666666665 0.015625 0.016666666666666666
0 0.04583333333333333 0.24791666666666667 0.016666666666666666 0.020833333333333332
0 0.26666666666666666 0.215625 0.015625 0.015625
0 0.40208333333333335 0.19479166666666667 0.015625 0.015625
0 0.41458333333333336 0.19166666666666668 0.015625 0.015625
0 0.43645833333333334 0.18958333333333333 0.015625 0.015625
0 0.8364583333333333 0.12604166666666666 0.015625 0.015625
0 0.5625 0.16875 0.020833333333333332 0.016666666666666666
0 0.20520833333333333 0.22604166666666667 0.020833333333333332 0.016666666666666666
0 0.6604166666666667 0.153125 0.015625 0.015625
0 0.8645833333333334 0.12083333333333333 0.020833333333333332 0.0125
0 0.035416666666666666 0.25416666666666665 0.015625 0.015625
0 0.12083333333333333 0.24166666666666667 0.015625 0.015625
0 0.4510416666666667 0.18958333333333333 0.015625 0.015625
0 0.10520833333333333 0.24375 0.021875 0.021875
0 0.13333333333333333 0.23958333333333334 0.020833333333333332 0.016666666666666666
0 0.48020833333333335 0.184375 0.020833333333333332 0.016666666666666666
0 0.8072916666666666 0.13333333333333333 0.020833333333333332 0.016666666666666666
0 0.5885416666666666 0.16666666666666666 0.015625 0.015625
0 0.63125 0.16041666666666668 0.015625 0.010416666666666666
0 0.846875 0.12916666666666668 0.015625 0.015625
0 0.17083333333333334 0.23541666666666666 0.020833333333333332 0.016666666666666666
0 0.309375 0.21458333333333332 0.020833333333333332 0.016666666666666666
0 0.15625 0.23854166666666668 0.020833333333333332 0.016666666666666666
0 0.6677083333333333 0.15729166666666666 0.015625 0.015625
0 0.9166666666666666 0.11666666666666667 0.015625 0.015625
0 0.7479166666666667 0.146875 0.020833333333333332 0.016666666666666666
0 0.24791666666666667 0.22604166666666667 0.015625 0.010416666666666666
0 0.50625 0.18541666666666667 0.021875 0.021875
0 0.5229166666666667 0.18229166666666666 0.025 0.016666666666666666
0 0.890625 0.12395833333333334 0.021875 0.021875
0 0.5770833333333333 0.17291666666666666 0.021875 0.021875
0 0.5489583333333333 0.178125 0.015625 0.015625
0 0.5979166666666667 0.17083333333333334 0.015625 0.015625
0 0.28958333333333336 0.21979166666666666 0.016666666666666666 0.020833333333333332
0 0.08333333333333333 0.25416666666666665 0.021875 0.021875
0 0.35208333333333336 0.21145833333333333 0.020833333333333332 0.016666666666666666
0 0.7010416666666667 0.15625 0.021875 0.021875
0 0.64375 0.165625 0.010416666666666666 0.010416666666666666
0 0.28541666666666665 0.22291666666666668 0.015625 0.015625
0 0.796875 0.14166666666666666 0.020833333333333332 0.016666666666666666
0 0.8677083333333333 0.13229166666666667 0.015625 0.015625
0 0.2625 0.228125 0.020833333333333332 0.0125
0 0.36041666666666666 0.2125 0.021875 0.021875
0 0.06145833333333333 0.2625 0.015625 0.015625
0 0.30833333333333335 0.22291666666666668 0.020833333333333332 0.016666666666666666
0 0.7822916666666667 0.14791666666666667 0.021875 0.021875
0 0.6166666666666667 0.17395833333333333 0.020833333333333332 0.0125
0 0.9083333333333333 0.128125 0.020833333333333332 0.016666666666666666
0 0.4010416666666667 0.21041666666666667 0.015625 0.010416666666666666
0 0.6604166666666667 0.17083333333333334 0.016666666666666666 0.020833333333333332
0 0.20416666666666666 0.24166666666666667 0.025 0.016666666666666666
0 0.5854166666666667 0.18229166666666666 0.020833333333333332 0.016666666666666666
0 0.38229166666666664 0.21458333333333332 0.015625 0.015625
0 0.4510416666666667 0.203125 0.020833333333333332 0.016666666666666666
0 0.5239583333333333 0.19166666666666668 0.020833333333333332 0.0125
0 0.6739583333333333 0.16770833333333332 0.016666666666666666 0.020833333333333332
0 0.76875 0.153125 0.025 0.016666666666666666
0 0.010416666666666666 0.27395833333333336 0.020833333333333332 0.022916666666666665
0 0.12291666666666666 0.25833333333333336 0.021875 0.021875
0 0.046875 0.26979166666666665 0.015625 0.015625
0 0.828125 0.14583333333333334 0.021875 0.021875
0 0.165625 0.253125 0.021875 0.021875
0 0.4666666666666667 0.20520833333333333 0.021875 0.021875
0 0.753125 0.16041666666666668 0.021875 0.021875
0 0.3416666666666667 0.225 0.021875 0.021875
0 0.8520833333333333 0.14479166666666668 0.03125 0.022916666666666665
0 0.18333333333333332 0.2520833333333333 0.020833333333333332 0.016666666666666666
0 0.59375 0.1875 0.020833333333333332 0.016666666666666666
0 0.4375 0.2125 0.021875 0.021875
0 0.49270833333333336 0.20416666666666666 0.03125 0.022916666666666665
0 0.6208333333333333 0.18333333333333332 0.016666666666666666 0.020833333333333332
0 0.6114583333333333 0.1875 0.015625 0.015625
0 0.6395833333333333 0.18333333333333332 0.016666666666666666 0.020833333333333332
0 0.8729166666666667 0.14583333333333334 0.020833333333333332 0.016666666666666666
0 0.24375 0.24583333333333332 0.020833333333333332 0.016666666666666666
0 0.2625 0.24270833333333333 0.020833333333333332 0.016666666666666666
0 0.109375 0.26666666666666666 0.020833333333333332 0.016666666666666666
0 0.15729166666666666 0.259375 0.020833333333333332 0.016666666666666666
0 0.7239583333333334 0.16979166666666667 0.027083333333333334 0.021875
0 0.3 0.23958333333333334 0.025 0.016666666666666666
0 0.32916666666666666 0.234375 0.021875 0.021875
0 0.3958333333333333 0.22395833333333334 0.027083333333333334 0.021875
0 0.5229166666666667 0.20416666666666666 0.015625 0.015625
0 0.9395833333333333 0.1375 0.021875 0.021875
0 0.37916666666666665 0.22708333333333333 0.015625 0.015625
0 0.06354166666666666 0.27708333333333335 0.015625 0.015625
0 0.5625 0.2 0.015625 0.015625
0 0.5375 0.20416666666666666 0.015625 0.015625
0 0.029166666666666667 0.284375 0.021875 0.021875
0 0.921875 0.14583333333333334 0.021875 0.021875
0 0.6666666666666666 0.18541666666666667 0.021875 0.021875
0 0.8833333333333333 0.15208333333333332 0.027083333333333334 0.021875
0 0.7802083333333333 0.16770833333333332 0.029166666666666667 0.01875
0 0.8104166666666667 0.165625 0.027083333333333334 0.027083333333333334
0 0.14270833333333333 0.2708333333333333 0.025 0.016666666666666666
0 0.046875 0.2875 0.015625 0.015625
0 0.45416666666666666 0.22291666666666668 0.027083333333333334 0.021875
0 0.21666666666666667 0.2604166666666667 0.03125 0.028125
0 0.321875 0.24895833333333334 0.027083333333333334 0.021875
0 0.7020833333333333 0.18958333333333333 0.022916666666666665 0.03125
0 0.6145833333333334 0.20208333333333334 0.027083333333333334 0.021875
0 0.30416666666666664 0.25416666666666665 0.027083333333333334 0.021875
0 0.4 0.23958333333333334 0.021875 0.021875
0 0.596875 0.20833333333333334 0.016666666666666666 0.020833333333333332
0 0.6885416666666667 0.19583333333333333 0.021875 0.027083333333333334
0 0.057291666666666664 0.29583333333333334 0.025 0.016666666666666666
0 0.265625 0.2625 0.027083333333333334 0.021875
0 0.8947916666666667 0.16354166666666667 0.021875 0.027083333333333334
0 0.10520833333333333 0.28854166666666664 0.021875 0.027083333333333334
0 0.00625 0.30416666666666664 0.0125 0.027083333333333334
0 0.53125 0.22083333333333333 0.021875 0.021875
0 0.7322916666666667 0.18958333333333333 0.021875 0.021875
0 0.1375 0.28541666666666665 0.027083333333333334 0.021875
0 0.7645833333333333 0.18541666666666667 0.027083333333333334 0.027083333333333334
0 0.096875 0.2916666666666667 0.021875 0.027083333333333334
0 0.3625 0.25 0.027083333333333334 0.021875
0 0.19166666666666668 0.27708333333333335 0.03125 0.022916666666666665
0 0.24583333333333332 0.2677083333333333 0.027083333333333334 0.027083333333333334
0 0.38958333333333334 0.24583333333333332 0.027083333333333334 0.021875
0 0.7875 0.184375 0.015625 0.015625
0 0.8489583333333334 0.175 0.035416666666666666 0.03333333333333333
0 0.08541666666666667 0.29791666666666666 0.021875 0.021875
0 0.45416666666666666 0.24166666666666667 0.027083333333333334 0.027083333333333334
0 0.013541666666666667 0.3125 0.016666666666666666 0.020833333333333332
0 0.5645833333333333 0.22708333333333333 0.015625 0.015625
0 0.5833333333333334 0.22395833333333334 0.03333333333333333 0.035416666666666666
0 0.646875 0.21458333333333332 0.025 0.016666666666666666
0 0.715625 0.203125 0.03333333333333333 0.03333333333333333
0 0.6145833333333334 0.221875 0.03333333333333333 0.03333333333333333
0 0.5302083333333333 0.23541666666666666 0.016666666666666666 0.020833333333333332
0 0.32083333333333336 0.2677083333333333 0.027083333333333334 0.027083333333333334
0 0.7541666666666667 0.20208333333333334 0.021875 0.027083333333333334
0 0.7916666666666666 0.19583333333333333 0.015625 0.015625
0 0.2916666666666667 0.275 0.027083333333333334 0.021875
0 0.18854166666666666 0.29375 0.027083333333333334 0.027083333333333334
0 0.058333333333333334 0.3145833333333333 0.027083333333333334 0.027083333333333334
0 0.5458333333333333 0.2375 0.021875 0.021875
0 0.48854166666666665 0.24791666666666667 0.027083333333333334 0.027083333333333334
0 0.027083333333333334 0.321875 0.027083333333333334 0.021875
0 0.14583333333333334 0.303125 0.027083333333333334 0.027083333333333334
0 0.64375 0.22708333333333333 0.03125 0.022916666666666665
0 0.390625 0.2708333333333333 0.035416666666666666 0.028125
0 0.07604166666666666 0.32083333333333336 0.027083333333333334 0.021875
0 0.20625 0.30520833333333336 0.03125 0.022916666666666665
0 0.06458333333333334 0.32708333333333334 0.022916666666666665 0.03125
0 0.9208333333333333 0.19166666666666668 0.03125 0.028125
0 0.9427083333333334 0.190625 0.029166666666666667 0.04583333333333333
0 0.415625 0.27708333333333335 0.027083333333333334 0.027083333333333334
0 0.017708333333333333 0.3416666666666667 0.021875 0.027083333333333334
0 0.5458333333333333 0.25833333333333336 0.03125 0.028125
0 0.7354166666666667 0.228125 0.03125 0.022916666666666665
0 0.7958333333333333 0.21875 0.03125 0.028125
0 0.2552083333333333 0.3072916666666667 0.027083333333333334 0.027083333333333334
0 0.43645833333333334 0.278125 0.035416666666666666 0.028125
0 0.7 0.23958333333333334 0.03125 0.028125
0 0.146875 0.32708333333333334 0.03333333333333333 0.03333333333333333
0 0.58125 0.25833333333333336 0.027083333333333334 0.021875
0 0.6458333333333334 0.24791666666666667 0.03125 0.028125
0 0.8875 0.209375 0.035416666666666666 0.028125
0 0.6760416666666667 0.24583333333333332 0.03333333333333333 0.035416666666666666
0 0.8541666666666666 0.21666666666666667 0.035416666666666666 0.028125
0 0.19479166666666667 0.32083333333333336 0.021875 0.021875
0 0.36041666666666666 0.3 0.028125 0.03125
0 0.04791666666666667 0.35104166666666664 0.035416666666666666 0.028125
0 0.475 0.2833333333333333 0.027083333333333334 0.027083333333333334
0 0.340625 0.3072916666666667 0.028125 0.03125
0 0.221875 0.3260416666666667 0.027083333333333334 0.021875
0 0.878125 0.22395833333333334 0.040625 0.028125
0 0.084375 0.35 0.035416666666666666 0.028125
0 0.7479166666666667 0.24895833333333334 0.035416666666666666 0.03333333333333333
0 0.39895833333333336 0.3072916666666667 0.03125 0.022916666666666665
0 0.4270833333333333 0.303125 0.027083333333333334 0.021875
0 0.5604166666666667 0.28125 0.040625 0.0375
0 0.6302083333333334 0.275 0.028125 0.03125
0 0.46875 0.303125 0.027083333333333334 0.027083333333333334
0 0.596875 0.2833333333333333 0.035416666666666666 0.03333333333333333
0 0.7979166666666667 0.253125 0.016666666666666666 0.020833333333333332
0 0.12708333333333333 0.36041666666666666 0.035416666666666666 0.035416666666666666
0 0.041666666666666664 0.37604166666666666 0.03125 0.028125
0 0.24166666666666667 0.3458333333333333 0.03333333333333333 0.03333333333333333
0 0.6510416666666666 0.28125 0.03333333333333333 0.03333333333333333
0 0.8239583333333333 0.25625 0.0375 0.040625
0 0.5020833333333333 0.3104166666666667 0.022916666666666665 0.03125
0 0.5208333333333334 0.3072916666666667 0.04583333333333333 0.034375
0 0.9479166666666666 0.23958333333333334 0.035416666666666666 0.035416666666666666
0 0.7135416666666666 0.2791666666666667 0.035416666666666666 0.03333333333333333
0 0.775 0.26875 0.035416666666666666 0.03333333333333333
0 0.21666666666666667 0.3572916666666667 0.035416666666666666 0.035416666666666666
0 0.26979166666666665 0.3489583333333333 0.028125 0.03125
0 0.39375 0.33229166666666665 0.035416666666666666 0.035416666666666666
0 0.290625 0.34791666666666665 0.028125 0.03125
0 0.6927083333333334 0.2864583333333333 0.03125 0.022916666666666665
0 0.33958333333333335 0.34270833333333334 0.028125 0.03125
0 0.90625 0.2552083333333333 0.03333333333333333 0.035416666666666666
0 0.19166666666666668 0.36875 0.027083333333333334 0.027083333333333334
0 0.008333333333333333 0.403125 0.016666666666666666 0.0375
0 0.740625 0.28541666666666665 0.020833333333333332 0.016666666666666666
0 0.06666666666666667 0.39791666666666664 0.03125 0.028125
0 0.4666666666666667 0.33645833333333336 0.03125 0.028125
0 0.25833333333333336 0.3697916666666667 0.040625 0.03333333333333333
0 0.8833333333333333 0.27291666666666664 0.03333333333333333 0.03333333333333333
0 0.590625 0.31979166666666664 0.035416666666666666 0.03333333333333333
0 0.6270833333333333 0.31875 0.040625 0.028125
0 0.40208333333333335 0.35625 0.021875 0.027083333333333334
0 0.14791666666666667 0.39791666666666664 0.027083333333333334 0.027083333333333334
0 0.5604166666666667 0.3333333333333333 0.03125 0.028125
0 0.7145833333333333 0.3104166666666667 0.03125 0.028125
0 0.9541666666666667 0.27291666666666664 0.035416666666666666 0.035416666666666666
0 0.09583333333333334 0.4083333333333333 0.028125 0.03125
0 0.9177083333333333 0.28125 0.03333333333333333 0.03333333333333333
0 0.4239583333333333 0.3614583333333333 0.03333333333333333 0.03333333333333333
0 0.4822916666666667 0.3541666666666667 0.028125 0.03125
0 0.790625 0.30625 0.046875 0.041666666666666664
0 0.6333333333333333 0.33541666666666664 0.03125 0.028125
0 0.37083333333333335 0.3770833333333333 0.035416666666666666 0.035416666666666666
0 0.2677083333333333 0.3958333333333333 0.041666666666666664 0.041666666666666664
0 0.221875 0.403125 0.04583333333333333 0.029166666666666667
0 0.1625 0.4125 0.03333333333333333 0.03333333333333333
0 0.6114583333333333 0.34375 0.03125 0.028125
0 0.5458333333333333 0.3572916666666667 0.04375 0.025
0 0.6875 0.334375 0.040625 0.0375
0 0.825 0.321875 0.040625 0.03333333333333333
0 0.409375 0.3875 0.027083333333333334 0.027083333333333334
0 0.016666666666666666 0.4552083333333333 0.03333333333333333 0.041666666666666664
0 0.8520833333333333 0.325 0.03333333333333333 0.035416666666666666
0 0.7854166666666667 0.3375 0.041666666666666664 0.041666666666666664
0 0.5552083333333333 0.3770833333333333 0.0375 0.040625
0 0.51875 0.38229166666666664 0.046875 0.041666666666666664
0 0.34270833333333334 0.4125 0.040625 0.0375
0 0.1875 0.4375 0.028125 0.03125
0 0.7270833333333333 0.35208333333333336 0.040625 0.0375
0 0.21666666666666667 0.4354166666666667 0.041666666666666664 0.041666666666666664
0 0.490625 0.3958333333333333 0.040625 0.03333333333333333
0 0.6260416666666667 0.3770833333333333 0.040625 0.0375
0 0.8208333333333333 0.34791666666666665 0.035416666666666666 0.03333333333333333
0 0.9520833333333333 0.334375 0.035416666666666666 0.035416666666666666
0 0.016666666666666666 0.4895833333333333 0.03333333333333333 0.03333333333333333
0 0.12083333333333333 0.475 0.046875 0.046875
0 0.9260416666666667 0.34791666666666665 0.04791666666666667 0.052083333333333336
0 0.3229166666666667 0.4510416666666667 0.046875 0.041666666666666664
0 0.71875 0.38958333333333334 0.052083333333333336 0.04791666666666667
0 0.45208333333333334 0.434375 0.0375 0.04583333333333333
0 0.23125 0.47708333333333336 0.040625 0.028125
0 0.7510416666666667 0.39479166666666665 0.035416666666666666 0.03333333333333333
0 0.48125 0.4395833333333333 0.041666666666666664 0.046875
0 0.8833333333333333 0.38333333333333336 0.046875 0.046875
0 0.08645833333333333 0.509375 0.05625 0.04791666666666667
0 0.6020833333333333 0.43333333333333335 0.041666666666666664 0.041666666666666664
0 0.3458333333333333 0.47708333333333336 0.04791666666666667 0.05625
0 0.8 0.41041666666666665 0.05625 0.04791666666666667
0 0.21666666666666667 0.5052083333333334 0.05625 0.04375
0 0.63125 0.44166666666666665 0.0625 0.05416666666666667
0 0.39375 0.4791666666666667 0.041666666666666664 0.046875
0 0.020833333333333332 0.5385416666666667 0.040625 0.06041666666666667
0 0.290625 0.4979166666666667 0.046875 0.046875
0 0.5364583333333334 0.46770833333333334 0.06666666666666667 0.059375
0 0.4114583333333333 0.490625 0.058333333333333334 0.058333333333333334
0 0.7177083333333333 0.44375 0.046875 0.046875
0 0.121875 0.5552083333333333 0.059375 0.040625
0 0.8520833333333333 0.44166666666666665 0.058333333333333334 0.058333333333333334
0 0.246875 0.5447916666666667 0.058333333333333334 0.058333333333333334
0 0.5697916666666667 0.49583333333333335 0.05625 0.04791666666666667
0 0.7166666666666667 0.4895833333333333 0.052083333333333336 0.04375
0 0.7354166666666667 0.5041666666666667 0.065625 0.05
0 0.578125 0.534375 0.05416666666666667 0.03958333333333333
0 0.12395833333333334 0.6135416666666667 0.06666666666666667 0.059375
0 0.03854166666666667 0.6322916666666667 0.053125 0.058333333333333334
0 0.33958333333333335 0.5916666666666667 0.06041666666666667 0.05
0 0.20208333333333334 0.615625 0.052083333333333336 0.04791666666666667
0 0.44166666666666665 0.5770833333333333 0.053125 0.053125
0 0.7104166666666667 0.54375 0.06666666666666667 0.059375
0 0.4791666666666667 0.5854166666666667 0.059375 0.040625
0 0.3145833333333333 0.6166666666666667 0.07083333333333333 0.07291666666666667
0 0.98125 0.5145833333333333 0.0375 0.065625
0 0.6020833333333333 0.5760416666666667 0.06875 0.06458333333333334
0 0.878125 0.5354166666666667 0.08125 0.0625
0 0.25 0.6541666666666667 0.053125 0.058333333333333334
0 0.07604166666666666 0.7104166666666667 0.04791666666666667 0.052083333333333336
0 0.4666666666666667 0.6479166666666667 0.08333333333333333 0.075
0 0.4270833333333333 0.6572916666666667 0.053125 0.058333333333333334
0 0.8604166666666667 0.6020833333333333 0.059375 0.0625
0 0.5854166666666667 0.6572916666666667 0.046875 0.046875
0 0.28541666666666665 0.7166666666666667 0.08125 0.058333333333333334
0 0.08645833333333333 0.7625 0.071875 0.06041666666666667
0 0.6697916666666667 0.7427083333333333 0.07083333333333333 0.08333333333333333
0 0.7864583333333334 0.7291666666666666 0.084375 0.07916666666666666
0 0.18958333333333333 0.12291666666666666 0.015625 0.010416666666666666
0 0.16666666666666666 0.12708333333333333 0.016666666666666666 0.020833333333333332
0 0.21041666666666667 0.85 0.078125 0.075
0 0.2 0.128125 0.015625 0.015625
0 0.10520833333333333 0.9229166666666667 0.07291666666666667 0.07083333333333333
0 0.5604166666666667 0.8708333333333333 0.084375 0.07916666666666666
0 0.22916666666666666 0.128125 0.016666666666666666 0.020833333333333332
0 0.9916666666666667 0.8208333333333333 0.015625 0.109375