0 0.49912096057399385 0.10833333333333334 0.013082196856846907 0.0125
0 0.5782876272406606 0.10833333333333334 0.013082196856846907 0.0125
0 0.4875170780264489 0.11145833333333334 0.013276262475795875 0.016666666666666666
0 0.5707533785503076 0.11354166666666667 0.013082196856846907 0.0125
0 0.44887837855030777 0.11354166666666667 0.013082196856846907 0.0125
0 0.48117004521697443 0.11354166666666667 0.008818497380705755 0.010416666666666666
0 0.4332048621455705 0.11458333333333333 0.013276262475795875 0.016666666666666666
0 0.5894548621455705 0.11458333333333333 0.008818497380705519 0.010416666666666666
0 0.7059274631932883 0.11875 0.013276262475795875 0.016666666666666666
0 0.562128946788551 0.11979166666666667 0.013276262475795875 0.016666666666666666
0 0.46416376371714707 0.12083333333333333 0.013082196856846907 0.0125
0 0.5797402473124098 0.121875 0.013082196856846907 0.0125
0 0.49948339757433924 0.12291666666666666 0.013082196856846907 0.0125
0 0.5255250642410059 0.12291666666666666 0.008818497380705755 0.010416666666666666
0 0.36188636476486474 0.125 0.013276262475795875 0.016666666666666666
0 0.4879280314315314 0.125 0.004360732285615635 0.004166666666666667
0 0.4961643319553903 0.12708333333333333 0.013082196856846907 0.0125
0 0.5201226652887236 0.12708333333333333 0.013082196856846907 0.0125
0 0.5377339658125825 0.12916666666666668 0.013082196856846907 0.0125
0 0.4804422991459158 0.12916666666666668 0.004360732285615635 0.004166666666666667
0 0.4700256324792491 0.12916666666666668 0.013082196856846907 0.0125
0 0.5302967499317041 0.13229166666666667 0.013082196856846907 0.0125
0 0.5011300832650374 0.13229166666666667 0.013276262475795875 0.016666666666666666
0 0.5761300832650373 0.13229166666666667 0.013082196856846907 0.0125
0 0.6812413837888963 0.134375 0.01981736090421909 0.022916666666666665
0 0.5051997171222296 0.134375 0.010804797904564603 0.008333333333333333
0 0.5426997171222295 0.134375 0.013082196856846907 0.0125
0 0.5655193509794217 0.13645833333333332 0.010804797904564603 0.008333333333333333
0 0.48635268431275513 0.13645833333333332 0.004360732285615635 0.004166666666666667
0 0.5372973181699473 0.13854166666666667 0.008818497380705755 0.010416666666666666
0 0.7435473181699473 0.13854166666666667 0.013276262475795875 0.016666666666666666
0 0.5466723181699474 0.13854166666666667 0.013276262475795875 0.016666666666666666
0 0.7539639848366141 0.13854166666666667 0.013276262475795875 0.016666666666666666
0 0.5122973181699473 0.13854166666666667 0.013276262475795875 0.016666666666666666
0 0.555804736146261 0.14375 0.013276262475795875 0.016666666666666666
0 0.565179736146261 0.14375 0.013082196856846907 0.0125
0 0.5734160366701199 0.14583333333333334 0.008818497380705519 0.010416666666666666
0 0.5400827033367865 0.14583333333333334 0.010804797904564603 0.008333333333333333
0 0.5254023371939789 0.14791666666666667 0.013276262475795875 0.016666666666666666
0 0.705562154122575 0.14895833333333333 0.01981736090421909 0.022916666666666665
0 0.7314582715750299 0.15208333333333332 0.013276262475795875 0.016666666666666666
0 0.5146460556941516 0.15520833333333334 0.013082196856846907 0.0125
0 0.5479793890274849 0.15520833333333334 0.013082196856846907 0.0125
0 0.5686186567418692 0.159375 0.013082196856846907 0.0125
0 0.3102853234085359 0.159375 0.01981736090421921 0.022916666666666665
0 0.5601397741943241 0.1625 0.013082196856846907 0.0125
0 0.33310495726572803 0.16145833333333334 0.013567360904219209 0.022916666666666665
0 0.5362299572657281 0.16145833333333334 0.013276262475795875 0.016666666666666666
0 0.593376074718183 0.16458333333333333 0.013276262475795875 0.016666666666666666
0 0.2735358916467791 0.165625 0.013276262475795875 0.016666666666666666
0 0.3735358916467791 0.165625 0.019817360904219327 0.022916666666666665
0 0.7421403424325674 0.16875 0.013276262475795875 0.016666666666666666
0 0.5567236757659008 0.16875 0.013082196856846907 0.0125
0 0.471307009099234 0.16875 0.019817360904219327 0.022916666666666665
0 0.38589034243256737 0.16875 0.01744292914246254 0.016666666666666666
0 0.5785501593611635 0.16979166666666667 0.004360732285615635 0.004166666666666667
0 0.7368349762897597 0.17083333333333334 0.013276262475795875 0.016666666666666666
0 0.5627796101469519 0.17291666666666666 0.013082196856846907 0.0125
0 0.6950227604088811 0.17395833333333333 0.013276262475795875 0.016666666666666666
0 0.7763212768136185 0.17291666666666666 0.013276262475795875 0.016666666666666666
0 0.5356477604088812 0.17395833333333333 0.013276262475795875 0.016666666666666666
0 0.4377310937422145 0.17395833333333333 0.01981736090421921 0.022916666666666665
0 0.8002310937422145 0.17395833333333333 0.01744292914246254 0.016666666666666666
0 0.7834188778613362 0.17708333333333334 0.01744292914246254 0.016666666666666666
0 0.82513406093274 0.17604166666666668 0.01356736090421909 0.022916666666666665
0 0.6886757275994067 0.17604166666666668 0.01744292914246254 0.016666666666666666
0 0.5918007275994067 0.17604166666666668 0.013082196856846907 0.0125
0 0.61888406093274 0.17604166666666668 0.013082196856846907 0.0125
0 0.5677453614565988 0.178125 0.013082196856846907 0.0125
0 0.5573286947899322 0.178125 0.013082196856846907 0.0125
0 0.5822316619804577 0.18020833333333333 0.013276262475795875 0.016666666666666666
0 0.5728566619804578 0.18020833333333333 0.008818497380705755 0.010416666666666666
0 0.48218314557572056 0.18125 0.01744292914246254 0.016666666666666666
0 0.8404194460995794 0.18333333333333332 0.013276262475795875 0.016666666666666666
0 0.7508846291709833 0.18229166666666666 0.017248863523513572 0.0125
0 0.5977596291709834 0.18229166666666666 0.013082196856846907 0.0125
0 0.5861557466234383 0.18541666666666667 0.008818497380705755 0.010416666666666666
0 0.8799057466234382 0.18541666666666667 0.013276262475795875 0.016666666666666666
0 0.6579337138139638 0.1875 0.01744292914246254 0.016666666666666666
0 0.5933503804806305 0.1875 0.013082196856846907 0.0125
0 0.7808503804806305 0.1875 0.008818497380705755 0.010416666666666666
0 0.6089753804806305 0.1875 0.013082196856846907 0.0125
0 0.5496003804806304 0.1875 0.013082196856846907 0.0125
0 0.599503347671156 0.18958333333333333 0.013276262475795875 0.016666666666666666
0 0.8078366810044894 0.18958333333333333 0.013276262475795875 0.016666666666666666
0 0.6234616810044893 0.18958333333333333 0.017248863523513572 0.0125
0 0.7389411317902775 0.19270833333333334 0.009012562999654724 0.014583333333333334
0 0.7483161317902776 0.19270833333333334 0.013276262475795875 0.016666666666666666
0 0.5857190989808031 0.19479166666666667 0.008818497380705755 0.010416666666666666
0 0.5950940989808031 0.19479166666666667 0.013082196856846907 0.0125
0 0.6970803995046619 0.196875 0.01744292914246254 0.016666666666666666
0 0.664740216433258 0.19791666666666666 0.01744292914246254 0.016666666666666666
0 0.8752053995046619 0.196875 0.013276262475795875 0.016666666666666666
0 0.6449970661713286 0.196875 0.010804797904564603 0.008333333333333333
0 0.6824000333618543 0.19895833333333332 0.01744292914246254 0.016666666666666666
0 0.6521917000285208 0.19895833333333332 0.013082196856846907 0.0125
0 0.9188098502904503 0.2 0.013276262475795875 0.016666666666666666
0 0.7958446672190465 0.20104166666666667 0.013276262475795875 0.016666666666666666
0 0.6008104185286934 0.20625 0.013276262475795875 0.016666666666666666
0 0.6726854185286935 0.20625 0.008818497380705519 0.010416666666666666
0 0.6227339349334308 0.20520833333333333 0.008818497380705519 0.010416666666666666
0 0.694463385719219 0.20833333333333334 0.01744292914246254 0.016666666666666666
0 0.645359503171674 0.21145833333333333 0.004360732285615635 0.004166666666666667
0 0.651609503171674 0.21145833333333333 0.013276262475795875 0.016666666666666666
0 0.6339496862430779 0.21041666666666667 0.004360732285615635 0.004166666666666667
0 0.6213041370288662 0.21354166666666666 0.004360732285615635 0.004166666666666667
0 0.6869291370288662 0.21354166666666666 0.013082196856846907 0.0125
0 0.6775541370288661 0.21354166666666666 0.013082196856846907 0.0125
0 0.7889154375527251 0.215625 0.01744292914246254 0.016666666666666666
0 0.6680821042193917 0.215625 0.013276262475795875 0.016666666666666666
0 0.6274571042193917 0.215625 0.010804797904564603 0.008333333333333333
0 0.9106934047432506 0.21770833333333334 0.013276262475795875 0.016666666666666666
0 0.8065267380765839 0.21770833333333334 0.013276262475795875 0.016666666666666666
0 0.6335130386004427 0.21979166666666666 0.008818497380705755 0.010416666666666666
0 0.28351303860044275 0.21979166666666666 0.01744292914246254 0.016666666666666666
0 0.8907076724576349 0.221875 0.013082196856846907 0.0125
0 0.6261243391243015 0.221875 0.013082196856846907 0.0125
0 0.9041037899100899 0.225 0.013276262475795875 0.016666666666666666
0 0.6384787899100899 0.225 0.013276262475795875 0.016666666666666666
0 0.8603052735053526 0.22604166666666667 0.01356736090421909 0.022916666666666665
0 0.3570832406958781 0.228125 0.023984027570885993 0.022916666666666665
0 0.6466180576244742 0.22916666666666666 0.009012562999654724 0.014583333333333334
0 0.7852082406958781 0.228125 0.013276262475795875 0.016666666666666666
0 0.22062490736254484 0.228125 0.017442929142462482 0.016666666666666666
0 0.8871460248149998 0.23125 0.013276262475795875 0.016666666666666666
0 0.6724171422674546 0.234375 0.013276262475795875 0.016666666666666666
0 0.6650769591960509 0.23541666666666666 0.013276262475795875 0.016666666666666666
0 0.6795147433151724 0.23854166666666668 0.013276262475795875 0.016666666666666666
0 0.6419662269104353 0.23958333333333334 0.010804797904564603 0.008333333333333333
0 0.87098734436289 0.24270833333333333 0.01744292914246254 0.016666666666666666
0 0.8647373443628901 0.24270833333333333 0.01744292914246254 0.016666666666666666
0 0.6759530956725374 0.24791666666666667 0.01744292914246254 0.016666666666666666
0 0.9090923633869217 0.2520833333333333 0.013567360904219328 0.022916666666666665
0 0.4183703305774472 0.25416666666666665 0.023984027570885875 0.022916666666666665
0 0.84957181417271 0.2552083333333333 0.019817360904219327 0.022916666666666665
0 0.22357866391078052 0.25416666666666665 0.013276262475795815 0.016666666666666666
0 0.3661414480299021 0.25729166666666664 0.01744292914246254 0.016666666666666666
0 0.677502748553761 0.259375 0.01744292914246254 0.016666666666666666
0 0.6919890490776198 0.26145833333333335 0.013082196856846907 0.0125
0 0.9553851665300748 0.26458333333333334 0.017734027570885758 0.022916666666666665
0 0.6877253496014788 0.2635416666666667 0.008818497380705519 0.010416666666666666
0 0.8740381337206002 0.26666666666666666 0.01744292914246254 0.016666666666666666
0 0.6770661009111258 0.26875 0.013082196856846907 0.0125
0 0.6988440681016513 0.2708333333333333 0.013082196856846907 0.0125
0 0.46204611993515743 0.278125 0.020011426523168296 0.027083333333333334
0 0.7004907537923496 0.28020833333333334 0.010804797904564603 0.008333333333333333
0 0.6910672373876123 0.28125 0.010804797904564603 0.008333333333333333
0 0.6950883548400673 0.284375 0.013082196856846907 0.0125
0 0.22946335484006727 0.284375 0.017442929142462482 0.016666666666666666
0 0.7157761389591889 0.2875 0.013276262475795875 0.016666666666666666
0 0.8636442892211184 0.28854166666666664 0.019817360904219327 0.022916666666666665
0 0.7103737400069066 0.2916666666666667 0.017248863523513572 0.0125
0 0.7967350405307656 0.29375 0.013276262475795875 0.016666666666666666
0 0.8728252236021693 0.29270833333333335 0.013082196856846907 0.0125
0 0.23006837386409884 0.29375 0.01981736090421921 0.022916666666666665
0 0.6903394913165537 0.296875 0.01981736090421909 0.022916666666666665
0 0.3632561579832204 0.296875 0.020011426523168178 0.027083333333333334
0 0.9070546743879577 0.29583333333333334 0.01981736090421909 0.022916666666666665
0 0.8953537590309381 0.30104166666666665 0.01744292914246254 0.016666666666666666
0 0.7056733928881302 0.303125 0.013276262475795875 0.016666666666666666
0 0.42338172622146364 0.303125 0.01981736090421921 0.022916666666666665
0 0.7097430267453224 0.30520833333333336 0.013276262475795875 0.016666666666666666
0 0.07418081086444414 0.30833333333333335 0.023984027570885906 0.022916666666666665
0 0.279292111388303 0.3104166666666667 0.015844759856501512 0.027083333333333334
0 0.9553337780549697 0.3104166666666667 0.01981736090421909 0.022916666666666665
0 0.8021117452454952 0.3125 0.013082196856846907 0.0125
0 0.7832647124360207 0.3145833333333333 0.01744292914246254 0.016666666666666666
0 0.3363897124360207 0.3145833333333333 0.01981736090421921 0.022916666666666665
0 0.7957647124360208 0.3145833333333333 0.013276262475795875 0.016666666666666666
0 0.7653623134837384 0.31875 0.017248863523513572 0.0125
0 0.713278980150405 0.31875 0.013082196856846907 0.0125
0 0.8903137970790012 0.31979166666666664 0.019817360904219327 0.022916666666666665
0 0.9058902806742639 0.32083333333333336 0.013276262475795875 0.016666666666666666
0 0.7930991822458405 0.32708333333333334 0.013276262475795875 0.016666666666666666
0 0.7764325155791738 0.32708333333333334 0.01744292914246254 0.016666666666666666
0 0.764683083817417 0.3333333333333333 0.01981736090421909 0.022916666666666665
0 0.752183083817417 0.3333333333333333 0.02001142652316806 0.027083333333333334
0 0.727183083817417 0.3333333333333333 0.023984027570885757 0.022916666666666665
0 0.4156762340793465 0.334375 0.026261426523168176 0.027083333333333334
0 0.9312042012698721 0.33645833333333336 0.02001142652316806 0.027083333333333334
0 0.21548216846039753 0.3385416666666667 0.01981736090421921 0.022916666666666665
0 0.9123571684603976 0.3385416666666667 0.01981736090421909 0.022916666666666665
0 0.6904821684603976 0.3385416666666667 0.023984027570885757 0.022916666666666665
0 0.8091351356509231 0.340625 0.01981736090421909 0.022916666666666665
0 0.7768434689842565 0.340625 0.023984027570885757 0.022916666666666665
0 0.7965381028414487 0.34270833333333334 0.013082196856846907 0.0125
0 0.4630107038891663 0.346875 0.026261426523168176 0.027083333333333334
0 0.7400940372224997 0.346875 0.019817360904219327 0.022916666666666665
0 0.8286357038891663 0.346875 0.009012562999654724 0.014583333333333334
0 0.3681705208177624 0.34791666666666665 0.026261426523168176 0.027083333333333334
0 0.7628166382702174 0.35104166666666664 0.01744292914246254 0.016666666666666666
0 0.8345460890560056 0.3541666666666667 0.01744292914246254 0.016666666666666666
0 0.7866779387940762 0.353125 0.017248863523513572 0.0125
0 0.8000740562465313 0.35625 0.01356736090421909 0.022916666666666665
0 0.7677823895798646 0.35625 0.013276262475795875 0.016666666666666666
0 0.9062755398417939 0.3572916666666667 0.013276262475795875 0.016666666666666666
0 0.7830677747467037 0.36354166666666665 0.01744292914246254 0.016666666666666666
0 0.7444775916753 0.3645833333333333 0.02626142652316806 0.027083333333333334
0 0.5151653757944216 0.36770833333333336 0.019817360904219327 0.022916666666666665
0 0.8108531599135432 0.37083333333333335 0.01981736090421909 0.022916666666666665
0 0.9129850096516137 0.3697916666666667 0.01356736090421909 0.022916666666666665
0 0.8275198265802098 0.37083333333333335 0.01744292914246254 0.016666666666666666
0 0.790068342984947 0.3697916666666667 0.01744292914246254 0.016666666666666666
0 0.765068342984947 0.3697916666666667 0.01744292914246254 0.016666666666666666
0 0.8970689112231902 0.37604166666666666 0.02001142652316806 0.027083333333333334
0 0.7731590942945943 0.375 0.013082196856846907 0.0125
0 0.7832361461281002 0.38229166666666664 0.023789961951937024 0.01875
0 0.8164724466519591 0.384375 0.013276262475795875 0.016666666666666666
0 0.771583747175818 0.38645833333333335 0.023789961951936788 0.01875
0 0.8255078318187984 0.39166666666666666 0.01356736090421909 0.022916666666666665
0 0.7848828318187984 0.39166666666666666 0.017248863523513572 0.0125
0 0.7994661651521316 0.39166666666666666 0.01981736090421909 0.022916666666666665
0 0.8733759820807279 0.3927083333333333 0.013082196856846907 0.0125
0 0.43270246567599063 0.39375 0.01981736090421921 0.022916666666666665
0 0.3098343154140612 0.3927083333333333 0.020011426523168178 0.027083333333333334
0 0.8867720995331827 0.3958333333333333 0.01744292914246254 0.016666666666666666
0 0.841980432866516 0.3958333333333333 0.01744292914246254 0.016666666666666666
0 0.78548785084283 0.4010416666666667 0.013276262475795875 0.016666666666666666
0 0.7958074847000222 0.403125 0.01744292914246254 0.016666666666666666
0 0.8239324847000221 0.403125 0.023789961951936788 0.01875
0 0.8103908180333554 0.403125 0.01981736090421909 0.022916666666666665
0 0.5621345365335281 0.41041666666666665 0.026261426523168298 0.027083333333333334
0 0.4236413862715987 0.409375 0.026261426523168176 0.027083333333333334
0 0.8672943534621242 0.4114583333333333 0.013276262475795875 0.016666666666666666
0 0.8755306539859831 0.41354166666666664 0.01744292914246254 0.016666666666666666
0 0.7930934381051048 0.4166666666666667 0.023984027570885757 0.022916666666666665
0 0.8253851047717713 0.4166666666666667 0.01744292914246254 0.016666666666666666
0 0.8760871566052774 0.4239583333333333 0.01744292914246254 0.016666666666666666
0 0.840719006343348 0.42291666666666666 0.013276262475795875 0.016666666666666666
0 0.8207817904624695 0.42604166666666665 0.02626142652316806 0.027083333333333334
0 0.3206847576529951 0.428125 0.020011426523168178 0.027083333333333334
0 0.8091293915101871 0.43020833333333336 0.01744292914246254 0.016666666666666666
0 0.8434073587007127 0.4322916666666667 0.01744292914246254 0.016666666666666666
0 0.8408873777247443 0.44166666666666665 0.013276262475795875 0.016666666666666666
0 0.8126168285105326 0.44479166666666664 0.01744292914246254 0.016666666666666666
0 0.8260614623677249 0.446875 0.01981736090421909 0.022916666666666665
0 0.00588461373140744 0.44895833333333335 0.01176922746281488 0.016666666666666666
0 0.009757232701403449 0.46145833333333336 0.013276262475795811 0.016666666666666666
0 0.8982018665585957 0.4635416666666667 0.01744292914246254 0.016666666666666666
0 0.8105078009396467 0.46770833333333334 0.01981736090421909 0.022916666666666665
0 0.8874941014635056 0.46979166666666666 0.01744292914246254 0.016666666666666666
0 0.8383902189159606 0.47291666666666665 0.020011426523168296 0.027083333333333334
0 0.8205848527731526 0.475 0.020011426523168296 0.027083333333333334
0 0.3547657871542037 0.4791666666666667 0.026261426523168176 0.027083333333333334
0 0.857745237939992 0.4822916666666667 0.02228882547545036 0.03125
0 0.1441550548685881 0.48333333333333334 0.026261426523168176 0.027083333333333334
0 0.876107106702094 0.490625 0.02001142652316806 0.027083333333333334
0 0.008160576648505771 0.490625 0.016321153297011542 0.027083333333333334
0 0.8478365574878824 0.49375 0.02626142652316806 0.027083333333333334
0 0.7083017405592862 0.49270833333333336 0.02001142652316806 0.027083333333333334
0 0.3956076749403374 0.496875 0.026261426523168298 0.027083333333333334
0 0.869928445274016 0.5114583333333333 0.01744292914246254 0.016666666666666666
0 0.18218586325032984 0.5166666666666667 0.023984027570885875 0.022916666666666665
0 0.16556771298840042 0.515625 0.023984027570885875 0.022916666666666665
0 0.43535937965506705 0.515625 0.023984027570885993 0.022916666666666665
0 0.8622001309647142 0.5208333333333334 0.01981736090421909 0.022916666666666665
0 0.003762739041745244 0.5229166666666667 0.007525478083490488 0.027083333333333334
0 0.8848742156076947 0.5260416666666666 0.01981736090421909 0.022916666666666665
0 0.36440331927470665 0.540625 0.023984027570885875 0.022916666666666665
0 0.8839524039176873 0.5458333333333333 0.023984027570885757 0.022916666666666665
0 0.9574255732036482 0.55625 0.030525125999309448 0.029166666666666667
0 0.9675254472043388 0.5854166666666667 0.01119292914246254 0.016666666666666666
0 0.00905382203059281 0.5885416666666666 0.01810764406118562 0.03125
0 0.12949176675222912 0.596875 0.017442929142462482 0.016666666666666666
0 0.9274084334188958 0.596875 0.026455492142117027 0.03125
0 0.9636727011332802 0.6010416666666667 0.017734027570885994 0.022916666666666665
0 0.34174918472854293 0.6020833333333333 0.026455492142117145 0.03125
0 0.7218604852524019 0.6041666666666666 0.026455492142117027 0.03125
0 0.4320830863001195 0.6083333333333333 0.026455492142117266 0.03125
0 0.9601595698953822 0.609375 0.023984027570885757 0.022916666666666665
0 0.9432503212050295 0.6145833333333334 0.02626142652316806 0.027083333333333334
0 0.14216013813362552 0.615625 0.01981736090421921 0.022916666666666665
0 0.12643810532415103 0.6177083333333333 0.020011426523168178 0.027083333333333334
0 0.5594803402290609 0.6239583333333333 0.026455492142117027 0.03125
0 0.11430054232449637 0.6322916666666667 0.02001142652316821 0.027083333333333334
0 0.9620231433722142 0.6364583333333333 0.017928093189834727 0.027083333333333334
0 0.17384391370589275 0.6510416666666666 0.03726029004668175 0.03958333333333333
0 0.11844151475361046 0.6552083333333333 0.03280252495159163 0.03333333333333333
0 0.25063614861080263 0.6572916666666667 0.026455492142117145 0.03125
0 0.9605676512300969 0.6677083333333333 0.017928093189834727 0.027083333333333334
0 0.09704880673061494 0.6895833333333333 0.026455492142117145 0.03125
0 0.10584160987376807 0.7020833333333333 0.017442929142462482 0.016666666666666666
0 0.0015766287582016098 0.70625 0.0031532575164032197 0.027083333333333334
0 0.360564779159729 0.7125 0.03280252495159163 0.03333333333333333
0 0.10710016432656835 0.7197916666666667 0.026261426523168176 0.027083333333333334
0 0.11267093466024702 0.734375 0.026261426523168176 0.027083333333333334
0 0.551472570168566 0.08020833333333334 0.013082196856846907 0.0125
0 0.35358128894793467 0.8177083333333334 0.0329965905705406 0.0375
0 0.5700770209543542 0.08333333333333333 0.008818497380705519 0.010416666666666666
0 0.17690890901968387 0.83125 0.026261426523168176 0.027083333333333334
0 0.7266178105912604 0.8375 0.02674659057054072 0.0375
0 0.48180075847855847 0.1 0.013082196856846907 0.0125
0 0.5077453923357507 0.10208333333333333 0.013082196856846907 0.0125