0 0.39246693430085255 0.012697700360907132 0.02386243750706818 0.025395400721814263
0 0.19251654168080298 0.04862004565869957 0.02386243750706818 0.02775014023046598
0 0.2632076907415565 0.13206660103838339 0.03270503206215617 0.04257594879912029
0 0.595909403870077 0.07442061555446296 0.03248677725283263 0.036325948799120295
0 0.506908083361606 0.09369389100083 0.030185189110175988 0.030015329990290062
0 0.5211243397457646 0.0009984574648741122 0.0339153461581958 0.0019969149297482244
0 0.059636268478148804 0.18491255370816218 0.043558208347469665 0.055379042843271505
0 0.6688260705367436 0.07229895724540451 0.03500662020481305 0.04888656760795052
0 0.9029332083474697 0.027949031847587222 0.04743386860170513 0.04716694712759864
0 0.6937533189336358 0.06948819820610827 0.03270503206215617 0.04257594879912029
0 0.4402910240748898 0.12691400228781285 0.030185189110175988 0.030015329990290062
0 0.5687665505120323 0.10336396947367121 0.03917328687147948 0.04900780522561101
0 0.6548247500282727 0.08938995557388286 0.02386243750706806 0.02775014023046598
0 0.11003640229524174 0.19491603562956972 0.02832011058616608 0.036204711181459834
0 0.22886574760947465 0.04443421650417034 0.04082011058616608 0.03656842403444126
0 0.032149482394086784 0.08456800334304329 0.03047619552260721 0.0383486633236234
0 0.16992725722812146 0.05866185255583223 0.036798947125715034 0.04061385308344745
0 0.8010449856003024 0.06636632955135084 0.04319445033193053 0.04496237617660483
0 0.3804563702330856 0.14533861441055654 0.036944450331930646 0.04478051975011409
0 0.14548944476346232 0.19492718254612224 0.0391732868714796 0.04900780522561104
0 0.49456681814621817 0.1284629132582266 0.03270503206215617 0.04257594879912029
0 0.18596894155724672 0.1895784491072659 0.043339953538146264 0.0491290428432715
0 0.03170637906431486 0.2211778836984522 0.032850535268371776 0.04674261546578696
0 0.13677580290255767 0.06484008683044942 0.0409656137923817 0.04073509070110792
0 0.6325264719880224 0.10776509580434886 0.03694445033193053 0.04478051975011409
0 0.34677251046260976 0.1661304914229222 0.03435185577684265 0.030136567607950523
0 0.8326951194173954 0.07691538075223055 0.03679894712571515 0.04061385308344742
0 0.9228836097987485 0.06177846256811504 0.03636243750706806 0.028113853083447434
0 0.44982475885950196 0.16104652705249187 0.030185189110175988 0.030015329990290003
0 0.2572024087076729 0.19897574294037101 0.043339953538146264 0.0491290428432715
0 0.8571990897740372 0.09184326445068278 0.04333995353814638 0.0491290428432715
0 0.6635350729555416 0.12980278974297701 0.036798947125714916 0.04061385308344742
0 0.717410733209777 0.11989336738005742 0.043339953538146146 0.0491290428432715
0 0.7838591450671203 0.11170356549748968 0.03917328687147948 0.04900780522561101
0 0.43578706254947713 0.17709585871430358 0.03270503206215617 0.04257594879912029
0 0.3313426210487759 0.20203210856023077 0.043339953538146146 0.0491290428432715
0 0.1003241074364958 0.245249439078136 0.050099214759900895 0.06389423260309558
0 0.9304067628531352 0.09805493947495766 0.03679894712571515 0.04061385308344742
0 0.5637301835417077 0.1681594686379104 0.04750662020481305 0.04925028046093196
0 0.4259887845092269 0.19510728609178815 0.02609127404661701 0.031977425705962875
0 0.5317228854202007 0.005504101038383388 0.030039685903960372 0.011008202076766775
0 0.19440148965048093 0.2518965926807752 0.036944450331930646 0.04478051975011409
0 0.6722453958828105 0.17021562391207118 0.039173286871479716 0.04900780522561104
0 0.41554897361940285 0.2246073562070211 0.0391732868714796 0.04900780522561104
0 0.5537070128248625 0.007790018958691286 0.030185189110175988 0.015580037917382572
0 0.857007298121507 0.14607054992617965 0.039173286871479716 0.04900780522561104
0 0.1713889271575491 0.27967704231565627 0.03270503206215617 0.04257594879912029
0 0.3868551923729369 0.23899768619731118 0.036944450331930646 0.04478051975011409
0 0.3673181563171476 0.2468652315478651 0.03248677725283275 0.036325948799120295
0 0.7340311114301289 0.17780236905157906 0.039173286871479716 0.04900780522561104
0 0.27924937507068165 0.26298319758981703 0.0391732868714796 0.04900780522561104
0 0.6574570393185504 0.19462859831163132 0.04096561379238182 0.04073509070110788
0 0.020085992012733634 0.09743171619602474 0.009570110586166065 0.03565914190198764
0 0.11285057059328889 0.30536301170065155 0.036798947125715 0.04061385308344754
0 0.5095899800318341 0.23021284314299356 0.03931879007769522 0.05317447189227771
0 0.5572883918891773 0.22256861053989804 0.03248677725283263 0.036325948799120295
0 0.19377318837930377 0.2936238781562721 0.043339953538146264 0.0491290428432715
0 0.9284226442797028 0.16067617709261814 0.03248677725283263 0.036325948799120295
0 0.581464980031834 0.22812149423835024 0.028320110586165962 0.036204711181459834
0 0.45819778692802493 0.25151998003041626 0.04370371155368531 0.05954570950993817
0 0.6156217252225107 0.2208712838926513 0.03500662020481305 0.04888656760795052
0 0.8001289968503297 0.18943454324009312 0.04355820834746969 0.055379042843271505
0 0.48632278692802494 0.250701626111208 0.04154762661724417 0.057401757367774545
0 0.05244713550501876 0.337359599894477 0.043558208347469665 0.055379042843271505
0 0.3581382669033137 0.282584992258683 0.04082011058616608 0.03656842403444121
0 0.9053009543821092 0.18533162672749925 0.04995371155368531 0.059727565936428854
0 0.6722354832380496 0.2296512427209014 0.04333995353814638 0.0491290428432715
0 0.7800595553496285 0.21191573132839553 0.0366534439194993 0.036447186416780755
0 0.21659395921970528 0.32007071399688786 0.036653443919499415 0.036447186416780755
0 0.02810189993298903 0.35683702560043984 0.02408069231639159 0.03400014023046604
0 0.8496693430085256 0.20467666789924913 0.03694445033193053 0.04478051975011409
0 0.5795403814831129 0.2625874224515956 0.030330692316391607 0.03418199665695667
0 0.2947189592197052 0.31779750866575385 0.03917328687147948 0.04900780522561092
0 0.5330655153002058 0.2754096789836094 0.03931879007769522 0.05317447189227771
0 0.41497027972817613 0.29761495108693314 0.04154762661724417 0.057401757367774545
0 0.24928575970346484 0.33058945579335247 0.03931879007769522 0.05317447189227759
0 0.4821957708404015 0.01718418144655385 0.03270503206215617 0.0343683628931077
0 0.9456118037465205 0.205013202693058 0.0366534439194993 0.036447186416780755
0 0.5500959399824116 0.2853413951796341 0.03500662020481305 0.048886567607950585
0 0.48587636466461726 0.2976372449200383 0.03931879007769522 0.05317447189227759
0 0.3325463414336904 0.3260813701068095 0.04319445033193053 0.04496237617660483
0 0.1948776940043174 0.3551125208940205 0.036798947125715034 0.04061385308344754
0 0.800978871864466 0.2436315193111749 0.03694445033193053 0.04478051975011409
0 0.36595242637013153 0.32719480249885896 0.043339953538146146 0.0491290428432715
0 0.6841435577684264 0.27205648201008353 0.035006620204812815 0.048886567607950585
0 0.2088558702896309 0.367218498636624 0.030694450331930648 0.04459866332362334
0 0.13124013151138555 0.3840750373010914 0.036944450331930646 0.044780519750114205
0 0.7465708061653186 0.268154584411843 0.04355820834746969 0.055379042843271505
0 0.22555891275785148 0.3677752148326487 0.0391732868714796 0.04900780522561104
0 0.27517196636300867 0.0566422693765717 0.0409656137923817 0.04073509070110792
0 0.6318188254026124 0.2965189283019214 0.03270503206215617 0.04257594879912029
0 0.09324410186802747 0.40082148526445077 0.045205032062156175 0.04293966165210179
0 0.7097619463948427 0.289037389637454 0.04355820834746969 0.055379042843271505
0 0.7812731883793037 0.276529374066144 0.04355820834746946 0.055379042843271505
0 0.42386248166321455 0.34323611858936065 0.03917328687147948 0.04900780522561104
0 0.0292427813595566 0.419367335004855 0.02890212341102853 0.05287137784812638
0 0.9636971266737895 0.24515325222241605 0.04355820834746969 0.055379042843271505
0 0.15053576853469414 0.39915446802161914 0.0409656137923817 0.04073509070110788
0 0.6632870802119357 0.30185964616946775 0.04355820834746969 0.055379042843271505
0 0.8405754367761958 0.2727184046811487 0.0321230192372937 0.025909282132453627
0 0.8852943518397548 0.26933176695796524 0.04319445033193053 0.04496237617660483
0 0.3269643374400572 0.37525186927104864 0.04154762661724417 0.057401757367774545
0 0.18501989593935583 0.4012792576759202 0.043339953538146264 0.0491290428432715
0 0.9216435577684264 0.265145937803436 0.03435185577684265 0.030136567607950523
0 0.5332011058616607 0.3390119644591063 0.03738095995057738 0.057280519750114084
0 0.37182875570983165 0.37603189821453176 0.04750662020481293 0.04925028046093196
0 0.591534439194994 0.33731463781185955 0.04995371155368531 0.0597275659364288
0 0.5087467428849692 0.35536439016506916 0.036798947125715034 0.04061385308344742
0 0.4445271675671749 0.3676602399054733 0.03931879007769522 0.05317447189227759
0 0.06880297046973258 0.44741255370816213 0.043339953538146236 0.0491290428432715
0 0.8333333774894797 0.3042108799164697 0.0366534439194993 0.036447186416780755
0 0.1537467517161985 0.4313855158794556 0.036944450331930646 0.044780519750114205
0 0.10109463713639924 0.44647296217129345 0.03931879007769519 0.05317447189227771
0 0.6066634095516359 0.35251530615004784 0.04333995353814638 0.0491290428432715
0 0.08161707694917478 0.09772679466886595 0.03931879007769519 0.053174471892277676
0 0.12832347367594818 0.449851584323167 0.03917328687147957 0.04900780522561092
0 0.8826554688383521 0.3132030045756257 0.04355820834746969 0.055379042843271505
0 0.19877977325919952 0.0786768319699573 0.0284656137923817 0.04037137784812647
0 0.20893194082637448 0.45897609351653595 0.043339953538146264 0.0491290428432715
0 0.29491738873950707 0.4429187462834143 0.04995371155368531 0.0597275659364288
0 0.4297619110699257 0.034417834785385376 0.03270503206215617 0.04257594879912029
0 0.5126124904944438 0.4063454380229056 0.036653443919499415 0.036447186416780755
0 0.3832506690854647 0.04619842465073247 0.0366534439194993 0.03644718641678077
0 0.7440311379238167 0.3745864408383337 0.04370371155368531 0.05954570950993817
0 0.36805231021549717 0.4470470879743559 0.05419312982345967 0.06193213688742271
0 0.9286475369562976 0.34627470018577555 0.045205032062156175 0.04293966165210179
0 0.8012500529873757 0.37083609026216874 0.05009921475990069 0.06389423260309558
0 0.0441568158405108 0.517992264889622 0.04593254809323423 0.06377299498543512
0 0.7145139448200076 0.39525708023303885 0.04154762661724405 0.057401757367774545
0 0.9815410284905044 0.3467516350851074 0.03691794301899118 0.06156842403444121
0 0.45971897688216384 0.4443798603858253 0.041693129823459664 0.06156842403444121
0 0.6434722251659653 0.010147702604381989 0.03241402564972494 0.020295405208763977
0 0.08812507064983423 0.522969269904187 0.03105820834746966 0.055015329990290004
0 0.5077811467550462 0.44715229444939636 0.05397487501413636 0.05568213688742271
0 0.6101752676341857 0.012715986408357253 0.032632280459048486 0.025431972816714506
0 0.425102577849683 0.468327046802606 0.04995371155368531 0.0597275659364288
0 0.9442857685346941 0.3760587018572971 0.045205032062156175 0.04293966165210179
0 0.6243023102154972 0.43959097448823614 0.05397487501413636 0.05568213688742271
0 0.18823419805449593 0.5231845670803353 0.05009921475990093 0.06389423260309547
0 0.06292004741890735 0.5476853383478982 0.03515212341102852 0.05305323427461725
0 0.029950472101113054 0.5590719059558488 0.01855820834746967 0.054651617137308504
0 0.31509927657850584 0.5132368197416907 0.03931879007769522 0.05317447189227771
0 0.9253671211053212 0.40163458054118445 0.04743386860170513 0.04716694712759863
0 0.264894253347579 0.538680313891365 0.037380959950577504 0.057280519750113966
0 0.5398875713241611 0.02287170458404924 0.03679894712571515 0.04061385308344744
0 0.5891535057381044 0.4781518036427654 0.05397487501413636 0.05568213688742271
0 0.7156548262465753 0.45778738963745397 0.039173286871479716 0.04900780522561092
0 0.6702216267303348 0.47057933676505265 0.030330692316391607 0.03418199665695667
0 0.9880043269774474 0.4100508265164532 0.02399134604510517 0.04478051975011409
0 0.7592956988419135 0.4533893946520189 0.04995371155368531 0.0597275659364288
0 0.5087037733722902 0.5034326038538115 0.04995371155368531 0.0597275659364288
0 0.9968948694456681 0.4139143991389686 0.006210261108663909 0.048522854754969084
0 0.8829266499612617 0.4404075755266195 0.04319445033193053 0.04496237617660483
0 0.32879967802978466 0.5472481068887092 0.04593254809323426 0.06377299498543512
0 0.7027744735628575 0.007230860649632835 0.036435189110175986 0.01446172129926567
0 0.2523347333228677 0.5671993361487614 0.043994717966116544 0.0678790428432715
0 0.8417328687147958 0.455161618369891 0.04750662020481305 0.04925028046093208
0 0.23028440387007684 0.08505921650417034 0.03248677725283275 0.036325948799120295
0 0.9351918623023645 0.4441004386391968 0.04750662020481305 0.04925028046093208
0 0.4693519264266769 0.5410730039593346 0.04319445033193065 0.04496237617660483
0 0.3639682636405527 0.0613576366679531 0.028320110586165962 0.036204711181459806
0 0.20234796490126428 0.5988928302984357 0.04995371155368531 0.0597275659364288
0 0.684140282990937 0.5108406239120711 0.04370371155368531 0.05954570950993817
0 0.23463963156793094 0.5979532387615669 0.04370371155368531 0.05954570950993817
0 0.821276524975398 0.49642311586260857 0.04995371155368531 0.05972756593642892
0 0.4307507397352989 0.570349761327109 0.04370371155368531 0.05954570950993817
0 0.9270536395551973 0.47978988994559957 0.05339286218927389 0.03901547022075604
0 0.6507474296328924 0.5399658342577702 0.043339953538146146 0.0491290428432715
0 0.8808334039831676 0.49990381314427995 0.04593254809323426 0.06377299498543512
0 0.1402249544951998 0.6413667039677581 0.052328051299449875 0.06812151807859242
0 0.058515300653395635 0.6604278135832191 0.04011905771188108 0.07609113855894425
0 0.2884557717974551 0.6161991258030625 0.04995371155368531 0.059727565936429035
0 0.09798950658206726 0.6561510562154446 0.052546306108773276 0.07437151807859266
0 0.4596396315679309 0.5914064074079007 0.052328051299449875 0.06812151807859265
0 0.540489497750838 0.577583940530188 0.052328051299449875 0.06812151807859242
0 0.7634293086406619 0.5419007519142703 0.045205032062156175 0.04293966165210179
0 0.33594916042387146 0.6325435359377153 0.04319445033193065 0.04496237617660483
0 0.9279035145693336 0.5339868660166814 0.05009921475990093 0.06389423260309571
0 0.29619717966116516 0.6587256027099051 0.04370371155368531 0.05954570950993817
0 0.8132242854097351 0.5644345432400931 0.03679894712571515 0.04061385308344754
0 0.1524967870411156 0.6941886099236069 0.05232805129944982 0.06812151807859242
0 0.8569742854097352 0.5631615482546581 0.04082011058616596 0.03656842403444121
0 0.42611450658206723 0.6466035938246816 0.05009921475990093 0.06389423260309571
0 0.7474306379803621 0.5913743451226608 0.039173286871479716 0.04900780522561092
0 0.7808003471152494 0.5914461108480435 0.052328051299449875 0.06812151807859265
0 0.2939351979414052 0.08633534283484796 0.036798947125715034 0.04061385308344742
0 0.10261914602417387 0.7290071040732811 0.05232805129944985 0.06812151807859242
0 0.6840113302967538 0.6265868615297318 0.052328051299449875 0.06812151807859265
0 0.531008689279812 0.6644059867165029 0.05656746956922435 0.07032608902958633
0 0.24615089121485045 0.7185744062639945 0.043339953538146264 0.0491290428432715
0 0.2754630610877327 0.7218924096070377 0.03931879007769522 0.05317447189227759
0 0.19156094650793348 0.7378891380313292 0.043339953538146264 0.0491290428432715
0 0.3966832966597625 0.6995962092904686 0.0391732868714796 0.04900780522561092
0 0.45286054505665463 0.6958761681187187 0.04980820834746969 0.05556089926976237
0 0.352546394421066 0.7196495136803187 0.046078051299449876 0.06793966165210179
0 0.9098711179556509 0.6148013874383171 0.052328051299449875 0.06812151807859242
0 0.8508962517727438 0.6279873568233124 0.0629629727754401 0.07467461212274364
0 0.7633367317480325 0.6586886561985976 0.052546306108773186 0.07437151807859242
0 0.9732854251607325 0.6295585616268312 0.05342914967853503 0.08080337450508306
0 0.09359799139495208 0.799132174188514 0.04750662020481293 0.04925028046093208
0 0.8924670226131454 0.653888623384456 0.04355820834746946 0.055379042843271505
0 0.7195635875248753 0.6891586272551145 0.04154762661724405 0.057401757367774545
0 0.21916677264141798 0.7819230695876178 0.05916006412431234 0.08497004117174996
0 0.11971240966472656 0.8004577724114694 0.0409656137923817 0.04073509070110788
0 0.7842427283721809 0.010736293877443124 0.0366534439194993 0.02147258775488625
0 0.42253317167389876 0.7530657596555874 0.05492064585453775 0.08276547022075605
0 0.700353933683071 0.7064011726056684 0.04333995353814638 0.0491290428432715
0 0.16892537360893722 0.8063248970706254 0.04355820834746969 0.055379042843271505
0 0.5066899168645753 0.7443606978979626 0.05060847598165547 0.07847756593642903
0 0.18654763544847341 0.11657085422735387 0.043339953538146264 0.0491290428432715
0 0.6676026131746001 0.724037740213619 0.05009921475990093 0.06389423260309571
0 0.605866505007232 0.7477313044785262 0.05879630610877342 0.07455337450508305
0 0.38441469473518963 0.0795317579840658 0.03435185577684265 0.030136567607950523
0 0.8794114729450759 0.6980629550462676 0.0366534439194993 0.03644718641678064
0 0.12752656913154445 0.8450675826516453 0.05492064585453781 0.08276547022075605
0 0.3193618832275841 0.8144603428348479 0.037526463156793116 0.06144718641678063
0 0.09574416368663242 0.8605905075218473 0.04636905771188108 0.07627299498543512
0 0.962853933683071 0.698763202693058 0.04593254809323426 0.06377299498543512
0 0.23852184137714502 0.11193038400659784 0.03270503206215617 0.04257594879912029
0 0.5654366155933982 0.7843603473217977 0.05656746956922423 0.07032608902958609
0 0.7810483840150017 0.7478476578701193 0.046078051299449876 0.06793966165210179
0 0.4888989192833734 0.8022282432485166 0.052328051299449875 0.06812151807859242
0 0.8950497045234725 0.7278469567177893 0.04980820834746969 0.05556089926976237
0 0.826845341546781 0.7454723774091873 0.04980820834746969 0.05556089926976237
0 0.8756581716738988 0.73988116873501 0.028465613792381817 0.04037137784812662
0 0.6331779174823569 0.03684083425777016 0.039173286871479716 0.04900780522561101
0 0.3070206180121962 0.8492293650922446 0.05736773720341025 0.09324275569625276
0 0.9379399168645753 0.7318126044701027 0.04370371155368531 0.05954570950993817
0 0.18490421897971548 0.8757225414798955 0.052546306108773304 0.07437151807859242
0 0.9892212789407585 0.7237743496096106 0.021557442118483056 0.05531842403444121
0 0.712384367196506 0.782170054632599 0.04995371155368531 0.0597275659364288
0 0.47166006412431233 0.06969410134652901 0.04319445033193053 0.04496237617660483
0 0.3913228664090884 0.8446909700012865 0.052546306108773304 0.07437151807859242
0 0.2226952253921467 0.8829647362542844 0.052328051299449875 0.06812151807859242
0 0.6702216708864813 0.799037740213619 0.04995371155368531 0.059727565936429035
0 0.5274901933299905 0.8323871046895722 0.04980820834746969 0.05556089926976213
0 0.6127613567904416 0.8257350668608656 0.04951720193503822 0.04722756593642904
0 0.7061839745764564 0.8136322204635048 0.03917328687147948 0.04900780522561092
0 0.7497884713702408 0.8081925588114031 0.04593254809323426 0.06377299498543512
0 0.33747685577684267 0.019376729040582668 0.0321230192372937 0.025909282132453627
0 0.339871153280568 0.8941534162931243 0.04995371155368531 0.059727565936429035
0 0.14613438485896454 0.9300296082520851 0.060734136235891016 0.07044732664724668
0 0.9428473311407167 0.7827633429235239 0.04750662020481305 0.04925028046093208
0 0.45915355872547997 0.876084501452052 0.030330692316391607 0.034181996656956905
0 0.8321528896400153 0.807881449195942 0.03917328687147948 0.04900780522561092
0 0.7669643992586621 0.8222909416740944 0.04995371155368531 0.059727565936429035
0 0.5442792189797154 0.8652657969566788 0.04980820834746969 0.05556089926976213
0 0.5061013103285877 0.876803911586705 0.04355820834746969 0.055379042843271505
0 0.6078936372494899 0.8655002566206899 0.04096561379238182 0.04073509070110788
0 0.3258763381709294 0.10521772736906103 0.0391732868714796 0.04900780522561101
0 0.43287049302633257 0.899789212633512 0.04743386860170513 0.047166947127598745
0 0.9323711444493388 0.8112217463720903 0.0321230192372937 0.025909282132453627
0 0.2856514719880224 0.11785812747458406 0.03931879007769522 0.05317447189227771
0 0.7135317540219058 0.038673676784472526 0.03694445033193053 0.044780519750114114
0 0.21960319394777209 0.13750626269048513 0.04154762661724417 0.057401757367774545