0 0.12291666666666666 0.5208333333333334 0.027083333333333334 0.04375
0 0.796875 0.46458333333333335 0.021875 0.03333333333333333
0 0.5739583333333333 0.4979166666666667 0.015625 0.025
0 0.8166666666666667 0.4791666666666667 0.021875 0.029166666666666667
0 0.023958333333333335 0.553125 0.016666666666666666 0.03333333333333333
0 0.309375 0.528125 0.021875 0.0375
0 0.715625 0.49270833333333336 0.021875 0.0375
0 0.6145833333333334 0.5041666666666667 0.016666666666666666 0.029166666666666667
0 0.49166666666666664 0.5145833333333333 0.016666666666666666 0.029166666666666667
0 0.9604166666666667 0.47604166666666664 0.027083333333333334 0.04375
0 0.5458333333333333 0.5125 0.021875 0.029166666666666667
0 0.44375 0.5229166666666667 0.020833333333333332 0.025
0 0.6833333333333333 0.503125 0.010416666666666666 0.01875
0 0.128125 0.5541666666666667 0.00625 0.01875
0 0.04583333333333333 0.5604166666666667 0.015625 0.020833333333333332
0 0.2833333333333333 0.5395833333333333 0.015625 0.025
0 0.36354166666666665 0.5333333333333333 0.027083333333333334 0.03958333333333333
0 0.8364583333333333 0.49166666666666664 0.010416666666666666 0.01875
0 0.8864583333333333 0.4875 0.016666666666666666 0.029166666666666667
0 0.2604166666666667 0.5447916666666667 0.00625 0.014583333333333334
0 0.6604166666666667 0.509375 0.010416666666666666 0.014583333333333334
0 0.07291666666666667 0.5604166666666667 0.010416666666666666 0.010416666666666666
0 0.09166666666666666 0.559375 0.010416666666666666 0.014583333333333334
0 0.340625 0.5375 0.010416666666666666 0.01875
0 0.5875 0.515625 0.015625 0.025
0 0.9041666666666667 0.48854166666666665 0.015625 0.020833333333333332
0 0.7395833333333334 0.5041666666666667 0.0125 0.03333333333333333
0 0.8322916666666667 0.496875 0.010416666666666666 0.01875
0 0.221875 0.5520833333333334 0.015625 0.020833333333333332
0 0.165625 0.5583333333333333 0.010416666666666666 0.014583333333333334
0 0.08020833333333334 0.5645833333333333 0.00625 0.01875
0 0.8541666666666666 0.496875 0.010416666666666666 0.022916666666666665
0 0.9354166666666667 0.4895833333333333 0.021875 0.03333333333333333
0 0.23541666666666666 0.5541666666666667 0.010416666666666666 0.01875
0 0.3802083333333333 0.5416666666666666 0.016666666666666666 0.029166666666666667
0 0.396875 0.5395833333333333 0.00625 0.014583333333333334
0 0.69375 0.5135416666666667 0.015625 0.020833333333333332
0 0.03333333333333333 0.5708333333333333 0.010416666666666666 0.022916666666666665
0 0.4354166666666667 0.5354166666666667 0.010416666666666666 0.01875
0 0.8645833333333334 0.4979166666666667 0.010416666666666666 0.01875
0 0.2677083333333333 0.5510416666666667 0.00625 0.01875
0 0.4083333333333333 0.5395833333333333 0.00625 0.01875
0 0.4166666666666667 0.5395833333333333 0.00625 0.014583333333333334
0 0.7083333333333334 0.5145833333333333 0.010416666666666666 0.01875
0 0.35 0.5458333333333333 0.010416666666666666 0.01875
0 0.6458333333333334 0.5197916666666667 0.016666666666666666 0.029166666666666667
0 0.6708333333333333 0.5166666666666667 0.010416666666666666 0.01875
0 0.153125 0.5645833333333333 0.015625 0.025
0 0.43125 0.540625 0.00625 0.014583333333333334
0 0.46145833333333336 0.5375 0.00625 0.009375
0 0.0625 0.5729166666666666 0.0125 0.03333333333333333
0 0.9895833333333334 0.49166666666666664 0.016666666666666666 0.041666666666666664
0 0.184375 0.5614583333333333 0.015625 0.025
0 0.07395833333333333 0.571875 0.010416666666666666 0.014583333333333334
0 0.7541666666666667 0.5125 0.016666666666666666 0.029166666666666667
0 0.3302083333333333 0.5520833333333334 0.00625 0.009375
0 0.9208333333333333 0.5 0.010416666666666666 0.01875
0 0.228125 0.5604166666666667 0.010416666666666666 0.01875
0 0.41354166666666664 0.5447916666666667 0.00625 0.014583333333333334
0 0.4270833333333333 0.5427083333333333 0.00625 0.014583333333333334
0 0.196875 0.5635416666666667 0.027083333333333334 0.03958333333333333
0 0.5166666666666667 0.5354166666666667 0.00625 0.009375
0 0.6020833333333333 0.5302083333333333 0.010416666666666666 0.014583333333333334
0 0.76875 0.515625 0.010416666666666666 0.014583333333333334
0 0.46979166666666666 0.5416666666666666 0.00625 0.009375
0 0.6072916666666667 0.5291666666666667 0.00625 0.009375
0 0.06979166666666667 0.5770833333333333 0.010416666666666666 0.01875
0 0.5125 0.5385416666666667 0.00625 0.009375
0 0.5020833333333333 0.5416666666666666 0.00625 0.009375
0 0.5447916666666667 0.5375 0.004166666666666667 0.004166666666666667
0 0.16458333333333333 0.5708333333333333 0.015625 0.020833333333333332
0 0.534375 0.540625 0.00625 0.009375
0 0.5385416666666667 0.540625 0.004166666666666667 0.004166666666666667