0 0.6573889163495326 0.15297958510607715 0.02435978524707281 0.036216934300852564
0 0.8338744795940685 0.19554905310046636 0.030864453231850556 0.042685189110175985
0 0.7363628096321245 0.17654110355595332 0.03711445323185056 0.042903443919499414
0 0.82156370818716 0.22528450101359893 0.03328734387822057 0.05109127404661713
0 0.6916330375661607 0.20202390162091485 0.030440006590554465 0.03226852244350932
0 0.5971190336118278 0.18000007948106353 0.0215124479594067 0.017394182697744752
0 0.46623158565242107 0.15878643762015887 0.030609785247072807 0.036435189110175986
0 0.6542603715585494 0.2038393727649743 0.017515559949258613 0.021415346158195802
0 0.55557970093755 0.18167004741890735 0.017515559949258613 0.021415346158195802
0 0.4296034736625694 0.15334661789910556 0.03919778656518377 0.04297619552260722
0 0.21978457708470026 0.10961312425499144 0.03477645191373959 0.036580692316391605
0 0.5811739262353642 0.19712639998953438 0.03919778656518389 0.04297619552260722
0 0.7745383794672148 0.24548621414211932 0.05305601581733086 0.07674603847458741
0 0.7232420448157705 0.2374537998659781 0.04395867852966475 0.05770503206215617
0 0.7547891574646778 0.2458367405792618 0.037623789201405584 0.05540344391949941
0 0.5249239262353644 0.19516210670562356 0.02435978524707281 0.036216934300852564
0 0.3465248083140136 0.15668655377479324 0.024190006590554466 0.0320502676341859
0 0.2500123603546068 0.1366733133651674 0.03469156258548036 0.03449735898305827
0 0.678450378149104 0.2358896403991602 0.030609785247072807 0.036435189110175986
0 0.6533230441567152 0.23189162116186648 0.028017115944184448 0.02386243750706818
0 0.47704970423282733 0.19453048650081065 0.03745401054488724 0.051236777252832745
0 0.9127793886939911 0.2940014441456808 0.041705566539813076 0.05346561379238158
0 0.8686898313809543 0.2841403271470835 0.03711445323185056 0.042903443919499414
0 0.9988433596955513 0.323244181349091 0.002313280608897372 0.07751984295198018
0 0.9775104153609495 0.3161939137149051 0.044979169278101 0.06431879007769521
0 0.8363981647142876 0.28301267729891244 0.03477645191373947 0.036580692316391605
0 0.690460492116122 0.2498314408829198 0.030609785247072807 0.036435189110175986
0 0.5550243755128821 0.21909729581579954 0.024190006590554466 0.0320502676341859
0 0.8017684967295101 0.2755622758476336 0.030440006590554465 0.03226852244350932
0 0.96775250397912 0.3156846524931504 0.04395867852966475 0.05770503206215617
0 0.540525931507808 0.2206713679273782 0.01993845059562863 0.029821431094636943
0 0.43563770555093817 0.19932545443865451 0.03477645191373947 0.036580692316391605
0 0.30345392294008716 0.17182543677619594 0.056883125170960606 0.06855820834746969
0 0.40851192755347526 0.1973380169315863 0.031034231888368898 0.04685185577684266
0 0.19131647498068027 0.15126655934326155 0.0266128972369246 0.04045635257062704
0 0.4874858208360672 0.22089953538146245 0.030609785247072807 0.036435189110175986
0 0.45385537485382665 0.2124438430650709 0.03711445323185056 0.042903443919499414
0 0.39622415087412327 0.2021098406462728 0.04412845718618309 0.06187169872882284
0 0.8697085033200646 0.3091403271470835 0.041535787883294734 0.04929894712571503
0 0.5915021587827887 0.24637573973529894 0.03579512385285 0.06158069231639161
0 0.9317610619512123 0.32586983277209713 0.0415357878832945 0.04929894712571503
0 0.626259160759955 0.25695114118657775 0.04638156917603477 0.06611111699859731
0 0.5128678228132335 0.23114755461875613 0.03711445323185044 0.042903443919499414
0 0.1475664749806803 0.1497387756779976 0.056883125170960724 0.06855820834746969
0 0.5622506027878628 0.2432738839584563 0.048125345196331416 0.05785053526837179
0 0.35455748420745653 0.20065480858411666 0.048125345196331416 0.05785053526837179
0 0.6601867193911026 0.272698500169636 0.04638156917603477 0.06611111699859731
0 0.8873938419258416 0.33472233997194595 0.048125345196331416 0.05785053526837179
0 0.10632425495530956 0.1587004102825081 0.023850449277517723 0.023716934300852564
0 0.7060395026610091 0.30030432630312054 0.057052903827479184 0.07272487501413635
0 0.0732455896067538 0.1637863846327832 0.01577178392896196 0.029675927888421327
0 0.21276348354840113 0.19258269957278573 0.057222682483997464 0.07689154168080302
0 0.4165446034469182 0.24130627174090974 0.04412845718618309 0.06187169872882284
0 0.8135203979207674 0.3342229913949521 0.05705290382747895 0.07272487501413635
0 0.27194571016432634 0.2154530777931377 0.03728423188836878 0.04707011058616608
0 0.10426037155854942 0.18463294954451304 0.030609785247072866 0.036435189110175986
0 0.4623973867168248 0.2689120978743943 0.05012378920140558 0.05583995353814627
0 0.18444571016432634 0.21239751046260977 0.026782675893442943 0.044623019237293705
0 0.9133895191373954 0.3855589834076857 0.05063312517096061 0.06833995353814615
0 0.06656759817447463 0.20412037822035195 0.02678267589344297 0.044623019237293705
0 0.3412439460070279 0.28236446242592084 0.05037845718618309 0.06208995353814615
0 0.591410179872563 0.34623023652908336 0.05237690119125726 0.060079371807920744
0 0.0792762767041394 0.260734136235891 0.03728423188836881 0.04707011058616608
0 0.5271009644605804 0.376230227697854 0.048125345196331416 0.05785053526837179
0 0.20127152111456176 0.37005293514481546 0.059900241115145116 0.09154762661724405
0 0.062324857743172334 0.3808035777365923 0.06555601581733078 0.07718254809323426
0 0.29040386828805953 0.43869712667378946 0.05654356785792392 0.060224875014136356
0 0.5666542134843909 0.5045139624824662 0.0635575718122567 0.07919312982345979
0 0.39063554154528063 0.47340282782141035 0.0635575718122567 0.07919312982345966
0 0.8190311146756482 0.5715774881887365 0.05237690119125726 0.060079371807920744
0 0.673984780024204 0.5602712517727437 0.06372735046877503 0.08335979649012633
0 0.9686880589854626 0.6329928520093908 0.06262388202907469 0.08335979649012633
0 0.8623106785792395 0.612615853584226 0.04395867852966475 0.05770503206215617
0 0.7194980059810738 0.579543744572895 0.056883125170960606 0.06855820834746969
0 0.5420556653981305 0.5390212341102852 0.05080290382747895 0.07250662020481305
0 0.20838631954274364 0.4680787292161438 0.057052903827479066 0.07272487501413635
0 0.3326612154615573 0.5057044071328378 0.0704017971100709 0.09399471796611654
0 0.8118632372103871 0.6254167726414182 0.0635575718122567 0.07919312982345966
0 0.05251832151990997 0.4719973589830583 0.05705290382747908 0.07272487501413635
0 0.9781886205823599 0.6834657374295915 0.04362275883528023 0.06855820834746945
0 0.9021875797704967 0.6722587157734999 0.0635575718122567 0.07919312982345966
0 0.1740077747517604 0.5178472428284239 0.05973046245862671 0.08738095995057739
0 0.8272494743711996 0.6966866155933982 0.07223046245862672 0.08781746956922423
0 0.267881563953166 0.575214980031834 0.0635575718122567 0.07919312982345966
0 0.5712576871469603 0.6430192533475789 0.07465335310499673 0.0962235545056655
0 0.6826930257527373 0.6718750883122928 0.07465335310499673 0.0962235545056655
0 0.38269657054372047 0.6104299424012095 0.07223046245862672 0.08781746956922423
0 0.4882639111266638 0.6484425225566 0.07465335310499673 0.0962235545056655