0 0.5979166666666667 0.1375 0.014583333333333334 0.014583333333333334
0 0.7697916666666667 0.14791666666666667 0.014583333333333334 0.01875
0 0.7229166666666667 0.15208333333333332 0.01875 0.01875
0 0.5583333333333333 0.14791666666666667 0.01875 0.01875
0 0.671875 0.15208333333333332 0.014583333333333334 0.01875
0 0.6479166666666667 0.15520833333333334 0.01875 0.01875
0 0.4864583333333333 0.15 0.025 0.029166666666666667
0 0.75 0.16145833333333334 0.014583333333333334 0.01875
0 0.7104166666666667 0.1625 0.014583333333333334 0.014583333333333334
0 0.6270833333333333 0.16354166666666667 0.014583333333333334 0.01875
0 0.6989583333333333 0.16875 0.01875 0.01875
0 0.6416666666666667 0.16875 0.014583333333333334 0.01875
0 0.615625 0.16770833333333332 0.020833333333333332 0.022916666666666665
0 0.88125 0.184375 0.029166666666666667 0.03333333333333333
0 0.5885416666666666 0.17708333333333334 0.020833333333333332 0.022916666666666665
0 0.5416666666666666 0.175 0.025 0.029166666666666667
0 0.6041666666666666 0.17916666666666667 0.020833333333333332 0.03333333333333333
0 0.7125 0.18333333333333332 0.020833333333333332 0.03333333333333333
0 0.5083333333333333 0.178125 0.025 0.029166666666666667
0 0.33541666666666664 0.17395833333333333 0.034375 0.05625
0 0.8552083333333333 0.19270833333333334 0.025 0.041666666666666664
0 0.8302083333333333 0.19479166666666667 0.029166666666666667 0.041666666666666664
0 0.6895833333333333 0.18958333333333333 0.025 0.029166666666666667
0 0.6677083333333333 0.18854166666666666 0.020833333333333332 0.022916666666666665
0 0.65 0.1875 0.015625 0.022916666666666665
0 0.7291666666666666 0.19791666666666666 0.029166666666666667 0.029166666666666667
0 0.75625 0.19791666666666666 0.025 0.03333333333333333
0 0.7770833333333333 0.20416666666666666 0.029166666666666667 0.0375
0 0.6083333333333333 0.19791666666666666 0.015625 0.022916666666666665
0 0.5677083333333334 0.19895833333333332 0.015625 0.03333333333333333
0 0.5895833333333333 0.20208333333333334 0.029166666666666667 0.029166666666666667
0 0.6791666666666667 0.20833333333333334 0.025 0.029166666666666667
0 0.628125 0.21458333333333332 0.034375 0.046875
0 0.5416666666666666 0.21458333333333332 0.029166666666666667 0.0375
0 0.8791666666666667 0.22916666666666666 0.029166666666666667 0.046875
0 0.9052083333333333 0.22916666666666666 0.029166666666666667 0.041666666666666664
0 0.9395833333333333 0.23020833333333332 0.020833333333333332 0.052083333333333336
0 0.6072916666666667 0.21979166666666666 0.015625 0.022916666666666665
0 0.9583333333333334 0.23125 0.034375 0.046875
0 0.43854166666666666 0.215625 0.025 0.03333333333333333
0 0.49270833333333336 0.22291666666666668 0.0375 0.029166666666666667
0 0.7708333333333334 0.23333333333333334 0.0375 0.03333333333333333
0 0.6666666666666666 0.23229166666666667 0.025 0.029166666666666667
0 0.7052083333333333 0.2520833333333333 0.03333333333333333 0.041666666666666664
0 0.8166666666666667 0.25833333333333336 0.03958333333333333 0.052083333333333336
0 0.48541666666666666 0.246875 0.03333333333333333 0.025
0 0.6333333333333333 0.26458333333333334 0.025 0.03333333333333333
0 0.9645833333333333 0.2875 0.034375 0.046875
0 0.9260416666666667 0.2989583333333333 0.04375 0.06041666666666667
0 0.875 0.3020833333333333 0.04375 0.05625
0 0.6645833333333333 0.2947916666666667 0.034375 0.05625
0 0.8479166666666667 0.303125 0.03958333333333333 0.052083333333333336
0 0.7760416666666666 0.30104166666666665 0.04375 0.075
0 0.46770833333333334 0.2989583333333333 0.04375 0.052083333333333336
0 0.5645833333333333 0.3104166666666667 0.034375 0.052083333333333336
0 0.5572916666666666 0.3260416666666667 0.020833333333333332 0.041666666666666664
0 0.5895833333333333 0.33645833333333336 0.03958333333333333 0.065625
0 0.3875 0.35 0.04375 0.052083333333333336
0 0.9729166666666667 0.4197916666666667 0.03958333333333333 0.052083333333333336
0 0.9875 0.459375 0.020833333333333332 0.052083333333333336
0 0.675 0.4583333333333333 0.053125 0.07708333333333334
0 0.4895833333333333 0.5364583333333334 0.058333333333333334 0.07708333333333334