0 0.044031207503317175 0.07142857773659234 0.029545123852849804 0.06136243750706818
0 0.8648486356910605 0.17728517009906367 0.0926782490238106 0.1301389006638613
0 0.2269011943222082 0.14040347041318724 0.10118136101366217 0.13459657374295914
0 0.40834396770628295 0.16760256901845375 0.12103492228103173 0.16233467150426276
0 0.6353972167300934 0.04826728141610194 0.032778007908665314 0.038591274046617115
0 0.09180463503200507 0.15341932534606695 0.079499134397737 0.11303572437854778
0 0.3835685513815377 0.0332143374400572 0.04277022793403613 0.028538365395489484
0 0.8894595441319277 0.0853043527968084 0.0394524545499614 0.04922619552260722
0 0.7150537694297421 0.0646098848024192 0.06071023452459059 0.06037037822035195
0 0.5624381053992972 0.046762641973995336 0.045957122534738916 0.055694450331930635
0 0.4446873274018343 0.04369384306507086 0.05637378920140558 0.05605820834746966
0 0.7203293609640876 0.4215510250319434 0.1424624809121795 0.1776455208686741
0 0.043757089581966425 0.34438162020481294 0.08751417916393285 0.2804299070762925
0 0.4038501040811863 0.04748352013780195 0.05237690119125726 0.06007937180792073
0 0.8136106508493359 0.10351862841826066 0.098249134397737 0.11369048880651803
0 0.10363788076053834 0.04221562262361096 0.05067911462607352 0.018412705141254045
0 0.5247913214703352 0.07465615558627538 0.050718014499219775 0.07042328687147957
0 0.4882905434728723 0.07442466919855541 0.05488468116588656 0.07056879007769519
0 0.3114194334601869 0.0630324496010584 0.06989246114051587 0.08149471796611651
0 0.6889538457810248 0.7563493030721936 0.1956033860577693 0.25647489267659485
0 0.7450958688975402 0.12094586798392355 0.06364246114051587 0.08127646315679311
0 0.342294613892656 0.7901422460911848 0.20559560608314012 0.2464219840254671
0 0.7034292022308736 0.11949083592176742 0.09000069039266284 0.1154828157274201
0 0.9396134176428562 0.16007618534272414 0.06920625693247591 0.1667658814265676
0 0.5803427569076886 0.11936515800507341 0.11436047563973564 0.15169975002827268