0 0.8166666666666667 0.046875 0.016666666666666666 0.025
0 0.17395833333333333 0.058333333333333334 0.021875 0.029166666666666667
0 0.28541666666666665 0.075 0.021875 0.029166666666666667
0 0.058333333333333334 0.04895833333333333 0.016666666666666666 0.025
0 0.7916666666666666 0.13958333333333334 0.016666666666666666 0.025
0 0.246875 0.07395833333333333 0.016666666666666666 0.029166666666666667
0 0.8395833333333333 0.15 0.020833333333333332 0.020833333333333332
0 0.921875 0.1625 0.016666666666666666 0.03333333333333333
0 0.23229166666666667 0.07916666666666666 0.021875 0.029166666666666667
0 0.7375 0.14479166666666668 0.021875 0.029166666666666667
0 0.859375 0.159375 0.021875 0.029166666666666667
0 0.690625 0.03125 0.016666666666666666 0.025
0 0.3697916666666667 0.10416666666666667 0.027083333333333334 0.034375
0 0.70625 0.14791666666666667 0.016666666666666666 0.025
0 0.8770833333333333 0.16875 0.016666666666666666 0.025
0 0.49270833333333336 0.12083333333333333 0.016666666666666666 0.03333333333333333
0 0.89375 0.175 0.016666666666666666 0.029166666666666667
0 0.6354166666666666 0.027083333333333334 0.010416666666666666 0.020833333333333332
0 0.4947916666666667 0.13125 0.016666666666666666 0.025
0 0.5354166666666667 0.13854166666666667 0.016666666666666666 0.029166666666666667
0 0.5125 0.1375 0.016666666666666666 0.025
0 0.103125 0.0875 0.021875 0.034375
0 0.5895833333333333 0.15 0.021875 0.029166666666666667
0 0.99375 0.2 0.0125 0.025
0 0.22708333333333333 0.10833333333333334 0.016666666666666666 0.025
0 0.9708333333333333 0.20208333333333334 0.016666666666666666 0.029166666666666667
0 0.115625 0.09791666666666667 0.021875 0.029166666666666667
0 0.98125 0.20729166666666668 0.016666666666666666 0.025
0 0.8479166666666667 0.05520833333333333 0.015625 0.020833333333333332
0 0.15416666666666667 0.10520833333333333 0.021875 0.029166666666666667
0 0.21354166666666666 0.115625 0.021875 0.034375
0 0.42916666666666664 0.14166666666666666 0.021875 0.029166666666666667
0 0.45208333333333334 0.14479166666666668 0.021875 0.034375
0 0.178125 0.11979166666666667 0.021875 0.029166666666666667
0 0.7541666666666667 0.19791666666666666 0.027083333333333334 0.034375
0 0.55 0.17291666666666666 0.016666666666666666 0.025
0 0.4895833333333333 0.014583333333333334 0.020833333333333332 0.020833333333333332
0 0.053125 0.11666666666666667 0.021875 0.029166666666666667
0 0.94375 0.228125 0.016666666666666666 0.025
0 0.07291666666666667 0.12083333333333333 0.016666666666666666 0.025
0 0.9322916666666666 0.22916666666666666 0.021875 0.025
0 0.728125 0.042708333333333334 0.021875 0.029166666666666667
0 0.8666666666666667 0.23333333333333334 0.027083333333333334 0.03125
0 0.3104166666666667 0.16458333333333333 0.021875 0.034375
0 0.821875 0.22916666666666666 0.021875 0.029166666666666667
0 0.49375 0.19166666666666668 0.021875 0.029166666666666667
0 0.6395833333333333 0.034375 0.016666666666666666 0.025
0 0.7791666666666667 0.23333333333333334 0.021875 0.029166666666666667
0 0.159375 0.15833333333333333 0.028125 0.03958333333333333
0 0.4583333333333333 0.19479166666666667 0.021875 0.029166666666666667
0 0.08958333333333333 0.15416666666666667 0.021875 0.029166666666666667
0 0.53125 0.20833333333333334 0.021875 0.034375
0 0.5489583333333333 0.022916666666666665 0.016666666666666666 0.025
0 0.06666666666666667 0.15520833333333334 0.021875 0.029166666666666667
0 0.8083333333333333 0.24895833333333334 0.016666666666666666 0.03333333333333333
0 0.5802083333333333 0.22083333333333333 0.021875 0.029166666666666667
0 0.8729166666666667 0.259375 0.021875 0.034375
0 0.3854166666666667 0.19895833333333332 0.016666666666666666 0.025
0 0.4197916666666667 0.20416666666666666 0.021875 0.034375
0 0.6541666666666667 0.23229166666666667 0.021875 0.025
0 0.6416666666666667 0.23333333333333334 0.016666666666666666 0.029166666666666667
0 0.9541666666666667 0.27291666666666664 0.021875 0.034375
0 0.23020833333333332 0.18958333333333333 0.021875 0.029166666666666667
0 0.7958333333333333 0.25833333333333336 0.021875 0.029166666666666667
0 0.3385416666666667 0.20416666666666666 0.027083333333333334 0.034375
0 0.39895833333333336 0.21666666666666667 0.021875 0.029166666666666667
0 0.9364583333333333 0.2833333333333333 0.021875 0.034375
0 0.12916666666666668 0.18333333333333332 0.016666666666666666 0.03333333333333333
0 0.7166666666666667 0.2552083333333333 0.021875 0.034375
0 0.15104166666666666 0.18958333333333333 0.020833333333333332 0.015625
0 0.7697916666666667 0.053125 0.016666666666666666 0.025
0 0.06666666666666667 0.1875 0.021875 0.025
0 0.36875 0.225 0.016666666666666666 0.029166666666666667
0 0.296875 0.21666666666666667 0.021875 0.034375
0 0.9916666666666667 0.30625 0.015625 0.025
0 0.14895833333333333 0.20416666666666666 0.016666666666666666 0.029166666666666667
0 0.8104166666666667 0.290625 0.021875 0.025
0 0.8854166666666666 0.3 0.016666666666666666 0.025
0 0.203125 0.21666666666666667 0.016666666666666666 0.025
0 0.2125 0.21666666666666667 0.015625 0.015625
0 0.45416666666666666 0.016666666666666666 0.016666666666666666 0.029166666666666667
0 0.8822916666666667 0.06875 0.016666666666666666 0.025
0 0.11770833333333333 0.21041666666666667 0.021875 0.025
0 0.046875 0.20416666666666666 0.022916666666666665 0.03958333333333333
0 0.9729166666666667 0.3177083333333333 0.010416666666666666 0.015625
0 0.89375 0.3104166666666667 0.016666666666666666 0.025
0 0.9958333333333333 0.3260416666666667 0.008333333333333333 0.029166666666666667
0 0.5260416666666666 0.2708333333333333 0.021875 0.034375
0 0.21770833333333334 0.23229166666666667 0.021875 0.034375
0 0.603125 0.0375 0.015625 0.020833333333333332
0 0.46770833333333334 0.2677083333333333 0.021875 0.025
0 0.6677083333333333 0.2947916666666667 0.016666666666666666 0.029166666666666667
0 0.4510416666666667 0.2708333333333333 0.016666666666666666 0.025
0 0.178125 0.23645833333333333 0.016666666666666666 0.03333333333333333
0 0.9208333333333333 0.328125 0.016666666666666666 0.025
0 0.8291666666666667 0.31979166666666664 0.016666666666666666 0.025
0 0.65625 0.04375 0.016666666666666666 0.025
0 0.9677083333333333 0.33541666666666664 0.021875 0.029166666666666667
0 0.8604166666666667 0.32395833333333335 0.021875 0.034375
0 0.80625 0.3229166666666667 0.016666666666666666 0.029166666666666667
0 0.3375 0.26458333333333334 0.021875 0.034375
0 0.2760416666666667 0.25833333333333336 0.022916666666666665 0.03958333333333333
0 0.10833333333333334 0.24166666666666667 0.016666666666666666 0.025
0 0.9270833333333334 0.34479166666666666 0.015625 0.015625
0 0.7395833333333334 0.32395833333333335 0.01875 0.0375
0 0.878125 0.34270833333333334 0.016666666666666666 0.03333333333333333
0 0.990625 0.3572916666666667 0.016666666666666666 0.025
0 0.7177083333333333 0.3229166666666667 0.021875 0.034375
0 0.5895833333333333 0.0375 0.021875 0.029166666666666667
0 0.7291666666666666 0.32708333333333334 0.01875 0.0375
0 0.18229166666666666 0.2604166666666667 0.016666666666666666 0.029166666666666667
0 0.9010416666666666 0.34791666666666665 0.021875 0.025
0 0.5927083333333333 0.315625 0.020833333333333332 0.020833333333333332
0 0.3229166666666667 0.284375 0.021875 0.029166666666666667
0 0.19895833333333332 0.271875 0.021875 0.025
0 0.14791666666666667 0.265625 0.016666666666666666 0.029166666666666667
0 0.5666666666666667 0.31666666666666665 0.016666666666666666 0.029166666666666667
0 0.11041666666666666 0.2604166666666667 0.016666666666666666 0.025
0 0.9458333333333333 0.365625 0.016666666666666666 0.029166666666666667
0 0.353125 0.29270833333333335 0.021875 0.034375
0 0.678125 0.33541666666666664 0.016666666666666666 0.025
0 0.240625 0.28125 0.021875 0.025
0 0.6895833333333333 0.33958333333333335 0.016666666666666666 0.03333333333333333
0 0.9270833333333334 0.36770833333333336 0.020833333333333332 0.020833333333333332
0 0.06979166666666667 0.265625 0.021875 0.029166666666666667
0 0.690625 0.052083333333333336 0.016666666666666666 0.025
0 0.41458333333333336 0.3104166666666667 0.021875 0.034375
0 0.5854166666666667 0.3333333333333333 0.016666666666666666 0.03333333333333333
0 0.909375 0.378125 0.016666666666666666 0.029166666666666667
0 0.490625 0.32708333333333334 0.021875 0.025
0 0.5916666666666667 0.3416666666666667 0.021875 0.025
0 0.9645833333333333 0.38645833333333335 0.021875 0.034375
0 0.9927083333333333 0.3958333333333333 0.014583333333333334 0.03125
0 0.33541666666666664 0.3145833333333333 0.021875 0.034375
0 0.10208333333333333 0.290625 0.01875 0.0375
0 0.675 0.36041666666666666 0.021875 0.029166666666666667
0 0.19583333333333333 0.30416666666666664 0.015625 0.020833333333333332
0 0.659375 0.3614583333333333 0.021875 0.034375
0 0.8572916666666667 0.3854166666666667 0.016666666666666666 0.029166666666666667
0 0.51875 0.34375 0.021875 0.029166666666666667
0 0.8333333333333334 0.38958333333333334 0.016666666666666666 0.025
0 0.8802083333333334 0.39895833333333336 0.016666666666666666 0.029166666666666667
0 0.928125 0.4083333333333333 0.021875 0.034375
0 0.4895833333333333 0.3541666666666667 0.016666666666666666 0.025
0 0.5833333333333334 0.37083333333333335 0.027083333333333334 0.03125
0 0.4479166666666667 0.353125 0.020833333333333332 0.020833333333333332
0 0.7958333333333333 0.3958333333333333 0.021875 0.034375
0 0.1875 0.32395833333333335 0.016666666666666666 0.03333333333333333
0 0.36041666666666666 0.3458333333333333 0.021875 0.025
0 0.13333333333333333 0.31979166666666664 0.027083333333333334 0.03125
0 0.8416666666666667 0.409375 0.021875 0.029166666666666667
0 0.06354166666666666 0.315625 0.016666666666666666 0.029166666666666667
0 0.8979166666666667 0.08229166666666667 0.010416666666666666 0.020833333333333332
0 0.6166666666666667 0.3854166666666667 0.021875 0.025
0 0.290625 0.34791666666666665 0.021875 0.034375
0 0.32916666666666666 0.353125 0.021875 0.034375
0 0.896875 0.42291666666666666 0.016666666666666666 0.029166666666666667
0 0.4395833333333333 0.36875 0.021875 0.025
0 0.47604166666666664 0.37604166666666666 0.021875 0.025
0 0.165625 0.33958333333333335 0.016666666666666666 0.03333333333333333
0 0.54375 0.39166666666666666 0.021875 0.034375
0 0.6333333333333333 0.4041666666666667 0.021875 0.025
0 0.7229166666666667 0.06354166666666666 0.016666666666666666 0.029166666666666667
0 0.6875 0.415625 0.020833333333333332 0.015625
0 0.7822916666666667 0.4270833333333333 0.016666666666666666 0.029166666666666667
0 0.4395833333333333 0.3875 0.016666666666666666 0.025
0 0.5729166666666666 0.4041666666666667 0.016666666666666666 0.03333333333333333
0 0.8729166666666667 0.44375 0.022916666666666665 0.03958333333333333
0 0.5791666666666667 0.40729166666666666 0.021875 0.025
0 0.51875 0.40208333333333335 0.028125 0.03958333333333333
0 0.7958333333333333 0.071875 0.015625 0.020833333333333332
0 0.1375 0.35520833333333335 0.016666666666666666 0.03333333333333333
0 0.6270833333333333 0.42083333333333334 0.016666666666666666 0.025
0 0.17083333333333334 0.3645833333333333 0.021875 0.025
0 0.8583333333333333 0.45 0.021875 0.029166666666666667
0 0.5145833333333333 0.03958333333333333 0.016666666666666666 0.03333333333333333
0 0.9114583333333334 0.08854166666666667 0.015625 0.020833333333333332
0 0.6875 0.434375 0.016666666666666666 0.025
0 0.740625 0.440625 0.021875 0.034375
0 0.07708333333333334 0.359375 0.016666666666666666 0.03333333333333333
0 0.2 0.3770833333333333 0.016666666666666666 0.029166666666666667
0 0.215625 0.38333333333333336 0.022916666666666665 0.03958333333333333
0 0.8791666666666667 0.084375 0.015625 0.015625
0 0.41770833333333335 0.028125 0.021875 0.025
0 0.23333333333333334 0.3875 0.016666666666666666 0.029166666666666667
0 0.659375 0.44166666666666665 0.022916666666666665 0.03958333333333333
0 0.8145833333333333 0.46145833333333336 0.021875 0.029166666666666667
0 0.6239583333333333 0.43854166666666666 0.015625 0.015625
0 0.9885416666666667 0.48541666666666666 0.022916666666666665 0.03958333333333333
0 0.125 0.37916666666666665 0.016666666666666666 0.029166666666666667
0 0.5802083333333333 0.4375 0.021875 0.034375
0 0.46770833333333334 0.42291666666666666 0.021875 0.029166666666666667
0 0.6677083333333333 0.06041666666666667 0.016666666666666666 0.029166666666666667
0 0.18645833333333334 0.39166666666666666 0.010416666666666666 0.020833333333333332
0 0.37083333333333335 0.4166666666666667 0.022916666666666665 0.03958333333333333
0 0.30104166666666665 0.4083333333333333 0.021875 0.025
0 0.8708333333333333 0.48020833333333335 0.021875 0.034375
0 0.946875 0.4895833333333333 0.027083333333333334 0.034375
0 0.521875 0.4375 0.021875 0.034375
0 0.26458333333333334 0.4083333333333333 0.021875 0.029166666666666667
0 0.06875 0.38645833333333335 0.022916666666666665 0.03958333333333333
0 0.17916666666666667 0.4 0.021875 0.029166666666666667
0 0.15833333333333333 0.4 0.020833333333333332 0.020833333333333332
0 0.6927083333333334 0.465625 0.022916666666666665 0.03958333333333333
0 0.39166666666666666 0.42916666666666664 0.016666666666666666 0.03333333333333333
0 0.7541666666666667 0.47604166666666664 0.022916666666666665 0.03958333333333333
0 0.44479166666666664 0.44166666666666665 0.016666666666666666 0.029166666666666667
0 0.6260416666666667 0.46458333333333335 0.027083333333333334 0.03125
0 0.2 0.41458333333333336 0.016666666666666666 0.03333333333333333
0 0.5583333333333333 0.46041666666666664 0.027083333333333334 0.034375
0 0.29375 0.43020833333333336 0.021875 0.025
0 0.46145833333333336 0.45208333333333334 0.016666666666666666 0.029166666666666667
0 0.89375 0.5041666666666667 0.028125 0.03958333333333333
0 0.8229166666666666 0.49583333333333335 0.021875 0.025
0 0.7416666666666667 0.07291666666666667 0.015625 0.020833333333333332
0 0.47291666666666665 0.03958333333333333 0.016666666666666666 0.029166666666666667
0 0.15520833333333334 0.42083333333333334 0.021875 0.025
0 0.2604166666666667 0.43333333333333335 0.027083333333333334 0.034375
0 0.6447916666666667 0.48541666666666666 0.016666666666666666 0.03333333333333333
0 0.6666666666666666 0.48854166666666665 0.016666666666666666 0.029166666666666667
0 0.778125 0.07708333333333334 0.016666666666666666 0.025
0 0.8114583333333333 0.5083333333333333 0.016666666666666666 0.029166666666666667
0 0.25833333333333336 0.44166666666666665 0.016666666666666666 0.025
0 0.7197916666666667 0.5010416666666667 0.01875 0.0375
0 0.4791666666666667 0.4739583333333333 0.021875 0.034375
0 0.8354166666666667 0.08541666666666667 0.015625 0.020833333333333332
0 0.44166666666666665 0.47708333333333336 0.016666666666666666 0.03333333333333333
0 0.734375 0.07291666666666667 0.016666666666666666 0.029166666666666667
0 0.534375 0.04895833333333333 0.015625 0.015625
0 0.8885416666666667 0.09270833333333334 0.010416666666666666 0.020833333333333332
0 0.46458333333333335 0.48541666666666666 0.021875 0.034375
0 0.5260416666666666 0.4979166666666667 0.016666666666666666 0.029166666666666667
0 0.503125 0.49583333333333335 0.027083333333333334 0.03125
0 0.8729166666666667 0.54375 0.028125 0.03958333333333333
0 0.146875 0.45416666666666666 0.021875 0.025
0 0.5791666666666667 0.013541666666666667 0.020833333333333332 0.015625
0 0.38958333333333334 0.4864583333333333 0.021875 0.029166666666666667
0 0.6645833333333333 0.5229166666666667 0.016666666666666666 0.025
0 0.7791666666666667 0.5395833333333333 0.022916666666666665 0.03958333333333333
0 0.540625 0.5114583333333333 0.021875 0.025
0 0.3541666666666667 0.49166666666666664 0.028125 0.03958333333333333
0 0.253125 0.48125 0.022916666666666665 0.03958333333333333
0 0.9447916666666667 0.5666666666666667 0.027083333333333334 0.03125
0 0.6229166666666667 0.5291666666666667 0.022916666666666665 0.03958333333333333
0 0.146875 0.47291666666666665 0.015625 0.020833333333333332
0 0.6083333333333333 0.5291666666666667 0.016666666666666666 0.029166666666666667
0 0.65625 0.5385416666666667 0.028125 0.03958333333333333
0 0.17708333333333334 0.011458333333333333 0.016666666666666666 0.022916666666666665
0 0.5760416666666667 0.057291666666666664 0.016666666666666666 0.025
0 0.9354166666666667 0.103125 0.016666666666666666 0.025
0 0.6885416666666667 0.546875 0.028125 0.03958333333333333
0 0.7458333333333333 0.5541666666666667 0.01875 0.0375
0 0.334375 0.503125 0.015625 0.020833333333333332
0 0.06354166666666666 0.4708333333333333 0.021875 0.029166666666666667
0 0.16041666666666668 0.484375 0.016666666666666666 0.029166666666666667
0 0.3229166666666667 0.5041666666666667 0.028125 0.04375
0 0.7260416666666667 0.55625 0.021875 0.034375
0 0.6854166666666667 0.07291666666666667 0.016666666666666666 0.025
0 0.7145833333333333 0.07604166666666666 0.016666666666666666 0.025
0 0.45416666666666666 0.5270833333333333 0.028125 0.03958333333333333
0 0.5354166666666667 0.5364583333333334 0.021875 0.034375
0 0.8083333333333333 0.5770833333333333 0.021875 0.029166666666666667
0 0.7666666666666667 0.571875 0.03125 0.035416666666666666
0 0.7614583333333333 0.08229166666666667 0.016666666666666666 0.029166666666666667
0 0.5520833333333334 0.05625 0.016666666666666666 0.029166666666666667
0 0.6552083333333333 0.06875 0.016666666666666666 0.025
0 0.5020833333333333 0.052083333333333336 0.016666666666666666 0.029166666666666667
0 0.3645833333333333 0.525 0.021875 0.034375
0 0.13958333333333334 0.4979166666666667 0.021875 0.029166666666666667
0 0.2989583333333333 0.5197916666666667 0.027083333333333334 0.03125
0 0.7958333333333333 0.5802083333333333 0.021875 0.025
0 0.6302083333333334 0.06770833333333333 0.016666666666666666 0.025
0 0.7958333333333333 0.08854166666666667 0.016666666666666666 0.025
0 0.75625 0.5989583333333334 0.027083333333333334 0.03125
0 0.9166666666666666 0.61875 0.022916666666666665 0.03958333333333333
0 0.07291666666666667 0.5208333333333334 0.028125 0.03958333333333333
0 0.8979166666666667 0.6229166666666667 0.022916666666666665 0.03958333333333333
0 0.3385416666666667 0.559375 0.021875 0.034375
0 0.22291666666666668 0.5520833333333334 0.0125 0.025
0 0.615625 0.603125 0.028125 0.03958333333333333
0 0.3625 0.03958333333333333 0.021875 0.029166666666666667
0 0.23125 0.5583333333333333 0.021875 0.029166666666666667
0 0.596875 0.6208333333333333 0.021875 0.029166666666666667
0 0.8770833333333333 0.10520833333333333 0.021875 0.025
0 0.6927083333333334 0.6416666666666667 0.022916666666666665 0.03958333333333333
0 0.15208333333333332 0.5760416666666667 0.022916666666666665 0.03958333333333333
0 0.95 0.6770833333333334 0.021875 0.029166666666666667
0 0.375 0.6104166666666667 0.027083333333333334 0.034375
0 0.9104166666666667 0.6854166666666667 0.027083333333333334 0.034375
0 0.6739583333333333 0.659375 0.021875 0.034375
0 0.48541666666666666 0.6385416666666667 0.027083333333333334 0.034375
0 0.26458333333333334 0.6104166666666667 0.021875 0.034375
0 0.0375 0.5833333333333334 0.028125 0.04375
0 0.578125 0.659375 0.027083333333333334 0.034375
0 0.7677083333333333 0.6875 0.021875 0.034375
0 0.35 0.6385416666666667 0.022916666666666665 0.04375
0 0.8614583333333333 0.709375 0.021875 0.029166666666666667
0 0.9697916666666667 0.7229166666666667 0.01875 0.0375
0 0.6052083333333333 0.6833333333333333 0.022916666666666665 0.03958333333333333
0 0.525 0.6760416666666667 0.022916666666666665 0.03958333333333333
0 0.23541666666666666 0.6416666666666667 0.027083333333333334 0.03125
0 0.6333333333333333 0.6979166666666666 0.03333333333333333 0.040625
0 0.4010416666666667 0.68125 0.027083333333333334 0.027083333333333334
0 0.8072916666666666 0.7333333333333333 0.021875 0.034375
0 0.22604166666666667 0.6625 0.022916666666666665 0.03958333333333333
0 0.4666666666666667 0.7083333333333334 0.027083333333333334 0.03125
0 0.065625 0.659375 0.021875 0.034375
0 0.9489583333333333 0.7708333333333334 0.022916666666666665 0.03958333333333333
0 0.2916666666666667 0.6895833333333333 0.021875 0.029166666666666667
0 0.7583333333333333 0.746875 0.022916666666666665 0.03958333333333333
0 0.12708333333333333 0.66875 0.01875 0.0375
0 0.5333333333333333 0.7208333333333333 0.01875 0.0375
0 0.39791666666666664 0.7041666666666667 0.016666666666666666 0.03333333333333333
0 0.15833333333333333 0.6770833333333334 0.03333333333333333 0.04375
0 0.91875 0.7729166666666667 0.028125 0.03958333333333333
0 0.446875 0.0625 0.016666666666666666 0.025
0 0.9 0.7729166666666667 0.022916666666666665 0.04375
0 0.5510416666666667 0.734375 0.021875 0.029166666666666667
0 0.6947916666666667 0.09479166666666666 0.016666666666666666 0.025
0 0.8145833333333333 0.109375 0.016666666666666666 0.025
0 0.5677083333333334 0.07916666666666666 0.016666666666666666 0.029166666666666667
0 0.7989583333333333 0.7833333333333333 0.028125 0.03958333333333333
0 0.19583333333333333 0.7104166666666667 0.028125 0.03958333333333333
0 0.15833333333333333 0.029166666666666667 0.027083333333333334 0.03125
0 0.5729166666666666 0.7604166666666666 0.022916666666666665 0.03958333333333333
0 0.6520833333333333 0.7822916666666667 0.022916666666666665 0.04375
0 0.4583333333333333 0.7583333333333333 0.0125 0.029166666666666667
0 0.019791666666666666 0.7072916666666667 0.03333333333333333 0.040625
0 0.4708333333333333 0.7625 0.022916666666666665 0.03958333333333333
0 0.14375 0.725 0.022916666666666665 0.03958333333333333
0 0.3020833333333333 0.7458333333333333 0.028125 0.04375
0 0.8177083333333334 0.8125 0.022916666666666665 0.04375
0 0.22291666666666668 0.7416666666666667 0.022916666666666665 0.04375
0 0.39791666666666664 0.7635416666666667 0.027083333333333334 0.034375
0 0.596875 0.7916666666666666 0.028125 0.04375
0 0.42291666666666666 0.06666666666666667 0.016666666666666666 0.025
0 0.8791666666666667 0.8333333333333334 0.022916666666666665 0.03958333333333333
0 0.17083333333333334 0.7458333333333333 0.03333333333333333 0.04375
0 0.8666666666666667 0.8354166666666667 0.021875 0.034375
0 0.6770833333333334 0.09791666666666667 0.016666666666666666 0.025
0 0.7697916666666667 0.8291666666666667 0.022916666666666665 0.03958333333333333
0 0.06041666666666667 0.746875 0.027083333333333334 0.034375
0 0.7395833333333334 0.035416666666666666 0.020833333333333332 0.020833333333333332
0 0.45625 0.8 0.028125 0.04375
0 0.24791666666666667 0.7770833333333333 0.021875 0.034375
0 0.5479166666666667 0.8177083333333334 0.03333333333333333 0.04375
0 0.58125 0.8229166666666666 0.028125 0.04375
0 0.09166666666666666 0.771875 0.028125 0.04375
0 0.2677083333333333 0.79375 0.027083333333333334 0.034375
0 0.1125 0.790625 0.028125 0.03958333333333333
0 0.11041666666666666 0.0375 0.016666666666666666 0.025
0 0.8395833333333333 0.13125 0.015625 0.020833333333333332
0 0.39375 0.07708333333333334 0.016666666666666666 0.03333333333333333
0 0.73125 0.11979166666666667 0.021875 0.025
0 0.8114583333333333 0.12916666666666668 0.016666666666666666 0.03333333333333333
0 0.42916666666666664 0.08333333333333333 0.016666666666666666 0.029166666666666667
0 0.678125 0.115625 0.021875 0.025