0 0.5393192505062038 0.10418312886640617 0.021221254305925898 0.017394182697744752
0 0.5778124270512964 0.10075389087557837 0.025387920972592563 0.01753968590396037
0 0.6683162017473612 0.09238086280705543 0.017151567882407428 0.021415346158195802
0 0.6610487801414815 0.09367716008459942 0.017054587639259468 0.017248679491529136
0 0.551940475810139 0.10895495258109265 0.010659117274537049 0.01078042468220571
0 0.5696730542042594 0.10937823062134294 0.017054587639259468 0.017248679491529136
0 0.6572215443258335 0.10840599662414836 0.021318234549074097 0.02156084936441142
0 0.6957389659317131 0.10601842529998724 0.017151567882407428 0.021415346158195802
0 0.6084814165395834 0.11949065929718185 0.017151567882407428 0.021415346158195802
0 0.6376965733278243 0.12055547018700587 0.021318234549074097 0.02156084936441142
0 0.5733799356631483 0.13426910321668123 0.01724854812555563 0.025582012824862468
0 0.7003662887533335 0.1256645887604383 0.021512195035370496 0.029894182697744753
0 0.6526678276337502 0.13671287563191786 0.021415214792222297 0.025727516031078087
0 0.5518201214533798 0.14857466171597988 0.025581881458888962 0.025873019237293703
0 0.48873911094166683 0.17058525227743468 0.021318234549074097 0.02156084936441142
0 0.5805512479730557 0.17363418174069115 0.021415214792222297 0.025727516031078087
0 0.6222421597005093 0.17322081634520167 0.025727351823611144 0.0321230192372937
0 0.36870586461430577 0.20917984525768757 0.032171312309907545 0.04067460737995046
0 0.2929308936162965 0.22329361210445586 0.025581881458888962 0.025873019237293703
0 0.4208376880692132 0.20944438851332567 0.02374099873342601 0.036216934300852564
0 0.7660648948828706 0.17132595573076292 0.02141521479222206 0.025727516031078087
0 0.4438028448574539 0.21072745421247313 0.021318234549074097 0.02156084936441142
0 0.33777105040453725 0.22381278597097135 0.03866376291777781 0.051309528855940555
0 0.9116800226691205 0.15685834351321637 0.03866376291777793 0.051309528855940555
0 0.5197960214025464 0.20598868736570483 0.028004645643240757 0.04052910417373485
0 0.475174070161389 0.21484451349918934 0.02374099873342601 0.036216934300852564
0 0.38786803064768544 0.22623341416305062 0.021415214792222297 0.025727516031078087
0 0.6373831294319446 0.19666988845678032 0.027907665400092676 0.03636243750706818
0 0.5417922467064817 0.21043312886640617 0.027907665400092676 0.03636243750706818
0 0.4960558936162965 0.2162003308014446 0.028004645643240757 0.04052910417373485
0 0.7123346393103706 0.1919674974115659 0.027907665400092676 0.03636243750706818
0 0.27260670655949093 0.24589612813553394 0.028004645643240757 0.04052910417373485
0 0.5928581584339354 0.20969238125693151 0.025581881458888962 0.025873019237293703
0 0.399544569528102 0.23520828034595767 0.03435162588638884 0.04491402564972494
0 0.6667437565849075 0.20398469934660438 0.030330429584444592 0.05101852244350932
0 0.17192871580462984 0.2650495808862626 0.04525319376879633 0.06611111699859731
0 0.6917680016456946 0.20415334677597735 0.02810162588638908 0.044695770840401515
0 0.4267976182869447 0.24155417617222283 0.02374099873342601 0.036216934300852564
0 0.7511914917672687 0.20416325942073812 0.049322880192314976 0.06208995353814627
0 0.3033484312301391 0.2677578965571374 0.04098954685898164 0.06179894712571503
0 0.8511914917672687 0.20067118247156338 0.03846980243148153 0.04297619552260722
0 0.5060855102575466 0.2439979485874595 0.028004645643240757 0.04052910417373485
0 0.4375779608654169 0.2568154181566838 0.03687137031388896 0.06373677725283275
0 0.7215650398928243 0.23021815766580137 0.02800464564324064 0.04052910417373485
0 0.6280817355614817 0.24495031313898602 0.03866376291777793 0.051309528855940555
0 0.34637195035370394 0.27980815536009396 0.030330429584444474 0.05101852244350932
0 0.8193847263163427 0.22263216565306773 0.04699709625111126 0.05160053526837179
0 0.9275483442241669 0.21155741562479508 0.049225899949166776 0.0579232868714796
0 0.5335810096242594 0.26076051108039133 0.045059233282500104 0.05777778366526398
0 0.8426408238340279 0.23641523135221518 0.02810162588638908 0.044695770840401515
0 0.6971226762909261 0.2550495102364284 0.049225899949166776 0.0579232868714796
0 0.39382883181259287 0.30317124429016834 0.060078977710000106 0.07703704488701864
0 0.4958636750243521 0.2975230824045524 0.045059233282500104 0.057777783665263864
0 0.03249259473037067 0.3658300232309269 0.04956533080018524 0.07250662020481294
0 0.26434785030287067 0.3389682194844063 0.045156213525648185 0.06194445033193065
0 0.12510394782055587 0.35842591022596276 0.049225899949166714 0.0579232868714796
0 0.22510394782055584 0.354933833276788 0.06681387892574081 0.09808863302967528
0 0.6506607132714817 0.31922279710790796 0.07064111474138883 0.08365080290255757
0 0.06548736815986145 0.3949107067160892 0.062356271529629706 0.08544312982345967
0 0.523989545971528 0.3413689782308176 0.07127148632185201 0.11073413623589103
0 0.16347677000888924 0.3946163813700222 0.06831533080018523 0.07316138463278321
0 0.32789038791671327 0.3815773380578387 0.041280487588426 0.07429894712571503
0 0.2666260150696763 0.39205684368285243 0.04932288019231486 0.06208995353814627
0 0.9528167817871761 0.3117988146572758 0.07073809498453727 0.08781746956922436
0 0.3990389070402781 0.39264545021883995 0.07950783941203715 0.10685847598165558
0 0.4842616132206485 0.38132930115808655 0.060078977710000106 0.07703704488701864
0 0.8878706434892133 0.34325715682183844 0.07098054559240742 0.0982341362358909
0 0.8192418687931485 0.35086629305772943 0.06657142831787037 0.08767196636300874
0 0.5729245051912504 0.383445691359338 0.04283042958444459 0.051455032062156174
0 0.7094313286461578 0.3807637946891099 0.055912311043333315 0.07689154168080302
0 0.969581299644167 0.36021151096730064 0.03449709625111126 0.051164025649724935
0 0.14736948163467636 0.5088128124646591 0.09917915172194457 0.1470965737429592
0 0.08305719870588027 0.7466666578354374 0.11904616641250024 0.2851785865678217