0 0.9979166666666667 0.5494313512219732 0.004166666666666667 0.02097883653954895
0 0.9416666666666667 0.5537170579380625 0.016666666666666666 0.010998679491529136
0 0.965625 0.5524703680404689 0.010416666666666666 0.02119709134887226
0 0.9541666666666667 0.5572785675567092 0.010416666666666666 0.010780424682205591
0 0.9739583333333334 0.5569280411195668 0.010416666666666666 0.010780424682205591
0 0.93125 0.5616866332558568 0.00625 0.008551588142656878
0 0.034375 0.6272420681179455 0.016666666666666666 0.021415346158195802
0 0.7520833333333333 0.5773049953885853 0.004166666666666667 0.004312169872882284
0 0.8489583333333334 0.5702712782664316 0.00625 0.008551588142656878
0 0.9145833333333333 0.565271287097661 0.00625 0.008551588142656878
0 0.9822916666666667 0.563469047531998 0.010416666666666666 0.010780424682205591
0 0.7083333333333334 0.5820272117233213 0.004166666666666667 0.004312169872882284
0 0.8208333333333333 0.5744974649578097 0.010416666666666666 0.010780424682205591
0 0.9895833333333334 0.5647653448095421 0.010416666666666666 0.010780424682205591
0 0.840625 0.5751886051873337 0.004166666666666667 0.004312169872882284
0 0.7854166666666667 0.5795106877049768 0.004166666666666667 0.004312169872882284
0 0.778125 0.5792560570940996 0.004166666666666667 0.004312169872882284
0 0.7708333333333334 0.5821264264832223 0.00625 0.014801588142656879
0 0.8770833333333333 0.5754200915750538 0.00625 0.008551588142656878
0 0.7166666666666667 0.5864848848024191 0.004166666666666667 0.004312169872882284
0 0.609375 0.5941965105757004 0.010416666666666666 0.010780424682205591
0 0.4354166666666667 0.6058300850495317 0.016666666666666666 0.010998679491529136
0 0.5895833333333333 0.5955887036795097 0.004166666666666667 0.004312169872882284
0 0.5833333333333334 0.5953704488701862 0.004166666666666667 0.004312169872882284
0 0.6458333333333334 0.5933863302967538 0.00625 0.008551588142656878
0 0.8052083333333333 0.5822851612678345 0.00625 0.008551588142656878
0 0.4583333333333333 0.6066303526837177 0.016666666666666666 0.021415346158195802
0 0.7416666666666667 0.5894412373730463 0.010416666666666666 0.010780424682205591
0 0.6145833333333334 0.5985450562501365 0.010416666666666666 0.017030424682205593
0 0.5354166666666667 0.6041138286653732 0.020833333333333332 0.02156084936441142
0 0.47291666666666665 0.6081812805721392 0.010416666666666666 0.02119709134887226
0 0.415625 0.6145139448200077 0.016666666666666666 0.017248679491529136
0 0.5 0.6091270514125405 0.016666666666666666 0.017248679491529136
0 0.6239583333333333 0.5999141051307885 0.010416666666666666 0.017030424682205593
0 0.6791666666666667 0.5976753559464787 0.00625 0.008551588142656878
0 0.49375 0.6120337966032172 0.010416666666666666 0.017030424682205593
0 0.153125 0.6365972428284239 0.020833333333333332 0.02156084936441142
0 0.20208333333333334 0.6341402388347906 0.020833333333333332 0.029894182697744753
0 0.8364583333333333 0.5885847686477848 0.00625 0.008551588142656878
0 0.328125 0.6250000441561464 0.016666666666666666 0.021415346158195802
0 0.7375 0.5965874008334974 0.010416666666666666 0.010780424682205591
0 0.684375 0.5999405682875815 0.004166666666666667 0.004312169872882284
0 0.896875 0.5865278984712446 0.010416666666666666 0.017030424682205593
0 0.9291666666666667 0.5845305483194155 0.010416666666666666 0.017030424682205593
0 0.2916666666666667 0.6320602244350931 0.020833333333333332 0.025727516031078087
0 0.23854166666666668 0.6354133918891773 0.03125 0.04067460737995058
0 0.9135416666666667 0.5881515779627737 0.016666666666666666 0.017248679491529136
0 0.9020833333333333 0.5898347774790141 0.010416666666666666 0.017030424682205593
0 0.8625 0.5915774970199656 0.010416666666666666 0.017030424682205593
0 0.44375 0.6207044247952963 0.016666666666666666 0.017248679491529136
0 0.35625 0.6291071907981018 0.016666666666666666 0.021415346158195802
0 0.8739583333333333 0.5930192975037253 0.016666666666666666 0.017248679491529136
0 0.8791666666666667 0.5952845098448282 0.00625 0.014801588142656879
0 0.7104166666666667 0.607099963326429 0.010416666666666666 0.010780424682205591
0 0.515625 0.6211310217691824 0.016666666666666666 0.017248679491529136
0 0.79375 0.6006350274507414 0.016666666666666666 0.021415346158195802
0 0.6302083333333334 0.6126323599401118 0.016666666666666666 0.021415346158195802
0 0.8010416666666667 0.6029729913949521 0.016666666666666666 0.017248679491529136
0 0.3104166666666667 0.6379233221963967 0.016666666666666666 0.017248679491529136
0 0.7833333333333333 0.604437936101869 0.016666666666666666 0.010998679491529136
0 0.8541666666666666 0.5996198239408679 0.016666666666666666 0.021415346158195802
0 0.8197916666666667 0.601544422489589 0.010416666666666666 0.017030424682205593
0 0.7 0.6098612053108902 0.010416666666666666 0.017030424682205593
0 0.68125 0.6133731075495864 0.016666666666666666 0.017248679491529136
0 0.6697916666666667 0.6150563070658269 0.010416666666666666 0.010780424682205591
0 0.5833333333333334 0.6214121155368528 0.016666666666666666 0.021415346158195802
0 0.728125 0.6108433519528454 0.016666666666666666 0.017248679491529136
0 0.9729166666666667 0.5954333319846795 0.020833333333333332 0.029894182697744753
0 0.3729166666666667 0.6380225369562976 0.03125 0.04067460737995058
0 0.65 0.6185318335029694 0.010416666666666666 0.010780424682205591
0 0.753125 0.6117163711901392 0.020833333333333332 0.02156084936441142
0 0.8416666666666667 0.6075166476555544 0.025 0.021706352570627037
0 0.5625 0.6290179328391081 0.010416666666666666 0.02119709134887226
0 0.9583333333333334 0.6011740707629248 0.025 0.021706352570627037
0 0.25729166666666664 0.653776489650481 0.016666666666666666 0.021415346158195802
0 0.4197916666666667 0.6417427813595566 0.020833333333333332 0.017394182697744752
0 0.5927083333333333 0.6290311644175046 0.010416666666666666 0.02119709134887226
0 0.93125 0.6054366332558568 0.029166666666666667 0.028101855776842655
0 0.6208333333333333 0.6300133110594601 0.025 0.025873019237293703
0 0.7354166666666667 0.6215146492303895 0.020833333333333332 0.017394182697744752
0 0.453125 0.6418651403426149 0.020833333333333332 0.02156084936441142
0 0.9822916666666667 0.6051357141986647 0.010416666666666666 0.017030424682205593
0 0.19479166666666667 0.65992727489058 0.016666666666666666 0.021415346158195802
0 0.7822916666666667 0.6189848936336485 0.016666666666666666 0.025582012824862468
0 0.6666666666666666 0.6284888463278319 0.016666666666666666 0.021415346158195802
0 0.5197916666666667 0.6389848583087314 0.016666666666666666 0.021415346158195802
0 0.13958333333333334 0.6652910240748897 0.020833333333333332 0.02572751603107785
0 0.7958333333333333 0.6194577790538494 0.010416666666666666 0.02119709134887226
0 0.4 0.6473016411300325 0.016666666666666666 0.025582012824862468
0 0.075 0.6703273910452144 0.010416666666666666 0.017030424682205593
0 0.49166666666666664 0.641127711666776 0.016666666666666666 0.021415346158195802
0 0.534375 0.6405357861971528 0.016666666666666666 0.021415346158195802
0 0.990625 0.608551720611096 0.01875 0.029821431094636825
0 0.6052083333333333 0.6357176740361514 0.020833333333333332 0.03406084936441142
0 0.3572916666666667 0.6531018999329891 0.016666666666666666 0.017248679491529136
0 0.5854166666666667 0.639193200473294 0.025 0.01753968590396037
0 0.2791666666666667 0.6639153814831129 0.020833333333333332 0.025727516031078087
0 0.4635416666666667 0.6526455650248206 0.020833333333333332 0.025727516031078087
0 0.9260416666666667 0.6229630875814205 0.020833333333333332 0.029894182697744753
0 0.9489583333333333 0.6216800218822731 0.041666666666666664 0.04728836539548951
0 0.825 0.6319346348306919 0.027083333333333334 0.034279104173734726
0 0.7010416666666667 0.641147581112444 0.027083333333333334 0.03011243750706806
0 0.33541666666666664 0.6690046747670237 0.027083333333333334 0.03011243750706806
0 0.415625 0.6624306114866744 0.016666666666666666 0.021415346158195802
0 0.20416666666666666 0.6800463237712319 0.027083333333333334 0.03011243750706806
0 0.9020833333333333 0.6315014441456808 0.04583333333333333 0.05160053526837179
0 0.16770833333333332 0.6850231707168452 0.020833333333333332 0.029894182697744753
0 0.2833333333333333 0.6796858846893286 0.020833333333333332 0.029894182697744753
0 0.5270833333333333 0.6621561555862755 0.03125 0.03234127404661725
0 0.04791666666666667 0.6964649535381462 0.027083333333333334 0.03011243750706806
0 0.559375 0.6622421387677797 0.029166666666666667 0.04476852244350908
0 0.7270833333333333 0.6503903094846248 0.027083333333333334 0.040529104173734724
0 0.08541666666666667 0.6988161490607534 0.027083333333333334 0.040529104173734724
0 0.10416666666666667 0.6963459134887238 0.020833333333333332 0.025727516031078087
0 0.5760416666666667 0.6659491515926421 0.027083333333333334 0.034279104173734726
0 0.44479166666666664 0.6759491339301836 0.020833333333333332 0.029894182697744753
0 0.6635416666666667 0.6596297189231701 0.027083333333333334 0.03011243750706806
0 0.5020833333333333 0.6779498030156484 0.03125 0.04067460737995058
0 0.40208333333333335 0.6869577260664737 0.03125 0.04067460737995058
0 0.03333333333333333 0.7344973589830582 0.016666666666666666 0.0339153461581958
0 0.5302083333333333 0.6987236163242705 0.04583333333333333 0.059933868601705124
0 0.18541666666666667 0.7304332260099282 0.035416666666666666 0.049153443919499294
0 0.6583333333333333 0.6969478399154007 0.035416666666666666 0.049153443919499294
0 0.2989583333333333 0.7250231883793037 0.041666666666666664 0.05562169872882284
0 0.8385416666666666 0.7355325202508927 0.06875 0.09615080290255756