0 0.7779111386799928 0.3986011165097105 0.030622158808783696 0.032948764884541265
0 0.10141861841461018 0.5852757509475325 0.033190656189489506 0.04348677190010359
0 0.995107100495338 0.35933335181340176 0.009785799009323881 0.04728941752008294
0 0.9484048571801655 0.38135954123358834 0.03357878742738739 0.05182010523343692
0 0.8939727863226281 0.4012417271459937 0.033384721808438655 0.047653438566770255
0 0.8486246170366673 0.4143278814883679 0.026649557761065996 0.03687275085341615
0 0.6013415357019525 0.4872220566891971 0.013276262475795875 0.017394708760041528
0 0.6179111695591447 0.48416800056469733 0.017734027570885758 0.023887389457833072
0 0.5818894838684464 0.49566645667037385 0.017734027570885758 0.023887389457833072
0 0.5964728172017798 0.4948170742281032 0.013470328094744844 0.021561375426708197
0 0.5336103802014345 0.5131012882027585 0.017734027570885758 0.023887389457833072
0 0.7721976912024705 0.4553364779052937 0.02626142652316806 0.02853941752008294
0 0.935374048798424 0.41554225700919223 0.026649557761065996 0.03687275085341627
0 0.8434904943456236 0.43865023586838864 0.009012562999654488 0.015068694728916535
0 0.7362730383212468 0.46891826734430353 0.013276262475795875 0.017394708760041528
0 0.6104511315110815 0.5034033619602806 0.030622158808783696 0.03294876488454115
0 0.6434933664159915 0.49521191637794776 0.013276262475795875 0.017394708760041528
0 0.9964170434232434 0.40436769917786003 0.007165913153513041 0.023887389457833072
0 0.6734591177256386 0.4882441479856253 0.017734027570885758 0.023887389457833072
0 0.8355938086549254 0.44851059726397186 0.009206628618603456 0.0192353613955832
0 0.7283278362258113 0.47773696207322003 0.009012562999654488 0.015068694728916535
0 0.6994037515828307 0.4846440602910945 0.013276262475795875 0.017394708760041528
0 0.7128483854400229 0.4817720146899385 0.006735164047372185 0.010780687713354099
0 0.6633335494873954 0.4951008497301043 0.013276262475795875 0.01739470876004141
0 0.6581737325587993 0.4964458672690105 0.010901830714039088 0.01102336841114564
0 0.45902420567688496 0.5487802109374551 0.009012562999654724 0.015068694728916417
0 0.9944307428993846 0.41196271671676615 0.011138514201230739 0.03001604910893718
0 0.6840698500112542 0.491804112907813 0.013276262475795875 0.017394708760041528
0 0.8223917568214194 0.4565909761984612 0.013470328094744844 0.021561375426708076
0 0.505511074438987 0.5377167197539663 0.004360732285615635 0.0044093473644582085
0 0.44562808822443 0.5526939232052778 0.004360732285615635 0.0044093473644582085
0 0.3589043507002258 0.5744568845255681 0.004360732285615635 0.004409347364458445
0 0.37021713481934737 0.5706645126066411 0.006735164047372422 0.010780687713354099
0 0.518907191891442 0.5338030074861436 0.004360732285615635 0.0044093473644582085
0 0.6728540987016072 0.4976798181600733 0.006735164047372422 0.010780687713354099
0 0.5675259103916147 0.5236598426204256 0.006735164047372185 0.010780687713354099
0 0.4663643887482889 0.5493971863829865 0.006735164047372422 0.010780687713354099
0 0.4282108533195201 0.559975316170892 0.010901830714039088 0.01102336841114564
0 0.4168495527956612 0.5627260214231523 0.006735164047372422 0.010780687713354099
0 0.4291554871767123 0.5578313126631109 0.006735164047372422 0.010780687713354099
0 0.556213126272493 0.5274522145393525 0.004360732285615635 0.0044093473644582085
0 0.3889671348193474 0.5695724494665789 0.009012562999654724 0.015068694728916417
0 0.38484898455741795 0.5708567968310372 0.004360732285615635 0.0044093473644582085
0 0.2991669136998805 0.5925590879768795 0.013470328094744844 0.021561375426708197
0 0.14536555610392707 0.6318072773029499 0.006735164047372422 0.010780687713354099
0 0.3765641676288219 0.572383824893287 0.006735164047372422 0.010780687713354099
0 0.5160247739151281 0.5391933513428206 0.006735164047372422 0.010780687713354099
0 0.5542268257486341 0.5296568882215816 0.004360732285615635 0.0044093473644582085
0 0.3921891676288219 0.5714737722765686 0.006735164047372422 0.010780687713354099
0 0.40146713481934737 0.5688444073732041 0.010901830714039088 0.01102336841114564
0 0.40766861841461016 0.5674387196598499 0.006735164047372422 0.010780687713354099
0 0.260165777223394 0.6073645546058997 0.006735164047372422 0.010780687713354099
0 0.4686417877005712 0.5534425127007573 0.009012562999654724 0.015068694728916417
0 0.5285247739151282 0.5384653092494458 0.006735164047372422 0.010780687713354099
0 0.5615670088200381 0.530273863667113 0.010901830714039088 0.01102336841114564
0 0.4408078861289945 0.5613306074108506 0.013276262475795875 0.017394708760041528
0 0.47280845436723784 0.5531998320029657 0.006735164047372422 0.010780687713354099
0 0.6400544458203835 0.5110795970757394 0.013276262475795875 0.017394708760041528
0 0.37065378246198255 0.5800395126066411 0.004360732285615635 0.0044093473644582085
0 0.43668973586706517 0.5626149547753089 0.010901830714039088 0.01102336841114564
0 0.4873917877005712 0.5523504495606951 0.006735164047372422 0.010780687713354099
0 0.41515435070022577 0.5711806951053814 0.006735164047372422 0.010780687713354099
0 0.33661839729514326 0.5893332950300885 0.004360732285615635 0.0044093473644582085
0 0.4481480692003984 0.5619475828563819 0.009012562999654724 0.015068694728916417
0 0.34594488089040604 0.5877455967933908 0.004360732285615635 0.004409347364458445
0 0.4801486374386418 0.5538168074484972 0.013276262475795875 0.017394708760041528
0 0.3057080121283039 0.5984450669301922 0.004360732285615635 0.0044093473644582085
0 0.35527136448566876 0.5861578985566929 0.004360732285615635 0.0044093473644582085
0 0.3665841486047904 0.5823655266377661 0.004360732285615635 0.004409347364458445
0 0.16426110531813878 0.6338402141628876 0.004360732285615635 0.004409347364458445
0 0.7135276151063443 0.49635534802327186 0.010901830714039088 0.01102336841114564
0 0.2738044766995351 0.6086591756714104 0.004360732285615635 0.0044093473644582085
0 0.41827935070022576 0.5709986845820377 0.006735164047372422 0.010780687713354099
0 0.3150830121283039 0.597899035360161 0.004360732285615635 0.0044093473644582085
0 0.2314357581993625 0.6184383194904408 0.004360732285615635 0.0044093473644582085
0 0.2799574438900606 0.6062118212913895 0.010901830714039088 0.01102336841114564
0 0.20052537303252319 0.6275500913905445 0.004360732285615635 0.0044093473644582085
0 0.1860390725086643 0.6304828071661485 0.004360732285615635 0.004409347364458445
0 0.16644147146094657 0.6358022071473252 0.004360732285615635 0.0044093473644582085
0 0.243838725389888 0.6156269440637328 0.013470328094744724 0.021561375426708197
0 0.3408820967712844 0.5911739476656303 0.004360732285615635 0.0044093473644582085
0 0.18301110531813877 0.6327481510228254 0.004360732285615635 0.0044093473644582085
0 0.31106189467584894 0.6012667160579526 0.004360732285615635 0.004409347364458445
0 0.1624203540084916 0.6391698878451169 0.006735164047372362 0.010780687713354099
0 0.20677537303252316 0.6271860703438571 0.004360732285615635 0.0044093473644582085
0 0.33998597931882946 0.5943596178400782 0.006735164047372422 0.010780687713354099
0 0.3358678290569 0.5956439652045363 0.004360732285615635 0.0044093473644582085
0 0.25529705872322134 0.6149595721448058 0.006735164047372422 0.010780687713354099
0 0.2367411243421703 0.6202183019515347 0.006735164047372362 0.010780687713354099
0 0.5247462384863595 0.5470413232805708 0.006735164047372422 0.010780687713354099
0 0.21297685662778593 0.6257803826305032 0.004360732285615635 0.004409347364458445
0 0.27285984284234294 0.6108031791791916 0.006735164047372422 0.010780687713354099
0 0.22334500688971534 0.6241320142193574 0.004360732285615635 0.0044093473644582085
0 0.17482332119901714 0.6363585124184087 0.006735164047372422 0.010780687713354099
0 0.19442092224673488 0.6310391124372319 0.006735164047372362 0.010780687713354099
0 0.17903850427042106 0.6371574983872837 0.006735164047372422 0.010780687713354099
0 0.2172405561039271 0.6276210352660448 0.006735164047372422 0.010780687713354099
0 0.7396663145824856 0.4969219269954077 0.03963472180843842 0.048017459613457686
0 0.3093666925804135 0.6097213897401818 0.013276262475795875 0.017394708760041528
0 0.8357650521066896 0.47461293410508637 0.013276262475795875 0.017394708760041528
0 0.5787673559388143 0.5407614742092799 0.013276262475795875 0.017394708760041528
0 0.34856189467584897 0.5990825897778281 0.004360732285615635 0.004409347364458445
0 0.32583929362813124 0.6045840002823487 0.026455492142117145 0.03270608418674949
0 0.29294260793743304 0.6159004458646815 0.010901830714039088 0.01102336841114564
0 0.19178108629410726 0.6416377896272423 0.004360732285615635 0.004409347364458445
0 0.20016293603217783 0.6421940948983258 0.006735164047372422 0.010780687713354099
0 0.17848200165112676 0.6476348352283983 0.006735164047372362 0.010780687713354099
0 0.23732332119901714 0.6327183019515347 0.010901830714039088 0.01102336841114564
0 0.21668405348463277 0.6380983721071594 0.004360732285615635 0.004409347364458445
0 0.3559991105567273 0.6017828985566929 0.006735164047372422 0.010780687713354099
0 0.4067011623902334 0.5915183933420792 0.006735164047372422 0.010780687713354099
0 0.3891383782711117 0.5956747863076934 0.004360732285615635 0.004409347364458445
0 0.30350482381831145 0.6184187441202025 0.010707765095090119 0.006856701744478973
0 0.35510299310427235 0.6049685687311409 0.004360732285615635 0.0044093473644582085
0 0.44197227984268833 0.5863306074108506 0.010901830714039088 0.01102336841114564
0 0.7206023939868774 0.5136996603099178 0.017734027570885758 0.023887389457833072
0 0.3810476269614646 0.6013684810366101 0.004360732285615635 0.004409347364458445
0 0.368644659770939 0.6041798564633182 0.006735164047372422 0.010780687713354099
0 0.3831309602947979 0.6012471406877142 0.006735164047372422 0.010780687713354099
0 0.43468061317602164 0.5867552986319858 0.006735164047372422 0.010780687713354099
0 0.28603907250866434 0.6246584704191501 0.010901830714039088 0.01102336841114564
0 0.21171830217498566 0.6436100563127322 0.006735164047372422 0.010780687713354099
0 0.308761673556382 0.6191570599146295 0.010901830714039088 0.011023368411145876
0 0.3489985423184841 0.6084575897778282 0.006735164047372422 0.010780687713354099
0 0.22000311910358175 0.6420830282504824 0.010901830714039088 0.01102336841114564
0 0.4182080121283039 0.591892688089819 0.006735164047372422 0.010780687713354099
0 0.23453793603217785 0.640191979141545 0.017442929142462423 0.01763738945783307
0 0.5762245527956613 0.5534434847326236 0.013276262475795875 0.017394708760041528
0 0.4482222798426883 0.5859665863641632 0.004360732285615635 0.0044093473644582085
0 0.33981760793743304 0.613170288014526 0.01744292914246254 0.01763738945783307
0 0.2077457011272679 0.6480194036771905 0.010901830714039088 0.01102336841114564
0 0.1943010672700757 0.6508914492783464 0.010901830714039088 0.01102336841114564
0 0.3160533402230487 0.6187323686934944 0.01744292914246254 0.01763738945783307
0 0.5690784353432062 0.556993175953759 0.013470328094744844 0.021561375426708197
0 0.46687524703321387 0.5827911898907677 0.010901830714039088 0.01102336841114564
0 0.35643575819936246 0.6111578985566929 0.004360732285615635 0.0044093473644582085
0 0.24907275296077394 0.6383009300326078 0.010901830714039088 0.01102336841114564
0 0.27487183760375444 0.631575842338077 0.013276262475795875 0.017394708760041528
0 0.41319374441391954 0.5963627056287251 0.010707765095090119 0.006856701744478973
0 0.42351337827111174 0.5936726705509128 0.006735164047372422 0.010780687713354099
0 0.3047890725086643 0.6235664072790879 0.010901830714039088 0.01102336841114564
0 0.216030518055864 0.6464923756149406 0.004360732285615635 0.0044093473644582085
0 0.1737103159604286 0.6573131861006377 0.010707765095090119 0.006856701744478973
0 0.2645522037465622 0.6342658774158892 0.013276262475795756 0.017394708760041528
0 0.45868746291409224 0.5864015512863509 0.010901830714039088 0.01102336841114564
0 0.44529134546163723 0.5903152635541736 0.006735164047372422 0.010780687713354099
0 0.4855767306284766 0.5806574600840388 0.013276262475795875 0.017394708760041528
0 0.25641293603217785 0.6389179054781392 0.013276262475795756 0.017394708760041528
0 0.5206537824619826 0.5713030074861436 0.026261426523168298 0.02853941752008282
0 0.6971777411056537 0.5265534076555528 0.006735164047372422 0.010780687713354099
0 0.2914414714609466 0.6285217862135772 0.010901830714039088 0.01102336841114564
0 0.1594180810555187 0.6644125685429084 0.013276262475795815 0.017394708760041528
0 0.4380967116044451 0.5928232881086422 0.010901830714039088 0.01102336841114564
0 0.5765156512240848 0.5596934847326236 0.013276262475795875 0.017394708760041528
0 0.22450940060340904 0.6491320142193574 0.013276262475795815 0.017394708760041528
0 0.5373204491286493 0.5703322846949772 0.01744292914246254 0.01763738945783307
0 0.4052970587232213 0.6062230670243083 0.013470328094744844 0.021561375426708197
0 0.16576511386499318 0.6661318808295543 0.013276262475795815 0.017394708760041528
0 0.400088725389888 0.6065264178965478 0.013470328094744844 0.021561375426708197
0 0.2008906821032364 0.6578190948983258 0.013276262475795756 0.017394708760041528
0 0.4651315285330411 0.5902041969063301 0.006735164047372422 0.010780687713354099
0 0.3516640725086643 0.6208362494289326 0.013276262475795875 0.017394708760041528
0 0.23710643341288354 0.650487305459316 0.013276262475795815 0.017394708760041528
0 0.5003541295807589 0.5839747443084349 0.013276262475795875 0.017394708760041528
0 0.5096320967712844 0.5813453794050705 0.017734027570885994 0.023887389457833072
0 0.6789614215577634 0.5391038041289484 0.030622158808783696 0.03294876488454103
0 0.553987115795316 0.5693615619038108 0.026455492142117027 0.03270608418674972
0 0.45188096029479785 0.5972429091741529 0.013276262475795875 0.017394708760041528
0 0.4767354110805862 0.5926618249874032 0.013470328094744724 0.021561375426708197
0 0.4158592746040997 0.6087413652798294 0.013470328094744724 0.021561375426708197
0 0.6976143887482888 0.5359284076555527 0.013470328094744844 0.021561375426708197
0 0.18357048000780096 0.6671838211972734 0.017734027570885876 0.023887389457833072
0 0.7079340226054811 0.5332383725777404 0.010901830714039088 0.01102336841114564
0 0.43540835924708016 0.602380298631986 0.013470328094744844 0.021561375426708197
0 0.39725482381831145 0.6129584284198916 0.015941792665975996 0.03001604910893718
0 0.19294548000780096 0.6666377896272422 0.015747727047027028 0.025849382442270516
0 0.9509305822968699 0.4804392149158174 0.02834475985650139 0.02866075786897871
0 0.4874916925804135 0.5993467899095909 0.017734027570885994 0.023887389457833072
0 0.9942509604343959 0.47017470970120373 0.01149807913120829 0.02853941752008282
0 0.4680396407469075 0.6077911898907676 0.023984027570885875 0.024251410504520503
0 0.3131481000795502 0.6460583827246192 0.026455492142117145 0.03270608418674972
0 0.3843923868179661 0.6283304740210476 0.03319065618948957 0.04348677190010359
0 0.5711874629140923 0.5798491724459777 0.030913257237207385 0.03919876488454103
0 0.21218064405517334 0.6759623931538468 0.04191212076072078 0.05230546662902024
0 0.8377542247009164 0.5173212674384197 0.05252285304633635 0.05707883504016588
0 0.5290613264376057 0.5948366495983417 0.030913257237207267 0.03919876488454103
0 0.2938901138649932 0.6586694493724626 0.03735732285615612 0.04372945259789513
0 0.1586446906500908 0.6926589088918041 0.04011988585581084 0.05843412628012435
0 0.5436446597709391 0.5939872671560711 0.02020549214211703 0.03234206314006229
0 0.970117229939505 0.4887221517757553 0.026649557761065996 0.03687275085341627
0 0.4778512883895427 0.6166201583207366 0.01841325723720715 0.038470722791166166
0 0.26312527791236556 0.6709062212725664 0.04835618637966969 0.05683615434237434
0 0.1197405869830788 0.7095477088541576 0.04171805514177181 0.048138799962353575
0 0.6007907772233939 0.5875254075614366 0.03319065618948969 0.04348677190010359
0 0.10554538488764335 0.7187304246297617 0.04011988585581087 0.058434126280124586
0 0.08485760076852174 0.7230688281187196 0.0359532191891442 0.05819144558233281
0 0.9316497739151282 0.5149859517381087 0.046078787427387385 0.05254814732681178
0 0.4589329170081463 0.6365228916352467 0.044480618141426474 0.06284347364458256
0 0.6272205751279586 0.5943419865335725 0.048550251998618656 0.061002821009041
0 0.3692782451028911 0.6626345301455473 0.038424683760375444 0.06664611926456179
0 0.6925059602947978 0.583228098876688 0.048550251998618656 0.061002821009041
0 0.30760302398342415 0.6839830739457545 0.05203768899896393 0.046662168373499215
0 0.1507736991969452 0.725496607128502 0.041621022332297385 0.04605546662902024
0 0.8572576650095276 0.5548315411394722 0.05775688061722235 0.08023818240462409
0 0.4066098737214947 0.6792610740398708 0.0642979790456458 0.08685220345131152
0 0.9855794483030859 0.5287507237323286 0.028841103393828386 0.0864881824046241
0 0.12865898924362687 0.766475354474137 0.053590213950555625 0.07999550170683255
0 0.1618467733627485 0.7614089088918041 0.05111874937932441 0.07154082802460332
0 0.5998747096741224 0.6575597549258949 0.0584361102835435 0.09482151573795743
0 0.3453484780774782 0.731920288014526 0.07122720871196696 0.10179955783133228
0 0.7919038133411344 0.6317524393197 0.05339614833160671 0.07582883504016588
0 0.5513302018162395 0.6917219232993941 0.07389273890214719 0.11442089818022794
0 0.17916984752855183 0.796957189608419 0.06260277695021028 0.09506419643574897
0 0.25278856602872446 0.7853579405559514 0.140998925281817 0.17234911566266456
0 0.9448347477221853 0.6186672570091922 0.08401830714039041 0.10877759992470715
0 0.1078057058134768 0.8345374351531054 0.05184936752075089 0.13183615434237433
0 0.7472377457918625 0.7043349340109702 0.12840189247234263 0.16953774023595639
0 0.4909449735278612 0.8080441442896117 0.13789961951936955 0.19502310163153946
0 0.9545035638252181 0.7526278394891094 0.09099287234956392 0.250909080584852