0 0.15208333333333332 0.051041666666666666 0.021875 0.025
0 0.5854166666666667 0.090625 0.020833333333333332 0.020833333333333332
0 0.6885416666666667 0.078125 0.027083333333333334 0.034375
0 0.4354166666666667 0.10833333333333334 0.021875 0.034375
0 0.36875 0.11979166666666667 0.027083333333333334 0.034375
0 0.29791666666666666 0.13020833333333334 0.027083333333333334 0.034375
0 0.004166666666666667 0.165625 0.008333333333333333 0.03125
0 0.46145833333333336 0.11041666666666666 0.029166666666666667 0.016666666666666666
0 0.7197916666666667 0.08125 0.0375 0.05
0 0.928125 0.058333333333333334 0.03333333333333333 0.04791666666666667
0 0.3927083333333333 0.12291666666666666 0.016666666666666666 0.025
0 0.15416666666666667 0.15520833333333334 0.025 0.016666666666666666
0 0.22395833333333334 0.14895833333333333 0.021875 0.034375
0 0.34270833333333334 0.134375 0.020833333333333332 0.015625
0 0.315625 0.1375 0.028125 0.04375
0 0.7520833333333333 0.08645833333333333 0.029166666666666667 0.016666666666666666
0 0.871875 0.071875 0.028125 0.04375
0 0.5229166666666667 0.11458333333333333 0.03125 0.03125
0 0.9041666666666667 0.07083333333333333 0.03333333333333333 0.04791666666666667
0 0.11666666666666667 0.16979166666666667 0.03333333333333333 0.016666666666666666
0 0.11666666666666667 0.058333333333333334 0.020833333333333332 0.020833333333333332
0 0.2677083333333333 0.15104166666666666 0.028125 0.03958333333333333
0 0.196875 0.16145833333333334 0.035416666666666666 0.035416666666666666
0 0.6104166666666667 0.11041666666666666 0.028125 0.04375
0 0.078125 0.17916666666666667 0.021875 0.034375
0 0.4114583333333333 0.1375 0.027083333333333334 0.034375
0 0.5625 0.11979166666666667 0.0375 0.05
0 0.8229166666666666 0.09166666666666666 0.0375 0.05416666666666667
0 0.052083333333333336 0.18958333333333333 0.021875 0.034375
0 0.340625 0.15416666666666667 0.01875 0.0375
0 0.4666666666666667 0.13854166666666667 0.022916666666666665 0.03958333333333333
0 0.6708333333333333 0.115625 0.016666666666666666 0.03333333333333333
0 0.28958333333333336 0.16458333333333333 0.016666666666666666 0.03333333333333333
0 0.5 0.13958333333333334 0.028125 0.04375
0 0.446875 0.14583333333333334 0.028125 0.04375
0 0.7729166666666667 0.10833333333333334 0.028125 0.04375
0 0.596875 0.12916666666666668 0.022916666666666665 0.03958333333333333
0 0.3875 0.15729166666666666 0.027083333333333334 0.034375
0 0.165625 0.18645833333333334 0.03333333333333333 0.04375
0 0.6916666666666667 0.12291666666666666 0.021875 0.034375
0 0.5427083333333333 0.14270833333333333 0.03125 0.03125
0 0.303125 0.175 0.028125 0.04375
0 0.253125 0.18020833333333333 0.03333333333333333 0.04375
0 0.42083333333333334 0.16041666666666668 0.027083333333333334 0.034375
0 0.009375 0.21458333333333332 0.01875 0.034375
0 0.6604166666666667 0.134375 0.034375 0.058333333333333334
0 0.36666666666666664 0.17291666666666666 0.028125 0.04791666666666667
0 0.7354166666666667 0.13020833333333334 0.028125 0.04375
0 0.7541666666666667 0.128125 0.029166666666666667 0.053125
0 0.13645833333333332 0.20416666666666666 0.03333333333333333 0.04791666666666667
0 0.5229166666666667 0.15625 0.028125 0.04791666666666667
0 0.6333333333333333 0.14270833333333333 0.03333333333333333 0.04375
0 0.9052083333333333 0.11666666666666667 0.0375 0.04583333333333333
0 0.03125 0.23125 0.028125 0.03958333333333333
0 0.19791666666666666 0.23125 0.0375 0.05
0 0.871875 0.14895833333333333 0.046875 0.05416666666666667
0 0.4375 0.20208333333333334 0.03333333333333333 0.04791666666666667
0 0.9229166666666667 0.14270833333333333 0.041666666666666664 0.05
0 0.029166666666666667 0.25416666666666665 0.034375 0.027083333333333334
0 0.709375 0.17291666666666666 0.025 0.04791666666666667
0 0.07708333333333334 0.2520833333333333 0.0375 0.05416666666666667
0 0.39791666666666664 0.21875 0.0375 0.04583333333333333
0 0.8177083333333334 0.16666666666666666 0.041666666666666664 0.04583333333333333
0 0.7541666666666667 0.17708333333333334 0.03125 0.03125
0 0.6229166666666667 0.19583333333333333 0.03333333333333333 0.04791666666666667
0 0.6645833333333333 0.190625 0.0375 0.05
0 0.12708333333333333 0.259375 0.035416666666666666 0.040625
0 0.7833333333333333 0.18333333333333332 0.03958333333333333 0.059375
0 0.014583333333333334 0.2791666666666667 0.028125 0.035416666666666666
0 0.85 0.17916666666666667 0.0375 0.05
0 0.5697916666666667 0.21354166666666666 0.03125 0.027083333333333334
0 0.6 0.21041666666666667 0.03333333333333333 0.040625
0 0.04375 0.28020833333333334 0.034375 0.053125
0 0.5197916666666667 0.22395833333333334 0.03958333333333333 0.059375
0 0.18020833333333333 0.2708333333333333 0.0375 0.05416666666666667
0 0.7479166666666667 0.20416666666666666 0.041666666666666664 0.05
0 0.303125 0.2604166666666667 0.03958333333333333 0.059375
0 0.909375 0.18854166666666666 0.03958333333333333 0.059375
0 0.6979166666666666 0.21458333333333332 0.040625 0.040625
0 0.25416666666666665 0.2708333333333333 0.03958333333333333 0.059375
0 0.21666666666666667 0.278125 0.0375 0.05
0 0.40729166666666666 0.25729166666666664 0.0375 0.05
0 0.15729166666666666 0.28958333333333336 0.046875 0.046875
0 0.014583333333333334 0.30833333333333335 0.028125 0.05
0 0.9520833333333333 0.19583333333333333 0.034375 0.058333333333333334
0 0.12291666666666666 0.2989583333333333 0.03125 0.027083333333333334
0 0.65 0.23958333333333334 0.03125 0.035416666666666666
0 0.07604166666666666 0.31145833333333334 0.034375 0.053125
0 0.278125 0.2875 0.016666666666666666 0.03333333333333333
0 0.6208333333333333 0.24583333333333332 0.03333333333333333 0.040625
0 0.8416666666666667 0.22083333333333333 0.04375 0.06458333333333334
0 0.5729166666666666 0.2552083333333333 0.03958333333333333 0.059375
0 0.34270833333333334 0.2833333333333333 0.03333333333333333 0.04375
0 0.8791666666666667 0.22708333333333333 0.04583333333333333 0.08333333333333333
0 0.528125 0.27708333333333335 0.040625 0.040625
0 0.45 0.2864583333333333 0.041666666666666664 0.05
0 0.7385416666666667 0.253125 0.034375 0.058333333333333334
0 0.6510416666666666 0.26666666666666666 0.03125 0.035416666666666666
0 0.7708333333333334 0.25416666666666665 0.035416666666666666 0.06666666666666667
0 0.11458333333333333 0.33541666666666664 0.034375 0.053125
0 0.5916666666666667 0.27708333333333335 0.029166666666666667 0.058333333333333334
0 0.70625 0.26458333333333334 0.0375 0.05416666666666667
0 0.7895833333333333 0.25625 0.025 0.04791666666666667
0 0.16458333333333333 0.33541666666666664 0.04791666666666667 0.06458333333333334
0 0.39479166666666665 0.30833333333333335 0.0375 0.05
0 0.6666666666666666 0.27708333333333335 0.025 0.053125
0 0.034375 0.3541666666666667 0.03125 0.03125
0 0.0625 0.35520833333333335 0.03958333333333333 0.059375
0 0.6166666666666667 0.2916666666666667 0.028125 0.04791666666666667
0 0.27395833333333336 0.334375 0.046875 0.05416666666666667
0 0.3645833333333333 0.3229166666666667 0.029166666666666667 0.058333333333333334
0 0.6447916666666667 0.290625 0.04791666666666667 0.059375
0 0.23125 0.34375 0.04791666666666667 0.06875
0 0.34270833333333334 0.33958333333333335 0.03958333333333333 0.06458333333333334
0 0.46041666666666664 0.3302083333333333 0.034375 0.058333333333333334
0 0.7479166666666667 0.2989583333333333 0.04583333333333333 0.041666666666666664
0 0.0125 0.39479166666666665 0.025 0.027083333333333334
0 0.48541666666666666 0.33958333333333335 0.04375 0.059375
0 0.5541666666666667 0.33541666666666664 0.041666666666666664 0.05416666666666667
0 0.28541666666666665 0.057291666666666664 0.020833333333333332 0.020833333333333332
0 0.5989583333333334 0.3385416666666667 0.04791666666666667 0.06458333333333334
0 0.40208333333333335 0.3625 0.046875 0.052083333333333336
0 0.08333333333333333 0.084375 0.020833333333333332 0.020833333333333332
0 0.007291666666666667 0.4270833333333333 0.014583333333333334 0.027083333333333334
0 0.5739583333333333 0.35833333333333334 0.021875 0.034375
0 0.14479166666666668 0.41770833333333335 0.040625 0.07291666666666667
0 0.7447916666666666 0.011458333333333333 0.03333333333333333 0.022916666666666665
0 0.6614583333333334 0.35625 0.034375 0.027083333333333334
0 0.44166666666666665 0.38333333333333336 0.040625 0.035416666666666666
0 0.7 0.35833333333333334 0.03333333333333333 0.016666666666666666
0 0.5541666666666667 0.3770833333333333 0.03333333333333333 0.040625
0 0.7604166666666666 0.3541666666666667 0.04375 0.06458333333333334
0 0.09270833333333334 0.4354166666666667 0.03333333333333333 0.04791666666666667
0 0.071875 0.4479166666666667 0.0375 0.05416666666666667
0 0.3541666666666667 0.415625 0.041666666666666664 0.05
0 0.5041666666666667 0.396875 0.04583333333333333 0.041666666666666664
0 0.96875 0.346875 0.03333333333333333 0.08125
0 0.6729166666666667 0.3854166666666667 0.027083333333333334 0.027083333333333334
0 0.3020833333333333 0.43020833333333336 0.04791666666666667 0.06875
0 0.042708333333333334 0.4625 0.04375 0.06875
0 0.5739583333333333 0.39895833333333336 0.027083333333333334 0.0625
0 0.01875 0.4708333333333333 0.0375 0.059375
0 0.9052083333333333 0.36354166666666665 0.059375 0.04375
0 0.459375 0.41875 0.046875 0.046875
0 0.4166666666666667 0.42604166666666665 0.04583333333333333 0.07291666666666667
0 0.8583333333333333 0.37916666666666665 0.05 0.07291666666666667
0 0.23541666666666666 0.4583333333333333 0.053125 0.065625
0 0.5479166666666667 0.4197916666666667 0.059375 0.075
0 0.7197916666666667 0.4083333333333333 0.05 0.078125
0 0.18958333333333333 0.475 0.04375 0.059375
0 0.5145833333333333 0.4395833333333333 0.035416666666666666 0.040625
0 0.3572916666666667 0.459375 0.052083333333333336 0.05625
0 0.6572916666666667 0.42916666666666664 0.05 0.078125
0 0.8541666666666666 0.008333333333333333 0.03125 0.016666666666666666
0 0.8458333333333333 0.4083333333333333 0.035416666666666666 0.06666666666666667
0 0.8260416666666667 0.41354166666666664 0.040625 0.07291666666666667
0 0.7697916666666667 0.42916666666666664 0.046875 0.05416666666666667
0 0.23229166666666667 0.5010416666666667 0.03958333333333333 0.028125
0 0.6302083333333334 0.027083333333333334 0.027083333333333334 0.03125
0 0.10833333333333334 0.5166666666666667 0.053125 0.07083333333333333
0 0.4875 0.47291666666666665 0.06458333333333334 0.07916666666666666
0 0.06041666666666667 0.09895833333333333 0.021875 0.029166666666666667
0 0.03333333333333333 0.5385416666666667 0.040625 0.07291666666666667
0 0.9135416666666667 0.43020833333333336 0.06458333333333334 0.084375
0 0.06875 0.5364583333333334 0.04791666666666667 0.06875
0 0.21145833333333333 0.5229166666666667 0.04375 0.03333333333333333
0 0.60625 0.475 0.03958333333333333 0.059375
0 0.109375 0.09270833333333334 0.016666666666666666 0.025
0 0.3458333333333333 0.51875 0.059375 0.07916666666666666
0 0.2520833333333333 0.5333333333333333 0.035416666666666666 0.03125
0 0.6479166666666667 0.029166666666666667 0.016666666666666666 0.025
0 0.21354166666666666 0.08333333333333333 0.020833333333333332 0.020833333333333332
0 0.016666666666666666 0.5729166666666666 0.03125 0.06666666666666667
0 0.19166666666666668 0.559375 0.046875 0.05416666666666667
0 0.43333333333333335 0.058333333333333334 0.021875 0.025
0 0.03229166666666667 0.10729166666666666 0.016666666666666666 0.029166666666666667
0 0.45416666666666666 0.5427083333333333 0.059375 0.07916666666666666
0 0.6708333333333333 0.029166666666666667 0.021875 0.029166666666666667
0 0.0875 0.103125 0.029166666666666667 0.0125
0 0.5552083333333333 0.5375 0.04583333333333333 0.041666666666666664
0 0.6145833333333334 0.5375 0.052083333333333336 0.052083333333333336
0 0.22708333333333333 0.5864583333333333 0.046875 0.09166666666666666
0 0.7322916666666667 0.5322916666666667 0.06458333333333334 0.07916666666666666
0 0.3145833333333333 0.5885416666666666 0.04375 0.1
0 0.5864583333333333 0.04375 0.027083333333333334 0.034375
0 0.18541666666666667 0.6041666666666666 0.06458333333333334 0.07916666666666666
0 0.5447916666666667 0.04895833333333333 0.03125 0.027083333333333334
0 0.28020833333333334 0.6104166666666667 0.06041666666666667 0.08958333333333333
0 0.12708333333333333 0.6333333333333333 0.046875 0.0875
0 0.834375 0.016666666666666666 0.03125 0.03333333333333333
0 0.06458333333333334 0.6395833333333333 0.05416666666666667 0.07916666666666666
0 0.5135416666666667 0.05520833333333333 0.020833333333333332 0.020833333333333332
0 0.5791666666666667 0.590625 0.04583333333333333 0.07291666666666667
0 0.41770833333333335 0.6239583333333333 0.075 0.09583333333333334
0 0.8979166666666667 0.014583333333333334 0.03125 0.028125
0 0.11354166666666667 0.10729166666666666 0.020833333333333332 0.020833333333333332
0 0.38333333333333336 0.6354166666666666 0.03958333333333333 0.06875
0 0.41875 0.06979166666666667 0.021875 0.025
0 0.70625 0.03333333333333333 0.03125 0.03125
0 0.7322916666666667 0.6020833333333333 0.06875 0.08541666666666667
0 0.5208333333333334 0.628125 0.0625 0.10208333333333333
0 0.25625 0.09166666666666666 0.016666666666666666 0.029166666666666667
0 0.6302083333333334 0.63125 0.06875 0.08125
0 0.85625 0.6052083333333333 0.071875 0.10833333333333334
0 0.9729166666666667 0.6041666666666666 0.05416666666666667 0.065625
0 0.034375 0.734375 0.028125 0.08125
0 0.6270833333333333 0.051041666666666666 0.021875 0.034375
0 0.5354166666666667 0.06145833333333333 0.027083333333333334 0.027083333333333334
0 0.9885416666666667 0.634375 0.022916666666666665 0.040625
0 0.23645833333333333 0.7302083333333333 0.05416666666666667 0.07916666666666666
0 0.934375 0.019791666666666666 0.025 0.03958333333333333
0 0.7364583333333333 0.03958333333333333 0.021875 0.025
0 0.74375 0.6854166666666667 0.09375 0.134375
0 0.42916666666666664 0.7322916666666667 0.0625 0.06666666666666667
0 0.16354166666666667 0.11041666666666666 0.021875 0.025
0 0.6177083333333333 0.05416666666666667 0.021875 0.034375
0 0.6833333333333333 0.7104166666666667 0.09791666666666667 0.134375
0 0.10208333333333333 0.052083333333333336 0.015625 0.015625
0 0.43333333333333335 0.014583333333333334 0.025 0.021875
0 0.12916666666666668 0.11666666666666667 0.021875 0.029166666666666667
0 0.8270833333333333 0.6979166666666666 0.08125 0.109375
0 0.16041666666666668 0.7791666666666667 0.084375 0.09166666666666666
0 0.48125 0.7447916666666666 0.071875 0.103125
0 0.09479166666666666 0.12083333333333333 0.021875 0.025
0 0.2947916666666667 0.7791666666666667 0.075 0.090625
0 0.98125 0.7104166666666667 0.0375 0.1125
0 0.42916666666666664 0.084375 0.025 0.021875
0 0.078125 0.8479166666666667 0.075 0.09583333333333334
0 0.41458333333333336 0.8104166666666667 0.075 0.12708333333333333
0 0.24270833333333333 0.8364583333333333 0.06875 0.08541666666666667
0 0.36041666666666666 0.825 0.075 0.090625
0 0.5020833333333333 0.078125 0.021875 0.025
0 0.38645833333333335 0.09166666666666666 0.016666666666666666 0.025
0 0.5385416666666667 0.8145833333333333 0.07708333333333334 0.11458333333333333
0 0.6520833333333333 0.06145833333333333 0.03125 0.035416666666666666
0 0.8052083333333333 0.042708333333333334 0.025 0.016666666666666666
0 0.8770833333333333 0.034375 0.027083333333333334 0.027083333333333334
0 0.9166666666666666 0.7958333333333333 0.07708333333333334 0.109375
0 0.846875 0.81875 0.084375 0.10208333333333333
0 0.7041666666666667 0.853125 0.09583333333333334 0.07083333333333333
0 0.4322916666666667 0.8958333333333334 0.084375 0.05416666666666667
0 0.6010416666666667 0.8864583333333333 0.06666666666666667 0.03125
0 0.29791666666666666 0.9239583333333333 0.071875 0.027083333333333334
0 0.4041666666666667 0.09895833333333333 0.021875 0.029166666666666667
0 0.3145833333333333 0.029166666666666667 0.020833333333333332 0.020833333333333332
0 0.04479166666666667 0.14791666666666667 0.027083333333333334 0.03125
0 0.7541666666666667 0.06041666666666667 0.021875 0.029166666666666667
0 0.84375 0.04895833333333333 0.021875 0.034375
0 0.5291666666666667 0.090625 0.03125 0.03125
0 0.014583333333333334 0.153125 0.022916666666666665 0.03958333333333333
0 0.11666666666666667 0.140625 0.021875 0.034375
0 0.8145833333333333 0.058333333333333334 0.034375 0.021875
0 0.23541666666666666 0.12916666666666668 0.021875 0.025
0 0.2552083333333333 0.12708333333333333 0.020833333333333332 0.015625
0 0.14791666666666667 0.13958333333333334 0.020833333333333332 0.015625
0 0.49166666666666664 0.096875 0.03125 0.03125
0 0.16979166666666667 0.13958333333333334 0.021875 0.025
0 0.740625 0.06875 0.025 0.04791666666666667