0 0.6843291227199538 0.14418292964901488 0.06652293819629639 0.08446063960994739
0 0.9910622820413427 0.19018990800188196 0.01787543591731454 0.09203031385267124
0 0.7996398078768984 0.1774329891720398 0.060418408561018565 0.09060154545414605
0 0.10358739804930564 0.11113868885212198 0.04544715425509267 0.07368032575727618
0 0.1727010739611112 0.12796372456593694 0.06027293819629639 0.08435154545414605
0 0.2938980832062501 0.14569787824476324 0.06046689868259267 0.09268487878747939
0 0.3995670726945372 0.1673259632007528 0.06855778140805562 0.0824136709952145
0 0.5145383270004632 0.18599268939044442 0.07083507522768523 0.09078336904714833
0 0.6616566485555094 0.24374655302580947 0.07742450607870381 0.10547579653628295
0 0.7903150398928243 0.26889964988640397 0.07083507522768523 0.09078336904714833
0 0.7383771769242132 0.2742405319213927 0.060418408561018565 0.09060154545414605
0 0.8943371071419447 0.30924137012379316 0.06652293819629639 0.08446063960994744
0 0.0931248541025928 0.2431939848478857 0.06666840856101859 0.09071063960994738
0 0.20855676456347247 0.281652377704244 0.06899419250222229 0.10116367099521449
0 0.5115371651459262 0.32546692856797643 0.05610627152962972 0.08427881601694504
0 0.3462515959969447 0.3371592667725737 0.06046689868259267 0.09268487878747939
0 0.988884581306389 0.4640573295387142 0.022230837387221907 0.11929547077900675
0 0.5274306027089356 0.426744965905546 0.06899419250222229 0.10116367099521449
0 0.6782064446541208 0.46269655897811196 0.0626957023806483 0.09897124350607976
0 0.8298057477188894 0.4892913344099782 0.060466898682592786 0.09268487878747939
0 0.10146167122462998 0.4224333809517533 0.07083507522768526 0.09078336904714822
0 0.3493064736561115 0.4684092667725737 0.06899419250222229 0.10116367099521449
0 0.2450185816855096 0.4613826975092177 0.06027293819629639 0.08435154545414605
0 0.5905878321917135 0.5902813603856588 0.07742450607870381 0.10547579653628295
0 0.22091739082898199 0.5890349561674117 0.07713356534925933 0.09297579653628295
0 0.09783100873680603 0.5795977711033183 0.05833507522768526 0.09056518073554543
0 0.02283100873680604 0.578288641233702 0.019768292553055598 0.04407728246740419
0 0.3257386741368986 0.6189781920974345 0.08813211347481484 0.11815762012928512
0 0.49218800620365794 0.6572858538928372 0.08149419250222228 0.10138185930681705
0 0.9035995913097691 0.7519315210978263 0.08803513323166688 0.11399095346261845
0 0.02905850557037093 0.6669030373375695 0.03028368135722233 0.13797274134180573
0 0.9565332436650008 0.8788459410109036 0.07417915172194446 0.1449864004324155
0 0.5086157060511581 0.8262540422044398 0.10320034802388905 0.13924550649282186
0 0.18594061904518586 0.7862606931806698 0.08159117274537048 0.10554852597348371
0 0.6708983714512508 0.8644889745626417 0.08556387892574074 0.09728792207735164
0 0.9178564165395835 0.15658911146559898 0.06652293819629639 0.08446063960994739