0 0.4853721233745977 0.30980596876870403 0.04674245129834465 0.053416947127598625
0 0.5491683430714676 0.32623817577135966 0.03826365909060954 0.04484113855894437
0 0.397653935062995 0.2947599787978339 0.046815180735545664 0.05758361379426529
0 0.5702925941536044 0.34351103052632875 0.02554547077900698 0.031977425705962875
0 0.690557002162077 0.374079945367401 0.04674245129834465 0.053416947127598625
0 0.6205835119024081 0.3616325486049213 0.03607123160147481 0.03853051975011409
0 0.7178767061663133 0.38840965654886084 0.04681518073554543 0.057583613794265416
0 0.7732486807333487 0.3993910549828622 0.059315180735545425 0.05794732664724679
0 0.63947897077681 0.3705114512177268 0.03811820021620775 0.03650780522561092
0 0.4702198647164036 0.3364346610358105 0.02971213744567341 0.032098663323623336
0 0.21320620562579407 0.28522854754969085 0.06380912986961627 0.07681856426490725
0 0.8476433906898875 0.4265430226963358 0.0637364004324155 0.07265189759824059
0 0.8969653712092253 0.4488008980371798 0.0637364004324155 0.07265189759824059
0 0.550004731599278 0.3741548424380264 0.05087275324641093 0.05145485141192575
0 0.09849559577735915 0.2746028463973609 0.04666972186114376 0.04925028046093196
0 0.444505480517141 0.35442692592543246 0.04451365909060954 0.045022994985435126
0 0.8020464280274572 0.43875107556873716 0.0508727532464107 0.05145485141192575
0 0.38916987066870606 0.3455288608247644 0.03840911796501132 0.05317447189227771
0 0.14891379004126434 0.30001603114262 0.04264851406887888 0.05746237617660484
0 0.6088471709930177 0.4050188357519398 0.05931518073554566 0.05794732664724667
0 0.943380540040166 0.4834678451647784 0.08029397294328078 0.06688684806888254
0 0.3434819962097746 0.35252858036383244 0.05087275324641093 0.05145485141192575
0 0.22650622943500404 0.3314255937360056 0.046815180735545546 0.05758361379426529
0 0.7096471948022277 0.4537618719091247 0.05726821212081271 0.05997004117174984
0 0.2550312413396091 0.3551606143218805 0.06556518073554554 0.05812918307373754
0 0.49541459848215236 0.4079651106706917 0.053210639609947444 0.06609880355408938
0 0.7567767478324309 0.4697091284411385 0.06797579653628295 0.07693980188256772
0 0.11817289610167071 0.328273415676833 0.06596519264015056 0.08104584974040421
0 0.333556253244214 0.38035048631968127 0.04451365909060954 0.045022994985435126
0 0.8258722126591351 0.4915012157992031 0.08449700432854783 0.06909141901987634
0 0.9440532873342743 0.5220095118314452 0.08252276515101589 0.07528080021104605
0 0.43402899458601996 0.4103435224768662 0.07433489069208435 0.08337165830905846
0 0.16553881980277685 0.35776233887551345 0.04674245129834465 0.05341694712759874
0 0.3539661201270884 0.4163430316702352 0.06333638852781043 0.04973523093157392
0 0.6738797911223029 0.4922843760879288 0.06326365909060953 0.045568564264907255
0 0.26734414556005304 0.4044523511037802 0.06563791017274644 0.06229584974040421
0 0.5172843262955986 0.4679462987589941 0.07199700432854783 0.06872770616689484
0 0.7796517775939432 0.5276372926005227 0.08033033766188116 0.06897018140221588
0 0.1465835416639206 0.40510312685829286 0.08299550649282175 0.10236413354437938
0 0.3264411379839959 0.44989967775102696 0.0723970162331528 0.0916443728335615
0 0.5710638912304068 0.5069920783841652 0.05737730627661411 0.06622004117174983
0 0.6463548089792103 0.5258410221687205 0.04871669047587659 0.0472275659364288
0 0.6607328641736874 0.5741517110927837 0.08058489069208434 0.08355351473554909
0 0.4710040719659523 0.5603020661558985 0.07660004761841985 0.09384894378455541