0 0.9297780563368981 0.02520818031275439 0.01681211241194044 0.02587346298805069
0 0.7108886708310107 0.060630715364252984 0.02308635336948631 0.030367678275236364
0 0.48681519294933545 0.09215954093285077 0.01681211241194044 0.025873462988050672
0 0.03240611670721232 0.1576280740238986 0.023062112411940547 0.026201011608569698
0 0.18247883957984926 0.13726690713144243 0.02306211241194056 0.026201011608569698
0 0.6816917029674118 0.06736760892667502 0.023062112411940443 0.026201011608569698
0 0.02989926112462633 0.051541848334158126 0.02725302003615287 0.030586044022249032
0 0.3029674337759533 0.012148865521223158 0.02306211241194056 0.024297731042446317
0 0.4158788355464331 0.1135800919653995 0.023122714805804634 0.03661767827523636
0 0.8223227632067984 0.058956098298330685 0.02308635336948631 0.030367678275236364
0 0.014576578586150756 0.1793894617820358 0.021003020036152863 0.030258495401730024
0 0.6013015624524861 0.10282114955666893 0.02308635336948631 0.030367678275236364
0 0.14480915287702972 0.16839886552122316 0.02306211241194056 0.026201011608569698
0 0.05829021714983229 0.18334662143840277 0.02095453812106157 0.02192516206839669
0 0.2052318797830828 0.16419089552287275 0.02308635336948619 0.030367678275236364
0 0.5449848998192356 0.11722742047467334 0.016836353369486308 0.03004012965471734
0 0.5793538395798492 0.11646756972848546 0.02308635336948631 0.030367678275236364
0 0.9159757993766157 0.07070953565721225 0.016836353369486308 0.03004012965471734
0 0.8732189841281911 0.08128111789742547 0.016836353369486308 0.03004012965471734
0 0.4802621809800149 0.1445704228867031 0.02308635336948619 0.030367678275236364
0 0.42084475930431 0.1549738014483003 0.02308635336948619 0.030367678275236364
0 0.1269493135590361 0.19536858661269368 0.02306211241194056 0.026201011608569698
0 0.6323697552708938 0.1324334064540739 0.023062112411940443 0.026201011608569698
0 0.39471218904684713 0.17196358736712952 0.02308635336948619 0.030367678275236364
0 0.5030879440558853 0.15899441127813338 0.027253020036152976 0.03058604402224905
0 0.6906788476466815 0.1335429526625632 0.02308635336948631 0.030367678275236364
0 0.33838946617421023 0.1874115249518006 0.023122714805804634 0.03661767827523636
0 0.6124871850134309 0.1490956437523841 0.02308635336948631 0.030367678275236364
0 0.5801652171498323 0.15599631162506564 0.016836353369486308 0.0300401296547174
0 0.6666114300043927 0.15354855570788603 0.02308635336948631 0.030367678275236305
0 0.25288259042454353 0.028400947535646866 0.016812112411940562 0.02587346298805069
0 0.21426144613805734 0.22307457259209423 0.02308635336948619 0.030367678275236364
0 0.17459326945331424 0.23973238052204796 0.0272893814724713 0.036836044022248986
0 0.9562371850134309 0.13108046962383868 0.02308635336948631 0.030367678275236364
0 0.4705599280531486 0.2013117458174816 0.023062112411940443 0.026201011608569698
0 0.08493721324734398 0.2569272440828204 0.01683635336948619 0.0300401296547174
0 0.5330781087713079 0.19491125961229153 0.02308635336948607 0.030367678275236364
0 0.7289962854560509 0.17006473616936263 0.02308635336948631 0.030367678275236364
0 0.25478342206848836 0.23865383989205402 0.0272893814724713 0.03683604402224905
0 0.3818970565987537 0.2267853512748342 0.023122714805804634 0.03661767827523636
0 0.2985152413503291 0.23948599954842098 0.023146955763350262 0.040784344941903035
0 0.8706265906863992 0.1688903007709318 0.016836353369486308 0.0300401296547174
0 0.708035687095603 0.19303156490442597 0.01681211241194044 0.02587346298805073
0 0.7570061409077091 0.18838243404369376 0.02308635336948631 0.030367678275236364
0 0.41203266705945013 0.23770219960899236 0.023122714805804634 0.03661767827523636
0 0.8372387151985881 0.18001222674703315 0.023122714805804634 0.03661767827523631
0 0.11913646630513802 0.2853340600032992 0.02306211241194056 0.026201011608569757
0 0.0909448036718875 0.298266362128968 0.02308635336948619 0.030367678275236423
0 0.2222493458263652 0.28201284109806884 0.023122714805804634 0.036617678275236425
0 0.32225540606575165 0.2757303965030981 0.02306211241194056 0.026201011608569757
0 0.05022283984170491 0.31706209482900827 0.02308635336948619 0.030367678275236423
0 0.5035599482202293 0.2568564865080469 0.02306211241194056 0.026201011608569698
0 0.02415087197810618 0.32363521408117085 0.023122714805804672 0.036617678275236425
0 0.7932826670594502 0.21772173375733286 0.023062112411940443 0.02620101160856964
0 0.6504652494171613 0.24395076059251689 0.02308635336948631 0.030367678275236364
0 0.9464319080169957 0.20553012588795055 0.023062112411940443 0.026201011608569698
0 0.11942805230348195 0.05622198477338569 0.01683635336948619 0.030040129654717355
0 0.5388554100991677 0.27583371099177256 0.02308635336948607 0.030367678275236423
0 0.45396667876691504 0.011754932534822068 0.01681211241194044 0.023509865069644136
0 0.5805341972446072 0.27156672018831246 0.016836353369486308 0.0300401296547174
0 0.6367902574839935 0.26757711593697475 0.016836353369486308 0.0300401296547174
0 0.445020566747758 0.29533027363289094 0.016812112411940562 0.02587346298805073
0 0.36475769125994695 0.30890881426288497 0.02308635336948619 0.030367678275236423
0 0.9056008598778578 0.24307585858799075 0.016836353369486308 0.03004012965471734
0 0.14999861098440767 0.3503629835673709 0.023122714805804634 0.036617678275236425
0 0.3980364824388026 0.3165368882867835 0.016812112411940562 0.02587346298805073
0 0.08120012906931637 0.36229935172641325 0.031480289096683656 0.04122107643592834
0 0.6929554141325839 0.279212511685637 0.023062112411940443 0.026201011608569757
0 0.869045562714342 0.2616532255410183 0.01681211241194044 0.025873462988050672
0 0.9680402574839936 0.2502170390494673 0.012645445745273775 0.02565509724103805
0 0.01518866276417835 0.07418112844870248 0.016787871454394906 0.021706796321384007
0 0.5053039081479236 0.3150806369678739 0.02306211241194056 0.026201011608569757
0 0.055061498572467116 0.3803308043119091 0.02308635336948619 0.030367678275236423
0 0.09542729729444374 0.06476925448537522 0.016812112411940562 0.025873462988050672
0 0.2749137676329979 0.358395344490324 0.023122714805804634 0.03661767827523631
0 0.7251258760115223 0.2983535104796221 0.02731362243001693 0.04100271068891566
0 0.3728001331027325 0.35847208276885956 0.01681211241194044 0.02587346298805073
0 0.3112933178543079 0.37002631087062976 0.02306211241194056 0.026201011608569757
0 0.7760705788480065 0.3123451967453835 0.023062112411940443 0.026201011608569757
0 0.2247137797332463 0.395390733454476 0.02306211241194056 0.026201011608569757
0 0.448781197375535 0.364903574552545 0.023122714805804634 0.036617678275236425
0 0.4925433178543079 0.3605274008755786 0.01683635336948619 0.0300401296547174
0 0.4070842295119363 0.37229556535600505 0.02308635336948619 0.030367678275236423
0 0.8427069443177408 0.3140596781265142 0.02308635336948631 0.030367678275236423
0 0.001373938071225068 0.43525289235640713 0.002747876142450136 0.025218365747012684
0 0.1308546954242909 0.41905396276226115 0.02306211241194056 0.026201011608569757
0 0.5726849885543907 0.36778219357891795 0.023062112411940443 0.026201011608569757
0 0.8790925547784373 0.32464897784015334 0.023062112411940443 0.026201011608569757
0 0.20482653825198938 0.05487048695962592 0.01683635336948619 0.030040129654717355
0 0.6237266552210573 0.3651072131780128 0.023062112411940443 0.026201011608569757
0 0.6539168078362313 0.36664906151217086 0.023062112411940443 0.026201011608569757
0 0.5257372656817537 0.3827388082328105 0.023062112411940443 0.026201011608569757
0 0.18292729729444374 0.06018357379810912 0.01678787145439493 0.02170679632138402
0 0.9456440768967622 0.3409467925546172 0.023062112411940443 0.026201011608569757
0 0.9810365026058833 0.34325735037167615 0.023122714805804634 0.036617678275236425
0 0.24418425371243313 0.44956182948949924 0.012669686702819523 0.029821763907704715
0 0.19726077179734186 0.4603517774767251 0.02306211241194056 0.026201011608569757
0 0.37543425371243316 0.44268330845860004 0.02308635336948619 0.030367678275236423
0 0.9132069644848217 0.36763912709396535 0.01681211241194044 0.02587346298805073
0 0.05235396058233337 0.48773165385208206 0.027253020036152858 0.03058604402224911
0 0.5578168239698961 0.41750480702679565 0.023062112411940443 0.026201011608569757
0 0.09300320153987901 0.48143592115204187 0.02306211241194056 0.026201011608569757
0 0.4504524344305924 0.435627725012372 0.027253020036152976 0.03058604402224911
0 0.713079699457707 0.3999956829505737 0.023062112411940443 0.026201011608569757
0 0.30138501678830365 0.46218430046807496 0.016812112411940562 0.02587346298805073
0 0.013739571043029758 0.5022515370119492 0.02306211241194055 0.026201011608569757
0 0.34826607702769 0.4586860191475157 0.023122714805804634 0.036617678275236425
0 0.764097125166828 0.4014873692163351 0.023062112411940443 0.026201011608569757
0 0.4128554706004098 0.4542596834021527 0.016812112411940562 0.02587346298805073
0 0.8640789444486688 0.39937159128803096 0.023062112411940443 0.026201011608569757
0 0.24803578793100642 0.5035101304091533 0.01683635336948619 0.0300401296547174
0 0.17817745863108922 0.5186260900049487 0.027253020036152858 0.03058604402224911
0 0.08539640242511894 0.5359847278759807 0.02308635336948619 0.030367678275236423
0 0.35901138563681534 0.04366595432015707 0.02095453812106148 0.02192516206839669
0 0.13122367551906586 0.534624371325508 0.02308635336948619 0.030367678275236423
0 0.45222063531583234 0.48968520880553235 0.02308635336948631 0.030367678275236423
0 0.5136971493673249 0.48333931403709535 0.027253020036152858 0.03058604402224911
0 0.5449168481703929 0.4869099042678337 0.02308635336948631 0.030367678275236423
0 0.3646054907674905 0.5140625561594651 0.023122714805804634 0.036617678275236425
0 0.40208731004933124 0.515222264436351 0.023122714805804634 0.03661767827523631
0 0.9043888120005754 0.45140919192132406 0.01678787145439505 0.021706796321384066
0 0.3363895871766943 0.5311615249518006 0.023122714805804634 0.036617678275236425
0 0.6688388200674076 0.48666352329420676 0.02308635336948631 0.030367678275236423
0 0.9575259324793483 0.4465416953135792 0.02308635336948631 0.030367678275236305
0 0.141470655482913 0.563245123624643 0.02308635336948619 0.030367678275236187
0 0.5809954699457708 0.01415402155954549 0.016836353369486308 0.02830804311909098
0 0.05391005308904887 0.5782474709785758 0.023062112411940547 0.02620101160856952
0 0.8511789686491655 0.468776688529069 0.02308635336948631 0.030367678275236423
0 0.31026913739800427 0.5460679775372964 0.02308635336948619 0.030367678275236423
0 0.9324168481703928 0.46660188979565526 0.016836353369486308 0.0300401296547174
0 0.5301032257403758 0.5272575177157113 0.01678787145439493 0.021706796321384066
0 0.49257292454344376 0.5344311427721588 0.02308635336948619 0.030367678275236187
0 0.3685479285768599 0.5523858570791191 0.02308635336948619 0.030367678275236187
0 0.7489259486130128 0.5032933159975461 0.023062112411940443 0.026201011608569757
0 0.45189944262835247 0.5448935421388656 0.02308635336948631 0.030367678275236187
0 0.7832888281342398 0.5035751319180248 0.020954538121061718 0.021925162068396748
0 0.563345655482913 0.54113559173961 0.027253020036152976 0.03058604402224911
0 0.022393402556046754 0.6257185474145042 0.01686059432703185 0.03420679632138406
0 0.6060176273799278 0.54514734283273 0.016836353369486308 0.0300401296547174
0 0.3965093021134268 0.5790368882867836 0.016812112411940562 0.02587346298805073
0 0.14011991660753934 0.6164247150613963 0.02306211241194056 0.02620101160856952
0 0.9811751936039745 0.4984110922682563 0.016787871454394813 0.021706796321384066
0 0.9478176193130956 0.5043246849110243 0.02308635336948631 0.030367678275236423
0 0.46735475592553294 0.5732413372542348 0.016812112411940562 0.02587346298805073
0 0.3339426394801762 0.5937707078253069 0.02306211241194056 0.026201011608569757
0 0.6674538032791041 0.00980514360095569 0.01678787145439505 0.01961028720191138
0 0.4995130973256986 0.5944656693815532 0.02308635336948619 0.030367678275236423
0 0.818402482831586 0.5538023564017505 0.0272893814724713 0.03683604402224887
0 0.2952131053925308 0.6280822576518408 0.02308635336948619 0.030367678275236423
0 0.43588658730762214 0.6123790803568298 0.02306211241194056 0.02620101160856952
0 0.840247181634654 0.5578642695632674 0.023062112411940443 0.02620101160856952
0 0.18988356727146927 0.654429326097244 0.02308635336948619 0.030367678275236187
0 0.6557449166075393 0.589401953868578 0.02308635336948631 0.030367678275236187
0 0.6255305230348197 0.5920267722010865 0.01681211241194044 0.02587346298805073
0 0.9757062699770255 0.5434757161186888 0.02308635336948631 0.030367678275236423
0 0.5233805270682358 0.6088350663362303 0.02308635336948619 0.030367678275236187
0 0.374343410622879 0.6301833084586 0.023122714805804634 0.036617678275236425
0 0.9141873342498281 0.5571132775537924 0.016836353369486308 0.0300401296547174
0 0.7140843101802591 0.585303166743734 0.027253020036152976 0.03058604402224887
0 0.6851439558942781 0.011945283055220428 0.01681211241194044 0.023890566110440856
0 0.6003971977683186 0.6162536333498293 0.020954538121061718 0.021925162068396748
0 0.5024138684684013 0.6328435617379604 0.02308635336948619 0.030367678275236423
0 0.3377456917836582 0.6560523420782942 0.02306211241194056 0.026201011608569757
0 0.3158464508261126 0.6613654289167774 0.023062112411940443 0.02620101160856952
0 0.4700615994078705 0.6449525629439753 0.023122714805804634 0.036617678275236425
0 0.6743070491865607 0.6207109746736877 0.023062112411940443 0.026201011608569757
0 0.5659191736987494 0.6357634840960171 0.016836353369486308 0.0300401296547174
0 0.42313811749277924 0.6557425109312012 0.016836353369486308 0.0300401296547174
0 0.5402674458762017 0.03312537765843918 0.02308635336948631 0.030367678275236364
0 0.7649199287077877 0.6180448530094954 0.023062112411940443 0.026201011608569757
0 0.22610555126873252 0.6931436258108832 0.01683635336948619 0.0300401296547174
0 0.9879396194440235 0.5886539522109842 0.012621204787728383 0.021488430574371383
0 0.4001305472353164 0.672568522539771 0.02306211241194056 0.02620101160856952
0 0.4543275150989151 0.6645214344952727 0.020954538121061596 0.021925162068396748
0 0.9461820491865607 0.6064626096811109 0.02308635336948631 0.030367678275236187
0 0.34481918983241405 0.6931702020210221 0.02306211241194056 0.026201011608569757
0 0.2958123745839894 0.7040693328817543 0.02308635336948631 0.030367678275236423
0 0.8533585713048853 0.6311129142188094 0.02308635336948631 0.030367678275236423
0 0.82624493677462 0.6377406249077251 0.02308635336948631 0.030367678275236187
0 0.7438502460383843 0.6597616817445588 0.02308635336948631 0.030367678275236187
0 0.7010934307899597 0.670333263984772 0.02308635336948631 0.030367678275236187
0 0.42699571195073893 0.7086491451841884 0.016812112411940562 0.02587346298805073
0 0.1612131457266922 0.7496532948895797 0.02308635336948619 0.030367678275236423
0 0.3935896557447686 0.72289607116029 0.023122714805804634 0.03661767827523619
0 0.6103654067203907 0.6927910523156309 0.02312271480580487 0.03661767827523619
0 0.7917002500718006 0.6687088089872463 0.02308635336948631 0.030367678275236187
0 0.9865646396111042 0.6460002103144039 0.012621204787728383 0.021488430574371383
0 0.6561684388567919 0.6955973624318249 0.02308635336948631 0.030367678275236187
0 0.4571010212145032 0.72477432685168 0.02306211241194056 0.026201011608569757
0 0.29237224213589597 0.7583997738586805 0.027253020036152976 0.03058604402224911
0 0.3622002702388812 0.7484921475962182 0.02308635336948619 0.030367678275236187
0 0.570630567402397 0.7209071935789181 0.027253020036152976 0.03058604402224887
0 0.8915972260022315 0.6811763643922756 0.023122714805804634 0.036617678275236425
0 0.8186320774204735 0.6933310982983306 0.02308635336948631 0.030367678275236423
0 0.08282755543307649 0.7985393193127339 0.016812112411940562 0.02587346298805073
0 0.22871543092088753 0.7815215181672904 0.02306211241194056 0.02620101160856952
0 0.9551146517113526 0.6820129534169991 0.02308635336948631 0.030367678275236187
0 0.5309260292813355 0.7438150015088716 0.03148028909668372 0.04122107643592822
0 0.7456245071630108 0.7127774988710525 0.023062112411940443 0.02620101160856952
0 0.7049631457266922 0.721156564904426 0.027253020036152976 0.03058604402224887
0 0.8518866276417835 0.705125838988896 0.02308635336948631 0.030367678275236423
0 0.2858798325604396 0.8003939891458661 0.023062112411940443 0.026201011608569757
0 0.05034196110604464 0.8335649871854154 0.02728938147247133 0.03683604402224887
0 0.40781543495430367 0.7835901243790789 0.023122714805804634 0.03661767827523619
0 0.8131934549904566 0.7331873888154299 0.02308635336948631 0.030367678275236423
0 0.6558048244936072 0.7580973624318249 0.027253020036152976 0.03058604402224887
0 0.7818949730753653 0.7431584652513583 0.016787871454394813 0.021706796321384066
0 0.4859735141824204 0.05783913236960392 0.02306211241194056 0.026201011608569698
0 0.5806896799452654 0.7818196125447197 0.02308635336948631 0.030367678275236187
0 0.9173116397420318 0.7360615784734463 0.02308635336948631 0.030367678275236187
0 0.5546177120816668 0.7883927317968822 0.020954538121061718 0.021925162068396748
0 0.9422995192632591 0.7368347173247037 0.01678787145439505 0.021706796321384066
0 0.7057199811421975 0.7700603068010061 0.023122714805804634 0.03661767827523619
0 0.46705710968780256 0.803395079150815 0.023122714805804634 0.036617678275236425
0 0.224197270369809 0.8421565505809698 0.02306211241194056 0.02620101160856952
0 0.13144651536077076 0.8543068551186683 0.027253020036152858 0.03058604402224887
0 0.7380055875694777 0.7694096389283246 0.02308635336948631 0.030367678275236187
0 0.37113287276367307 0.8240424913321064 0.027253020036152976 0.03058604402224887
0 0.6233374108847347 0.7899980303045064 0.027253020036152976 0.03058604402224887
0 0.9797146759118492 0.749452758934923 0.021003020036152974 0.030258495401730083
0 0.7962601377907877 0.7798941851368139 0.012645445745273775 0.02565509724103805
0 0.8754571056543864 0.7705369026102399 0.02308635336948631 0.030367678275236187
0 0.515869997275862 0.8258292816234161 0.02308635336948619 0.030367678275236423
0 0.09378288889733763 0.8843971468417825 0.01683635336948619 0.0300401296547174
0 0.9545752904059619 0.7747212867503325 0.02308635336948631 0.030367678275236187
0 0.9128783225423632 0.7821132775537923 0.016836353369486308 0.0300401296547174
0 0.780519993242446 0.8005047233547781 0.02308635336948631 0.030367678275236187
0 0.33443212985488324 0.8676198582851339 0.027253020036152858 0.03058604402224911
0 0.8263472663363928 0.7991443668043055 0.02308635336948631 0.030367678275236187
0 0.43551015795786846 0.8560744889200768 0.02308635336948619 0.030367678275236187
0 0.7652613856368153 0.022375293986421584 0.023062112411940443 0.02620101160856969
0 0.7648404510879682 0.8106985949060755 0.023062112411940443 0.026201011608569757
0 0.6908518165577029 0.8197829202488838 0.023122714805804634 0.03661767827523619
0 0.7241427282153313 0.8253276609394491 0.0272893814724713 0.03683604402224911
0 0.6464507832429511 0.03901538444294939 0.02308635336948631 0.030367678275236364
0 0.2519768367247835 0.9000575817886342 0.02308635336948619 0.030367678275236423
0 0.6719806117699746 0.8415988994437742 0.025145445745273776 0.0263101944820761
0 0.46872228650347353 0.8751608962773086 0.016763630496849185 0.0175401296547174
0 0.5672113937036476 0.05566433363619015 0.02308635336948631 0.030367678275236364
0 0.46194851821583655 0.0705530687482601 0.02308635336948619 0.030367678275236364
0 0.2118212531887219 0.10553001356902042 0.01683635336948619 0.03004012965471734
0 0.43589473107039706 0.07400118800042264 0.02308635336948619 0.030367678275236364
0 0.8465113856368153 0.018117161919674486 0.023062112411940443 0.02620101160856969
0 0.5432166989339957 0.06316993668151302 0.02308635336948631 0.030367678275236364
0 0.6005326065582081 0.056000740993422116 0.0272893814724713 0.036836044022249034
0 0.7995454820460192 0.03619877657356705 0.02308635336948631 0.030367678275236364
0 0.7453363937036476 0.04632919795139844 0.02308635336948631 0.030367678275236364