0 0.04129972952438018 0.3157583252665011 0.020084743837853792 0.023025750975622115
0 0.07162940320660931 0.3180174055420403 0.01102336841114564 0.010477269060530859
0 0.0933830628577135 0.3160613372358217 0.006856701744478973 0.01045302810298523
0 0.10472005584215104 0.31404466653573887 0.013470722791166404 0.016739389539303554
0 0.08517106987327597 0.31809618865406364 0.01102336841114564 0.010477269060530859
0 0.023641792664442367 0.33439924095754564 0.009668077171187124 0.022965148581757924
0 0.04104677512553621 0.3292939316937813 0.01102336841114567 0.010477269060530859
0 0.02186181020334853 0.33959545381210615 0.005137389457833056 0.016690907624212294
0 0.05985744529998411 0.3304446826694034 0.020084743837853778 0.023025750975622115
0 0.28855929797317237 0.2880400558131868 0.0044093473644582085 0.004190907624212296
0 0.07352045231554658 0.3326067991147601 0.020084743837853778 0.023025750975622115
0 0.3312069611320577 0.28724685896136304 0.0044093473644582085 0.004190907624212296
0 0.3940812558797975 0.2761582002306008 0.0044093473644582085 0.004190907624212296
0 0.3478736277987244 0.28734382279154563 0.0044093473644582085 0.004190907624212296
0 0.33855929797317236 0.28833094730373454 0.0044093473644582085 0.004190907624212296
0 0.13694077863331744 0.3308931403839979 0.013470722791166404 0.016739389539303554
0 0.2317427190010365 0.3137423490742144 0.013470722791166404 0.016739389539303554
0 0.49745921027864154 0.26322255750257534 0.006856701744478973 0.010453028102985111
0 0.3759379576242765 0.2864657825883121 0.01102336841114564 0.010477269060530859
0 0.501747217294204 0.2653301317934543 0.0044093473644582085 0.004190907624212296
0 0.4059642804342662 0.283516529530518 0.0044093473644582085 0.004190907624212296
0 0.4275965997364745 0.279477127890966 0.0044093473644582085 0.004190907624212296
0 0.02613954351785862 0.3594053011969321 0.011751410504520459 0.02297726906053086
0 0.43476692605424544 0.27743621623333753 0.0044093473644582085 0.004190907624212296
0 0.2905716874310054 0.3047127827192399 0.01102336841114564 0.01047726906053074
0 0.39376763130650566 0.2886521399912144 0.01102336841114564 0.010477269060530859
0 0.06621851194782753 0.35026665053300216 0.024494091202312045 0.027216658599834413
0 0.38028663481428693 0.2896150235458578 0.01102336841114564 0.010477269060530859
0 0.4226916172753807 0.2846551600273673 0.0044093473644582085 0.004190907624212296
0 0.41650228744982865 0.28566046525771543 0.0044093473644582085 0.004190907624212296
0 0.36919232252764095 0.2957983609126072 0.01102336841114564 0.010477269060530859
0 0.4505132664031412 0.2796104531574671 0.0044093473644582085 0.004190907624212296
0 0.40124130849651607 0.2918195616669193 0.0044093473644582085 0.004190907624212296
0 0.1870014488077653 0.33222569854121237 0.02032742453564538 0.027192417642288785
0 0.4950015821975684 0.27466271011774945 0.0044093473644582085 0.004190907624212296
0 0.4074306383220681 0.2908142564365711 0.0044093473644582085 0.004190907624212296
0 0.362082666384318 0.2988809392369023 0.0044093473644582085 0.004190907624212296
0 0.43010462429094326 0.28678091503640546 0.0044093473644582085 0.004190907624212296
0 0.3106060347954636 0.3089945939342484 0.013470722791166404 0.016739389539303554
0 0.3239656909387866 0.3059483770462717 0.013470722791166404 0.016739389539303554
0 0.2004217751255362 0.33022114831990235 0.02032742453564538 0.027192417642288785
0 0.47961926289536005 0.27873847319361994 0.0044093473644582085 0.004190907624212296
0 0.3313180277799012 0.3070324653886433 0.020084743837853837 0.023025750975622115
0 0.16757380318778606 0.3383605539928705 0.024494091202312045 0.027216658599834413
0 0.4642369435931516 0.28281423626949037 0.006856701744478973 0.01045302810298523
0 0.41269964182984936 0.2918862243001698 0.006856701744478973 0.010453028102985111
0 0.6165835050263814 0.2524611516986794 0.004409347364458445 0.004190907624212296
0 0.5455578874686519 0.2666263285143503 0.0044093473644582085 0.004190907624212296
0 0.4889335927209121 0.2777513486814309 0.0044093473644582085 0.004190907624212296
0 0.26341741022217174 0.32121582292247347 0.020084743837853837 0.023025750975622115
0 0.5137515821975683 0.27477179442670485 0.010780687713354099 0.0063106023938641915
0 0.47563460675203706 0.28183923223607427 0.013470722791166404 0.016739389539303554
0 0.45706661727538067 0.2848551479271189 0.010780687713354099 0.0063106023938641915
0 0.29853072601659897 0.31621353772827815 0.01763738945783307 0.016763630496849185
0 0.5044979225464642 0.2768005856055604 0.006856701744478973 0.01045302810298523
0 0.4386199681476202 0.2899543969514968 0.013470722791166404 0.016739389539303554
0 0.2531827540788488 0.32428022052860933 0.013713403488957946 0.020906056205970223
0 0.3541740242721199 0.3061241239884777 0.01102336841114564 0.010477269060530859
0 0.5508268909764331 0.267698296377949 0.0044093473644582085 0.004190907624212296
0 0.2223574452999841 0.33139008001368364 0.029388799962353513 0.03974089955738004
0 0.6004021997552977 0.26069752120183015 0.00685670174447921 0.010453028102985111
0 0.38003368041544294 0.30315062997313796 0.013470722791166404 0.016739389539303554
0 0.6312881787086104 0.25462932838342245 0.0044093473644582085 0.004190907624212296
0 0.3388523751443594 0.31124155373101486 0.020084743837853837 0.023025750975622115
0 0.6385191752008291 0.2536300833924607 0.0044093473644582085 0.004190907624212296
0 0.3666133540976721 0.30515518019444793 0.010780687713354099 0.0063106023938641915
0 0.5305395892131308 0.2769520915902208 0.01102336841114564 0.010477269060530859
0 0.5242895892131308 0.2769157301539023 0.010780687713354099 0.0063106023938640735
0 0.5644898979919956 0.2698604128233057 0.0044093473644582085 0.004190907624212296
0 0.6653598278363709 0.24962098294984073 0.010780687713354099 0.0063106023938641325
0 0.4060146769076617 0.30226046929113165 0.013470722791166404 0.016739389539303554
0 0.39467768392322417 0.3042771399912144 0.010780687713354099 0.0063106023938641915
0 0.5728839014997769 0.2709505614050637 0.010780687713354099 0.0063106023938641915
0 0.44823764884541184 0.2941756057726412 0.013713403488957946 0.020906056205970223
0 0.42464333655876596 0.30028622026675367 0.020084743837853837 0.023025750975622115
0 0.6574511857241728 0.2568641677014161 0.0044093473644582085 0.004190907624212296
0 0.516320276926485 0.28311724823881096 0.01102336841114564 0.010477269060530859
0 0.13747653650229616 0.3579704134779448 0.03379814732681178 0.043931807181592335
0 0.35478072601659894 0.3165407906551444 0.01102336841114564 0.010477269060530859
0 0.2878611049510883 0.32968854176169426 0.01763738945783307 0.016763630496849185
0 0.498975964639839 0.28926422416924197 0.013470722791166404 0.016739389539303554
0 0.4711543155120785 0.2943089310391423 0.01102336841114564 0.010477269060530859
0 0.5062069611320578 0.28826497917828026 0.006856701744478973 0.01045302810298523
0 0.07466291192900427 0.3701007388753737 0.03968412628012438 0.03771816861791078
0 0.5854445716742247 0.2720649509443672 0.006856701744478973 0.01045302810298523
0 0.5361726137675995 0.2842740594538195 0.01102336841114564 0.01047726906053074
0 0.4342003470821096 0.30346576242123136 0.01102336841114564 0.010477269060530859
0 0.5712252593875787 0.2782301075929575 0.01102336841114564 0.010477269060530859
0 0.24575947336223394 0.33985673861351806 0.013470722791166404 0.016739389539303554
0 0.4857376488454118 0.294393774390552 0.020084743837853837 0.023025750975622115
0 0.523975964639839 0.2894096699145159 0.020084743837853837 0.023025750975622115
0 0.7391968208208084 0.24796792661294262 0.011023368411145876 0.01047726906053074
0 0.2726607961722236 0.3368893048375648 0.024494091202312045 0.027216658599834413
0 0.20978650142448382 0.34797796356832694 0.020084743837853837 0.023025750975622115
0 0.7206288313441521 0.25098384230398724 0.01102336841114564 0.010477269060530798
0 0.3159254347766404 0.3288105015584607 0.032706084186749605 0.02518180718159234
0 0.6011909120231205 0.2742391878684967 0.011023368411145876 0.010477269060530859
0 0.5476309471009329 0.28434072208707 0.02032742453564538 0.027192417642288785
0 0.7546398102974646 0.2449338302037388 0.010780687713354099 0.0063106023938641325
0 0.4570563435743284 0.3025574210210658 0.02032742453564538 0.027192417642288785
0 0.2983991119666508 0.33183247748889166 0.01102336841114564 0.010477269060530859
0 0.027838308402399804 0.38857196786359877 0.012964813993478434 0.04381060239386419
0 0.6847165295808499 0.2601467339254628 0.01102336841114564 0.01047726906053074
0 0.5940812558797975 0.2773217661927919 0.017394708760041528 0.012596963830182517
0 0.605478919038683 0.27634676215937576 0.0044093473644582085 0.004190907624212296
0 0.3871330628577135 0.31777032474278977 0.01102336841114564 0.01047726906053074
0 0.6622245541353186 0.2673050753256284 0.006856701744478973 0.010453028102985111
0 0.5602522874498287 0.2864967782930403 0.013713403488957946 0.020906056205970223
0 0.157753564564546 0.36641889135961997 0.02032742453564538 0.027192417642288785
0 0.6253312558797975 0.2775035733743843 0.02032742453564538 0.027192417642288785
0 0.5758166172753807 0.2855460152171698 0.01102336841114564 0.010477269060530859
0 0.03837631541796226 0.39071590359079617 0.03379814732681178 0.043931807181592335
0 0.6160775962286934 0.2795323645532399 0.006856701744478973 0.010453028102985111
0 0.5100600032254325 0.3007831598964394 0.013470722791166404 0.016739389539303554
0 0.5924832839420475 0.2856429790473524 0.020084743837853598 0.023025750975622115
0 0.7624168383597146 0.253309585212777 0.013470722791166404 0.016739389539303613
0 0.11871626280124377 0.3755636022629363 0.04053350872239499 0.05230150195124412
0 0.6408955857053497 0.2765528102985138 0.013713403488957946 0.020906056205970223
0 0.7532845190575063 0.257421709724966 0.020084743837853837 0.023025750975622115
0 0.580225964639839 0.28973692284138214 0.013713403488957946 0.020906056205970223
0 0.373277771617755 0.33018548139138004 0.039441445582332806 0.033551501951244234
0 0.6741075786897871 0.2746634046255456 0.013713403488957946 0.020906056205970223
0 0.6565812558797975 0.27768538055597664 0.020084743837853598 0.023025750975622115
0 0.6989862383408914 0.27272551703748615 0.01763738945783307 0.016763630496849185
0 0.4363340768888385 0.32222182266061783 0.020084743837853837 0.023025750975622115
0 0.41684576109441124 0.3273150114456093 0.024494091202312045 0.027216658599834413
0 0.17901158911901463 0.3738317628140148 0.037964813993478445 0.04395604813913797
0 0.30053284177337963 0.3505885377282781 0.02866075786897871 0.02724089955738004
0 0.6899752593875788 0.27892097488300843 0.020084743837853837 0.023025750975622115
0 0.5962149856865264 0.2960778264321783 0.015068694728916417 0.008418176684743154
0 0.40691445582332786 0.3355877423850785 0.029388799962353572 0.03974089955738004
0 0.7612435576430998 0.26892246473400416 0.01763738945783307 0.016763630496849185
0 0.4564897646021925 0.32858696720895963 0.024494091202312045 0.027216658599834413
0 0.7502705857053497 0.27718913543408696 0.020084743837853837 0.023025750975622115
0 0.5381140593499322 0.31760739278715283 0.02706278593122846 0.03556211241194056
0 0.4804480979355258 0.3287263527148471 0.03355546662902024 0.03976514051492567
0 0.20241361718126452 0.38229842141384923 0.042374161357936715 0.04814695576335026
0 0.6287493330509847 0.30043236051982375 0.02032742453564538 0.027192417642288785
0 0.49601242776107796 0.3277755896389766 0.024251410504520503 0.023049991933167747
0 0.528122083904401 0.32483845705995534 0.02057010523343692 0.03135908430895545
0 0.33349188035897315 0.3622347384825902 0.04470017538906165 0.052325742908789864
0 0.7269796242909431 0.2885080832615329 0.00685670174447921 0.010453028102985111
0 0.2511899399912541 0.37945825266501054 0.045306877133540625 0.06274240957545653
0 0.886921203263079 0.26340575369976 0.024494091202312045 0.027216658599834354
0 0.5172097821410987 0.3341467944267048 0.024494091202312045 0.027216658599834413
0 0.588296069873276 0.32102328427770055 0.031229452597895127 0.03558635336948631
0 0.6069247295243803 0.3190490352533227 0.031229452597895127 0.03558635336948619
0 0.045829445205867875 0.42928787145439495 0.045306877133540625 0.06274240957545653
0 0.871902905007558 0.2737315167756305 0.02866075786897871 0.02724089955738004
0 0.7050943505898908 0.30608309132836514 0.030986771900103585 0.03141968670281952
0 0.7679686453376305 0.29499443259760294 0.020084743837853837 0.023025750975622115
0 0.7911279927020888 0.29929442453077065 0.04494285608685308 0.05649240957545653
0 0.7324810347954637 0.3114489908857452 0.02866075786897871 0.02724089955738004
0 0.49771119264561914 0.3569422563056433 0.03551745961345768 0.037693927660365154
0 0.8324913084965161 0.29432850077289374 0.054752821009041004 0.04613634530265382
0 0.29413068032132667 0.4015756622404671 0.058292238529123824 0.07114846578142675
0 0.9698802418486726 0.27534284594461994 0.024251410504520503 0.023049991933167747
0 0.7577237154932553 0.31576110329768575 0.037964813993478445 0.04395604813913797
0 0.3756233610191183 0.40621502757927386 0.0865889753514151 0.09213936533880679
0 0.9421696593687554 0.3001731592418004 0.040533508722395105 0.052301501951244236
0 0.665116175106713 0.35270962151352225 0.03355546662902024 0.03976514051492567
0 0.5808522417545563 0.3720043485505032 0.04470017538906177 0.052325742908789864
0 0.6936658663278482 0.36016491464362205 0.03355546662902024 0.03976514051492567
0 0.9737836804154428 0.30660496642339274 0.04077618942018641 0.0564681686179109
0 0.8720540944277446 0.32996333605747125 0.07973227360693613 0.08168633723582168
0 0.2586831925515029 0.45447643338316984 0.05596622449799895 0.06696967863598727
0 0.8195861926456192 0.3588148702760446 0.07888289116466561 0.06710300390248823
0 0.5353623820658058 0.41339224420539483 0.061224954304727915 0.0857439195935329
0 0.902969922452348 0.37804362918757106 0.07103491922691536 0.07538785532073031
0 0.6584507855547638 0.43493462554693835 0.06527028062249846 0.0836848272177452
0 0.055193199472949137 0.5542999919331677 0.053113754267081245 0.12526665053300215
0 0.2264512240274178 0.562585537859206 0.10151578232933112 0.13387875487811035
0 0.8491765785015547 0.4735315288758789 0.1276078454693933 0.15277420062338423
0 0.9841303752384756 0.5025292033475223 0.031739249523048824 0.15241058626019946
0 0.986323803187786 0.7545822354839234 0.02735239362442788 0.14830452198739696