0 0.9244542746643987 0.69945655801776 0.017394182697744752 0.02131828380397517
0 0.9161209413310654 0.6992140827824389 0.013227516031078086 0.021197046186314832
0 0.8485944870055014 0.6920356381621228 0.032850535268371554 0.04674261546578696
0 0.8298808628070554 0.6904484022159839 0.013227516031078086 0.021197046186314593
0 0.8038755719419426 0.6886490004389392 0.017394182697744752 0.02131828380397517
0 0.8637829773868546 0.7049902792283494 0.017394182697744516 0.02131828380397517
0 0.6368947546396875 0.6629358529947714 0.024153443919499296 0.03608347356379937
0 0.4669708163452017 0.631923444004025 0.02386243750706806 0.027750140230466038
0 0.5072684341312165 0.6424805107762147 0.019623019237293704 0.025545569279472127
0 0.834652686521742 0.7030999492380594 0.01976852244350932 0.029712235946138796
0 0.7020104934179326 0.6794286788062573 0.015456352570627037 0.02542433166181155
0 0.2452181753282599 0.5921038981258557 0.05053572437854778 0.0763942326030957
0 0.7775792746643987 0.695182931995228 0.052328051299449875 0.06812151807859265
0 0.6574370815605896 0.6718753744164072 0.045423286871479715 0.04918966165210179
0 0.39326711362274563 0.6224798096238847 0.024007940713283677 0.03191680689713271
0 0.5175032217901137 0.6479919381536993 0.01976852244350932 0.029712235946138796
0 0.7225891961403887 0.6873265335612264 0.017394182697744752 0.02131828380397517
0 0.8769608860379824 0.7158009681524128 0.019623019237293704 0.025545569279472127
0 0.5857803363699129 0.6635340255117638 0.017394182697744752 0.02131828380397517
0 0.31841261682896127 0.6161308658393293 0.017394182697744752 0.02131828380397517
0 0.5369311304412413 0.6589844835042532 0.017394182697744752 0.02131828380397517
0 0.32663682275763295 0.6194983410746503 0.01976852244350932 0.029712235946138796
0 0.5067591729094619 0.657063844109548 0.01976852244350932 0.029712235946138796
0 0.4073411857343243 0.6374874746190298 0.02386243750706806 0.027750140230466038
0 0.5492492514334718 0.664556529690568 0.024007940713283916 0.03191680689713271
0 0.59788020255282 0.6753560716980787 0.017394182697744752 0.02131828380397517
0 0.8225759645619921 0.7204748791228265 0.02437169872882284 0.04233347356379937
0 0.8027479220937717 0.7209406671056058 0.024007940713283677 0.03191680689713271
0 0.9280984485309142 0.7443997717065022 0.013227516031078086 0.021197046186314832
0 0.18630282917006413 0.6070732381452757 0.025654764427970277 0.019477425705962996
0 0.33751314326610377 0.6364984111898833 0.024007940713283677 0.03191680689713271
0 0.2742624830118683 0.6263162041872277 0.05872355450566549 0.07247004117174996
0 0.14988087163828467 0.6049707423240798 0.024153443919499414 0.03608347356379937
0 0.4088061304412413 0.6552564267611933 0.030403443919499413 0.03626532999029
0 0.3052214765994371 0.6355588196530146 0.02386243750706806 0.027750140230466038
0 0.21305878028941233 0.6172362826600689 0.02437169872882284 0.04233347356379937
0 0.7526751704906638 0.7215691490270134 0.015456352570627037 0.025424331661811787
0 0.7433365462922178 0.7202546977206107 0.024153443919499296 0.03608347356379937
0 0.5578603596008398 0.6867043143303041 0.03062169872882284 0.04251532999029
0 0.6123411769030951 0.7091440460976389 0.017394182697744752 0.02131828380397517
0 0.16072081634520166 0.6230124791059795 0.03285053526837179 0.04674261546578696
0 0.47553231713261923 0.6853515380481762 0.024153443919499414 0.03608347356379937
0 0.17612756153587825 0.6297171201722063 0.024153443919499414 0.03608347356379937
0 0.5721758307448993 0.7246589553965309 0.013227516031078086 0.021197046186314832