0 0.5385416666666667 0.08854166666666667 0.015625 0.015625
0 0.5135416666666667 0.11458333333333333 0.00625 0.009375
0 0.010416666666666666 0.30104166666666665 0.020833333333333332 0.04791666666666667
0 0.6604166666666667 0.234375 0.0375 0.058333333333333334
0 0.9625 0.20729166666666668 0.022916666666666665 0.04375
0 0.7354166666666667 0.23541666666666666 0.041666666666666664 0.06458333333333334
0 0.005208333333333333 0.328125 0.010416666666666666 0.071875
0 0.3958333333333333 0.2875 0.035416666666666666 0.04791666666666667
0 0.07291666666666667 0.321875 0.027083333333333334 0.034375
0 0.5760416666666667 0.26875 0.03125 0.03958333333333333
0 0.026041666666666668 0.3302083333333333 0.03333333333333333 0.04791666666666667
0 0.9270833333333334 0.23541666666666666 0.046875 0.059375
0 0.052083333333333336 0.3302083333333333 0.016666666666666666 0.03333333333333333
0 0.12291666666666666 0.3229166666666667 0.03125 0.03958333333333333
0 0.09791666666666667 0.328125 0.03333333333333333 0.04791666666666667
0 0.44583333333333336 0.29375 0.016666666666666666 0.025
0 0.7635416666666667 0.2604166666666667 0.028125 0.04375
0 0.834375 0.253125 0.025 0.021875
0 0.42916666666666664 0.29791666666666666 0.025 0.025
0 0.49166666666666664 0.2916666666666667 0.046875 0.059375
0 0.7145833333333333 0.2677083333333333 0.021875 0.034375
0 0.5979166666666667 0.28229166666666666 0.021875 0.025
0 0.7020833333333333 0.2708333333333333 0.021875 0.029166666666666667
0 0.15208333333333332 0.33125 0.0625 0.07083333333333333
0 0.521875 0.29270833333333335 0.021875 0.025
0 0.2916666666666667 0.31666666666666665 0.025 0.025
0 0.21458333333333332 0.32708333333333334 0.016666666666666666 0.025
0 0.3645833333333333 0.31145833333333334 0.021875 0.025
0 0.23020833333333332 0.328125 0.021875 0.025
0 0.5364583333333334 0.29583333333333334 0.021875 0.025
0 0.3145833333333333 0.321875 0.010416666666666666 0.015625
0 0.35104166666666664 0.32083333333333336 0.021875 0.025
0 0.7979166666666667 0.27291666666666664 0.021875 0.025
0 0.33229166666666665 0.321875 0.015625 0.020833333333333332
0 0.23854166666666668 0.334375 0.021875 0.025
0 0.9541666666666667 0.26458333333333334 0.04583333333333333 0.08333333333333333
0 0.28229166666666666 0.334375 0.027083333333333334 0.034375
0 0.3927083333333333 0.325 0.059375 0.052083333333333336
0 0.43333333333333335 0.32083333333333336 0.021875 0.025
0 0.47291666666666665 0.31666666666666665 0.021875 0.029166666666666667
0 0.671875 0.29583333333333334 0.0375 0.058333333333333334
0 0.8354166666666667 0.2791666666666667 0.04583333333333333 0.05
0 0.5666666666666667 0.3145833333333333 0.04583333333333333 0.05
0 0.6520833333333333 0.30416666666666664 0.03333333333333333 0.04791666666666667
0 0.45416666666666666 0.328125 0.027083333333333334 0.034375
0 0.2708333333333333 0.3572916666666667 0.035416666666666666 0.04791666666666667
0 0.55 0.052083333333333336 0.010416666666666666 0.015625
0 0.540625 0.06666666666666667 0.010416666666666666 0.015625
0 0.5229166666666667 0.08333333333333333 0.010416666666666666 0.015625