0 0.8236918113840823 0.2481149286521846 0.08072046186314784 0.12724289592671892
0 0.23192620093286034 0.30595980575322623 0.059099084015021335 0.09955337450508317
0 0.3985019393862816 0.31393431045964554 0.07024317638765089 0.12485646854923438
0 0.07069118034698542 0.3294171574732977 0.07730351473554918 0.08134894378455541
0 0.5891269393862816 0.31948093146761264 0.08072046186314784 0.12724289592671892
0 0.7414527479549359 0.3155727711788869 0.05040203782870663 0.08681089926976213
0 0.8988959616436782 0.31494115791223687 0.0757051318728576 0.0979549916423918
0 0.3673237051116645 0.34638867106494037 0.06785674901016633 0.11437918307373754
0 0.5409789444008466 0.3618670082689322 0.054689942113033636 0.09109880355408938
0 0.709819872614092 0.36365213178418176 0.07178094044151209 0.10616708735806454
0 0.19089916310415375 0.39025502445653343 0.05230351473554921 0.08062151807859243
0 0.04341797501585136 0.40681473176733474 0.07012193876999044 0.12068980188256771
0 0.6072627357266692 0.4127954528892484 0.08072046186314784 0.12724289592671892
0 0.2185200501456493 0.44422868778015684 0.07190217805917255 0.11033375402473133
0 0.13598590824366166 0.45016757816469555 0.07821279686800278 0.11259894378455541
0 0.4155162877633098 0.445790498547948 0.08237946353466938 0.11272018140221587
0 0.8891300707315242 0.43559263481907945 0.09228888589758905 0.16712932330420346
0 0.7717965971677249 0.45511464819125264 0.09322046186314784 0.1276066087797003
0 0.08622036790767261 0.5123150122282667 0.08721293709846879 0.135758085686543
0 0.027059286619403336 0.5165949009412839 0.05411857323880667 0.17068980188256772
0 0.5398606277827297 0.5077912698155109 0.10466764827992847 0.16332636949051818
0 0.9368871748048053 0.5141308195643386 0.10379669112319997 0.20493241734835468
0 0.2509663951796341 0.5473425408636042 0.10056160042209221 0.16528846520619092
0 0.4464057062555709 0.5665823755603135 0.09228888589758905 0.16712932330420358
0 0.837333800299722 0.5675317355493174 0.11783445517706118 0.18660674901016658
0 0.6645798275716835 0.5927390171541557 0.09572812685829273 0.14225056092186392
0 0.18331066508382102 0.6152247150521183 0.09817517304460767 0.15481117973069422
0 0.06114371795622238 0.6575421574732976 0.059644653294493526 0.11830337450508305
0 0.5610897362542845 0.20815498266849233 0.08084169948080841 0.1314095625933856