0 0.3521345581064359 0.3039978459399745 0.0065530940441512085 0.010780687713354099
0 0.9953062373095148 0.3801666851467351 0.009387525380970393 0.01739470876004141
0 0.916532903668036 0.37233828857922335 0.012984950470641838 0.017394708760041528
0 0.93442309342786 0.37755689561360906 0.010719760710817875 0.01102336841114564
0 0.5899568146384496 0.3371007163403013 0.00667433166181155 0.014947354380020764
0 0.867423023312627 0.36998145344494127 0.012984950470641838 0.017394708760041528
0 0.9533549498543508 0.3827148324735469 0.010719760710817875 0.01102336841114564
0 0.972165568663181 0.383706102666818 0.012984950470641838 0.017394708760041528
0 0.37749827095941735 0.31504176175322485 0.012984950470641958 0.017394708760041528
0 0.9418966165210174 0.3833822043924737 0.012984950470641838 0.017394708760041528
0 0.8821882130724511 0.3753820710026707 0.012984950470641838 0.01739470876004141
0 0.3492823427461719 0.31355485646331815 0.0065530940441512085 0.010780687713354099
0 0.3650588897682476 0.31785313717993297 0.010719760710817875 0.01102336841114564
0 0.7765252386728908 0.36588475862190856 0.012984950470641838 0.017394708760041528
0 0.8456389515258723 0.3743805271083472 0.012984950470641838 0.017394708760041528
0 0.7723282626018091 0.36508577265303344 0.012984950470641838 0.017394708760041528
0 0.8184040711704635 0.3707496183106592 0.012984950470641838 0.017394708760041528
0 0.8068548096238847 0.36829199022958614 0.010719760710817875 0.01102336841114564
0 0.9263019259254326 0.3853339236758589 0.012984950470641838 0.01739470876004141
0 0.5976425035625129 0.3502176917858326 0.0065530940441512085 0.010780687713354099
0 0.7022941206998216 0.3608173410077094 0.0065530940441512085 0.010780687713354099
0 0.8970746404499356 0.3849493552270668 0.010719760710817875 0.01102336841114564
0 0.6290440505845883 0.35360591988572904 0.00667433166181155 0.014947354380020764
0 0.8614761173567782 0.3807621411582954 0.012984950470641838 0.017394708760041528
0 0.5641879326115191 0.34799247070149875 0.0065530940441512085 0.010780687713354099
0 0.7233396198640608 0.366895604185418 0.012984950470641838 0.017394708760041528
0 0.9065708780675961 0.3885699903237023 0.012984950470641838 0.017394708760041528
0 0.5348697189227768 0.3444829022527066 0.00667433166181155 0.014947354380020764
0 0.7620631429572181 0.37090080773084577 0.012984950470641838 0.01739470876004141
0 0.5799644796335948 0.3522907514181136 0.012984950470641838 0.017394708760041528
0 0.7893586421214571 0.376615049861867 0.012984950470641838 0.017394708760041528
0 0.8301958079523631 0.3815405797250656 0.012984950470641838 0.017394708760041528
0 0.33077481798149294 0.3229802529367137 0.012984950470641958 0.017394708760041528
0 0.3422634607192414 0.32335454768445343 0.012984950470641958 0.017394708760041528
0 0.7297411668861362 0.37173991647206406 0.012984950470641838 0.017394708760041528
0 0.4020324829766379 0.33343801440758986 0.006674331661811787 0.014947354380020764
0 0.7433434523616332 0.37303453753757465 0.010719760710817875 0.01102336841114564
0 0.6124986215355823 0.3587433093435621 0.006674331661811787 0.014947354380020764
0 0.27011567607950526 0.3181657897213585 0.012984950470641958 0.017394708760041528
0 0.43343402999871355 0.33682624250748616 0.012984950470641838 0.017394708760041528
0 0.4523052676163741 0.33990084603409065 0.0065530940441512085 0.010780687713354099
0 0.46486588642520427 0.34125613727404924 0.012984950470641958 0.017394708760041528
0 0.7738245703347026 0.3806501024785856 0.012984950470641838 0.017394708760041528
0 0.8073094506901115 0.38391699022958614 0.012984950470641838 0.017394708760041528
0 0.6355971446287396 0.36365856550570824 0.012984950470641838 0.017394708760041528
0 0.47641514797178297 0.3437137653551223 0.006674331661811668 0.014947354380020764
0 0.9277073054450806 0.397773253501411 0.012984950470641838 0.017394708760041528
0 0.3842938402388895 0.3334277407065374 0.012984950470641958 0.017394708760041528
0 0.4178393394031287 0.3387779617908714 0.012984950470641958 0.017394708760041528
0 0.5455288608247645 0.3522095338415609 0.012984950470641838 0.017394708760041528
0 0.3623885308344744 0.3336601477032766 0.012984950470641838 0.017394708760041528
0 0.4828166949938586 0.3485580776417682 0.012984950470641958 0.017394708760041528
0 0.9962210929002447 0.40718934830562054 0.0075578141995104415 0.017394708760041528
0 0.3132483410746503 0.3302616459023279 0.006674331661811668 0.014947354380020764
0 0.8315102592587658 0.3908549095506178 0.010719760710817875 0.01102336841114564
0 0.5907145497488278 0.363142383006968 0.00667433166181155 0.014947354380020764
0 0.6043168352243246 0.36443700407247864 0.012984950470641838 0.017394708760041528
0 0.3038430316702352 0.3297660108056924 0.006674331661811668 0.014947354380020764
0 0.8535064968764262 0.3937475025538786 0.012984950470641838 0.017394708760041528
0 0.2902104367903232 0.3274297230735151 0.012984950470641838 0.017394708760041528
0 0.6996540711704634 0.3776660181977197 0.0065530940441512085 0.010780687713354099
0 0.31854760262122905 0.33308329503008843 0.0065530940441512085 0.010780687713354099
0 0.37614236333204687 0.34016310210212064 0.006674331661811787 0.014947354380020764
0 0.5258584317757582 0.3575289338227377 0.012984950470641838 0.01739470876004141
0 0.5603849787978338 0.3607351513992904 0.00667433166181155 0.014947354380020764
0 0.7373662370013693 0.382773558584262 0.012984950470641838 0.017394708760041528
0 0.44838107618502837 0.3484768600652156 0.0065530940441512085 0.010780687713354099
0 0.6138736916508153 0.3701409725024475 0.0065530940441512085 0.010780687713354099
0 0.745820807952363 0.38645486385534544 0.010719760710817875 0.01102336841114564
0 0.7594230934278599 0.3877494849208561 0.012984950470641838 0.017394708760041528
0 0.2997672932168139 0.33313369150348393 0.006674331661811668 0.014947354380020764
0 0.38778255309187093 0.34574573018319377 0.006674331661811668 0.014947354380020764
0 0.9039914473470684 0.407502000847046 0.012984950470641838 0.017394708760041528
0 0.9144384234181502 0.4079369657692337 0.012984950470641838 0.017394708760041528
0 0.9511089225823892 0.41310517633022387 0.010719760710817875 0.01102336841114564
0 0.45481293261151906 0.3543628390185282 0.012984950470641958 0.01739470876004141
0 0.9353929943691438 0.4108902289469424 0.010719760710817875 0.01102336841114564
0 0.8872944712759865 0.40743105697154575 0.012984950470641838 0.017394708760041528
0 0.9584612080578861 0.41476381844242194 0.012984950470641838 0.01739470876004141
0 0.2464907461947383 0.33101953706699355 0.012984950470641958 0.017394708760041528
0 0.868423233658326 0.40435645344494126 0.013106188088302417 0.021561375426708197
0 0.472672812966928 0.35853977938624726 0.0065530940441512085 0.010780687713354099
0 0.5072296693934187 0.3627876636294666 0.012984950470641958 0.017394708760041528
0 0.7177261173567782 0.38913462523210546 0.012984950470641838 0.01739470876004141
0 0.4360932420159342 0.35649656882525704 0.013106188088302417 0.021561375426708197
0 0.3544189103541225 0.3466455090988598 0.012984950470641838 0.017394708760041528
0 0.8455368763960744 0.4067328639494618 0.010719760710817875 0.01102336841114564
0 0.3387939103541225 0.3475555617155784 0.012984950470641838 0.01739470876004141
0 0.8203853293739988 0.402980614802878 0.010719760710817875 0.01102336841114564
0 0.9240862080578861 0.41676593419920255 0.010719760710817875 0.01102336841114564
0 0.7901163772318353 0.4026567165285337 0.012984950470641838 0.017394708760041528
0 0.6341199993837088 0.3846132391879374 0.013106188088302417 0.021561375426708197
0 0.7262716165210175 0.3959409305031889 0.012984950470641838 0.017394708760041528
0 0.6206086421214572 0.3864436181224267 0.012984950470641838 0.017394708760041528
0 0.25622945904771977 0.34297350549696237 0.012984950470641958 0.017394708760041528
0 0.7074913071166022 0.3959913269765844 0.0065530940441512085 0.010780687713354099
0 0.4582713360600854 0.3656391618285178 0.0065530940441512085 0.010780687713354099
0 0.470922883082161 0.37011945306847643 0.012984950470641958 0.017394708760041528
0 0.3609720043982737 0.35669815471883914 0.013106188088302417 0.021561375426708076
0 0.588165428432715 0.3831160601969783 0.00667433166181155 0.014947354380020764
0 0.5714078335528029 0.3809617829881447 0.00667433166181155 0.014947354380020764
0 0.7641050199695838 0.4052151375563979 0.012984950470641838 0.017394708760041528
0 0.9337036832932071 0.4245532359625049 0.012984950470641838 0.017394708760041528
0 0.6018283327170421 0.3864940145958223 0.012984950470641838 0.01739470876004141
0 0.8834915174623014 0.42017373766933735 0.017151617137308506 0.01763738945783307
0 0.5589078335528029 0.3816898250815195 0.019356188088302417 0.02192539647339551
0 0.29296057702078915 0.35022504939128596 0.012984950470641838 0.017394708760041528
0 0.4521122642733308 0.36912818287520527 0.012984950470641838 0.017394708760041528
0 0.7442224250896717 0.403242870870908 0.012984950470641838 0.01739470876004141
0 0.8437869465113075 0.41831253763169085 0.012984950470641838 0.017394708760041528
0 0.9222756593642889 0.42626227454809845 0.012984950470641838 0.017394708760041528
0 0.40088874118017337 0.3658510214231523 0.012984950470641958 0.017394708760041528
0 0.728688353302917 0.4072779234876265 0.013106188088302417 0.021561375426708197
0 0.537063142957218 0.3840055654115921 0.006674331661811787 0.014947354380020764
0 0.6899042114009294 0.40118938660886544 0.010719760710817875 0.01102336841114564
0 0.8156013277024772 0.4178672990084509 0.012984950470641838 0.017394708760041528
0 0.3800250984424249 0.3660227582454436 0.006674331661811787 0.014947354380020764
0 0.7077944011607535 0.4064079936432511 0.010719760710817875 0.01102336841114564
0 0.9716583243594338 0.4379941096823805 0.012984950470641838 0.017394708760041528
0 0.4994419053395576 0.38202302502504976 0.010719760710817875 0.01102336841114564
0 0.3665440505845885 0.3688948038465997 0.012984950470641838 0.01739470876004141
0 0.5173320950993816 0.38724163205943546 0.013106188088302417 0.021561375426708076
0 0.43354412069982146 0.3764702460152674 0.006674331661811668 0.014947354380020764
0 0.4639040010552304 0.37991914428961165 0.006674331661811668 0.014947354380020764
0 0.9622833243594339 0.43854014125241153 0.012984950470641838 0.017394708760041528
0 0.6000784028322752 0.39807368827805145 0.010719760710817875 0.01102336841114564
0 0.7665823755603135 0.4186354638741688 0.012984950470641838 0.017394708760041528
0 0.7917036131779741 0.42134604635408585 0.010719760710817875 0.01102336841114564
0 0.4556312865307273 0.3824878390185282 0.012984950470641838 0.01739470876004141
0 0.8640029448397859 0.4317431376505141 0.00667433166181155 0.014947354380020764
0 0.9519575859060125 0.44227184299689054 0.012984950470641838 0.017394708760041528
0 0.7414914473470683 0.41696654806091826 0.012984950470641838 0.017394708760041528
0 0.8284044217466283 0.42755592358174266 0.012984950470641838 0.017394708760041528
0 0.44215023867289094 0.38535988461968423 0.012984950470641838 0.01739470876004141
0 0.7018171858004896 0.41614701468993853 0.012984950470641838 0.017394708760041528
0 0.5406427840234449 0.3994485548882484 0.012984950470641838 0.017394708760041528
0 0.6013322353298477 0.40530468477027015 0.012984950470641838 0.017394708760041528
0 0.5019192609302875 0.39544335134282066 0.012984950470641838 0.017394708760041528
0 0.623328472947508 0.40819727777353093 0.0065530940441512085 0.010780687713354099
0 0.3741994301042366 0.3809701126254643 0.0065530940441512085 0.010780687713354099
0 0.3323205976066641 0.37610525293671365 0.006674331661811787 0.014947354380020764
0 0.4223585720062243 0.38651261793419434 0.012984950470641838 0.017394708760041528
0 0.40771461986406066 0.3852786670431315 0.006674331661811787 0.014947354380020764
0 0.47263135664596034 0.39297544956069513 0.013106188088302417 0.021561375426708197
0 0.4621540711704634 0.3914988179718408 0.012984950470641958 0.017394708760041528
0 0.9438667278080002 0.45109053772580704 0.012984950470641838 0.017394708760041528
0 0.7260786131779741 0.4251682673443035 0.010719760710817875 0.01102336841114564
0 0.7481051602000497 0.42910252701423096 0.012984950470641838 0.017394708760041528
0 0.6831278046093199 0.419322411163334 0.010719760710817875 0.01102336841114564
0 0.9292833944746668 0.4519399201680777 0.012984950470641838 0.017394708760041528
0 0.801533254244201 0.4364250147840547 0.0065530940441512085 0.010780687713354099
0 0.5628208780675961 0.40859114789150913 0.012984950470641838 0.01739470876004141
0 0.3985214762905514 0.3920746986131627 0.012984950470641958 0.017394708760041528
0 0.7942718969819494 0.4378913726718567 0.010719760710817875 0.01102336841114564
0 0.6267565669916593 0.4184319339168539 0.00667433166181155 0.014947354380020764
0 0.5817527344940868 0.41374908475144695 0.012984950470641838 0.017394708760041528
0 0.8738628953104277 0.4478637727471497 0.012984950470641838 0.017394708760041528
0 0.527313283187684 0.4075289338227377 0.006674331661811668 0.014947354380020764
0 0.8634462286437611 0.4484704744916287 0.012984950470641838 0.017394708760041528
0 0.8948780850702517 0.45290036925819166 0.012984950470641838 0.017394708760041528
0 0.4498965464057844 0.400560193398549 0.012984950470641838 0.017394708760041528
0 0.7713249209108676 0.4381844498430438 0.013106188088302417 0.021561375426708197
0 0.8498439431682641 0.44717585342611804 0.012984950470641838 0.017394708760041528
0 0.601665638778414 0.4167630181036035 0.012984950470641838 0.017394708760041528
0 0.5735103293739989 0.41735944614703013 0.012984950470641838 0.017394708760041528
0 0.9818516782786423 0.4655730781123494 0.012984950470641838 0.017394708760041528
0 0.720071088413295 0.4338656217243242 0.012984950470641838 0.017394708760041528
0 0.549430758423005 0.4145881934926651 0.012984950470641838 0.01739470876004141
0 0.9106546320923274 0.4571986499748065 0.012984950470641838 0.01739470876004141
0 0.9263705603055729 0.45941359735808807 0.012984950470641838 0.017394708760041528
0 0.3808434523616332 0.39414775824544357 0.012984950470641838 0.017394708760041528
0 0.5022829737832689 0.40794335134282067 0.010719760710817875 0.01102336841114564
0 0.41546092759695413 0.40047897582199626 0.012984950470641838 0.017394708760041528
0 0.6824498507956347 0.43188308133778197 0.012984950470641838 0.017394708760041528
0 0.6929271362711314 0.4333597129266363 0.00667433166181155 0.014947354380020764
0 0.536930758423005 0.41531623558604 0.010719760710817875 0.01102336841114564
0 0.3945972848592057 0.40065071264428753 0.012984950470641958 0.017394708760041528
0 0.5066314968764263 0.413950670645029 0.0042879042843271264 0.0044093473644582085
0 0.4312374746190297 0.40477725653861113 0.006674331661811787 0.014947354380020764
0 0.7882643722172704 0.4465887270518774 0.012984950470641838 0.017394708760041528
0 0.967298654349724 0.46746412722128666 0.013106188088302417 0.021561375426708197
0 0.40822987973911773 0.40298700037646484 0.012984950470641838 0.017394708760041528
0 0.3516767856949665 0.39584652312998486 0.012984950470641838 0.017394708760041528
0 0.7485598012662765 0.44472752701423096 0.010719760710817875 0.01102336841114564
0 0.6197983037735589 0.4303149584713226 0.012984950470641838 0.017394708760041528
0 0.4648739019965143 0.413252477622945 0.012984950470641838 0.017394708760041528
0 0.3664722848592057 0.4022888073543809 0.013106188088302417 0.021561375426708197
0 0.7287378251951947 0.44483859366207434 0.012984950470641838 0.01739470876004141
0 0.704718873053031 0.4441506743410428 0.012984950470641838 0.017394708760041528
0 0.943431249229636 0.47198454123358835 0.012984950470641838 0.017394708760041528
0 0.5058019960406654 0.4213030074861436 0.0065530940441512085 0.010780687713354099
0 0.5026466866362503 0.4204433513428206 0.0065530940441512085 0.010780687713354099
0 0.5812566371068922 0.4325597549258948 0.00667433166181155 0.014947354380020764
0 0.662930968768704 0.442410814652292 0.012984950470641838 0.017394708760041528
0 0.5237224952049047 0.42756328118719594 0.004287904284327245 0.0044093473644582085
0 0.9279577962517116 0.4781029271836401 0.013106188088302417 0.021561375426708197
0 0.3949913071166023 0.4141923793109542 0.012984950470641838 0.017394708760041528
0 0.6096544217466283 0.44029666021580155 0.0065530940441512085 0.010780687713354099
0 0.41496483020975966 0.4192896459964442 0.006674331661811668 0.014947354380020764
0 0.4578853293739988 0.4240938355107469 0.006674331661811787 0.014947354380020764
0 0.4903588524671562 0.42846306010286206 0.006674331661811668 0.014947354380020764
0 0.8588743928031453 0.4706488253638682 0.013106188088302417 0.021561375426708197
0 0.6871923961461885 0.45143206730665697 0.0065530940441512085 0.010780687713354099
0 0.5908741123422132 0.4403470566891971 0.00667433166181155 0.014947354380020764
0 0.4632149003249927 0.4279571513051741 0.006674331661811668 0.014947354380020764
0 0.6171279448397858 0.4461219689946663 0.00667433166181155 0.014947354380020764
0 0.6768060388839371 0.4530804357178026 0.012984950470641838 0.017394708760041528
0 0.4391353293739988 0.42518589865080914 0.006674331661811787 0.014947354380020764
0 0.5606354696044648 0.4410648250815195 0.00667433166181155 0.014947354380020764
0 0.815063773994315 0.4711136393573466 0.012984950470641838 0.017394708760041528
0 0.9386169381536992 0.4858295587724945 0.012984950470641838 0.017394708760041528
0 0.5094119465113074 0.43778766362946653 0.012984950470641958 0.017394708760041528
0 0.7471129654256607 0.46672386736312677 0.012984950470641838 0.017394708760041528
0 0.8517948919673844 0.4783651832516701 0.012984950470641838 0.017394708760041528
0 0.7324387038790819 0.4644482498053974 0.012984950470641838 0.017394708760041528
0 0.32618068830777197 0.41611327749118227 0.013106188088302417 0.021561375426708197
0 0.9795450321978504 0.4938800886356931 0.010719760710817875 0.01102336841114564
0 0.709400799594755 0.46161632697658445 0.012984950470641838 0.017394708760041528
0 0.9083176766071205 0.4844639938314836 0.010719760710817875 0.01102336841114564
0 0.5428968268667164 0.44105455138046706 0.006674331661811787 0.014947354380020764
0 0.8277153210163906 0.4755939305973051 0.012984950470641838 0.017394708760041528
0 0.5052149704402257 0.43698867766059146 0.0065530940441512085 0.010780687713354099
0 0.5784953499598738 0.4452417654492385 0.00667433166181155 0.014947354380020764
0 0.9177229860115356 0.4849596289281191 0.012984950470641838 0.017394708760041528
0 0.7879501312565665 0.4716493972263253 0.012984950470641838 0.017394708760041528
0 0.8801017483938751 0.48297708854157684 0.012984950470641838 0.01739470876004141
0 0.7377076560212456 0.4662282322664912 0.012984950470641838 0.01739470876004141
0 0.4110103293739988 0.42682399336090243 0.012984950470641838 0.017394708760041528
0 0.5209915174623012 0.4412869583772063 0.006674331661811668 0.014947354380020764
0 0.7188667278080003 0.4641952954065534 0.013106188088302417 0.021561375426708197
0 0.8665600817272084 0.4837658008093995 0.013106188088302417 0.021561375426708076
0 0.5367680644843769 0.4455852390938212 0.00667433166181155 0.014947354380020764
0 0.9807685552910077 0.5000694184612452 0.012984950470641838 0.017394708760041528
0 0.604900729479522 0.4562250110880411 0.012984950470641838 0.017394708760041528
0 0.48134756532013767 0.4415090916728932 0.012984950470641958 0.017394708760041528
0 0.5902870867417734 0.456032726863645 0.012984950470641838 0.01739470876004141
0 0.7651243928031453 0.4761091410641791 0.012984950470641838 0.01739470876004141
0 0.2971049498543507 0.4209370423757235 0.017151617137308624 0.01763738945783307
0 0.6867569175678244 0.4723260708144383 0.012984950470641838 0.017394708760041528
0 0.8123934150605419 0.48692064988069034 0.013106188088302417 0.021561375426708197
0 0.6951811791144029 0.4749657094188551 0.012984950470641838 0.017394708760041528
0 0.5507340628128553 0.4593798601593318 0.012984950470641838 0.01739470876004141
0 0.9726776971929955 0.5088881131901617 0.012984950470641838 0.017394708760041528
0 0.42926423198680436 0.44454260039528815 0.019356188088302417 0.02192539647339551
0 0.8470108902958627 0.4932518674572429 0.013106188088302417 0.021561375426708197
0 0.5099272063863645 0.4554959969627999 0.006674331661811668 0.014947354380020764
0 0.8921965792199259 0.50418471662265 0.012984950470641838 0.017394708760041528
0 0.7089653210163906 0.4825103304843657 0.010719760710817875 0.01102336841114564
0 0.6722948218521514 0.47734211992337544 0.012984950470641838 0.017394708760041528
0 0.7717381056561267 0.48824512001749176 0.010719760710817875 0.01102336841114564
0 0.5163590628128552 0.46138197591611246 0.012984950470641838 0.017394708760041528
0 0.4681999209108676 0.45583947060738256 0.013106188088302417 0.021561375426708197
0 0.9194617689797501 0.5088572920870046 0.012984950470641838 0.017394708760041528
0 0.7299502013717996 0.48650526032874103 0.012984950470641838 0.01739470876004141
0 0.9634542442150711 0.5146424780935261 0.012984950470641838 0.017394708760041528
0 0.8252268185091081 0.49765094112064884 0.012984950470641838 0.017394708760041528
0 0.6577721073276483 0.4802748356989794 0.010719760710817875 0.01102336841114564
0 0.7813252714870326 0.49499075511412727 0.0065530940441512085 0.010780687713354099
0 0.7153668680384662 0.4873546427710116 0.012984950470641838 0.017394708760041528
0 0.5541924662614215 0.47065618296932143 0.0065530940441512085 0.010780687713354099
0 0.5814273466168305 0.4742870917670094 0.012984950470641838 0.017394708760041528
0 0.952056529690568 0.5173931833457863 0.012984950470641838 0.01739470876004141
0 0.4893363482883521 0.4650427337850912 0.012984950470641958 0.01739470876004141
0 0.5950902509011577 0.47766504616585337 0.012984950470641838 0.017394708760041528
0 0.41709763543537065 0.4567289758219963 0.012984950470641838 0.017394708760041528
0 0.8013594133890202 0.5021713551329505 0.013106188088302417 0.021561375426708076
0 0.4348968969819494 0.458822582856382 0.012984950470641838 0.01739470876004141
0 0.5469917278080003 0.47420587419045673 0.0065530940441512085 0.010780687713354099
0 0.5239841329280882 0.4724156180283105 0.02370471118145995 0.02841807717118717
0 0.9836096237347192 0.525989744779016 0.012984950470641838 0.017394708760041528
0 0.5669046320923274 0.47721980754261334 0.00667433166181155 0.014947354380020764
0 0.7575184851757747 0.5015945024597622 0.012984950470641838 0.017394708760041528
0 0.9974885144274036 0.530166685146735 0.005022971145192893 0.01739470876004141
0 0.8779163399307438 0.5154507657315872 0.012984950470641838 0.017394708760041528
0 0.6768858201806298 0.49168277255891724 0.012984950470641838 0.017394708760041528
0 0.8349958407665047 0.5106465762172845 0.012984950470641838 0.017394708760041528
0 0.6895676766071205 0.4972047304655424 0.012984950470641838 0.01739470876004141
0 0.36915065936428887 0.45847813717993297 0.019356188088302417 0.02192539647339551
0 0.4801432047148429 0.4718387653551223 0.012984950470641838 0.01739470876004141
0 0.8486587450508319 0.5140245306161284 0.012984950470641838 0.017394708760041528
0 0.939829314330304 0.5274962254391612 0.004287904284327245 0.0044093473644582085
0 0.90318912457048 0.5233696815448377 0.012984950470641838 0.01739470876004141
0 0.9649808613523796 0.5312484745857449 0.012984950470641838 0.017394708760041528
0 0.6560827962517116 0.49393784271454183 0.012984950470641838 0.017394708760041528
0 0.8561322681439892 0.5198498393949931 0.012984950470641838 0.017394708760041528
0 0.7996094835042532 0.5137510288151798 0.006674331661811787 0.014947354380020764
0 0.4656204901903397 0.47477148113072626 0.012984950470641838 0.017394708760041528
0 0.5975372970874724 0.4900437058169576 0.012984950470641838 0.017394708760041528
0 0.39031739614618854 0.4687230670243083 0.013106188088302417 0.021561375426708197
0 0.8143443638596621 0.5181099797062424 0.010719760710817875 0.01102336841114564
0 0.6384350817272085 0.49705256901348954 0.013106188088302417 0.021561375426708197
0 0.41654091923934594 0.4734563126631109 0.012984950470641958 0.017394708760041528
0 0.44065079959475484 0.4772692319841425 0.012984950470641958 0.01739470876004141
0 0.3128703499598738 0.4607126599334529 0.019356188088302417 0.021925396473395628
0 0.8375035057616498 0.525108569201722 0.012984950470641838 0.01739470876004141
0 0.42707882352367305 0.4770162775852985 0.012984950470641838 0.01739470876004141
0 0.7610678168375865 0.515995825269752 0.012984950470641838 0.01739470876004141
0 0.9244164801612098 0.5356979447225463 0.012984950470641838 0.017394708760041528
0 0.7998822681439892 0.5231260288151797 0.012984950470641838 0.017394708760041528
0 0.7863102920729074 0.5228730744163357 0.012984950470641838 0.017394708760041528
0 0.9862688357519398 0.5456600710967869 0.012984950470641838 0.017394708760041528
0 0.4816092030433212 0.4863614285140077 0.006674331661811668 0.014947354380020764
0 0.39889320471484285 0.47657103896205844 0.012984950470641838 0.017394708760041528
0 0.6681170082689323 0.5130621374622817 0.013106188088302417 0.021561375426708076
0 0.4649728457810696 0.48837381797184076 0.010719760710817875 0.01102336841114564
0 0.5623631056561268 0.5004398250815195 0.012984950470641838 0.017394708760041528
0 0.5759957005360387 0.5027761128136968 0.00667433166181155 0.014947354380020764
0 0.8336399331391343 0.5357679165661803 0.012984950470641838 0.017394708760041528
0 0.9957385845426365 0.5533260325111934 0.008522830914726854 0.017394708760041528
0 0.6880602219576745 0.5171177374811049 0.013106188088302417 0.021561375426708197
0 0.5886775569625295 0.508298070720322 0.012984950470641838 0.017394708760041528
0 0.05258606782742013 0.4445695333709798 0.03675028046093199 0.047896119264561915
0 0.7928330767126435 0.5318840533696483 0.012984950470641838 0.017394708760041528
0 0.8169126476636374 0.5346553060240133 0.012984950470641838 0.017394708760041528
0 0.7437231963572347 0.5295272182353662 0.012984950470641838 0.017394708760041528
0 0.7038973877885802 0.5234993515310531 0.013106188088302417 0.021561375426708076
0 0.9457650733696003 0.5521928745669217 0.012984950470641838 0.017394708760041528
0 0.9886855725338395 0.5569970640812244 0.013106188088302417 0.021561375426708197
0 0.48828353470513286 0.5005807408006537 0.012984950470641958 0.017394708760041528
0 0.7803936955214738 0.5346954287963563 0.012984950470641838 0.017394708760041528
0 0.9646666203916758 0.5563091447601927 0.013106188088302417 0.021561375426708197
0 0.7604807912371466 0.5316814954441998 0.012984950470641838 0.017394708760041528
0 0.4223554406609817 0.4939862951242047 0.012984950470641958 0.017394708760041528
0 0.7239012202861529 0.5296382848832096 0.012984950470641838 0.01739470876004141
0 0.45902593982522083 0.49915450568519487 0.0065530940441512085 0.010780687713354099
0 0.5302229860115356 0.5075289338227377 0.006674331661811787 0.014947354380020764
0 0.5741851518424415 0.5122724531625926 0.0065530940441512085 0.010780687713354099
0 0.9721401434848331 0.5621344535390574 0.012984950470641838 0.017394708760041528
0 0.9953541435291713 0.5647843658445267 0.009291712941657456 0.021682715775603847
0 0.8685605024186065 0.5525158008093995 0.012984950470641838 0.017394708760041528
0 0.38274179792323326 0.4952500950865582 0.013106188088302417 0.021561375426708197
0 0.5471321279135232 0.5148915443649046 0.012984950470641838 0.017394708760041528
0 0.9031476682495122 0.5578053517192856 0.012984950470641838 0.017394708760041528
0 0.8340642648009459 0.5503512498995136 0.012984950470641838 0.017394708760041528
0 0.9230605725338396 0.5608192850714422 0.012984950470641838 0.017394708760041528
0 0.4624540338693721 0.5093891618285178 0.012984950470641838 0.017394708760041528
0 0.8194809314676126 0.5512006323417841 0.012984950470641838 0.017394708760041528
0 0.8456438357519398 0.5538505446472534 0.012984950470641838 0.017394708760041528
0 0.4122115586340511 0.5039679968686837 0.010719760710817875 0.01102336841114564
0 0.49391619970027795 0.5148607232617476 0.013106188088302417 0.021561375426708197
0 0.7483445040901281 0.5449095375375745 0.013106188088302417 0.021561375426708197
0 0.5641625074331713 0.5264208215737383 0.013106188088302417 0.021561375426708197
0 0.7955225981342793 0.5525960463540858 0.012984950470641838 0.017394708760041528
0 0.9358939759824058 0.5715495763114007 0.013106188088302417 0.021561375426708197
0 0.03122632770247719 0.463551940367719 0.03711399331391343 0.06039611926456191
0 0.4459086048203659 0.5145265512863509 0.010719760710817875 0.01102336841114564
0 0.8510946443205941 0.5618805271083471 0.012984950470641838 0.017394708760041528
0 0.9767008324088965 0.5754334395079326 0.012984950470641838 0.017394708760041528
0 0.4155790338693721 0.5121193196786733 0.012984950470641838 0.017394708760041528
0 0.5276435552910078 0.5264609443460814 0.006674331661811787 0.014947354380020764
0 0.7674885263475246 0.5573591410641792 0.012984950470641838 0.017394708760041528
0 0.9548864512177268 0.5787908465046718 0.012984950470641838 0.017394708760041528
0 0.6512573382592223 0.5432601970945626 0.012984950470641838 0.017394708760041528
0 0.7120377177788704 0.5522413269765845 0.012984950470641838 0.017394708760041528
0 0.6597119092102162 0.5469415023656461 0.012984950470641838 0.017394708760041528
0 0.9131591657422298 0.5791343201492545 0.013106188088302417 0.021561375426708197
0 0.8995265708623178 0.5767980324170772 0.010719760710817875 0.01102336841114564
0 0.4796662698155109 0.5271684390373514 0.012984950470641958 0.017394708760041528
0 0.5414580065974106 0.5350472320782587 0.019356188088302417 0.021925396473395628
0 0.7791287161073487 0.5629417691452522 0.012984950470641838 0.017394708760041528
0 0.7268332169431095 0.5586836112009805 0.012984950470641838 0.017394708760041528
0 0.6367952425435495 0.5482762462034998 0.012984950470641838 0.017394708760041528
0 0.6797157417077886 0.5530804357178027 0.013106188088302417 0.021561375426708197
0 0.749931740036267 0.5635988673631267 0.012984950470641838 0.017394708760041528
0 0.8033295246760032 0.5698796884662838 0.012984950470641838 0.017394708760041528
0 0.850446999911324 0.5754828639494617 0.012984950470641838 0.017394708760041528
0 0.8714015708623177 0.5784361271271704 0.012984950470641838 0.017394708760041528
0 0.948939545261878 0.5895715342180258 0.012984950470641838 0.017394708760041528
0 0.5741133861170586 0.5456664566703738 0.012984950470641838 0.017394708760041528
0 0.7866628580093364 0.5708504112574502 0.012984950470641838 0.017394708760041528
0 0.9698638068084567 0.5914831307290679 0.012984950470641838 0.017394708760041528
0 0.617094504090128 0.5525539795180099 0.012984950470641838 0.017394708760041528
0 0.5260451724283164 0.5432489513616439 0.006674331661811668 0.014947354380020764
0 0.9344471401417901 0.5935459166602965 0.012984950470641838 0.017394708760041528
0 0.8297349041956511 0.5808629341050864 0.012984950470641838 0.017394708760041528
0 0.8800076888353873 0.5873257657315872 0.012984950470641838 0.017394708760041528
0 0.6287043844455371 0.5570949409324164 0.013106188088302417 0.021561375426708197
0 0.9229888068084566 0.5942132885792233 0.013106188088302417 0.021561375426708197
0 0.3890412698155109 0.5324467442143187 0.013106188088302417 0.021561375426708197
0 0.9868638769236896 0.6019707412712347 0.012984950470641838 0.017394708760041528
0 0.8988789264530477 0.5904003692581916 0.013106188088302417 0.021561375426708197
0 0.46131029207290747 0.5418021688440803 0.012984950470641958 0.017394708760041528
0 0.3272798424380264 0.5256096178400781 0.013106188088302417 0.021561375426708197
0 0.4508330065974106 0.5403255372552259 0.012984950470641958 0.017394708760041528
0 0.7262158819382546 0.5733276147087617 0.012984950470641838 0.017394708760041528
0 0.6864203827740153 0.5683414146711153 0.012984950470641838 0.017394708760041528
0 0.6665074784896883 0.5653274813189587 0.012984950470641838 0.017394708760041528
0 0.406931459575335 0.5376653512487043 0.012984950470641958 0.017394708760041528
0 0.705321929796091 0.5724576848643863 0.012984950470641838 0.017394708760041528
0 0.7808068802667328 0.5847560989708043 0.012984950470641838 0.017394708760041528
0 0.34835565100668064 0.5327295476844535 0.012984950470641958 0.017394708760041528
0 0.4792914100459769 0.550145775878466 0.012984950470641838 0.017394708760041528
0 0.4154163399307439 0.5423883231864546 0.013106188088302417 0.021561375426708197
0 0.6457953827740154 0.5707075514745834 0.013106188088302417 0.021561375426708197
0 0.5620680271832855 0.5620194987637486 0.00667433166181155 0.014947354380020764
0 0.7337500238402422 0.5812362568209598 0.012984950470641838 0.017394708760041528
0 0.9148979487104444 0.6030319833081399 0.012984950470641838 0.017394708760041528
0 0.8426289264530477 0.5936765586783783 0.012984950470641838 0.017394708760041528
0 0.7997690460976389 0.5909557024974088 0.012984950470641838 0.017394708760041528
0 0.7149697144358271 0.5812866532943554 0.013106188088302417 0.021561375426708197
0 0.5328710511122037 0.5626765969816231 0.006674331661811668 0.014947354380020764
0 0.8270948546662932 0.5977116112950968 0.012984950470641838 0.017394708760041528
0 0.4375944339748951 0.5515309161897153 0.012984950470641838 0.017394708760041528
0 0.8595380683550354 0.6010391692205452 0.013106188088302417 0.021561375426708197
0 0.7559281178843934 0.5903788498242206 0.012984950470641838 0.017394708760041528
0 0.8701365914481927 0.6066824674760662 0.013106188088302417 0.021561375426708197
0 0.7790569503819659 0.5963357726530335 0.012984950470641838 0.017394708760041528
0 0.40211714849939817 0.5515103687876106 0.013106188088302417 0.021561375426708197
0 0.544571859680858 0.5703425583960297 0.006674331661811787 0.014947354380020764
0 0.34041633993074394 0.5467565757467033 0.013106188088302417 0.021561375426708197
0 0.6440151434848331 0.5812455584901458 0.012984950470641838 0.017394708760041528
0 0.5593067400362669 0.5747015092870923 0.006674331661811787 0.014947354380020764
0 0.6032992152715878 0.5804866952936139 0.0065530940441512085 0.010780687713354099
0 0.8043600444261171 0.6052963551329504 0.012984950470641838 0.017394708760041528
0 0.9048753043011742 0.6171803517192855 0.010719760710817875 0.01102336841114564
0 0.6169318101514999 0.5828229830257912 0.012984950470641838 0.017394708760041528
0 0.8368032581148594 0.6086239130583989 0.00667433166181155 0.014947354380020764
0 0.6672652136000662 0.5913691479856255 0.012984950470641838 0.017394708760041528
0 0.6787841657422298 0.5927851094000317 0.013106188088302417 0.021561375426708197
0 0.43483314682787655 0.564212926713059 0.010719760710817875 0.011023368411145876
0 0.4631703126587824 0.5698664986696325 0.012984950470641958 0.017394708760041528
0 0.9510723504874891 0.627010864043578 0.019356188088302417 0.021925396473395628
0 0.8893109231100044 0.6201737376693373 0.012984950470641838 0.017394708760041528
0 0.9648261829850615 0.6335138184424219 0.013106188088302417 0.021561375426708197
0 0.6360758324088965 0.5952725865523957 0.013106188088302417 0.021561375426708197
0 0.6193182375289844 0.5931183093435621 0.012984950470641838 0.017394708760041528
0 0.711439545261878 0.603404333992147 0.013106188088302417 0.021561375426708197
0 0.6004773093157391 0.5910853724836242 0.010719760710817875 0.01102336841114564
0 0.6528940460976388 0.5995101970945627 0.013106188088302417 0.021561375426708197
0 0.374446789565625 0.5687734634977039 0.013106188088302417 0.021561375426708197
0 0.4362385263475247 0.5766522565386112 0.012984950470641958 0.017394708760041528
0 0.9209852547718161 0.6329369657692338 0.019356188088302417 0.021925396473395628
0 0.9743830394115522 0.6392177868723908 0.012984950470641838 0.017394708760041528
0 0.7974624000168471 0.6192627130207524 0.012984950470641838 0.017394708760041528
0 0.46975371610734873 0.5809608109562784 0.012984950470641838 0.017394708760041528
0 0.7336479487104444 0.6135885936620743 0.012984950470641838 0.017394708760041528
0 0.717932020497199 0.6113736462787929 0.012984950470641838 0.017394708760041528
0 0.6907880683550353 0.6108677374811049 0.012984950470641838 0.017394708760041528
0 0.8928602547718162 0.6345750604793269 0.012984950470641838 0.017394708760041528
0 0.6216743555020539 0.6023719689946662 0.012984950470641838 0.017394708760041528
0 0.7494851145413501 0.6199702077120226 0.012984950470641838 0.017394708760041528
0 0.28881795706805247 0.5664567511357649 0.019356188088302417 0.021925396473395628
0 0.6731403538305323 0.6139824637800525 0.013106188088302417 0.021561375426708197
0 0.8155041367987468 0.6296896533884715 0.019356188088302417 0.021925396473395628
0 0.865807230842898 0.637194151681639 0.012984950470641838 0.017394708760041528
0 0.9045913727448855 0.6432826885604002 0.010719760710817875 0.01102336841114564
0 0.8795307539360553 0.6426554394138163 0.012984950470641838 0.017394708760041528
0 0.8324738975095646 0.6391355972639717 0.012984950470641838 0.017394708760041528
0 0.37606433491617897 0.5885044599899226 0.012984950470641958 0.017394708760041528
0 0.7195495658477529 0.6311046427710116 0.017151617137308506 0.01763738945783307
0 0.7080306137055893 0.6296886813566052 0.010719760710817875 0.01102336841114564
0 0.8682239676247975 0.6485311446660766 0.013106188088302417 0.021561375426708197
0 0.937337680477779 0.6570269131525153 0.017151617137308506 0.01763738945783307
0 0.7519927795364951 0.6344322006964601 0.019356188088302417 0.021925396473395628
0 0.4473826187201542 0.6010455547941321 0.012984950470641838 0.017394708760041528
0 0.5206629982398023 0.6092986425827791 0.012984950470641838 0.017394708760041528
0 0.7950042069139798 0.6423613902107628 0.012984950470641838 0.017394708760041528
0 0.8777808240512883 0.6542351130960455 0.012984950470641838 0.017394708760041528
0 0.37943181015149996 0.5966557827999123 0.012984950470641838 0.017394708760041528
0 0.9584741078552635 0.6662301763302239 0.010719760710817875 0.01102336841114564
0 0.33133328705834253 0.5931966108245156 0.013106188088302417 0.021561375426708197
0 0.9082922514287728 0.662892344703723 0.012984950470641838 0.017394708760041528
0 0.7051480889409103 0.6382040252132822 0.010719760710817875 0.01102336841114564
0 0.4088712614579027 0.6043320179153711 0.013106188088302417 0.021561375426708197
0 0.6256480188256773 0.6313566251379892 0.012984950470641838 0.017394708760041528
0 0.6078487572790986 0.6292630181036035 0.012984950470641838 0.017394708760041528
0 0.8643907044066972 0.6602321586972015 0.010719760710817875 0.01102336841114564
0 0.30850754860492124 0.5976563546623694 0.013106188088302417 0.021561375426708197
0 0.7775686582203825 0.6527677831763772 0.012984950470641838 0.017394708760041528
0 0.8979665129753516 0.6666240464482021 0.010719760710817875 0.01102336841114564
0 0.8089398958380428 0.6551143446096067 0.012984950470641838 0.017394708760041528
0 0.38699626145790267 0.605606091578777 0.008878902612805462 0.019235361395583083
0 0.3682462614579027 0.606698154718839 0.010719760710817875 0.011023368411145876
0 0.8760308941665212 0.6658147867782745 0.006674331661811787 0.014947354380020764
0 0.7923338479802065 0.6581684007341065 0.010719760710817875 0.011023368411145876
0 0.8624892274998547 0.6666034990460973 0.010719760710817875 0.01102336841114564
0 0.7296216821493007 0.6545169445343139 0.012984950470641838 0.017394708760041528
0 0.7694171813135398 0.6595031445719604 0.012984950470641838 0.017394708760041528
0 0.8207619420243577 0.6669469726906799 0.012984950470641838 0.017394708760041528
0 0.9568151061837419 0.6809348500124531 0.017151617137308506 0.017637389457832834
0 0.32452657086231784 0.6102879687123175 0.017151617137308506 0.017637389457832834
0 0.7392088479802065 0.6612625796309495 0.019356188088302417 0.021925396473395628
0 0.8888946070195028 0.6775867446848999 0.013106188088302417 0.021561375426708197
0 0.9172620822548238 0.6842819833081398 0.019356188088302417 0.021925396473395628
0 0.8460650360685089 0.675907555170597 0.013106188088302417 0.021561375426708197
0 0.8523756548773391 0.6776268674572431 0.012984950470641838 0.017394708760041528
0 0.8617809642817543 0.6781225025538785 0.012984950470641838 0.017394708760041528
0 0.8168074411885969 0.6744813200551382 0.012984950470641838 0.017394708760041528
0 0.9330386292768993 0.6885802640247547 0.019356188088302417 0.021925396473395628
0 0.7237657044066972 0.668422632247668 0.013106188088302417 0.021561375426708197
0 0.9751296276053777 0.7007367903801721 0.015613853083447538 0.03626604910893718
0 0.6682845864336279 0.6622631514934066 0.013106188088302417 0.021561375426708197
0 0.9018492480857295 0.692483702591525 0.019356188088302417 0.021925396473395628
0 0.6767997761934519 0.6680277900978234 0.012984950470641838 0.017394708760041528
0 0.6998982992866092 0.6729430462599696 0.017151617137308506 0.01763738945783307
0 0.3901707333501804 0.6429847512298811 0.023825948799120294 0.032584743837853834
0 0.8665538190367233 0.6987131551894202 0.017151617137308506 0.01763738945783307
0 0.8174439386813145 0.6963563200551381 0.019356188088302417 0.021925396473395628
0 0.9619213643872774 0.7129838359813282 0.019477425705962996 0.026092063140062294
0 0.732705225828333 0.688770604185418 0.019356188088302417 0.021925396473395628
0 0.2752236871638656 0.6371584704191501 0.019477425705962996 0.026092063140062294
0 0.4145533983453254 0.6561726705509128 0.019356188088302417 0.021925396473395628
0 0.8450122224852896 0.7114455621861595 0.019356188088302417 0.021925396473395628
0 0.37490944620316186 0.6563948038465998 0.026030519750114087 0.03687275085341639
0 0.9047812447426863 0.721529028909296 0.019659282132453625 0.03234206314006229
0 0.8504024122451137 0.7173922113139201 0.019356188088302417 0.021925396473395628
0 0.8839479114093529 0.7227424323982539 0.02799261546578696 0.032827424535645376
0 0.6871749865391509 0.7018567585277923 0.017151617137308506 0.01763738945783307
0 0.9238343387868375 0.7308536324359004 0.019356188088302417 0.021925396473395628
0 0.8223077216495288 0.72007197269068 0.023583473563799372 0.024251410504520503
0 0.798228150698535 0.717300720036315 0.019356188088302417 0.021925396473395628
0 0.24335635215901064 0.6536225791603684 0.019659282132453625 0.03234206314006229
0 0.2549056137055893 0.6560802072414413 0.023704711181459774 0.028418077171186933
0 0.6506863438014024 0.7029385479668021 0.012984950470641838 0.017394708760041528
0 0.7105159848676291 0.7151053480232719 0.02137890261280546 0.019963403488957945
0 0.8591600772402587 0.7314901832516701 0.013106188088302417 0.021561375426708197
0 0.3220572308428979 0.6688639827434425 0.026030519750114087 0.03687275085341615
0 0.7764440789117804 0.7216997936997208 0.023583473563799372 0.024251410504520503
0 0.3974815625047096 0.679079063516527 0.017151617137308506 0.017637389457832834
0 0.9535162653285612 0.7468632008846925 0.019356188088302417 0.021925396473395628
0 0.9138116943775674 0.745002000847046 0.02370471118145995 0.02841807717118717
0 0.7431410549828622 0.7246829059487203 0.017151617137308506 0.01763738945783307
0 0.6625690087965473 0.7168545093812085 0.017151617137308506 0.01763738945783307
0 0.6396220327254657 0.7171475865523956 0.013106188088302417 0.021561375426708197
0 0.9255125029462216 0.7526679622614524 0.023583473563799372 0.024251410504520503
0 0.9003609559241461 0.7489157131148687 0.02137890261280546 0.019963403488957945
0 0.4303491078552636 0.696989954775309 0.023704711181459833 0.028418077171186933
0 0.6723077216495289 0.7288084778111774 0.013106188088302417 0.021561375426708197
0 0.7110918635515164 0.7348970146899385 0.019356188088302417 0.021925396473395628
0 0.30801946678903674 0.6884633651857132 0.0303790428432715 0.043365431551207693
0 0.7215994584314286 0.7374153129454596 0.019356188088302417 0.021925396473395628
0 0.9540618346080334 0.7656132008846924 0.023583473563799372 0.024251410504520267
0 0.3834437984508484 0.6986784459587978 0.026030519750114087 0.03687275085341639
0 0.7405616242623343 0.7436149164720639 0.019356188088302417 0.021925396473395628
0 0.7741071234265735 0.7489651375563979 0.023704711181459715 0.02841807717118717
0 0.7574404567599069 0.7499358603475642 0.019356188088302417 0.021925396473395628
0 0.6517168635515165 0.7383552146334689 0.019477425705962996 0.026092063140062294
0 0.9021300482967756 0.7738550429404208 0.026030519750113966 0.03687275085341639
0 0.8236110260393791 0.7648636393573466 0.02370471118145995 0.02841807717118717
0 0.8100693593727125 0.7656523516251693 0.017151617137308506 0.01763738945783307
0 0.4196182002278931 0.7226573266942358 0.026030519750114087 0.03687275085341639
0 0.933713451745342 0.7834932710403172 0.023825948799120294 0.032584743837853834
0 0.6007358156936801 0.7434113865147493 0.019659282132453625 0.03234206314006229
0 0.7013420037819825 0.7584203831010842 0.023704711181459715 0.02841807717118717
0 0.9190998090075934 0.7833009868159212 0.026030519750113966 0.03687275085341639
0 0.5684138396225983 0.7442504952559673 0.019356188088302417 0.021925396473395628
0 0.95699383126499 0.7946585272024634 0.019659282132453625 0.03234206314006229
0 0.38848943784555356 0.7286440985943393 0.019477425705962996 0.026092063140062294
0 0.7834103577011908 0.7818131094941481 0.019659282132453625 0.03234206314006229
0 0.5834821234265736 0.7600677794803635 0.021863853083447536 0.03663007015562461
0 0.42436074557844705 0.7422063126631109 0.021863853083447536 0.03663007015562461
0 0.9593499492380595 0.8039121868535676 0.01757594879912029 0.032220722791166403
0 0.4076031506985351 0.7400520354542773 0.026030519750114087 0.03687275085341639
0 0.6641147884217186 0.7699795093812085 0.027871377848126617 0.02866075786897871
0 0.7050428824658698 0.7780300392444072 0.019659282132453625 0.03234206314006229
0 0.8212740705541722 0.7921289832140237 0.019477425705962996 0.026092063140062294
0 0.7553156671056058 0.7844928708709079 0.026030519750113966 0.03687275085341639
0 0.9374749492380594 0.8051862605169736 0.026030519750113966 0.03687275085341639
0 0.5376184806888251 0.7616956004894043 0.013106188088302417 0.021561375426708197
0 0.4319251968848498 0.7511566214419756 0.023825948799120294 0.0325847438378536
0 0.4476411250980952 0.753371568825257 0.026151757367774545 0.04103941752008306
0 0.7889520944830903 0.7929680919552418 0.019356188088302417 0.021925396473395628
0 0.9083385919758079 0.8079266920681812 0.02370471118145995 0.028418077171186933
0 0.24667122415681134 0.7316869089859204 0.0303790428432715 0.043365431551207693
0 0.4771108858089131 0.7620894706073824 0.019477425705962878 0.026092063140062294
0 0.8686643304292293 0.8071071586972015 0.023583473563799372 0.024251410504520503
0 0.8362817355493173 0.8058629341050864 0.03442447189227759 0.039441445582332806
0 0.4604139097378313 0.7620185267318822 0.026030519750114087 0.03687275085341639
0 0.38829643450251033 0.7578714354354541 0.026151757367774545 0.04103941752008306
0 0.5475087405638822 0.7788579022527066 0.017151617137308506 0.01763738945783307
0 0.5372436209192911 0.784672937330519 0.023825948799120294 0.0325847438378536
0 0.764588591975808 0.8162991761419914 0.02370471118145995 0.028418077171186933
0 0.6201414756742601 0.8007133268824682 0.03478818474525909 0.05194144558233281
0 0.6631832124561597 0.8096841830634377 0.028356328318768456 0.04532742453564538
0 0.6402059269806629 0.8089355935679581 0.026151757367774545 0.04103941752008282
0 0.950206277556828 0.8482688885980465 0.026576089029586334 0.05562275085341639
0 0.46453912008353027 0.7962115162085386 0.021863853083447418 0.03663007015562461
0 0.9043729442234946 0.8509383762737542 0.04514423260309546 0.050464813993478214
0 0.5443119748384995 0.8124339162838315 0.026030519750113966 0.03687275085341639
0 0.5872930928115688 0.8193214391314676 0.034788184745259326 0.05194144558233281
0 0.7527857082773558 0.8409855515686996 0.0303790428432715 0.043365431551207936
0 0.8721418963656582 0.8549024850149723 0.0366290428432715 0.04372945259789513
0 0.6826909475665379 0.8346337865900421 0.0303790428432715 0.043365431551207693
0 0.5341074740027385 0.8203322846949772 0.021863853083447536 0.03663007015562461
0 0.5718196398336443 0.8254398250815195 0.026151757367774545 0.04103941752008306
0 0.8063047305347523 0.8514330393385234 0.03430323427461725 0.03527477891566614
0 0.5122324740027385 0.8216063583583831 0.028356328318768456 0.04532742453564538
0 0.9230814879025269 0.8842819833081399 0.04073509070110788 0.041888799962353576
0 0.9451383443290176 0.889257909644734 0.020204851411925753 0.051092063140062295
0 0.7294941818411551 0.8652976322476679 0.032583613794265415 0.047653438566770255
0 0.6606229442234945 0.8651351970945627 0.026151757367774545 0.04103941752008282
0 0.8660626058755964 0.8969938429027742 0.0366290428432715 0.04372945259789513
0 0.7865625357603634 0.8901464428274813 0.02799261546578696 0.032827424535645376
0 0.5816684433877338 0.8770377970192696 0.045568564264907255 0.06504814732681179
0 0.9221499119369682 0.923986656990369 0.04722756593642904 0.05058615434237434
0 0.8313127461060623 0.9219732955006695 0.04753065998058001 0.061002821009041
0 0.7613089136084897 0.9187465305220122 0.04568980188256783 0.06921481399347845
0 0.28311527922834956 0.8725144669113689 0.04306089926976213 0.05034347364458256
0 0.8901613393144527 0.9362840990649206 0.03620471118145995 0.029146119264561794
0 0.7931954111012073 0.9388014252885752 0.03430323427461725 0.03527477891566614
0 0.8631992435987799 0.9420281902672326 0.052628902612805464 0.021783508722395102
0 0.8059681957409434 0.9474483831952004 0.042090998328478214 0.017010140311249224
0 0.7143015290742767 0.9527873585466156 0.042090998328478214 0.017010140311249224
0 0.9684598057532263 0.1846264289845889 0.004287904284327245 0.0044093473644582675
0 0.9789370912287232 0.18610306057344322 0.004287904284327245 0.0044093473644582675
0 0.9433688775399809 0.18295751317133846 0.0065530940441512085 0.010780687713354099
0 0.8460089270693388 0.17193317272832645 0.0065530940441512085 0.010780687713354099
0 0.9172059732556537 0.1803076008658693 0.0065530940441512085 0.010780687713354099
0 0.9570620912287231 0.18737713423684912 0.0065530940441512085 0.010780687713354099
0 0.8816983783757417 0.17924538679709787 0.010719760710817875 0.01102336841114564
0 0.9915886382507987 0.19058335181340175 0.0065530940441512085 0.010780687713354099
0 0.999960985792066 0.19512431322780818 0.00007802841586794785 0.010780687713354038
0 0.9079219014688991 0.18397863243590037 0.0065530940441512085 0.010780687713354099
0 0.888039306588987 0.18200636575041046 0.004287904284327245 0.0044093473644582675
0 0.9979231165653554 0.1954276641000477 0.004153766869289181 0.0044093473644582675
0 0.8734559732556537 0.18285574819268105 0.0065530940441512085 0.010780687713354038
0 0.9341757339664716 0.18975354474136955 0.010719760710817875 0.01102336841114564
0 0.9404560433708866 0.1904311903613488 0.012984950470641838 0.01739470876004147
0 0.8116642364737541 0.17497695515177375 0.010719760710817875 0.01102336841114564
0 0.8922969014688991 0.18488868505261888 0.012984950470641838 0.01739470876004147
0 0.8232438074247478 0.17847624989951355 0.012984950470641838 0.01739470876004141
0 0.9143537578953899 0.18986461138921298 0.012984950470641838 0.01739470876004147
0 0.946796971584132 0.1931921693146614 0.012984950470641838 0.01739470876004141
0 0.4327926482799286 0.13548122496858003 0.012984950470641958 0.01739470876004147
0 0.6777853338609485 0.16399273748110493 0.010719760710817875 0.01102336841114564
0 0.841133997184572 0.18369485693389928 0.012984950470641838 0.01739470876004141
0 0.7877362125448358 0.17741403583074214 0.004287904284327245 0.0044093473644582675
0 0.8725355442066475 0.18708308503379562 0.0065530940441512085 0.010780687713354099
0 0.9008120912287232 0.19065332365703566 0.012984950470641838 0.01739470876004147
0 0.714516451834018 0.1712442813754284 0.0065530940441512085 0.010780687713354099
0 0.44648586196867085 0.13990084603409064 0.010719760710817875 0.01102336841114564
0 0.7302020706428483 0.17241756209204329 0.010719760710817875 0.01102336841114564
0 0.7993460929002448 0.18195499724514855 0.0065530940441512085 0.010780687713354099
0 0.4736904329196647 0.14249008816511194 0.0065530940441512085 0.010780687713354099
0 0.5396791457726462 0.15116786717489428 0.0065530940441512085 0.010780687713354038
0 0.5522094551770613 0.15148149174818618 0.010719760710817875 0.01102336841114564
0 0.437141171373086 0.1414885442707884 0.0065530940441512085 0.010780687713354038
0 0.5648610021991369 0.1559617829881447 0.004287904284327245 0.0044093473644582675
0 0.8611378296821445 0.18983379028605585 0.012984950470641838 0.01739470876004147
0 0.8883727100375534 0.19346469908374378 0.010719760710817875 0.01102336841114564
0 0.6821035475496908 0.16895839011664662 0.004287904284327245 0.0044093473644582675
0 0.9679637083660317 0.20343709915903677 0.012984950470641838 0.01739470876004147
0 0.37008048244902275 0.13182976876878733 0.006674331661811668 0.014947354380020705
0 0.4182699337554255 0.13841394074418395 0.0042879042843271264 0.0044093473644582085
0 0.6978194757629362 0.17117333749992814 0.012984950470641838 0.01739470876004147
0 0.4067509816132619 0.1369979793297775 0.0042879042843271264 0.0044093473644582675
0 0.5177435269638159 0.15035860750496685 0.006674331661811787 0.014947354380020705
0 0.34287591149802893 0.12924052663776603 0.006674331661811787 0.014947354380020735
0 0.9250432092017925 0.19863290964473398 0.010719760710817875 0.01102336841114564
0 0.5261677885103946 0.15299824610938365 0.006674331661811668 0.014947354380020705
0 0.3283228875691107 0.13113157574670328 0.006674331661811668 0.014947354380020705
0 0.826671901468899 0.18871090604283652 0.012984950470641838 0.01739470876004141
0 0.3880009816132619 0.1380900424698397 0.0065530940441512085 0.010780687713354038
0 0.3335615303068592 0.13186989154113046 0.0065530940441512085 0.010780687713354069
0 0.6319216911232001 0.16562055849014581 0.0065530940441512085 0.010780687713354099
0 0.3513607918534378 0.13396349857551618 0.006674331661811787 0.014947354380020764
0 0.5031298842260674 0.15016632328057078 0.0065530940441512085 0.010780687713354099
0 0.6078421201722063 0.1628493058357808 0.010598523093157534 0.006856701744478973
0 0.9847516126503589 0.20663304303453703 0.012984950470641838 0.01739470876004147
0 0.4727700038706585 0.1467174250062265 0.0042879042843271264 0.0044093473644582675
0 0.2550121986450475 0.12183682129138959 0.0065530940441512085 0.010780687713354038
0 0.3838646243510104 0.13937438983429795 0.0065530940441512085 0.010780687713354038
0 0.4644972893461554 0.14928611973514302 0.010719760710817875 0.01102336841114564
0 0.27183041233378974 0.12607443183355652 0.012984950470641958 0.01739470876004147
0 0.3629403628044317 0.13746279332325592 0.0065530940441512085 0.010780687713354099
0 0.48125488422606744 0.15144039694397668 0.010719760710817875 0.01102336841114564
0 0.49488747910597947 0.153776684676154 0.010719760710817875 0.01102336841114564
0 0.9387970416993651 0.20513586404357795 0.012984950470641838 0.01739470876004147
0 0.998640961027387 0.2118516500689228 0.002718077945226109 0.01102336841114564
0 0.41946314744416774 0.14356160390306938 0.0065530940441512085 0.010780687713354038
0 0.6476982381452757 0.16991883920676062 0.010719760710817875 0.01102336841114564
0 0.546141311603552 0.15809551279487355 0.0065530940441512085 0.010780687713354099
0 0.8330431390865596 0.1925135516628158 0.010719760710817875 0.01102336841114564
0 0.352523696137765 0.13806949506773494 0.0042879042843271264 0.0044093473644582675
0 0.6907096655227603 0.17784802872106345 0.010719760710817875 0.01102336841114564
0 0.8508727100375534 0.19564882536386818 0.010719760710817875 0.01102336841114564
0 0.5975466911232001 0.1676226742469265 0.010719760710817875 0.01102336841114564
0 0.4498836466084069 0.14909383551074698 0.010719760710817875 0.01102336841114564
0 0.862421971584132 0.19810645344494127 0.010719760710817875 0.01102336841114564
0 0.9587402553881074 0.2091914640624012 0.012984950470641838 0.01739470876004147
0 0.37773586196867087 0.14390507754765203 0.0042879042843271264 0.0044093473644582675
0 0.7703612826600689 0.18990376212968976 0.0065530940441512085 0.010780687713354099
0 0.9462402553881073 0.20991950615577598 0.010719760710817875 0.01102336841114564
0 0.2782319593558654 0.13091874412020246 0.006674331661811787 0.014947354380020735
0 0.618531571478609 0.17161760409130183 0.0065530940441512085 0.010780687713354099
0 0.4060124089907465 0.1474753161708921 0.0065530940441512085 0.010780687713354099
0 0.6781793561183451 0.17753440414777158 0.00667433166181155 0.014947354380020705
0 0.8111681390865596 0.1937876253262217 0.010719760710817875 0.01102336841114564
0 0.3997320995863313 0.1467976705509128 0.0065530940441512085 0.010780687713354038
0 0.7996794963488111 0.1934133305784819 0.010719760710817875 0.01102336841114564
0 0.3851184568485829 0.1466053863265167 0.010719760710817875 0.01102336841114564
0 0.7882211630154778 0.1940807024974088 0.010719760710817875 0.01102336841114564
0 0.5987095954075272 0.17172867073914524 0.00667433166181155 0.014947354380020764
0 0.46473976458147637 0.15761945306847638 0.0065530940441512085 0.010780687713354038
0 0.3673798141108344 0.14659511262546435 0.012984950470641958 0.01739470876004141
0 0.526531501363376 0.16549824610938363 0.006674331661811787 0.014947354380020705
0 0.7767628296821445 0.1947480744163357 0.012984950470641838 0.01739470876004147
0 0.9735963733611768 0.2177170816201306 0.010719760710817875 0.01102336841114564
0 0.5401337868388729 0.16679286717489428 0.0065530940441512085 0.010780687713354038
0 0.902399327174862 0.20934265348258776 0.012984950470641838 0.01739470876004141
0 0.9620774212190132 0.21630112020572417 0.012984950470641838 0.01739470876004141
0 0.7024407834958296 0.18655565680213654 0.0065530940441512085 0.010780687713354099
0 0.9987773533472551 0.22134799041781855 0.002445293305489808 0.010780687713354099
0 0.6700581886159175 0.18531143221002144 0.012984950470641838 0.01739470876004147
0 0.5150731680300427 0.16616561802831054 0.006674331661811787 0.014947354380020764
0 0.8438538280106228 0.20544851658500346 0.0065530940441512085 0.010780687713354038
0 0.5485883577898668 0.1704741724459778 0.010719760710817875 0.01102336841114564
0 0.912937231459189 0.21290261840477545 0.012984950470641838 0.01739470876004147
0 0.43768674065255814 0.16023854427078843 0.012984950470641838 0.01739470876004147
0 0.9883918725254159 0.2241593658445267 0.0065530940441512085 0.010780687713354099
0 0.716164306588987 0.19201694453431387 0.0065530940441512085 0.010780687713354099
0 0.7203309732556538 0.19177426383652224 0.010719760710817875 0.01102336841114564
0 0.49218681076779114 0.168542028532831 0.0042879042843271264 0.0044093473644582675
0 0.861774327174862 0.21170879028605585 0.0065530940441512085 0.010780687713354038
0 0.8575773511037802 0.2109098043171808 0.012984950470641838 0.01739470876004147
0 0.8690963032459439 0.21232576573158723 0.012984950470641838 0.01739470876004141
0 0.8503463032459437 0.2134178288716494 0.010719760710817875 0.01102336841114564
0 0.34988364660840693 0.1549181722577453 0.013106188088302417 0.021561375426708076
0 0.3414896944662434 0.15332020031999516 0.0065530940441512085 0.010780687713354099
0 0.9487479203832524 0.22438149914021352 0.010719760710817875 0.01102336841114564
0 0.6419634980203328 0.1879911935867814 0.010719760710817875 0.01102336841114564
0 0.3823268602971492 0.15824573018319377 0.010719760710817875 0.01102336841114564
0 0.688039306588987 0.19365503924440713 0.012984950470641838 0.01739470876004147
0 0.8409409938415287 0.2129221937750138 0.010719760710817875 0.01102336841114564
0 0.8294826605081954 0.21358956569394072 0.004287904284327245 0.0044093473644582675
0 0.47977773898103654 0.17239507062620577 0.012984950470641958 0.01739470876004141
0 0.6148498552825843 0.1885269514557601 0.0065530940441512085 0.010780687713354099
0 0.9823237289519066 0.2307733868912141 0.012984950470641838 0.01739470876004147
0 0.4640618107677911 0.17018012324292428 0.0065530940441512085 0.010780687713354099
0 0.6273801646869993 0.18884057602905197 0.004287904284327245 0.0044093473644582675
0 0.9655964434764097 0.22966077634904714 0.010719760710817875 0.01102336841114564
0 0.9593767528808249 0.23106646406240122 0.010719760710817875 0.01102336841114564
0 0.33637228934615543 0.15674855119223466 0.006674331661811668 0.014947354380020764
0 0.6578309732556538 0.1954144743033962 0.012984950470641838 0.01739470876004141
0 0.36467914577264615 0.1613604564821414 0.0065530940441512085 0.010780687713354099
0 0.5248421902874393 0.1791612531249461 0.006674331661811668 0.014947354380020764
0 0.5468081185006847 0.18101217946154022 0.010598523093157296 0.006856701744478973
0 0.5971718313536661 0.19060001108804106 0.0065530940441512085 0.010780687713354099
0 0.8274902553881074 0.2168359060428365 0.010719760710817875 0.01102336841114564
0 0.7898083989616166 0.21277003232296093 0.0065530940441512085 0.010780687713354099
0 0.4170655731501307 0.16874361442641306 0.006674331661811787 0.014947354380020764
0 0.989797252045064 0.2365986956700788 0.010719760710817875 0.01102336841114564
0 0.7668311134861198 0.21202144282748137 0.0065530940441512085 0.010780687713354099
0 0.5029974996918544 0.18147699345501866 0.0065530940441512085 0.010780687713354099
0 0.8369864930057678 0.22045654113947208 0.010719760710817875 0.01102336841114564
0 0.401531501363376 0.17277866704313158 0.006674331661811787 0.014947354380020764
0 0.41093681076779115 0.17327430213976716 0.010719760710817875 0.01102336841114564
0 0.4967778090962695 0.1828826811683727 0.006674331661811787 0.014947354380020764
0 0.9501229904984854 0.23577916229909895 0.012984950470641838 0.01739470876004147
0 0.39733452529229424 0.1719796810742565 0.006674331661811668 0.014947354380020764
0 0.5857741168291629 0.1933507163403013 0.0065530940441512085 0.010780687713354038
0 0.9959554473914063 0.2424240044489435 0.00808910521718739 0.01102336841114564
0 0.5124937373095149 0.18509762855165424 0.006674331661811668 0.014947354380020764
0 0.7743046365792772 0.21784675160634606 0.00667433166181155 0.014947354380020764
0 0.32929278851039456 0.16446490908003664 0.006674331661811668 0.014947354380020764
0 0.44555428600311214 0.1796055197163198 0.013106188088302417 0.021561375426708138
0 0.9721798469249762 0.2407550886356931 0.010719760710817875 0.01102336841114564
0 0.6695620912287232 0.20412210238446934 0.00667433166181155 0.014947354380020764
0 0.8056758741969375 0.22019331303957573 0.012984950470641838 0.01739470876004147
0 0.6360772108733141 0.20085521463346875 0.0065530940441512085 0.010780687713354099
0 0.5994370211134901 0.19672867073914524 0.0065530940441512085 0.010780687713354099
0 0.5523498552825842 0.19216716192263406 0.012984950470641838 0.01739470876004147
0 0.7105204946772895 0.21321429891433455 0.010719760710817875 0.01102336841114564
0 0.8727971819298311 0.23193542187491017 0.010719760710817875 0.01102336841114564
0 0.4591868808830242 0.1819418074484971 0.012984950470641838 0.01739470876004141
0 0.38173983469670936 0.17393140035764165 0.010719760710817875 0.01102336841114564
0 0.4832967612384331 0.18575472676952876 0.006674331661811787 0.014947354380020705
0 0.6948651852728744 0.21308268486438642 0.012984950470641838 0.01739470876004147
0 0.5796756638512386 0.19892307072032203 0.010719760710817875 0.01102336841114564
0 0.5294331886159177 0.19350190576048784 0.0065530940441512085 0.010780687713354099
0 0.6812325903929624 0.2107463971322091 0.0065530940441512085 0.010780687713354099
0 0.8477062537165857 0.23026650606165974 0.012984950470641838 0.01739470876004147
0 0.33468297827021865 0.17041155820779713 0.006674331661811668 0.014947354380020764
0 0.46877404671393 0.1886874425451327 0.012984950470641958 0.01739470876004141
0 0.5179748552825844 0.19416927767941475 0.0065530940441512085 0.010780687713354099
0 0.9901912743024606 0.25014036233674547 0.012984950470641838 0.01739470876004141
0 0.4897286176649238 0.19164070572284136 0.0065530940441512085 0.010780687713354099
0 0.6300090672998049 0.20746923568015616 0.0065530940441512085 0.010780687713354038
0 0.36930045350553964 0.17674277578434977 0.0065530940441512085 0.010780687713354099
0 0.6373310433708868 0.20808621112568754 0.0065530940441512085 0.010780687713354099
0 0.9776003460892153 0.24774340443012025 0.012984950470641838 0.01739470876004147
0 0.2635768602971493 0.1651621300702543 0.006674331661811668 0.014947354380020764
0 0.35266409624328804 0.17875516524218285 0.0065530940441512085 0.010780687713354099
0 0.7044523511037802 0.21982831996102198 0.010719760710817875 0.01102336841114564
0 0.36203909624328806 0.17820913367215177 0.0065530940441512085 0.010780687713354099
0 0.5421453544468235 0.2000655303337797 0.00667433166181155 0.014947354380020764
0 0.5085998552825843 0.19471530924944586 0.010719760710817875 0.01102336841114564
0 0.4970809031404207 0.19329934783503938 0.0065530940441512085 0.010780687713354099
0 0.9620056554936305 0.24969512371350538 0.012984950470641838 0.01739470876004141
0 0.6520659237262957 0.2124451620167503 0.012984950470641838 0.01739470876004147
0 0.5924484484909748 0.2075700286269472 0.012984950470641838 0.01739470876004147
0 0.6102477100375533 0.20966363566133292 0.012984950470641838 0.01739470876004147
0 0.8322631101430764 0.23742655867837825 0.010719760710817875 0.01102336841114564
0 0.877266942640649 0.24210940784378523 0.012984950470641838 0.01739470876004141
0 0.32548983469670933 0.17720758977782822 0.0065530940441512085 0.010780687713354099
0 0.3422474295766214 0.17936186698666182 0.010719760710817875 0.01102336841114564
0 0.8123502058587493 0.2344126253262217 0.0065530940441512085 0.010780687713354099
0 0.8259524913342461 0.23570724639173235 0.0065530940441512085 0.010780687713354099
0 0.20506167053732519 0.16230965983933665 0.006674331661811668 0.014947354380020764
0 0.7883312537165856 0.23372470600519002 0.010598523093157534 0.006856701744478973
0 0.6260848758684593 0.2160452497112811 0.004287904284327245 0.0044093473644582675
0 0.9171533700181336 0.25022060788143174 0.012984950470641838 0.01739470876004141
0 0.7716342776455039 0.23365376212968977 0.010719760710817875 0.01102336841114564
0 0.41252404671393 0.19196363196531924 0.012984950470641958 0.01739470876004147
0 0.5538461630154778 0.20773149174818617 0.012984950470641838 0.01739470876004141
0 0.3193307629099547 0.1806966108245156 0.0065530940441512085 0.010780687713354099
0 0.7591342776455039 0.23438180422306454 0.012984950470641838 0.01739470876004147
0 0.8848010845426366 0.2500180499559833 0.012984950470641838 0.01739470876004147
0 0.35498990481194237 0.18696715822662036 0.006674331661811668 0.014947354380020764
0 0.3382323099320303 0.18481288101778676 0.006674331661811668 0.014947354380020764
0 0.8659601563293912 0.24798511309604546 0.012984950470641838 0.01739470876004147
0 0.39374373730951484 0.1920140284387148 0.006674331661811668 0.014947354380020764
0 0.48384233051790526 0.20450472676952874 0.006674331661811787 0.014947354380020705
0 0.5173575202777293 0.20881328118719597 0.012984950470641958 0.01739470876004147
0 0.8586987990671396 0.24945147098384746 0.012984950470641838 0.01739470876004147
0 0.7027024212190133 0.23140799364325113 0.004287904284327245 0.0044093473644582675
0 0.3802020706428482 0.19280274070653747 0.0065530940441512085 0.010780687713354099
0 0.9351041785867877 0.2575225482491508 0.012984950470641838 0.01739470876004141
0 0.6073954946772895 0.21922064618467665 0.006674331661811787 0.014947354380020764
0 0.43255818861591766 0.1991442319841425 0.0065530940441512085 0.010780687713354099
0 0.5341454245620565 0.21200922506269623 0.0065530940441512085 0.010780687713354099
0 0.6912440878856799 0.232075365562178 0.010719760710817875 0.01102336841114564
0 0.7833957050229884 0.24340305687742952 0.010719760710817875 0.01102336841114564
0 0.8430434896627246 0.24931985693389927 0.0065530940441512085 0.010780687713354099
0 0.6221303750326984 0.22357959707573938 0.006674331661811787 0.014947354380020705
0 0.4661339971845719 0.20553611973514305 0.012984950470641838 0.01739470876004147
0 0.8263162041872276 0.2482072463917323 0.012984950470641838 0.01739470876004147
0 0.42747109290024476 0.20361424952304866 0.012984950470641958 0.01739470876004147
0 0.6724334690768496 0.23108409536890687 0.012984950470641838 0.01739470876004141
0 0.7918199665695672 0.24604269548184635 0.012984950470641838 0.01739470876004147
0 0.443156711709075 0.2047875302396635 0.010719760710817875 0.01102336841114564
0 0.20548600219913685 0.17689299317267 0.006674331661811668 0.014947354380020764
0 0.41592183135366606 0.20115662144197557 0.006674331661811668 0.014947354380020764
0 0.8075662041872277 0.24929930953179452 0.012984950470641838 0.01739470876004141
0 0.9248693683466117 0.2643792499936298 0.012984950470641838 0.01739470876004147
0 0.5761758040817045 0.2220824180847803 0.012984950470641838 0.01739470876004141
0 0.5123007339664716 0.2143249653927688 0.010719760710817875 0.01102336841114564
0 0.6432061836013526 0.23069952692011472 0.012984950470641838 0.01739470876004141
0 0.8504867033514668 0.2541034990460973 0.012984950470641838 0.01739470876004141
0 0.628531922054774 0.2284239093623853 0.006674331661811787 0.014947354380020764
0 0.39619078349582965 0.20439268808981895 0.0065530940441512085 0.010780687713354099
0 0.9657368435819328 0.270346446523495 0.012984950470641838 0.017394708760041528
0 0.7479790383563217 0.2454658428086581 0.012984950470641838 0.01739470876004141
0 0.780422252045064 0.24879340073410655 0.010719760710817875 0.01102336841114564
0 0.4569105442066475 0.21129048463850747 0.006674331661811787 0.014947354380020705
0 0.4087210929002448 0.20470631266311082 0.006674331661811668 0.014947354380020764
0 0.6558274212190133 0.23413815149340658 0.00667433166181155 0.014947354380020764
0 0.5364712331307108 0.22022121804713377 0.012984950470641838 0.01739470876004147
0 0.5888273511037803 0.22656270932473882 0.010719760710817875 0.01102336841114564
0 0.5437932092017926 0.22083819349266515 0.00667433166181155 0.014947354380020764
0 0.9985085764931739 0.27447299041781853 0.00298284701365219 0.01102336841114564
0 0.33445966552276024 0.19859722838224503 0.006674331661811668 0.014947354380020764
0 0.8286723221602972 0.2574609060428365 0.012984950470641838 0.01739470876004141
0 0.49367197158413206 0.21958369519949766 0.012984950470641838 0.01739470876004147
0 0.5031075903929624 0.22112099696279988 0.012984950470641838 0.01739470876004141
0 0.35863016468699943 0.20449348103661003 0.006674331661811668 0.014947354380020764
0 0.31672102278501174 0.19858695468119264 0.006674331661811787 0.014947354380020705
0 0.6099334690768496 0.23472430583578083 0.004287904284327245 0.0044093473644582675
0 0.5816266126503589 0.23011240054587415 0.0065530940441512085 0.010780687713354099
0 0.6004978502680193 0.23318700407247855 0.00667433166181155 0.014947354380020764
0 0.4236075202777293 0.2142735968875069 0.010719760710817875 0.01102336841114564
0 0.40161128266006885 0.21138100388424613 0.006674331661811787 0.014947354380020705
0 0.5251947562238681 0.22713858996606065 0.012984950470641838 0.01739470876004141
0 0.515759137415038 0.22560128820275843 0.012984950470641838 0.01739470876004147
0 0.9938665405997966 0.28120835181340176 0.012266918800406756 0.01739470876004141
0 0.5639182793170257 0.23114379351148842 0.00667433166181155 0.014947354380020764
0 0.3461301646869994 0.20522152312998482 0.0065530940441512085 0.010780687713354038
0 0.6990510144274036 0.24935900767437602 0.010719760710817875 0.01102336841114564
0 0.9545209854839205 0.27934715177575525 0.012984950470641838 0.01739470876004141
0 0.6665774913342463 0.2449897830822609 0.012984950470641838 0.01739470876004147
0 0.36922868778015683 0.210136779292131 0.012984950470641958 0.01739470876004141
0 0.4519143767042201 0.21888550217741365 0.012984950470641838 0.01739470876004141
0 0.9797028419104111 0.28414106758900565 0.010719760710817875 0.01102336841114564
0 0.5326076605081953 0.23088056541159205 0.012984950470641958 0.01739470876004147
0 0.26041040397618154 0.1997798107680459 0.0065530940441512085 0.010780687713354099
0 0.6269335391920826 0.24521191637794776 0.0065530940441512085 0.010780687713354038
0 0.759922322160297 0.2614651375563979 0.010719760710817875 0.01102336841114564
0 0.8886838196530145 0.2758777060993063 0.012984950470641838 0.017394708760041528
0 0.8237670828711149 0.26818092358174267 0.0065530940441512085 0.010780687713354099
0 0.3222324501624963 0.20870027047561984 0.006674331661811787 0.014947354380020764
0 0.3819105442066475 0.21565873719875622 0.0065530940441512085 0.010780687713354038
0 0.6102062537165857 0.24409930583578082 0.00667433166181155 0.014947354380020764
0 0.9191346282216688 0.2824516043736505 0.010719760710817875 0.01102336841114564
0 0.6427100862141581 0.24951019709456262 0.00667433166181155 0.014947354380020764
0 0.5139182793170255 0.2340559618849876 0.010719760710817875 0.01102336841114564
0 0.4668917322949499 0.2315777864018097 0.0065530940441512085 0.010780687713354038
0 0.5349334690768496 0.23909255839602958 0.0065530940441512085 0.010780687713354099
0 0.8804717239373417 0.28052973416155613 0.012984950470641838 0.017394708760041528
0 0.9076762948883357 0.28311897629257743 0.00667433166181155 0.014947354380020764
0 0.7412026315647122 0.26359886736312677 0.006674331661811787 0.014947354380020764
0 0.8113580110843602 0.27203396567511745 0.01071976071081764 0.01102336841114564
0 0.8720777717951781 0.278931762223806 0.012984950470641838 0.017394708760041528
0 0.9946450038706585 0.2957916851467351 0.010709992258683106 0.01102336841114564
0 0.7674261546578696 0.2683321130019293 0.010719760710817875 0.01102336841114564
0 0.6732215135916427 0.2581674287022402 0.0065530940441512085 0.010780687713354099
0 0.8292178914397692 0.2762109060428365 0.0065530940441512085 0.010780687713354099
0 0.35804313908655955 0.2201791512110579 0.0065530940441512085 0.010780687713354099
0 0.41364549467728945 0.23050529863198588 0.0065530940441512085 0.010780687713354099
0 0.3497704245620564 0.22274784593997446 0.006674331661811787 0.014947354380020764
0 0.40733487586845923 0.22878598634533998 0.0065530940441512085 0.010780687713354099
0 0.48585389812585583 0.23777738992841418 0.010719760710817875 0.01102336841114564
0 0.8449641290574296 0.2794675200927847 0.00667433166181155 0.014947354380020764
0 0.4304030895572015 0.23265957584081953 0.0065530940441512085 0.010780687713354099
0 0.3340544963488111 0.22053289855669292 0.0065530940441512085 0.010780687713354099
0 0.6910813939470517 0.2623443690699592 0.010719760710817875 0.01102336841114564
0 0.6345889187117308 0.25728722515681246 0.012984950470641838 0.01739470876004141
0 0.3267628296821445 0.22095758977782823 0.0065530940441512085 0.010780687713354099
0 0.8544906760795054 0.28412982185608693 0.012984950470641838 0.017394708760041528
0 0.4513576605081953 0.2356128390185282 0.012984950470641958 0.01739470876004147
0 0.3865015425351259 0.22999938983429796 0.012984950470641958 0.01739470876004147
0 0.657657132400473 0.261160814652292 0.013106188088302417 0.021561375426708138
0 0.45457358872144066 0.23855582849518447 0.0065530940441512085 0.010780687713354099
0 0.41897506562828324 0.23436861442641307 0.012984950470641838 0.01739470876004141
0 0.8367520333417569 0.2841195481550346 0.013106188088302417 0.021561375426708197
0 0.4273690177704469 0.23596658636416323 0.012984950470641838 0.01739470876004147
0 0.7938012247731027 0.2782736919740651 0.00667433166181155 0.014947354380020764
0 0.6148578708538943 0.2605232918046559 0.006674331661811787 0.014947354380020764
0 0.4777024212190132 0.24451275132399738 0.006674331661811668 0.014947354380020764
0 0.8326459854839203 0.28644556218615946 0.013106188088302417 0.021561375426708197
0 0.4933880400278434 0.2456860320406122 0.012984950470641958 0.01739470876004147
0 0.7436496777510269 0.27597752701423095 0.012984950470641838 0.017394708760041528
0 0.7866307957240963 0.282865049861867 0.012984950470641838 0.017394708760041528
0 0.9729567445232167 0.303315758810141 0.010719760710817875 0.01102336841114564
0 0.3164977100375534 0.22677262485564054 0.0065530940441512085 0.010780687713354099
0 0.6745662743024605 0.268523425194459 0.012984950470641838 0.01739470876004141
0 0.8620248179814929 0.292038463968285 0.012984950470641838 0.017394708760041528
0 0.37200913741503794 0.23397377227656857 0.012984950470641838 0.01739470876004141
0 0.5719676810940703 0.25676076895701977 0.0065530940441512085 0.010780687713354099
0 0.5981608947828126 0.2604523479291556 0.00667433166181155 0.014947354380020764
0 0.5322631101430765 0.25489956891937326 0.012984950470641838 0.01739470876004141
0 0.43383118360135264 0.24289423198414248 0.004287904284327245 0.0044093473644582675
0 0.8191346282216689 0.2882759411206488 0.012984950470641838 0.017394708760041528
0 0.507141872525416 0.2521889864394562 0.012984950470641838 0.01739470876004147
0 0.6851344879912029 0.2731250567833133 0.0065530940441512085 0.010780687713354099
0 0.40347130324594377 0.23944533370979826 0.006674331661811668 0.014947354380020764
0 0.5573843477607369 0.25761015139929033 0.0065530940441512085 0.010780687713354099
0 0.7721080811995933 0.285797765637471 0.012984950470641838 0.017394708760041528
0 0.46636532550334037 0.24934678990959094 0.012984950470641838 0.01739470876004147
0 0.5773275614494793 0.2616657514181136 0.00667433166181155 0.014947354380020764
0 0.625517012755882 0.2682499233935102 0.00667433166181155 0.014947354380020764
0 0.44228575455234653 0.24657553725522596 0.006674331661811668 0.014947354380020764
0 0.3930849459836922 0.2410937021209439 0.012984950470641838 0.01739470876004147
0 0.6548352264446241 0.27175949184230236 0.0065530940441512085 0.010780687713354099
0 0.9877825530918709 0.31079970970120374 0.012984950470641838 0.017394708760041528
0 0.6402518931112908 0.272608874284573 0.012984950470641838 0.017394708760041528
0 0.9020021735722229 0.30327466400593145 0.012984950470641838 0.01739470876004141
0 0.521937371689655 0.2586312706638523 0.012984950470641838 0.01739470876004147
0 0.40990315967243446 0.2453313126631108 0.006674331661811668 0.014947354380020764
0 0.41835773062342835 0.24901261793419432 0.010719760710817875 0.01102336841114564
0 0.8748279120256441 0.30172708854157687 0.010719760710817875 0.01102336841114564
0 0.48226311014307643 0.25781173729287243 0.006674331661811668 0.014947354380020764
0 0.7848808658393293 0.29444472354409623 0.0065530940441512085 0.010780687713354099
0 0.5021760144274036 0.26082567064502904 0.010719760710817875 0.01102336841114564
0 0.7367217239373417 0.2889022182353662 0.012984950470641838 0.017394708760041528
0 0.9063203872609651 0.3082403166414732 0.010719760710817875 0.01102336841114564
0 0.8487862453589775 0.30324384290277434 0.013106188088302417 0.021561375426708197
0 0.8896234111898832 0.30816937276597295 0.012984950470641838 0.017394708760041528
0 0.5965018931112909 0.2751570216113848 0.00667433166181155 0.014947354380020764
0 0.4509524913342462 0.25754850919297606 0.0065530940441512085 0.010780687713354099
0 0.9786197189227769 0.3186374079379014 0.012984950470641838 0.017394708760041528
0 0.9991602286880991 0.3223289869100373 0.0016795426238019218 0.017394708760041528
0 0.6834451769152661 0.2867880637988758 0.0065530940441512085 0.010780687713354099
0 0.6563012247731026 0.2862821550011878 0.012984950470641838 0.01739470876004141
0 0.8028619838123987 0.30278833057848187 0.012984950470641838 0.017394708760041528
0 0.8353355069055562 0.307157555170597 0.012984950470641838 0.01739470876004141
0 0.39452063490775546 0.2545746986131627 0.0065530940441512085 0.010780687713354099
0 0.3767516827655919 0.2535227582454436 0.0065530940441512085 0.010780687713354099
0 0.39975927764550384 0.25531301440758986 0.006674331661811787 0.014947354380020764
0 0.46056996656956717 0.26533581095627834 0.006674331661811787 0.014947354380020764
0 0.6071610350132784 0.2828836532002391 0.00667433166181155 0.014947354380020764
0 0.6668391290574296 0.28984211992337544 0.012984950470641838 0.017394708760041528
0 0.36529334943225855 0.25419013016437053 0.006674331661811668 0.014947354380020705
0 0.6501118435819327 0.2887295093812085 0.0065530940441512085 0.010780687713354099
0 0.6260019632265238 0.2849165900601769 0.00667433166181155 0.014947354380020764
0 0.77256272226582 0.301422765637471 0.010719760710817875 0.01102336841114564
0 0.515039727280385 0.27259762855165426 0.012984950470641838 0.01739470876004141
0 0.3464221118145981 0.25111552663776604 0.012984950470641838 0.01739470876004147
0 0.49727077513822143 0.27154568818393515 0.0042879042843271264 0.0044093473644582085
0 0.9506159565404372 0.3244421693146614 0.012984950470641838 0.017394708760041528
0 0.4083047768097431 0.2621193196786733 0.0042879042843271264 0.0044093473644582675
0 0.6145436298931906 0.28558396197910374 0.00667433166181155 0.014947354380020764
0 0.29731223145918917 0.24875869150348398 0.0065530940441512085 0.010780687713354099
0 0.5789451068000332 0.28139674791033237 0.012984950470641838 0.017394708760041528
0 0.8208127923810531 0.310090270946201 0.010719760710817875 0.01102336841114564
0 0.8710855770207893 0.3165531025727018 0.012984950470641838 0.01739470876004141
0 0.878377243687456 0.3161284113515665 0.00667433166181155 0.014947354380020764
0 0.5224829409691273 0.2773812706638523 0.0065530940441512085 0.010780687713354099
0 0.43036163323623383 0.2670952460152674 0.006674331661811787 0.014947354380020764
0 0.547634487991203 0.28113351981043605 0.012984950470641838 0.017394708760041528
0 0.32877439729009494 0.2542302529367137 0.006674331661811787 0.014947354380020764
0 0.4355699665695672 0.2667918951430279 0.012984950470641838 0.01739470876004141
0 0.4461078708538943 0.2703518600652156 0.010719760710817875 0.01102336841114564
0 0.4691457751382214 0.27318378289402845 0.0065530940441512085 0.010780687713354099
0 0.5654943683466117 0.28531046017815503 0.012984950470641838 0.017394708760041528
0 0.9811273839179218 0.333099400922339 0.012984950470641838 0.017394708760041528
0 0.7560172932168139 0.30656015509530404 0.012984950470641838 0.017394708760041528
0 0.8282863154742105 0.3159155797250656 0.012984950470641838 0.017394708760041528
0 0.853407553091871 0.31862616220498274 0.012984950470641838 0.01739470876004141
0 0.39068737168965506 0.2662757126442876 0.012984950470641838 0.01739470876004141
0 0.35404718192983103 0.2621491687499641 0.012984950470641958 0.01739470876004141
0 0.7383089598834806 0.30759154806091826 0.00667433166181155 0.014947354380020764
0 0.5079602264446242 0.28031398643945615 0.0065530940441512085 0.010780687713354099
0 0.7801877923810531 0.31245640774966904 0.012984950470641838 0.017394708760041528
0 0.304906992170007 0.25875066694901533 0.0065530940441512085 0.010780687713354099
0 0.6703278419104112 0.3021601094000318 0.010719760710817875 0.01102336841114564
0 0.38342601442740354 0.2677420705320896 0.012984950470641958 0.017394708760041528
0 0.3195812537165857 0.26102628450674475 0.010719760710817875 0.01102336841114564
0 0.6378543188172539 0.2977908848079167 0.00667433166181155 0.014947354380020764
0 0.3741116332362338 0.27037143543545394 0.0065530940441512085 0.010780687713354099
0 0.5897861051285115 0.2953733794991867 0.00667433166181155 0.014947354380020764
0 0.40131620418722763 0.27296067756647524 0.0065530940441512085 0.010780687713354099
0 0.7719453872609651 0.3160667691452523 0.012984950470641838 0.017394708760041528
0 0.960415288202249 0.33847947107796367 0.012984950470641838 0.01739470876004141
0 0.5165663444176937 0.289203625043873 0.010719760710817875 0.01102336841114564
0 0.8683545992781857 0.33027677976271214 0.012984950470641838 0.017394708760041528
0 0.6118126521505871 0.2993076391691141 0.00667433166181155 0.014947354380020764
0 0.7908469342830408 0.3201830393385234 0.012984950470641838 0.01739470876004141
0 0.4170927512093032 0.2772589582830901 0.012984950470641958 0.017394708760041528
0 0.488289797395618 0.28563338642063296 0.012984950470641958 0.01739470876004141
0 0.5730891290574297 0.29530243562368647 0.0065530940441512085 0.010780687713354099
0 0.7992408864252043 0.3217810112762735 0.010719760710817875 0.01102336841114564
0 0.545884558106436 0.29271319349266517 0.012984950470641838 0.01739470876004141
0 0.602407342746172 0.2988120040724786 0.012984950470641838 0.017394708760041528
0 0.7260211257143864 0.3156112568209598 0.012984950470641838 0.017394708760041528
0 0.44644127430246067 0.28181019339854896 0.006674331661811787 0.014947354380020764
0 0.46215720251570597 0.2840251407818304 0.012984950470641958 0.017394708760041528
0 0.6297028419104111 0.30452624620349994 0.012984950470641838 0.017394708760041528
0 0.8066234813051163 0.3244813200551382 0.012984950470641838 0.017394708760041528
0 0.8977334317757584 0.3358696815448376 0.012984950470641838 0.01739470876004141
0 0.4736761546578696 0.28544110219623686 0.008878902612805462 0.0192353613955832
0 0.2998805152631644 0.26530401782125484 0.012984950470641958 0.01739470876004147
0 0.7605476727364621 0.31881747439751246 0.012984950470641838 0.01739470876004141
0 0.5930929615550024 0.301441368975843 0.00667433166181155 0.014947354380020764
0 0.5344868435819328 0.2954638987449254 0.012984950470641838 0.017394708760041528
0 0.6433960555991535 0.3089458672690106 0.012984950470641838 0.017394708760041528
0 0.6632483410746504 0.30987646728783375 0.0065530940441512085 0.010780687713354099
0 0.2539562537165857 0.2648485054969624 0.012984950470641958 0.01739470876004147
0 0.9711350489130669 0.3482894360001513 0.012984950470641838 0.017394708760041528
0 0.9126198591532427 0.3454369657692337 0.013106188088302417 0.021561375426708197
0 0.5503543188172538 0.3028871794615402 0.012984950470641838 0.01739470876004141
0 0.5094868435819327 0.296919982931675 0.012984950470641958 0.017394708760041528
0 0.3650094178759699 0.2802924670054851 0.012984950470641958 0.017394708760041528
0 0.7357295291629526 0.326523558584262 0.012984950470641838 0.017394708760041528
0 0.7702560761850283 0.3297297761608147 0.012984950470641838 0.017394708760041528
0 0.3608730606137183 0.2815768143699433 0.0065530940441512085 0.010780687713354099
0 0.5650285803638323 0.3051627970192696 0.012984950470641838 0.017394708760041528
0 0.587024817981493 0.3080553900225304 0.010719760710817875 0.01102336841114564
0 0.882290288202249 0.34302973416155613 0.013106188088302417 0.021561375426708197
0 0.40177084525345447 0.28858567756647524 0.012984950470641958 0.017394708760041528
0 0.8551463360600854 0.34252382536386816 0.012984950470641838 0.017394708760041528
0 0.5389262948883355 0.3045962180471337 0.010719760710817875 0.01102336841114564
0 0.4813618435819328 0.2985580776417682 0.012984950470641958 0.017394708760041528
0 0.4897861051285115 0.301197716246185 0.012984950470641958 0.017394708760041528
0 0.6614984111898833 0.32145614097006286 0.012984950470641838 0.017394708760041528
0 0.313907132400473 0.28118197222009883 0.0065530940441512085 0.010780687713354099
0 0.6322105069055562 0.31898823918793734 0.00667433166181155 0.014947354380020764
0 0.8196084317757584 0.3404199446284301 0.012984950470641838 0.017394708760041528
0 0.28878589478281247 0.27847138974018176 0.006674331661811668 0.014947354380020764
0 0.7212068146384496 0.32945627435986596 0.012984950470641838 0.017394708760041528
0 0.32652837001813345 0.28462059679339075 0.010719760710817875 0.01102336841114564
0 0.6092029120256441 0.3171979830257912 0.008878902612805462 0.0192353613955832
0 0.7495136710649405 0.33406817964977265 0.012984950470641838 0.017394708760041528
0 0.4301686298931905 0.29632258285638197 0.012984950470641958 0.01739470876004141
0 0.7851121941580977 0.3382553937185441 0.012984950470641838 0.017394708760041528
0 0.6448317445232166 0.32242686376122925 0.012984950470641838 0.017394708760041528
0 0.45642246239076306 0.30209749516185114 0.006674331661811787 0.014947354380020764
0 0.7569265753492674 0.33781015509530404 0.012984950470641838 0.017394708760041528
0 0.4052292487020208 0.2998620003764649 0.012984950470641838 0.017394708760041528
0 0.574797602621229 0.31815843211590517 0.010719760710817875 0.01102336841114564
0 0.793657693322337 0.3450616989896275 0.010719760710817875 0.01102336841114564
0 0.2764374418048881 0.2844077651668898 0.012984950470641958 0.017394708760041528
0 0.4125512247731026 0.3004789758219963 0.012984950470641958 0.017394708760041528
0 0.4890172231015809 0.31063338642063293 0.013106188088302417 0.021561375426708076
0 0.30891096489804554 0.28877698975900495 0.0065530940441512085 0.010780687713354099
0 0.9214078335528029 0.3605766043736505 0.012984950470641838 0.017394708760041528
0 0.5308960555991534 0.3154982461093836 0.006674331661811787 0.014947354380020764
0 0.5413733410746502 0.31697487769823796 0.012984950470641838 0.017394708760041528
0 0.3205208452534544 0.29331795117341136 0.0065530940441512085 0.010780687713354099
0 0.560305197501141 0.3221328145581758 0.012984950470641838 0.01739470876004141
0 0.8052675736777459 0.349602660404034 0.00667433166181155 0.014947354380020764
0 0.433657342746172 0.3086405723330383 0.012984950470641838 0.017394708760041528
0 0.3949338196530146 0.30463536878761055 0.012984950470641958 0.01739470876004141
0 0.9999331185006847 0.37545398691003734 0.0001337629986307339 0.017394708760041528
0 0.3363580110843603 0.29969956522335955 0.010719760710817875 0.01102336841114564