0 0.7994431524842464 0.06008602014693572 0.025169686702819643 0.029894092372629574
0 0.6392870761111953 0.10954533509353098 0.041981799114760084 0.055379042843271505
0 0.36691513648150953 0.03203942297921083 0.027277260993698486 0.03412137784812647
0 0.9054271964590404 0.19035810363434186 0.039849983866335495 0.04698509070110788
0 0.38152877101177496 0.036823424650732475 0.027277260993698604 0.03412137784812647
0 0.8115196302349936 0.1660026166983694 0.027277260993698604 0.0341213778481265
0 0.4504181565176624 0.05878133729266784 0.05033937340563905 0.05978818474525913
0 0.9839817789476795 0.21930458889879267 0.0320364421046411 0.050969900941283855
0 0.3158189276603652 0.024149583795551748 0.04190907624212319 0.04287904284327149
0 0.7457976664048112 0.15124544250985533 0.04613634530265406 0.053416947127598625
0 0.20215605620597027 0.009893391220299615 0.04597877907860723 0.01978678244059923
0 0.7040643371048939 0.1409994853531268 0.039849983866335495 0.04698509070110788
0 0.2740977188392208 0.017641264625814376 0.03771816861791078 0.03528252925162875
0 0.7134696383018259 0.1459350340467241 0.03356362243001693 0.04055323427461719
0 0.41083482318432907 0.05993309466044242 0.05033937340563905 0.05978818474525913
0 0.9608597586496709 0.2272933718670071 0.03987422482388112 0.051151757367774546
0 0.8157893209712292 0.18358971241404226 0.031456048139137965 0.036325948799120295
0 0.9910128553207304 0.1232590897345535 0.01797428935853939 0.038045569279472155
0 0.8213787548781103 0.06986618932088486 0.027277260993698368 0.03412137784812647
0 0.22408559836044797 0.018398999736192394 0.04190907624212314 0.03679799947238479
0 0.5622461644535669 0.11907989768691658 0.027277260993698604 0.03412137784812647
0 0.7803847747833355 0.18670356549748968 0.04401665053300216 0.047106328318768396
0 0.6387416545664183 0.016428012008797108 0.027277260993698368 0.032856024017594215
0 0.5100779877688237 0.10601203457433929 0.03356362243001693 0.04055323427461719
0 0.30240452602081314 0.04641860605294832 0.03771816861791078 0.038591138558944346
0 0.8263150719468514 0.20203661836989104 0.03356362243001693 0.04055323427461719
0 0.6770719073623568 0.15741252986791998 0.0377302890966836 0.04067447189227771
0 0.8785135498285265 0.22031281481580167 0.04200604007230571 0.05954570950993817
0 0.3702764858175796 0.07257349476596547 0.03570755815721446 0.05103051975011411
0 0.3504484577145945 0.06689937344985276 0.041981799114760084 0.055379042843271505
0 0.2554871043451083 0.04049086258496208 0.037730289096683654 0.04067447189227768
0 0.14489469073623565 0.015798840855180726 0.0272893814724713 0.03159768171036145
0 0.838912035777034 0.21833957218357625 0.03567119672089613 0.04478051975011409
0 0.723080987637896 0.186287249406988 0.03356362243001693 0.04055323427461719
0 0.6448044816532357 0.1625187880714554 0.04401665053300216 0.047106328318768396
0 0.944350658207051 0.2548616556709824 0.04613634530265406 0.053416947127598625
0 0.4966514656504989 0.12619772349840253 0.025145445745273894 0.025727425705962877
0 0.17416438147247135 0.0303549961293415 0.03987422482388112 0.05115175736777459
0 0.5634575178230531 0.14821625494916812 0.03349089955738004 0.02805323427461719
0 0.21906513244809342 0.04780169173949131 0.03984998386633543 0.04698509070110792
0 0.5248552487625223 0.1389210362458609 0.048292401508624155 0.06597756593642892
0 0.7795067345801018 0.21485887490190478 0.05030301196932072 0.053538184745259086
0 0.6553241723894714 0.17992402736063748 0.0377302890966836 0.04067447189227771
0 0.6010544816532357 0.1637917830568905 0.0377181686179109 0.038591138558944374
0 0.38504162633250527 0.10339916310415379 0.03570755815721446 0.051030519750114085
0 0.803549911264845 0.22874509193369036 0.035671196720895894 0.04478051975011409
0 0.7325953731437835 0.20997279810058522 0.046087863387562794 0.045083613794265294
0 0.6939870438438663 0.19963591273061135 0.04819543767844152 0.04931089926976225
0 0.13566513648150955 0.03876811075936763 0.03570755815721446 0.0510305197501141
0 0.2817893613053907 0.08452479414125073 0.05455452198739697 0.06824275569625295
0 0.3965908632566348 0.11869075965558745 0.05039997579950324 0.07020485141192578
0 0.5584370519106986 0.1806594686379104 0.05455452198739697 0.06824275569625295
0 0.4718332728320913 0.1581751492043654 0.054530281029851344 0.06407608902958627
0 0.22972420869021656 0.08916526436200677 0.0545302810298514 0.06407608902958627
0 0.35079995159900634 0.12731604011651942 0.041981799114760084 0.055379042843271505
0 0.6910559715042314 0.23306017427719006 0.046209068175290705 0.06591694712759863
0 0.1963787548781104 0.08805183196995729 0.05033937340563905 0.05978818474525915
0 0.725497634137482 0.2435182972648244 0.054530281029851344 0.06407608902958627
0 0.6389180960164204 0.2252006444979461 0.05666209627827593 0.07247004117174984
0 0.5971665859983439 0.2118296873412176 0.05455452198739721 0.06824275569625295
0 0.5721241643226391 0.2052654463805138 0.03570755815721446 0.051030519750114085
0 0.9248741239884777 0.30960420102153635 0.048268160551078645 0.06181089926976225
0 0.3195560118383928 0.12926698891563973 0.054530281029851344 0.06407608902958627
0 0.7631248991645966 0.2643021587058801 0.05873330913283657 0.07044732664724679
0 0.13384239344179194 0.08362039623486454 0.050303011969320605 0.053538184745259114
0 0.5252128028863206 0.20037936957919425 0.04826816055107853 0.06181089926976225
0 0.9764904716351592 0.33517206413411366 0.04701905672968157 0.06181089926976213
0 0.819587007543121 0.2991237842007969 0.056698457714594495 0.07872004117174984
0 0.2216878270868174 0.14044940626399438 0.06297269867214013 0.08306856426490725
0 0.603652935334414 0.25227283091472685 0.05237422482388112 0.051515470220756046
0 0.14550071467487685 0.11766199278629823 0.04608786338756262 0.045083613794265294
0 0.46492946148615494 0.22505398170193794 0.06508027296301909 0.0872958497404041
0 0.6841157987219766 0.2936890067747626 0.06084088342371553 0.07467461212274364
0 0.47817348191509124 0.0016046455531765268 0.03134696383018252 0.0032092911063530535
0 0.3679817386135181 0.21537275631254416 0.07329240150862427 0.0667049916423918
0 0.14569464233524204 0.15099532611963157 0.03984998386633543 0.04698509070110788
0 0.9980567466803503 0.4137022333080628 0.0038865066392993696 0.07309852309315741
0 0.1061658511563864 0.16152208348740613 0.06297269867214013 0.08306856426490725
0 0.24914689526210823 0.20424469508253462 0.058648465781426753 0.05586399331391346
0 0.7688907745214799 0.3599839450171378 0.06712724486003387 0.08110646854923438
0 0.916062726251414 0.4067519856612724 0.048268160551078645 0.06181089926976213
0 0.5821233689794395 0.3122843284074444 0.07343784725389806 0.09170499164239179
0 0.1961370398104501 0.2255821413743724 0.0775923934417919 0.08974289592671893
0 0.5196657906551444 0.32139455933901834 0.07554542154477702 0.09593227711788875
0 0.34436277868582377 0.27440320594742523 0.06927118058723139 0.09158375402473133
0 0.8056581800635202 0.4120481158626086 0.08180754202354995 0.09819746687771272
0 0.9507286177419618 0.4557517753155735 0.06927118058723163 0.09158375402473133
0 0.10342870647711676 0.22827967836731813 0.0797969315628535 0.11063684806888255
0 0.6128710636181635 0.40411368901273925 0.07343784725389806 0.09170499164239179
0 0.45738395927305514 0.3607131236039256 0.06297269867214013 0.08306856426490725
0 0.38334078258831206 0.3482817579840658 0.08811814441741402 0.10879598997087013
0 0.2393968549279469 0.3191311224600192 0.07343784725389806 0.09170499164239179
0 0.8051134530265392 0.4974950919336904 0.06508027296301909 0.0872958497404042
0 0.8438066256778661 0.5224153106369975 0.07137875487811035 0.09581103950022817
0 0.14354534087645432 0.3187945876662102 0.10069086729005097 0.12165970282385151
0 0.9461141878684968 0.5579866556709824 0.07130603200547346 0.08331103950022817
0 0.6852490634872356 0.4884806734414292 0.08811814441741414 0.10879598997087013
0 0.5925467903932887 0.4922198771010417 0.07137875487811035 0.09581103950022817
0 0.39846347722703607 0.4405657596555875 0.08397571870829298 0.11284141901987634
0 0.2796407543543991 0.4315210317589112 0.12165752588988532 0.1451825575788207
0 0.21912106361816347 0.41557064388165493 0.10903632110215705 0.12398551139250588
0 0.501223473848259 0.01850420621123288 0.0377302890966836 0.03700841242246576
0 0.8726952158405541 0.6528469567177894 0.11122873874444585 0.14279613020133627
0 0.7225437098558938 0.6311698442869 0.10486965443549039 0.12386427377484542
0 0.6819490110528259 0.637560244392423 0.06722420869021638 0.09777313521590117
0 0.3802749959665839 0.006214806369517444 0.03971665859983441 0.012429612739034888
0 0.4942793243500063 0.6138492705204782 0.08395147775074735 0.10867475235320967
0 0.4282462047877283 0.013269571259139424 0.031456048139137965 0.02653914251827885
0 0.3052568152484246 0.004090016715216429 0.02718029716351585 0.008180033430432858
0 0.9480264454834182 0.1703654180533219 0.0377302890966836 0.04067447189227771
0 0.8718514535502505 0.14966133790895905 0.03987422482388112 0.0511517573677746
0 0.06307780626509761 0.6347306972816715 0.10910904397479405 0.136485511392506
0 0.34696590359079615 0.010866423506826043 0.03976514051492567 0.021732847013652086
0 0.3146378754878111 0.0050710645730528536 0.03760908430895545 0.010142129146105707
0 0.4335575621906306 0.025932954429976434 0.03356362243001693 0.0405532342746172
0 0.7122037427778619 0.10742367678447252 0.027277260993698368 0.03412137784812647
0 0.26379897475208064 0.7528696249673016 0.10707419255655198 0.14475822591700904
0 0.57702620347845 0.8687768036427653 0.12372873874444584 0.14315984305431756
0 0.3907886264634331 0.01675897334432972 0.03143180718159234 0.03215928213245363
0 0.3005360790971889 0.799725462479439 0.12782268253847562 0.13078108067197813
0 0.01973990254337362 0.7068370256004398 0.0319166263325053 0.11549261546578696
0 0.8452132957233099 0.943278953374746 0.07954240150862404 0.06688684806888243
0 0.8437446342684097 0.1536046918281673 0.031456048139137965 0.036325948799120295
0 0.5244067910479279 0.061837702912527596 0.03356362243001693 0.04055323427461719
0 0.3977928741785329 0.8625316878688328 0.10243482721774519 0.06338698829934847
0 0.48787573484195756 0.05039853206705682 0.04616058626019957 0.05758361379426531
0 0.7007938913596199 0.1160904135663722 0.027301501951244235 0.03828804451479314
0 0.8865681121500849 0.17215367291381406 0.03570755815721446 0.051030519750114085
0 0.5761325702574628 0.005403591581206746 0.033466658599834415 0.010807183162413492
0 0.2500545421544777 0.0060106561099215975 0.03760908430895539 0.012021312219843195
0 0.5745401163144289 0.08329951816726847 0.023098473848259006 0.031916806897132645
0 0.554730268929603 0.08075039685115577 0.039849983866335495 0.046985090701107936
0 0.9555120398104502 0.2034865855557494 0.03567119672089613 0.04478051975011409