0 0.995086091184815 0.4029846138581936 0.009827817630370106 0.08585307776083333
0 0.8421836514677781 0.4056281964311567 0.04544715425509267 0.07393495921972229
0 0.3799494761892596 0.38303542502648114 0.03444860612953704 0.048692508611851794
0 0.39482375025203736 0.3951959941754627 0.027859175278518576 0.03396370491379628
0 0.8750087094717596 0.4277932662134252 0.03900319376879627 0.06545615552166666
0 0.9199943366247225 0.4350840619329159 0.04535017401194447 0.06976829255305562
0 0.8010746211992132 0.43055633219597156 0.04316986043546318 0.06555313576481486
0 0.5808222983775929 0.4158803733553699 0.030281939462870375 0.04859552836870371
0 0.5996207884991669 0.41752729559453655 0.034594076494259225 0.05494250861185179
0 0.28973664222263923 0.4028530786482868 0.04316986043546305 0.06555313576481486
0 0.7677897779874541 0.43341550747449015 0.04961382092175934 0.07403193946287037
0 0.4484821415893522 0.4168761627419904 0.03910017401194447 0.06962282218833332
0 0.6937587094717598 0.4320119067903698 0.032025841945185124 0.03406068515694448
0 0.47876321010504663 0.4192980559791663 0.03667740982759256 0.054990998733426014
0 0.5476344354089818 0.4229062153005551 0.04292740982759256 0.05513646909814819
0 0.4204783668932874 0.4227391127165737 0.030281939462870375 0.04859552836870383
0 0.25776016134620405 0.4171463421993516 0.017539488854999993 0.03788792097259256
0 0.2034722693756022 0.4131987520269443 0.036677409827592676 0.054990998733426014
0 0.5709390230482412 0.43903949062990694 0.03444860612953704 0.048692508611851794
0 0.050104818767731825 0.40634610929597215 0.04733652710212969 0.06565011600796306
0 0.6409731403227782 0.44783173822384204 0.04535017401194447 0.06976829255305551
0 0.695236787232593 0.45073766172958274 0.03212282218833332 0.038227351823611144
0 0.7297087674757411 0.4541042413902772 0.03212282218833332 0.038227351823611144
0 0.9394959335091209 0.46693931750541584 0.03910017401194447 0.06962282218833332
0 0.9756706584339354 0.47229225025629545 0.04865868313212924 0.06996225303935191
0 0.8571557767208801 0.46677134397425857 0.04292740982759256 0.05513646909814819
0 0.3249844644109726 0.4395529916423146 0.04733652710212961 0.06565011600796306
0 0.17057534713643555 0.43272459397212953 0.04699709625111114 0.051066782674629725
0 0.903352785966019 0.48132956129962884 0.05785017401194447 0.0700592332825001
0 0.09133594528740777 0.43144221859194437 0.04292740982759261 0.05513646909814819
0 0.6833671588130559 0.4781119357923605 0.036580429584444595 0.05082433206675934
0 0.5092876001757874 0.4769525276104626 0.04307288019231485 0.06138646909814819
0 0.30172923784046335 0.4703189613737498 0.034594076494259225 0.05494250861185191