0 0.562031972551654 0.4122457752990835 0.006310602393863955 0.010707765095090119
0 0.21222590021201912 0.3952139539574623 0.01678787145439493 0.021609595809129207
0 0.23199332592114014 0.3984588089341214 0.025206048139137967 0.03658106038036036
0 0.5130675789789342 0.41556771298840034 0.006334843351409821 0.014874431761756787
0 0.6119713701577898 0.42033365453836274 0.010513630496849185 0.017151830714039088
0 0.0976971090331635 0.39117575847855846 0.02938483528457751 0.03885845933264266
0 0.6046675830123504 0.4227566027048567 0.0063106023938641915 0.010707765095090119
0 0.6369410689608579 0.42437759415800236 0.006310602393863955 0.010707765095090119
0 0.7910168320367283 0.43282216625689107 0.01678787145439505 0.021609595809129207
0 0.25486757091210194 0.4046831146965688 0.01678787145439493 0.021609595809129207
0 0.5401145508759491 0.4205562864652322 0.010477269060530621 0.010901830714039088
0 0.46203197255165396 0.41690335015385843 0.0063106023938640735 0.010707765095090119
0 0.6181850087214714 0.4262925561099394 0.0063106023938641915 0.010707765095090119
0 0.5286319765850701 0.4252566335840085 0.0063106023938641915 0.010707765095090119
0 0.6306607677639257 0.4298770259197591 0.006310602393863955 0.010707765095090119
0 0.6931183460882209 0.4342577083021915 0.016787871454394813 0.021609595809129207
0 0.832610775830758 0.44338151006740156 0.02518180718159234 0.032414393713693694
0 0.5838100087214714 0.4278935974662682 0.006334843351409821 0.014874431761756787
0 0.7389213782246221 0.43733131982708634 0.01678787145439505 0.02160959580912909
0 0.36621681993647986 0.41824185938968433 0.012621204787728265 0.021415530190180238
0 0.4401145508759491 0.42521386132000705 0.010513630496849185 0.017151830714039088
0 0.5254827356275243 0.4295688494648869 0.0063106023938641915 0.010707765095090119
0 0.6753918320367284 0.43820748718272456 0.010513630496849185 0.017151830714039088
0 0.4869653099184035 0.427197289773498 0.010477269060530859 0.010901830714039088
0 0.7347244103610234 0.4427337187793686 0.018895445745273777 0.02587329528527036
0 0.7690872898822505 0.44321601075637307 0.01678787145439505 0.021609595809129207
0 0.7826168360701444 0.44466863082812236 0.012621204787728383 0.021415530190180238
0 0.8044797155913715 0.44573311966197365 0.023062112411940443 0.026067360904219208
0 0.38284712516682806 0.4237155969138885 0.012621204787728265 0.021415530190180238
0 0.4099122777820021 0.4255791703907203 0.006334843351409821 0.014874431761756787
0 0.6222850127548875 0.43755682382432376 0.010513630496849185 0.017151830714039088
0 0.652481225609448 0.4382331814202772 0.010513630496849185 0.017151830714039088
0 0.5670948601397133 0.43700319327539733 0.006310602393863955 0.010707765095090119
0 0.5493804665669937 0.43886963882259705 0.018895445745273777 0.02587329528527024
0 0.6024630448912888 0.44368696884766456 0.010513630496849185 0.017151830714039088
0 0.7179910810611062 0.4549683145884978 0.025206048139137967 0.03658106038036048
0 0.40982137419120596 0.4412041703907203 0.012621204787728147 0.021415530190180238
0 0.8106206312824161 0.4641920212335503 0.018895445745273777 0.02587329528527036
0 0.3119471292002442 0.43847304576935403 0.010513630496849303 0.017151830714039088
0 0.9157501815037262 0.47283353102175585 0.029396955763350264 0.040941792665975994
0 0.8917918481703928 0.4739494083307123 0.052471188654063874 0.06909248690352854
0 0.37127364728515294 0.4440409440326648 0.029384835284577568 0.03885845933264266
0 0.7803759365127644 0.4718489969709302 0.02518180718159234 0.03241439371369381
0 0.48466380796715924 0.46479432258297243 0.01891968670281964 0.030039961951937026
0 0.4347001694034777 0.46087311001035997 0.027374224823881122 0.05126142652316818
0 0.5388001734368938 0.46747980286996943 0.03570755815721446 0.05164955776106612
0 0.7553335148370596 0.48030505735129053 0.05030301196932072 0.054412120760720724
0 0.984336555040293 0.4977564483090981 0.025315132448093417 0.05533106038036048
0 0.3940691091640913 0.4638069164617789 0.02518180718159234 0.032414393713693694
0 0.9645267076554672 0.5018032599991057 0.05244694769651801 0.06492582023686187
0 0.29410547060040976 0.46221449131655373 0.012645445745273895 0.025582196856846907
0 0.8552062498099448 0.49752248249651565 0.03574391959353278 0.05789955776106612
0 0.3200622939156667 0.4755849145314561 0.018919686702819523 0.030039961951937026
0 0.5740713943582866 0.49083024510890333 0.033575742908789626 0.04321919161825818
0 0.8176577678948536 0.5076024064003896 0.029396955763350264 0.040941792665975994
0 0.6771054907674904 0.5016521210399167 0.031504530054229464 0.045205492142117144
0 0.03061228584883443 0.4661558083817417 0.046160586260199574 0.05838472180843842
0 0.610457004818983 0.5016321709431001 0.05463936533880679 0.08377285304633636
0 0.7144964064585351 0.5186555304693762 0.03774240957545653 0.043413257237207147
0 0.4750039767159979 0.514189303558941 0.03352726099369849 0.034885858284924964
0 0.15123957104302976 0.49594457209888876 0.03984998386633543 0.0476769567133483
0 0.2720001815037262 0.5028166691493691 0.029396955763350264 0.040941792665975994
0 0.8382123302164121 0.5545487449723115 0.05048481915091306 0.08566212076072072
0 0.052147912443195374 0.523470297215593 0.06097420869021655 0.09864728480809314
0 0.11147443052810407 0.5290381954789038 0.05461512438126116 0.0796061863796697
0 0.29675171168888326 0.5443606087690086 0.06296057819336731 0.08207765095090096
0 0.1895267076554671 0.5378994651236109 0.042127244860033976 0.08110732285615611
0 0.3393994426283525 0.5527881028414486 0.07353481108408057 0.10964614833160671
0 0.2738168643040574 0.548552969673228 0.031504530054229346 0.045205492142117026
0 0.8806843142136752 0.5931845723780848 0.10505146161708297 0.15693497380705707
0 0.39036232618299577 0.5639524656759906 0.044149975799503235 0.07078768899896394
0 0.7089123382832443 0.5834814458263957 0.06511663439933765 0.09467468376037544
0 0.7796305270682358 0.5999739969709302 0.12389842544726548 0.17447493575899412
0 0.15082141452536735 0.5678195720988888 0.06097420869021655 0.09864728480809314
0 0.6650471937349025 0.6053108014920263 0.07140299583565621 0.1012157821887989
0 0.5067987037529789 0.5981019616787532 0.09663328493233957 0.14196350923582604
0 0.9554540251169915 0.6292747245703368 0.061228738744445836 0.14239728480809313
0 0.26715476802578136 0.6196774014349846 0.07140299583565597 0.10121578218879866
0 0.4628062941775223 0.641806317344384 0.06726057012653494 0.1051883832365166
0 0.0181675225111083 0.6147031883099925 0.0363350450222166 0.1164269567133483
0 0.5887570572533928 0.6515608323711781 0.1091454054111125 0.14462903942600605
0 0.06404188850455418 0.6270547670254129 0.05048481915091294 0.08566212076072072
0 0.08987144679269644 0.6623001902403153 0.09249085922321866 0.14593611028354375
0 0.22722600104742255 0.6808960248149999 0.09032268253847556 0.13125574414073593
0 0.8654882021945182 0.8781902856396688 0.16761206401094692 0.17026262475795828
0 0.1967685033914502 0.9041294841476424 0.18403632110215712 0.12937222056708725