0 0.4024106158007374 0.03044943010423661 0.014946980519337908 0.021257664995145024
0 0.37191900270479317 0.13263483856736785 0.014946980519337908 0.02125766499514503
0 0.904512131493371 0.046100229698991475 0.014946980519337672 0.02125766499514503
0 0.23913114015046666 0.16000523480223242 0.014946980519337849 0.021257664995145
0 0.45192733008582403 0.12351032937399883 0.014946980519337908 0.021257664995145
0 0.5038470221854553 0.11565079959475487 0.014946980519337908 0.02125766499514503
0 0.31078795183886393 0.14959658370687573 0.010707584415470232 0.016969760710817874
0 0.019399292748254412 0.09739025987505706 0.010707584415470291 0.016969760710817874
0 0.32459471590884126 0.04588455810643589 0.010707584415470232 0.016969760710817874
0 0.37962122564917233 0.037074289873770615 0.010707584415470232 0.016969760710817874
0 0.30070911201270883 0.049354108471554775 0.010707584415470232 0.016969760710817874
0 0.022241012985643516 0.20054556927947217 0.01501970995653877 0.02542433166181167
0 0.5143546006486232 0.12116222697223941 0.01501970995653868 0.025424331661811697
0 0.7189083690471482 0.0896331796420182 0.019113647186004338 0.02137890261280552
0 0.915201533549541 0.06202832374314268 0.010707584415470232 0.016969760710817874
0 0.4843644556268925 0.1327832542442009 0.006504553030203179 0.014765189759824052
0 0.5778053555187886 0.11780276730822843 0.019113647186004338 0.02137890261280552
0 0.2860788695876676 0.16553582466757952 0.014946980519337908 0.021257664995145
0 0.711816708332784 0.1008793471444457 0.010707584415470232 0.016969760710817874
0 0.3547379577911664 0.16232791202564414 0.014946980519337908 0.021257664995145
0 0.20629927489134695 0.06847095266977879 0.0150197099565388 0.025424331661811697
0 0.4025273479427315 0.15643047796207304 0.016957584415470232 0.017151617137308624
0 0.9101750238092099 0.07229344338773375 0.019113647186004338 0.02137890261280552
0 0.8987894199130776 0.07612670660583408 0.010707584415470232 0.016969760710817874
0 0.3922197754318662 0.1623773839179218 0.010707584415470232 0.016969760710817874
0 0.5469553674233936 0.1398101518424415 0.014946980519337672 0.021257664995145
0 0.38397735389503396 0.1673432420159342 0.014946980519337908 0.021257664995145
0 0.41303492640589934 0.1619419053395576 0.014946980519337908 0.021257664995145
0 0.37363341666556826 0.17120681463844967 0.019113647186004574 0.02137890261280552
0 0.2602659356057111 0.058588708366031736 0.006504553030203179 0.014765189759824052
0 0.28123418344033874 0.18621761097883724 0.010707584415470232 0.016969760710817874
0 0.6280053614710911 0.13071595205348757 0.019113647186004338 0.02137890261280552
0 0.7027871731594885 0.12039822917137627 0.014946980519337908 0.021257664995145
0 0.17130844047477822 0.21112981411083442 0.014946980519337908 0.021257664995145
0 0.5606243106051619 0.1474958407665047 0.019113647186004338 0.02137890261280552
0 0.025984213201851226 0.2360531641593842 0.014946980519337865 0.021257664995145
0 0.21387131493370973 0.20403916635852107 0.014946980519337908 0.021257664995145
0 0.4484879577911664 0.16505575842300502 0.014946980519337908 0.021257664995145
0 0.25760313257440953 0.20427049467728947 0.014946980519337908 0.021257664995145
0 0.4828811401504666 0.16709763543537065 0.01070758441547035 0.016969760710817874
0 0.13302132683831472 0.2245916994808083 0.014946980519337879 0.021257664995145
0 0.5254621969686984 0.16104865434972393 0.0150197099565388 0.02542433166181167
0 0.3635258501070054 0.18861205392763178 0.014946980519337908 0.021257664995145
0 0.49960235389503393 0.1707075859060126 0.014946980519337908 0.021257664995145
0 0.3361075963200753 0.04934296155500221 0.010707584415470232 0.016969760710817874
0 0.3548030492421746 0.04676353083447438 0.014946980519337908 0.02125766499514503
0 0.08539557792045167 0.23986413354437944 0.01501970995653877 0.02542433166181167
0 0.35425994426280677 0.1945892692878957 0.0150197099565388 0.02542433166181167
0 0.7176614242416254 0.13748922749985462 0.019186376623205586 0.025545569279472127
0 0.508977353895034 0.1709803705457487 0.019113647186004574 0.02137890261280552
0 0.6419106753237623 0.15194330764421746 0.01925910606040636 0.029712235946138796
0 0.21527662878638093 0.2249028090962695 0.014946980519337849 0.021257664995145
0 0.3326213149337098 0.20749443846184482 0.014946980519337908 0.021257664995145
0 0.177940270020083 0.23318667053732517 0.014946980519337908 0.021257664995145
0 0.422275011904605 0.035191975454790574 0.010707584415470232 0.016969760710817874
0 0.669012191016396 0.1537730188256773 0.014946980519337672 0.021257664995145
0 0.4894220578992703 0.18394615852852805 0.019113647186004574 0.02137890261280546
0 0.011873621210323784 0.26271216583090584 0.014946980519337868 0.021257664995145
0 0.48017433441437185 0.19096504055545865 0.019113647186004574 0.02137890261280552
0 0.3150948051933786 0.21739584525345446 0.010707584415470232 0.016969760710817874
0 0.46772888149227254 0.1937263277024772 0.014946980519337908 0.021257664995145
0 0.3037273836565465 0.22227077513822144 0.019186376623205468 0.025545569279472127
0 0.1700409475103161 0.0788684568485829 0.014946980519337849 0.021257664995145
0 0.15531452110221994 0.2491865303068592 0.014946980519337908 0.021257664995145
0 0.2227864837646503 0.23761497492717537 0.014946980519337908 0.021257664995145
0 0.19164557792045167 0.24295569279472173 0.010707584415470291 0.016969760710817874
0 0.2810289053014825 0.23410396824108878 0.010707584415470232 0.016969760710817874
0 0.2301690622278181 0.24303547409141454 0.014946980519337908 0.021257664995145
0 0.13168110443665168 0.0881636755518901 0.014946980519337879 0.02125766499514503
0 0.2925054209941161 0.2354790383563218 0.014946980519337908 0.021257664995145
0 0.4565432835484426 0.20901792425391086 0.010707584415470232 0.016969760710817874
0 0.7389493165574644 0.1641370822548237 0.019186376623205586 0.025545569279472127
0 0.21260618776888662 0.25085354754969086 0.014946980519337908 0.021257664995145
0 0.25105694263905215 0.24676666217971696 0.014946980519337908 0.021257664995145
0 0.4462357110375773 0.21496483020975965 0.016957584415470232 0.017151617137308624
0 0.6019584226178708 0.18930290753869444 0.019113647186004338 0.02137890261280546
0 0.11823271536612513 0.27205372508124814 0.019113647186004515 0.02137890261280546
0 0.5366061580073741 0.2030184150605418 0.019113647186004574 0.02137890261280546
0 0.525166007033341 0.2037266782786422 0.006504553030203179 0.014765189759824082
0 0.2749970936130853 0.24642211181459805 0.014946980519337908 0.021257664995145
0 0.5074734902596689 0.025177346616830472 0.016957584415470232 0.017151617137308596
0 0.5886349442628068 0.20140888528129786 0.019113647186004574 0.02137890261280552
0 0.1765660486994585 0.27375105172849495 0.014946980519337908 0.021257664995145
0 0.41015920724954874 0.23577900105523042 0.014946980519337908 0.021257664995145
0 0.10498196644826209 0.2883263694905183 0.008660615800737403 0.01899247523532092
0 0.4237008739162154 0.236173023312627 0.010707584415470232 0.016969760710817874
0 0.5835720698038752 0.2095906715925556 0.014946980519337908 0.021257664995145
0 0.4309561758642816 0.2343018558101995 0.010707584415470232 0.016969760710817874
0 0.3043637662320544 0.2587291084715548 0.014946980519337908 0.021257664995145
0 0.3230410367948535 0.25510801108436026 0.014946980519337908 0.021257664995145
0 0.4019713327906172 0.2438698591532428 0.019186376623205468 0.02554556927947219
0 0.5733372267302108 0.21970424421507104 0.014946980519337908 0.021257664995145
0 0.7322031206698045 0.19517491642391788 0.014946980519337908 0.021257664995145
0 0.12490090963003035 0.2961939148410722 0.014946980519337849 0.021257664995145
0 0.33360316233592197 0.2637444384618448 0.014946980519337908 0.021257664995145
0 0.48311223863481584 0.23998399269762222 0.010707584415470232 0.016969760710817874
0 0.6471319188298421 0.21248121192854466 0.014946980519337672 0.021257664995145
0 0.37516073484678725 0.25870681463844963 0.019113647186004574 0.02137890261280546
0 0.2547455957773591 0.279149257059629 0.014946980519337908 0.02125766499514512
0 0.28491756439209204 0.2779448964543342 0.010707584415470232 0.016969760710817874
0 0.560013748375147 0.23181022195767445 0.019186376623205586 0.025545569279472127
0 0.6295508620116105 0.2192576187201542 0.014946980519337672 0.021257664995145
0 0.4998334523793832 0.24359394316826416 0.014946980519337908 0.021257664995145
0 0.6202667738081116 0.22419316741375148 0.019113647186004574 0.02137890261280552
0 0.475966030842551 0.24810516020004972 0.019113647186004574 0.02137890261280552
0 0.4614736093057188 0.25288916187157134 0.019186376623205468 0.02554556927947219
0 0.7553016109294735 0.2062583899877172 0.01501970995653868 0.02542433166181167
0 0.36600392315839 0.2709340299987135 0.008660615800737403 0.01899247523532092
0 0.12418652543076776 0.3149136054366571 0.01695758441547029 0.017151617137308624
0 0.5406220936130853 0.25415100994045386 0.019113647186004338 0.02137890261280552
0 0.35686529382929294 0.2842029120256441 0.014946980519337908 0.021257664995145
0 0.182613676947517 0.083398836368231 0.010707584415470291 0.016969760710817874
0 0.13681380194586937 0.32256898495630526 0.014946980519337908 0.02125766499514512
0 0.1721577391753351 0.3194328380397527 0.014946980519337849 0.02125766499514512
0 0.4150895330068249 0.2796502386728909 0.019113647186004574 0.02137890261280546
0 0.6808470817084803 0.2353261128698285 0.019186376623205586 0.025545569279472127
0 0.532379672076253 0.25911686803846623 0.014946980519337908 0.021257664995145
0 0.15558198430516956 0.32415622090244406 0.019113647186004574 0.02137890261280546
0 0.6061925465351846 0.25293550241860646 0.019186376623205586 0.02554556927947219
0 0.11722214123150518 0.33345143960575124 0.019113647186004515 0.02137890261280546
0 0.49721755843978954 0.2726696816216855 0.019186376623205468 0.025545569279472127
0 0.6603046661239506 0.25138659144819275 0.019186376623205346 0.025545569279472127
0 0.44540696049595957 0.28677921140092943 0.019113647186004574 0.02137890261280546
0 0.6675599680720168 0.24951542394576526 0.014946980519337672 0.021257664995145
0 0.5886842191541537 0.26387857587688274 0.006504553030203179 0.014765189759824082
0 0.6001789172060874 0.2662953126587824 0.014946980519337672 0.021257664995145
0 0.2306001666644698 0.3273801646869995 0.019113647186004574 0.02137890261280546
0 0.7268622386348158 0.24707639333076045 0.014946980519337908 0.021257664995145
0 0.37389560768196417 0.30552119582961945 0.010707584415470232 0.016969760710817874
0 0.5680145270545225 0.27264738778858033 0.014946980519337672 0.021257664995145
0 0.5805690741324231 0.2761361006415618 0.014946980519337908 0.021257664995145
0 0.36779106655636595 0.313672672736462 0.019186376623205346 0.025545569279472127
0 0.2162532040020394 0.3404974996918544 0.0150197099565388 0.02542433166181167
0 0.3674666904758766 0.056502243687455836 0.014946980519337908 0.02125766499514503
0 0.6522986152580212 0.2698941162128718 0.014946980519337908 0.021257664995145
0 0.34606152543076774 0.3213695085770778 0.014946980519337908 0.02125766499514512
0 0.6159675584397896 0.2761249537250092 0.019113647186004574 0.02137890261280546
0 0.4706978782447633 0.30417330377355895 0.019186376623205346 0.025545569279472127
0 0.6461758917731228 0.27700392645304767 0.014946980519337908 0.02125766499514512
0 0.4624190919893306 0.30705582853823804 0.010707584415470232 0.016969760710817874
0 0.6690380113618889 0.2745457333501804 0.014946980519337908 0.021257664995145
0 0.0031871850640934115 0.12294697607108178 0.0024469805193378666 0.020893952142163563
0 0.10070383982615508 0.10287939341943647 0.014946980519337849 0.02125766499514503
0 0.37319940584200173 0.32528255309187093 0.006504553030203179 0.014765189759824082
0 0.4977993939373968 0.3060030149550188 0.0150197099565388 0.02542433166181167
0 0.5507607527036948 0.29817379458019 0.014946980519337672 0.02125766499514512
0 0.34214941179430425 0.33583160429275066 0.01501970995653868 0.02542433166181167
0 0.5414766645001959 0.3031093432737872 0.010707584415470232 0.016969760710817874
0 0.632870595777359 0.29015157086231785 0.014946980519337672 0.02125766499514512
0 0.7045092251064562 0.2787012531002945 0.014946980519337908 0.021257664995145
0 0.19686154923997773 0.3628382876746337 0.010707584415470291 0.016969760710817874
0 0.2623047256469755 0.35433111348611973 0.019186376623205468 0.025545569279472127
0 0.01730778084145257 0.3950947607108179 0.014946980519337865 0.021257664995145
0 0.25205170021401085 0.3634030194419685 0.014946980519337849 0.021257664995145
0 0.5988228782447632 0.3079013605166188 0.010707584415470232 0.016969760710817874
0 0.701602413418059 0.29111032488704913 0.015019709956538918 0.02542433166181167
0 0.06541444967459001 0.10914054033598904 0.014946980519337865 0.02125766499514503
0 0.5261607646082997 0.3203630355408937 0.019186376623205346 0.025545569279472127
0 0.6341122683963282 0.3016402136000663 0.019186376623205586 0.025545569279472127
0 0.2863539707768099 0.36023656312100083 0.014946980519337908 0.021257664995145
0 0.43167819804973695 0.3353132130724511 0.014946980519337908 0.02125766499514512
0 0.49819940584200173 0.32891968162168544 0.019186376623205346 0.025545569279472127
0 0.5107539529199024 0.3324083944746669 0.008660615800737403 0.01899247523532092
0 0.056067635819721955 0.40871620867417735 0.010707584415470291 0.016969760710817874
0 0.9228955779204516 0.2642328946941365 0.019186376623205586 0.02554556927947219
0 0.42047441774660677 0.3495631429572181 0.019113647186004574 0.02137890261280546
0 0.18589413960775053 0.3906298842260674 0.014946980519337908 0.021257664995145
0 0.7786675643920921 0.29231155414710136 0.014946980519337908 0.021257664995145
0 0.6592940919893306 0.31278430597269585 0.019113647186004338 0.02137890261280546
0 0.6749009096300304 0.312197280372256 0.019186376623205586 0.025545569279472127
0 0.16102141612285212 0.39719412518677116 0.014946980519337908 0.02125766499514512
0 0.4765971412315052 0.3439081841289679 0.023462137445673412 0.03191680689713271
0 0.14029717694532012 0.40283793709846877 0.019113647186004574 0.02137890261280546
0 0.5711524372272689 0.33312467326407724 0.019113647186004574 0.02137890261280546
0 0.764266054651761 0.3023038891519564 0.016957584415470232 0.017151617137308624
0 0.5255009274869378 0.3422077261364786 0.008660615800737403 0.01899247523532092
0 0.03762673592782581 0.4258789727280385 0.019186376623205437 0.025545569279472127
0 0.12585930248638863 0.4107469387699904 0.014946980519337879 0.021257664995145
0 0.060470673157291564 0.4223791129585045 0.01501970995653877 0.025424331661811787
0 0.5660713804090372 0.3402647929086683 0.019113647186004574 0.02137890261280546
0 0.07607749079799134 0.42179208735806467 0.019113647186004546 0.02137890261280546
0 0.09888506330885664 0.41620889425519725 0.014946980519337849 0.02125766499514512
0 0.4643698766210086 0.3591694712759865 0.010707584415470232 0.016969760710817874
0 0.5464251726167723 0.3480222475581144 0.014946980519337908 0.02125766499514512
0 0.08444718884992514 0.42411789592671895 0.010707584415470291 0.016969760710817874
0 0.6606266764048009 0.32948128204377763 0.014946980519337908 0.021257664995145
0 0.7229266704524984 0.3198415129753515 0.01501970995653868 0.02542433166181167
0 0.4581926060582095 0.3631542815161624 0.014946980519337908 0.02125766499514512
0 0.743705456707931 0.31732270106365396 0.019186376623205586 0.025545569279472127
0 0.3108032278112494 0.38905867942254857 0.014946980519337908 0.02125766499514512
0 0.4385282159066444 0.3698700694989418 0.019113647186004574 0.02137890261280546
0 0.7946380292187963 0.3125578618799949 0.019113647186004338 0.02137890261280546
0 0.2683676298674194 0.40344099384152865 0.010707584415470232 0.016969760710817874
0 0.15995156331105348 0.09731536280443169 0.014946980519337908 0.021257664995145
0 0.04989854383039137 0.11493589926976222 0.008660615800737403 0.01899247523532098
0 0.8528986331149289 0.31008852186057495 0.014946980519337672 0.021257664995145
0 0.7636243998896994 0.32519024641420796 0.019186376623205586 0.025545569279472127
0 0.8176092429633637 0.3163496687771275 0.019113647186004574 0.02137890261280546
0 0.30478959848215237 0.40241848966272453 0.010707584415470232 0.016969760710817874
0 0.2881592965340861 0.40401687252541596 0.014946980519337908 0.02125766499514512
0 0.7055456195865691 0.3380762531002945 0.01501970995653868 0.02542433166181167
0 0.5031479139585782 0.3738325859060126 0.014946980519337908 0.021257664995145
0 0.24672900053832242 0.4163461630154778 0.019113647186004574 0.02137890261280546
0 0.013135841988232153 0.45431821368874226 0.0107803138526712 0.021136427377484543
0 0.41640684144990975 0.056885119028299846 0.014946980519337908 0.021257664995145018
0 0.261330516230956 0.41781216134395616 0.019113647186004515 0.02137890261280546
0 0.7731630411234013 0.334838031053944 0.019186376623205586 0.025545569279472127
0 0.610203209954342 0.36341278789410336 0.015019709956538918 0.02542433166181167
0 0.46590246698878135 0.3873247806804016 0.014946980519337908 0.021257664995145
0 0.1783608300836272 0.4362207423240798 0.014946980519337908 0.021257664995145
0 0.1991214339797596 0.43266026374571553 0.019113647186004515 0.02137890261280546
0 0.898877425322664 0.3197554689881736 0.021451533549541088 0.03602285475496909
0 0.15765477326539543 0.442906220902444 0.019113647186004574 0.02137890261280546
0 0.3354295768394131 0.07014598548392043 0.019113647186004574 0.021378902612805492
0 0.5625592786771787 0.37764355529100785 0.019113647186004574 0.02137890261280546
0 0.21790779869836008 0.43528916635852105 0.014946980519337908 0.021257664995145
0 0.725591839283439 0.3532354651175151 0.01501970995653868 0.02542433166181167
0 0.23870476731309292 0.4338120211134901 0.019113647186004515 0.02137890261280546
0 0.6944872981578407 0.3606595163183948 0.014946980519337908 0.02125766499514512
0 0.6000592786771787 0.3787346938499521 0.01925910606040636 0.029712235946138796
0 0.038444942096336004 0.4727539727280385 0.014946980519337865 0.02125766499514512
0 0.4931858062744172 0.39957115852852804 0.019186376623205468 0.025545569279472127
0 0.3520780611467796 0.06958926928789569 0.014946980519337908 0.02125766499514503
0 0.14443565746685488 0.10311072173820487 0.014946980519337908 0.021257664995145
0 0.05196842640370245 0.4721063283187684 0.014946980519337879 0.021257664995145
0 0.331231277053424 0.4260928914397692 0.006504553030203179 0.014765189759824082
0 0.6530933668806774 0.37507214014178997 0.023462137445673648 0.03191680689713271
0 0.34064264177202447 0.4284490094128387 0.019186376623205468 0.025545569279472127
0 0.4870630827895187 0.40668096876870397 0.019113647186004574 0.02137890261280546
0 0.4061040005383224 0.42098350189099126 0.023425772727073024 0.029833473563799374
0 0.5857304983740484 0.3928936955214738 0.019113647186004574 0.02137890261280546
0 0.3324365849537927 0.4354982008441843 0.019113647186004574 0.02137890261280546
0 0.765393360928375 0.3668872224852897 0.019186376623205586 0.025545569279472127
0 0.5619539886337175 0.4026132458865927 0.01925910606040636 0.029712235946138796
0 0.5381047494561854 0.4081661295850449 0.014946980519337908 0.021257664995145
0 0.28168583603592967 0.4506797066945101 0.006504553030203179 0.014765189759824082
0 0.8485266883094058 0.357853641505166 0.015019709956538918 0.02542433166181167
0 0.8391698706687062 0.35862252353209656 0.014946980519337672 0.02125766499514512
0 0.2692767478324308 0.45552432717486196 0.014946980519337908 0.021257664995145
0 0.31913128895802895 0.44864584525345447 0.010707584415470232 0.016969760710817874
0 0.7520335178547106 0.3769098668945598 0.014946980519337908 0.021257664995145
0 0.5485941455600529 0.4126358902958628 0.015019709956538918 0.02542433166181167
0 0.2579820557327995 0.4645659237262957 0.019113647186004515 0.02137890261280546
0 0.510270667204989 0.42401444233250335 0.021451533549541088 0.03602285475496909
0 0.205057061685102 0.4744784774344578 0.008660615800737403 0.01899247523532092
0 0.30056311255103124 0.4585169426406489 0.014946980519337908 0.021257664995145
0 0.8280388198027767 0.37703912008353024 0.019186376623205586 0.025545569279472127
0 0.6422350514042515 0.40911373669322365 0.015019709956538918 0.02542433166181167
0 0.6308312651488189 0.41190533324465733 0.010707584415470232 0.016969760710817874
0 0.18654343235600496 0.4874745748216523 0.014946980519337849 0.021257664995145
0 0.14085555789707344 0.4944742943607203 0.019113647186004515 0.02137890261280546
0 0.8229577629845451 0.3841792397281213 0.023425772727073024 0.029833473563799374
0 0.09937071482340902 0.5036785848507822 0.019113647186004515 0.02137890261280546
0 0.08633869480442448 0.11495506175762478 0.01501970995653877 0.02542433166181167
0 0.41191235172856316 0.45551004891306685 0.023462137445673412 0.03191680689713271
0 0.0818078403644775 0.5114966583090584 0.014946980519337849 0.021257664995145
0 0.12544874620867613 0.5065196532944936 0.019186376623205437 0.025545569279472127
0 0.7712380768372163 0.4034971028406986 0.019186376623205586 0.025545569279472127
0 0.8148971650407152 0.39956176449280034 0.019186376623205346 0.025545569279472127
0 0.5906790064906249 0.43780659980580094 0.014946980519337908 0.021257664995145
0 0.6176532456681568 0.43234464432059405 0.014946980519337672 0.02125766499514512
0 0.8792623100624458 0.3889409475665379 0.019186376623205586 0.025545569279472127
0 0.7453782337635518 0.4131560343969873 0.015019709956538918 0.02542433166181167
0 0.21806616774550835 0.5040088569541059 0.014946980519337908 0.021257664995145
0 0.7246721769453203 0.41984151297535155 0.015019709956538918 0.02542433166181167
0 0.317720702918804 0.4871268931112908 0.019186376623205468 0.025545569279472127
0 0.029301581167960986 0.12787137784812647 0.014946980519337865 0.021257664995145
0 0.23575631871954142 0.5034824501624963 0.019113647186004574 0.02137890261280546
0 0.7133411201270884 0.4267997761934519 0.019186376623205346 0.025545569279472127
0 0.9293532218589469 0.395604132311797 0.023425772727073024 0.029833473563799374
0 0.29918889123040676 0.4990813238318187 0.014946980519337908 0.021257664995145
0 0.7974979318154856 0.4167548379510766 0.023462137445673648 0.03191680689713271
0 0.7861305102786535 0.42162976783584366 0.015019709956538918 0.02542433166181167
0 0.06775233603812651 0.12378449247815261 0.014946980519337879 0.02125766499514503
0 0.295113676947517 0.08667225204506404 0.014946980519337908 0.021257664995145
0 0.7010411260793908 0.43789439667380375 0.014946980519337908 0.02125766499514512
0 0.8837926239151169 0.4098955185175317 0.014946980519337908 0.02125766499514512
0 0.9513009512961478 0.40040729647118123 0.023425772727073024 0.029833473563799374
0 0.8693002023782849 0.4146795201890533 0.014946980519337672 0.021257664995145
0 0.16440860713924804 0.5315994345911863 0.019113647186004574 0.02137890261280546
0 0.684519918287126 0.44574277953649516 0.015019709956538918 0.02542433166181167
0 0.6326729556246957 0.45776897598240573 0.019186376623205586 0.025545569279472127
0 0.6617123457762607 0.4513259726393625 0.019186376623205586 0.025545569279472127
0 0.30755912986961625 0.08391096489804549 0.014946980519337908 0.02125766499514503
0 0.5818131125510313 0.4667004818327315 0.019113647186004574 0.02137890261280546
0 0.35971465205287484 0.5070892692878957 0.019186376623205346 0.025545569279472127
0 0.08566013473648657 0.5532542531889706 0.01501970995653877 0.02542433166181155
0 0.6473472007545301 0.4634016409775508 0.014946980519337672 0.021257664995145
0 0.62318940205617 0.033750023840242206 0.014946980519337908 0.021257664995145018
0 0.2061661856024158 0.5380201441011245 0.0150197099565388 0.025424331661811787
0 0.06393059361088839 0.5609510890295863 0.019186376623205437 0.025545569279472127
0 0.7190403771615278 0.4550763232155275 0.019186376623205586 0.025545569279472127
0 0.3744070795420094 0.5137636009497074 0.014946980519337908 0.021257664995145
0 0.10766241125158814 0.5611824173483548 0.014946980519337849 0.021257664995144882
0 0.3527139031350117 0.5235437701236566 0.019186376623205346 0.025545569279472127
0 0.33931769534274686 0.5314830811995932 0.014946980519337908 0.02125766499514512
0 0.29065027975821717 0.5467252058587493 0.014946980519337908 0.021257664995144882
0 0.8252721948022276 0.4571262157992031 0.023425772727073024 0.029833473563799374
0 0.6239161558409033 0.4929128580093363 0.015019709956538918 0.025424331661811787
0 0.8990123398239582 0.4467781835126767 0.019186376623205346 0.025545569279472127
0 0.2824078582213849 0.5516910639567617 0.014946980519337908 0.021257664995144882
0 0.23054271319965436 0.5626755937360056 0.0150197099565388 0.02542433166181155
0 0.1703442348445904 0.5734176482799286 0.008660615800737403 0.01899247523532092
0 0.24611316612175368 0.5600052348022324 0.014946980519337908 0.021257664995144882
0 0.8202456850618965 0.46739133544379413 0.023425772727073024 0.029833473563799374
0 0.3722386471860045 0.03165379070953144 0.010598490259668953 0.010719760710817875
0 0.4924485081165764 0.05909770555060366 0.014946980519337908 0.02125766499514503
0 0.27211846806981993 0.5586796365792772 0.006504553030203179 0.0147651897598242
0 0.16634120941162578 0.5826714106622681 0.019113647186004574 0.02137890261280546
0 0.1559790898228598 0.5854933166181169 0.019113647186004515 0.02137890261280546
0 0.8515320497804969 0.47038395090958113 0.015019709956538918 0.025424331661811787
0 0.5982563187195414 0.5140301228989583 0.019186376623205586 0.025545569279472127
0 0.19649499566705847 0.5804253833903066 0.019113647186004574 0.02137890261280546
0 0.4103510346283827 0.5450024540331547 0.014946980519337908 0.021257664995144882
0 0.768544181273868 0.4877508652230381 0.019186376623205586 0.025545569279472127
0 0.8744487164471637 0.47105075780671385 0.01925910606040636 0.029712235946138796
0 0.09791849187902987 0.5994209899708702 0.014946980519337879 0.021257664995144882
0 0.9190767418801282 0.462979062196564 0.019113647186004574 0.02137890261280546
0 0.14152303300462807 0.5923606516229718 0.0150197099565388 0.02542433166181155
0 0.7073404009707379 0.5005459436958793 0.019186376623205586 0.025545569279472127
0 0.11769197618639632 0.5989552019880907 0.019186376623205437 0.025545569279472127
0 0.8257449361440335 0.48420954913253644 0.019113647186004574 0.02137890261280546
0 0.14782758008252875 0.5956675080494627 0.014946980519337908 0.021257664995144882
0 0.6959729794339057 0.5054208735806464 0.014946980519337672 0.021257664995145
0 0.6814623755377731 0.5091632085855013 0.014946980519337672 0.02125766499514512
0 0.10634273700886435 0.6048717985395246 0.019113647186004515 0.02137890261280546
0 0.7904737283517687 0.49151236271575566 0.014946980519337908 0.021257664995145
0 0.8122759989145678 0.48798219354180655 0.019186376623205346 0.025545569279472127
0 0.0035871969686983984 0.14586364273774846 0.0023742510821369595 0.016727285475496897
0 0.08256622726853327 0.6145913489046433 0.019113647186004515 0.02137890261280546
0 0.40838260822468025 0.07435097712631221 0.0150197099565388 0.025424331661811697
0 0.6827767775939433 0.5248185179899164 0.019113647186004574 0.02137890261280546
0 0.33713817802635865 0.5855588196530145 0.014946980519337908 0.021257664995144882
0 0.3589768133077582 0.5841119838123987 0.014946980519337908 0.021257664995144882
0 0.23193565746685488 0.10565671170907501 0.014946980519337908 0.021257664995145
0 0.663185116879579 0.5357009726393626 0.019113647186004574 0.02137890261280546
0 0.3102184859267274 0.5941457751382214 0.014946980519337908 0.021257664995144882
0 0.987130540040166 0.4847408401502135 0.015019709956538918 0.02542433166181167
0 0.7629305638493759 0.5240273421298808 0.019186376623205346 0.025545569279472127
0 0.975781300862634 0.49065743670164713 0.019186376623205586 0.025545569279472127
0 0.8468931823593003 0.025683212456159836 0.0062863647186006235 0.00226518975982406
0 0.16239854383039137 0.11820931494659526 0.006504553030203179 0.014765189759824082
0 0.3212280730513845 0.09159665382210873 0.014946980519337908 0.021257664995145
0 0.6467366385245152 0.5477160221687206 0.019113647186004338 0.02137890261280546
0 0.42562529761512463 0.5850101190282999 0.014946980519337908 0.021257664995144882
0 0.2533813782425664 0.6185204245620565 0.019113647186004515 0.02137890261280546
0 0.21186017045030153 0.6256413817187849 0.019186376623205468 0.025545569279472127
0 0.23572759198713372 0.6211301646869993 0.014946980519337849 0.021257664995144882
0 0.3073480389569306 0.6086381802583094 0.019113647186004574 0.02137890261280546
0 0.7569169345202788 0.5373871523700567 0.019186376623205586 0.025545569279472127
0 0.6015144080084727 0.04457185968085801 0.019186376623205586 0.02554556927947217
0 0.26411822997772016 0.10034630324594376 0.014946980519337908 0.02125766499514503
0 0.6998980032431156 0.551345135127225 0.019113647186004574 0.02137890261280546
0 0.8484381423125437 0.531721046625254 0.015092439393739691 0.029590998328478453
0 0.6885669464248838 0.5583033983453254 0.019186376623205346 0.025545569279472127
0 0.9584729794339056 0.5130588434932568 0.015019709956538918 0.025424331661811787
0 0.7384033051911819 0.5503832497572513 0.019113647186004338 0.02137890261280546
0 0.09791321969247613 0.6587656805664551 0.01501970995653877 0.02542433166181155
0 0.17177354383039137 0.11848209958633135 0.014946980519337849 0.02125766499514503
0 0.8646196980519337 0.027240138997883558 0.012572729437200773 0.00453037951964812
0 0.35955864880536553 0.6174453171457321 0.010707584415470232 0.016969760710817874
0 0.40528288798289747 0.6125289309399975 0.019113647186004574 0.02137890261280546
0 0.13747837066650923 0.658875771267563 0.019186376623205468 0.025545569279472127
0 0.7219730091954181 0.5634399659532758 0.016957584415470232 0.017151617137308506
0 0.9451858657974422 0.5272481545691936 0.019186376623205586 0.025545569279472248
0 0.3856730449092331 0.6223697189227768 0.019186376623205346 0.025545569279472127
0 0.3525033528096017 0.6307748179814929 0.014946980519337908 0.02125766499514512
0 0.42310031547203214 0.6192941908150544 0.008660615800737403 0.018992475235321157
0 0.9391176893904444 0.5374829648093695 0.01925910606040636 0.029712235946138796
0 0.3349586607099705 0.639634558106436 0.019113647186004574 0.02137890261280546
0 0.8000252797582171 0.5615465046177434 0.023462137445673412 0.03191680689713271
0 0.4294412272685333 0.6246843805748785 0.019113647186004574 0.02137890261280546
0 0.818757097398917 0.5610504072305489 0.019113647186004338 0.02137890261280546
0 0.9382942110353805 0.5499526554049543 0.023462137445673648 0.03191680689713271
0 0.29568442748474105 0.6561911340719946 0.019113647186004574 0.02137890261280546
0 0.26660867261457544 0.6605508040817045 0.014946980519337908 0.021257664995144882
0 0.08502611796061761 0.6958716583090585 0.019186376623205437 0.025545569279472127
0 0.9882578463167799 0.5493241734835468 0.019113647186004574 0.02137890261280546
0 0.6996381780263586 0.5961064923894767 0.019186376623205346 0.025545569279472127
0 0.909382097398917 0.5636873254146643 0.019113647186004338 0.02137890261280546
0 0.5217060865797442 0.06515470220756038 0.014946980519337908 0.02125766499514503
0 0.7875727294372009 0.027080576404497955 0.016812125541068448 0.008818283803975261
0 0.22740716882654688 0.68127404671393 0.019186376623205468 0.025545569279472127
0 0.7807790838705574 0.5922206259338559 0.019186376623205586 0.025545569279472127
0 0.4112003333289396 0.653305477962073 0.0150197099565388 0.02542433166181155
0 0.8960222543252525 0.5737099698239344 0.019186376623205586 0.025545569279472127
0 0.73099727218216 0.6032657745219302 0.019113647186004574 0.02137890261280546
0 0.14237233170518498 0.7006636755518901 0.019186376623205468 0.025545569279472127
0 0.5372947218611438 0.06352600994045385 0.010707584415470232 0.016969760710817874
0 0.11446552001678768 0.7123453216326818 0.01501970995653877 0.02542433166181155
0 0.38230640205177635 0.6680818146384496 0.0150197099565388 0.02542433166181155
0 0.25361247672691556 0.691406781824308 0.019113647186004515 0.02137890261280546
0 0.8858783230480893 0.5890318757797832 0.019186376623205586 0.025545569279472127
0 0.8282159117965011 0.029304309843354324 0.01893182359300217 0.01096223594613884
0 0.7636689431817683 0.029508460102950176 0.019004553030203177 0.015128902612805506
0 0.7572025800825287 0.6133985096323082 0.019186376623205586 0.025545569279472127
0 0.7675646996712947 0.6105766036764595 0.014946980519337672 0.021257664995144882
0 0.4427048863591428 0.6687980934278599 0.014946980519337908 0.021257664995144882
0 0.1707155200167877 0.7139820294710985 0.019186376623205468 0.025545569279472127
0 0.9856783170957868 0.5804832452703015 0.019186376623205586 0.025545569279472127
0 0.8684063603856589 0.6020582825713928 0.019186376623205586 0.025545569279472127
0 0.9953251398791086 0.5819492435987799 0.009349720241782695 0.029712235946138796
0 0.3733314139563813 0.6907256966653802 0.019113647186004574 0.02137890261280546
0 0.42833974133741215 0.6808737617660483 0.019113647186004574 0.02137890261280546
0 0.9702715054073895 0.5925286042040746 0.01925910606040636 0.029712235946138796
0 0.14183977109892465 0.7298000328141416 0.0150197099565388 0.025424331661811787
0 0.3048359669865845 0.7033086093073156 0.019186376623205346 0.025545569279472127
0 0.5632636590906095 0.060117078384165204 0.014946980519337908 0.021257664995145018
0 0.3909833749994508 0.09154405058458849 0.01501970995653868 0.02542433166181167
0 0.28312460822028657 0.7120471118145981 0.019186376623205346 0.025545569279472127
0 0.8521033409049967 0.6224066654340843 0.019113647186004574 0.02137890261280546
0 0.8053919821386989 0.6304177422354037 0.019186376623205586 0.025545569279472127
0 0.3496458160125514 0.7056535803638325 0.019113647186004574 0.02137890261280546
0 0.49400110605601266 0.6848665875775343 0.019186376623205346 0.025545569279472127
0 0.2136965887396244 0.7308497150521184 0.0150197099565388 0.02542433166181155
0 0.3754129220773515 0.09421440951836169 0.010707584415470232 0.016969760710817874
0 0.2583791612504897 0.7259030194419686 0.010707584415470291 0.016969760710817874
0 0.5169177727226794 0.6855333944746669 0.019186376623205346 0.025545569279472127
0 0.23142310443225797 0.7324066415938421 0.01925910606040636 0.029712235946138796
0 0.9654268192600608 0.6132103905153324 0.01925910606040636 0.029712235946138796
0 0.535649590363379 0.6850372970874724 0.019113647186004574 0.02137890261280546
0 0.8273578939352 0.6362625730614546 0.01925910606040636 0.029712235946138796
0 0.33325188473538814 0.7207936298931905 0.019113647186004574 0.02137890261280546
0 0.8531977294372008 0.028990068882650558 0.010562125541068449 0.008636427377484542
0 0.5010182121208128 0.07288184745259128 0.010707584415470232 0.016969760710817874
0 0.2965371731594884 0.10857756144947915 0.019186376623205468 0.02554556927947219
0 0.9551737938270961 0.6222822964711813 0.025618200216207754 0.03614409237262966
0 0.47669278462728426 0.7072679943691438 0.019186376623205468 0.025545569279472127
0 0.18394281438879675 0.7560124089907465 0.0150197099565388 0.025424331661811787
0 0.457997331705185 0.7098474250896717 0.01501970995653868 0.025424331661811787
0 0.7800412451254407 0.6692433404583592 0.019113647186004574 0.02137890261280546
0 0.4270746141725891 0.7276881429572181 0.019186376623205468 0.025545569279472127
0 0.7697336726145755 0.675190246414208 0.019113647186004574 0.02137890261280546
0 0.4489314318132888 0.727282973783269 0.01925910606040636 0.029712235946138796
0 0.2828829653628298 0.7578501357435162 0.019113647186004574 0.02137890261280546
0 0.9410813841948689 0.6499829648093695 0.014946980519337908 0.021257664995144882
0 0.9203389626580367 0.6545851100544003 0.019186376623205586 0.025545569279472127
0 0.38990189663999314 0.7453470043982737 0.019186376623205468 0.025545569279472127
0 0.28199547673130937 0.05089187252541594 0.019113647186004574 0.021378902612805506
0 0.3152197159088413 0.04561177346669979 0.014946980519337908 0.02125766499514503
0 0.4117768966399931 0.7459835018909913 0.019113647186004574 0.02137890261280546
0 0.330835996748097 0.7613277016799451 0.019186376623205346 0.025545569279472127
0 0.16579283224570424 0.7898418397112742 0.019113647186004574 0.02137890261280546
0 0.35159660064422943 0.7577672231015808 0.014946980519337908 0.021257664995144882
0 0.3724117516182625 0.7573317445232166 0.0150197099565388 0.02542433166181155
0 0.8998329117921073 0.6727289219660979 0.019113647186004574 0.02137890261280546
0 0.30400721644496687 0.7751229904984853 0.01501970995653868 0.025424331661811787
0 0.26672540475656953 0.7865318519395411 0.0150197099565388 0.02542433166181155
0 0.7629692943676153 0.7051864139166354 0.019113647186004574 0.02137890261280546
0 0.9820518490215732 0.6709566982482258 0.019113647186004574 0.02137890261280546
0 0.2387276812716711 0.7930051646869993 0.014946980519337908 0.021257664995144882
0 0.1006951206654108 0.8181406805664551 0.019186376623205437 0.025545569279472127
0 0.8398708041079463 0.6970126431766877 0.019186376623205586 0.025545569279472127
0 0.893873829540911 0.689213732206274 0.019186376623205586 0.025545569279472127
0 0.5678996201248915 0.7432382458865926 0.025618200216207754 0.03614409237262966
0 0.0778875481545455 0.8237238736693224 0.019186376623205437 0.025545569279472127
0 0.9992228901493683 0.6684985051453585 0.0015542197012635484 0.025363712852981498
0 0.15062239122820992 0.8154288653117142 0.019186376623205468 0.025545569279472127
0 0.34752429274825436 0.10693772226582009 0.010707584415470232 0.016969760710817874
0 0.12686406384717905 0.8261900823434997 0.0150197099565388 0.02542433166181155
0 0.993611908818153 0.6817976965767042 0.012776182363694015 0.025545569279472127
0 0.22237011471310833 0.8102285475496909 0.01925910606040636 0.029712235946138796
0 0.5131640281333641 0.7687151807859247 0.019186376623205468 0.025545569279472127
0 0.9253056531339133 0.7005396810053942 0.019113647186004338 0.02137890261280546
0 0.10933755410684798 0.8360914891351093 0.014946980519337849 0.021257664995144882
0 0.5339791791073972 0.7682797022075605 0.023425772727073024 0.029833473563799374
0 0.8973624767269155 0.7101379937528526 0.019186376623205586 0.025545569279472127
0 0.48734054977830016 0.7804574456755465 0.019186376623205346 0.025545569279472127
0 0.4365170714232362 0.7914722848592056 0.019186376623205346 0.025545569279472127
0 0.4635458576786688 0.7891353293739988 0.019113647186004574 0.02137890261280546
0 0.5424397889558321 0.775813844109548 0.014946980519337908 0.021257664995144882
0 0.953557929649015 0.7086497015912692 0.023425772727073024 0.029833473563799374
0 0.17092316395528293 0.8451714106622681 0.0150197099565388 0.02542433166181155
0 0.39307617153134006 0.8079076232071039 0.014946980519337908 0.021257664995144882
0 0.41283147347940624 0.806400168557658 0.014946980519337908 0.02125766499514512
0 0.4896784361418367 0.7951013978177102 0.023462137445673412 0.03191680689713271
0 0.3474428441503092 0.818032342746172 0.01925910606040636 0.029712235946138796
0 0.6122132732631985 0.7768029075386944 0.019186376623205586 0.025545569279472127
0 0.36513299512434233 0.8175059359545623 0.014946980519337908 0.021257664995144882
0 0.31750724620647924 0.8327783700181335 0.019113647186004574 0.02137890261280546
0 0.2708140697994815 0.8418311134861196 0.0150197099565388 0.02542433166181155
0 0.03304478138416869 0.16337897272803847 0.014946980519337865 0.021257664995145
0 0.6011549518344702 0.7993861707567947 0.019186376623205346 0.025545569279472127
0 0.29597771103318365 0.8519335391920826 0.019186376623205346 0.025545569279472127
0 0.5254223852759075 0.8148819175678244 0.019186376623205346 0.025545569279472127
0 0.02889629707680225 0.1642994017770447 0.010707584415470291 0.016969760710817874
0 0.22958377975602035 0.8656187373095148 0.019186376623205468 0.025545569279472127
0 0.2597739307300534 0.8654560433708868 0.019113647186004574 0.02137890261280546
0 0.17261939555675773 0.8827017200666832 0.01925910606040636 0.029712235946138796
0 0.2027004523749895 0.876289026128055 0.0150197099565388 0.02542433166181155
0 0.443913641233702 0.02228680628084144 0.010671219696869846 0.014886427377484543
0 0.3819174751075547 0.10897959927818573 0.010707584415470232 0.016969760710817874
0 0.11457697997222803 0.8976710600861032 0.019113647186004515 0.02137890261280546
0 0.5142731520506779 0.8322568474525913 0.019113647186004574 0.02137890261280546
0 0.4717284599510466 0.8403891618715714 0.019113647186004574 0.02137890261280546
0 0.57398942586538 0.07812850576164974 0.010707584415470232 0.016969760710817874
0 0.021713724565936943 0.17033723594613887 0.010707584415470291 0.016969760710817874
0 0.8820231222891655 0.7856947099488774 0.01501970995653868 0.02542433166181155
0 0.5459735200211815 0.08356015184244149 0.010707584415470232 0.016969760710817874
0 0.9933611747810462 0.7702787444345406 0.013277650437907577 0.02137890261280546
0 0.43990953462618587 0.8665329036680359 0.01925910606040636 0.029712235946138796
0 0.19493077217996319 0.9083382175594008 0.019186376623205468 0.025545569279472127
0 0.4514909534626186 0.09851032937399884 0.019113647186004574 0.02137890261280552
0 0.1619247213140339 0.9261183166181169 0.02145153354954103 0.03602285475496909
0 0.15773568127606483 0.14930776792451966 0.010707584415470291 0.016969760710817874
0 0.5803345286738835 0.8591663399307439 0.019186376623205586 0.025545569279472127
0 0.9416163106007682 0.7999223460005392 0.023425772727073024 0.029833473563799374
0 0.9909115581684315 0.7952181256257104 0.018176883663137033 0.03614409237262966
0 0.42267394263465846 0.8931009771263123 0.019113647186004574 0.02137890261280546
0 0.21716941936596773 0.9298080483854516 0.01925910606040636 0.029712235946138796
0 0.9252041969643048 0.8140207288632306 0.015019709956538918 0.02542433166181155
0 0.973998889063936 0.8060702708707412 0.014946980519337908 0.021257664995144882
0 0.33043835064313093 0.9174867734666999 0.019186376623205346 0.025545569279472127
0 0.9398784420941392 0.8196533938583758 0.019186376623205586 0.025545569279472127
0 0.4862156093013251 0.8949498507956346 0.023425772727073024 0.029833473563799374
0 0.4681758024885855 0.10003694651130743 0.019113647186004574 0.02137890261280552
0 0.5673928798641242 0.8931473176733474 0.019113647186004574 0.02137890261280546
0 0.5456269740199254 0.8987608201806299 0.023425772727073024 0.029833473563799374
0 0.13670126081587744 0.9722355815077389 0.01925910606040636 0.029712235946138796
0 0.11520917153573376 0.1584817490101664 0.014946980519337849 0.021257664995145
0 0.3124712732675923 0.1267405358490393 0.019113647186004574 0.02137890261280552
0 0.8699916726189691 0.03676668601995916 0.019113647186004574 0.021378902612805506
0 0.9021742451298345 0.0314562775568279 0.006431823593002169 0.0105985230931574
0 0.10561490204957949 0.9807012993752853 0.0150197099565388 0.025424331661811787
0 0.661051968067623 0.890666830737375 0.01925910606040636 0.029712235946138796
0 0.3101686704481047 0.9491722520450642 0.019113647186004574 0.02137890261280546
0 0.29487203409006035 0.13247527597398226 0.014946980519337908 0.021257664995145
0 0.5283186525911971 0.9211622269722394 0.029748502164273917 0.03418199665695667
0 0.4670966899287668 0.932915638778414 0.019186376623205346 0.025545569279472127
0 0.5045421428508661 0.9308817773373583 0.023462137445673412 0.03191680689713271
0 0.05673565151455238 0.08910639843400141 0.010707584415470291 0.016969760710817874
0 0.3623258143931905 0.11986205392763179 0.019113647186004574 0.02137890261280552
0 0.8606348549782694 0.03753556804688974 0.014946980519337672 0.02125766499514503
0 0.4121974567035373 0.949017573677746 0.01925910606040636 0.029712235946138796
0 0.4434292743442371 0.9488851891435329 0.019186376623205346 0.025545569279472127
0 0.6355012251020625 0.9180340956269968 0.019113647186004574 0.02137890261280546
0 0.9396913463145832 0.8685814177872939 0.029748502164273796 0.034181996656956905
0 0.9063772765151016 0.033660848507821715 0.008587886363536513 0.014825808568654312
0 0.25961900865709564 0.14081975622386816 0.0150197099565388 0.02542433166181167
0 0.9824178620072168 0.8708657700349806 0.015019709956538918 0.02542433166181155
0 0.5752129161250489 0.08857548183273153 0.010707584415470232 0.016969760710817874
0 0.6094606396099475 0.08228402551176385 0.014946980519337672 0.02125766499514503
0 0.2879974805127473 0.9892204969207643 0.019186376623205468 0.021559006158471304
0 0.7271315270501286 0.918617989882194 0.023425772727073024 0.029833473563799374
0 0.26621339230924845 0.9920272481744056 0.019150011904604962 0.015945503651188866
0 0.20797097077241622 0.9963869181841154 0.018968188311602734 0.007226163631769112
0 0.24130430410574955 0.9968718686547575 0.018968188311602734 0.006256262690484959
0 0.6495156331105352 0.9455114512177267 0.015019709956538918 0.02542433166181155
0 0.6152679096256366 0.9518029075386943 0.023425772727073024 0.029833473563799374
0 0.6350232115737029 0.9502954528892484 0.021451533549541088 0.03602285475496909
0 0.004278126622107011 0.1854469760710818 0.0025197099565387737 0.02506061880883023
0 0.5597270216383454 0.9879675408636042 0.01925910606040636 0.024064918272791638
0 0.5016482413352154 0.9964938775399809 0.019113647186004574 0.007012244920038313
0 0.0863152402585705 0.173258085686543 0.014946980519337849 0.021257664995145
0 0.19635007737993243 0.1545958825545458 0.014946980519337908 0.021257664995145
0 0.340650820345493 0.13068388976824757 0.010707584415470232 0.016969760710817874
0 0.4590371731594884 0.11330582853823801 0.014946980519337908 0.02125766499514503