0 0.2989583333333333 0.24479166666666666 0.03333333333333333 0.071875
0 0.7239583333333334 0.28541666666666665 0.040625 0.06666666666666667
0 0.35208333333333336 0.26458333333333334 0.0375 0.071875
0 0.4510416666666667 0.3104166666666667 0.040625 0.058333333333333334
0 0.5427083333333333 0.31666666666666665 0.046875 0.08125
0 0.6625 0.171875 0.040625 0.053125
0 0.32708333333333334 0.15833333333333333 0.03333333333333333 0.06666666666666667
0 0.39166666666666666 0.16458333333333333 0.03125 0.053125
0 0.5395833333333333 0.17708333333333334 0.041666666666666664 0.07708333333333334
0 0.20833333333333334 0.1875 0.041666666666666664 0.071875
0 0.5864583333333333 0.21875 0.040625 0.06666666666666667
0 0.8635416666666667 0.24270833333333333 0.04583333333333333 0.06666666666666667
0 0.45208333333333334 0.215625 0.03333333333333333 0.06666666666666667
0 0.8270833333333333 0.24375 0.0375 0.071875
0 0.49270833333333336 0.23020833333333332 0.035416666666666666 0.0625
0 0.16354166666666667 0.21145833333333333 0.046875 0.07708333333333334
0 0.7791666666666667 0.26666666666666666 0.046875 0.071875
0 0.4114583333333333 0.24270833333333333 0.041666666666666664 0.07708333333333334
0 0.24895833333333334 0.234375 0.041666666666666664 0.07708333333333334
0 0.6302083333333334 0.2604166666666667 0.041666666666666664 0.07708333333333334
0 0.6802083333333333 0.26875 0.046875 0.07708333333333334