0 0.45208333333333334 0.2947916666666667 0.041666666666666664 0.05625
0 0.5083333333333333 0.30833333333333335 0.03333333333333333 0.065625
0 0.08020833333333334 0.31979166666666664 0.0375 0.065625
0 0.04583333333333333 0.334375 0.03333333333333333 0.06041666666666667
0 0.3458333333333333 0.32916666666666666 0.028125 0.041666666666666664
0 0.203125 0.33645833333333336 0.03333333333333333 0.065625
0 0.9270833333333334 0.328125 0.03333333333333333 0.065625
0 0.40729166666666666 0.34479166666666666 0.03333333333333333 0.07083333333333333
0 0.5666666666666667 0.3416666666666667 0.03333333333333333 0.052083333333333336
0 0.8927083333333333 0.33541666666666664 0.0375 0.07916666666666666
0 0.37916666666666665 0.346875 0.03333333333333333 0.07083333333333333
0 0.4979166666666667 0.3489583333333333 0.0375 0.05625
0 0.24791666666666667 0.35625 0.041666666666666664 0.07083333333333333
0 0.3145833333333333 0.359375 0.03333333333333333 0.065625
0 0.14791666666666667 0.3697916666666667 0.029166666666666667 0.065625
0 0.5395833333333333 0.3645833333333333 0.029166666666666667 0.052083333333333336
0 0.7729166666666667 0.36354166666666665 0.029166666666666667 0.052083333333333336
0 0.17604166666666668 0.3729166666666667 0.0375 0.07083333333333333
0 0.7270833333333333 0.3645833333333333 0.029166666666666667 0.06041666666666667
0 0.8083333333333333 0.3625 0.03333333333333333 0.08958333333333333
0 0.9208333333333333 0.365625 0.03333333333333333 0.065625
0 0.6083333333333333 0.3729166666666667 0.03333333333333333 0.052083333333333336
0 0.45625 0.378125 0.041666666666666664 0.07916666666666666
0 0.6708333333333333 0.3770833333333333 0.029166666666666667 0.052083333333333336
0 0.7520833333333333 0.375 0.03333333333333333 0.065625
0 0.7041666666666667 0.378125 0.03333333333333333 0.07083333333333333
0 0.075 0.39375 0.0375 0.065625
0 0.9635416666666666 0.37916666666666665 0.041666666666666664 0.075
0 0.6416666666666667 0.38645833333333335 0.029166666666666667 0.06041666666666667
0 0.9885416666666667 0.38333333333333336 0.020833333333333332 0.09375
0 0.5083333333333333 0.4166666666666667 0.046875 0.075