0 0.5489583333333333 0.121875 0.004166666666666667 0.014583333333333334
0 0.5822916666666667 0.15416666666666667 0.014583333333333334 0.01875
0 0.5979166666666667 0.15520833333333334 0.014583333333333334 0.01875
0 0.5729166666666666 0.16041666666666668 0.009375 0.014583333333333334
0 0.41770833333333335 0.16770833333333332 0.014583333333333334 0.022916666666666665
0 0.3958333333333333 0.17916666666666667 0.014583333333333334 0.014583333333333334
0 0.3697916666666667 0.18541666666666667 0.014583333333333334 0.022916666666666665
0 0.6197916666666666 0.18333333333333332 0.014583333333333334 0.01875
0 0.19166666666666668 0.19583333333333333 0.014583333333333334 0.01875
0 0.09166666666666666 0.196875 0.014583333333333334 0.022916666666666665
0 0.12916666666666668 0.203125 0.014583333333333334 0.01875
0 0.31145833333333334 0.20729166666666668 0.014583333333333334 0.01875
0 0.6541666666666667 0.20520833333333333 0.014583333333333334 0.01875
0 0.06041666666666667 0.21875 0.009375 0.01875
0 0.14583333333333334 0.21666666666666667 0.014583333333333334 0.01875
0 0.32916666666666666 0.21875 0.009375 0.01875
0 0.2708333333333333 0.21979166666666666 0.014583333333333334 0.01875
0 0.6458333333333334 0.21666666666666667 0.014583333333333334 0.01875
0 0.7614583333333333 0.21979166666666666 0.014583333333333334 0.01875
0 0.721875 0.22708333333333333 0.014583333333333334 0.014583333333333334
0 0.8416666666666667 0.225 0.014583333333333334 0.01875
0 0.7145833333333333 0.22916666666666666 0.009375 0.009375
0 0.884375 0.22708333333333333 0.014583333333333334 0.014583333333333334
0 0.79375 0.23333333333333334 0.014583333333333334 0.01875
0 0.9604166666666667 0.23020833333333332 0.014583333333333334 0.01875
0 0.7822916666666667 0.240625 0.014583333333333334 0.022916666666666665
0 0.6645833333333333 0.24166666666666667 0.009375 0.01875
0 0.70625 0.24375 0.014583333333333334 0.022916666666666665
0 0.6708333333333333 0.24479166666666666 0.009375 0.004166666666666667
0 0.825 0.25416666666666665 0.014583333333333334 0.01875
0 0.575 0.2916666666666667 0.009375 0.014583333333333334
0 0.5927083333333333 0.296875 0.009375 0.014583333333333334
0 0.584375 0.296875 0.009375 0.009375
0 0.5979166666666667 0.30833333333333335 0.009375 0.014583333333333334
0 0.578125 0.3104166666666667 0.004166666666666667 0.014583333333333334
0 0.44583333333333336 0.31354166666666666 0.014583333333333334 0.022916666666666665
0 0.5541666666666667 0.3229166666666667 0.014583333333333334 0.014583333333333334
0 0.55 0.3302083333333333 0.009375 0.014583333333333334
0 0.540625 0.3375 0.009375 0.01875
0 0.4322916666666667 0.035416666666666666 0.009375 0.014583333333333334
0 0.5145833333333333 0.3489583333333333 0.009375 0.014583333333333334
0 0.49270833333333336 0.375 0.009375 0.014583333333333334
0 0.4791666666666667 0.37916666666666665 0.014583333333333334 0.01875
0 0.5541666666666667 0.41041666666666665 0.014583333333333334 0.01875
0 0.4083333333333333 0.4322916666666667 0.014583333333333334 0.014583333333333334
0 0.5916666666666667 0.4354166666666667 0.009375 0.014583333333333334
0 0.3927083333333333 0.44583333333333336 0.009375 0.014583333333333334
0 0.3854166666666667 0.4635416666666667 0.009375 0.01875
0 0.371875 0.4708333333333333 0.009375 0.01875
0 0.6458333333333334 0.46979166666666666 0.009375 0.014583333333333334
0 0.3541666666666667 0.4791666666666667 0.014583333333333334 0.014583333333333334
0 0.6510416666666666 0.4791666666666667 0.014583333333333334 0.01875
0 0.26875 0.49895833333333334 0.009375 0.014583333333333334
0 0.8354166666666667 0.49166666666666664 0.009375 0.014583333333333334
0 0.06041666666666667 0.5052083333333334 0.004166666666666667 0.009375
0 0.884375 0.490625 0.009375 0.009375
0 0.9770833333333333 0.4895833333333333 0.014583333333333334 0.014583333333333334
0 0.09895833333333333 0.5072916666666667 0.014583333333333334 0.014583333333333334
0 0.153125 0.50625 0.009375 0.014583333333333334
0 0.18541666666666667 0.5052083333333334 0.014583333333333334 0.009375
0 0.21041666666666667 0.5041666666666667 0.009375 0.014583333333333334
0 0.32916666666666666 0.503125 0.014583333333333334 0.014583333333333334
0 0.071875 0.5083333333333333 0.009375 0.014583333333333334
0 0.19895833333333332 0.5052083333333334 0.014583333333333334 0.01875
0 0.7083333333333334 0.49583333333333335 0.009375 0.014583333333333334
0 0.35208333333333336 0.5020833333333333 0.014583333333333334 0.01875
0 0.12291666666666666 0.50625 0.009375 0.01875
0 0.23541666666666666 0.5041666666666667 0.009375 0.014583333333333334
0 0.14375 0.5083333333333333 0.004166666666666667 0.014583333333333334
0 0.6833333333333333 0.49895833333333334 0.014583333333333334 0.01875
0 0.07916666666666666 0.509375 0.009375 0.014583333333333334
0 0.090625 0.5114583333333333 0.009375 0.01875
0 0.115625 0.5114583333333333 0.014583333333333334 0.014583333333333334
0 0.058333333333333334 0.5125 0.004166666666666667 0.004166666666666667
0 0.7479166666666667 0.5 0.014583333333333334 0.014583333333333334
0 0.159375 0.5135416666666667 0.004166666666666667 0.014583333333333334
0 0.7385416666666667 0.503125 0.009375 0.009375
0 0.8489583333333334 0.5010416666666667 0.009375 0.014583333333333334
0 0.8427083333333333 0.5010416666666667 0.009375 0.014583333333333334
0 0.17604166666666668 0.5125 0.014583333333333334 0.009375
0 0.8166666666666667 0.5020833333333333 0.004166666666666667 0.009375
0 0.8239583333333333 0.5020833333333333 0.004166666666666667 0.009375
0 0.16666666666666666 0.5125 0.004166666666666667 0.014583333333333334
0 0.23541666666666666 0.5114583333333333 0.009375 0.014583333333333334
0 0.6729166666666667 0.5041666666666667 0.014583333333333334 0.014583333333333334
0 0.22708333333333333 0.5145833333333333 0.009375 0.014583333333333334
0 0.04791666666666667 0.5166666666666667 0.009375 0.009375
0 0.7135416666666666 0.5052083333333334 0.014583333333333334 0.009375
0 0.6645833333333333 0.50625 0.014583333333333334 0.014583333333333334
0 0.7020833333333333 0.5052083333333334 0.009375 0.014583333333333334
0 0.278125 0.5135416666666667 0.004166666666666667 0.009375
0 0.30104166666666665 0.5125 0.014583333333333334 0.01875
0 0.8083333333333333 0.5041666666666667 0.014583333333333334 0.014583333333333334
0 0.8864583333333333 0.5020833333333333 0.009375 0.014583333333333334
0 0.24791666666666667 0.5166666666666667 0.014583333333333334 0.01875
0 0.7291666666666666 0.5083333333333333 0.009375 0.009375
0 0.7729166666666667 0.5072916666666667 0.014583333333333334 0.014583333333333334
0 0.8729166666666667 0.5052083333333334 0.014583333333333334 0.01875
0 0.26458333333333334 0.515625 0.004166666666666667 0.009375
0 0.25729166666666664 0.5177083333333333 0.014583333333333334 0.014583333333333334
0 0.98125 0.5145833333333333 0.014583333333333334 0.014583333333333334
0 0.33229166666666665 0.53125 0.014583333333333334 0.014583333333333334
0 0.225 0.5364583333333334 0.009375 0.014583333333333334
0 0.3572916666666667 0.54375 0.014583333333333334 0.014583333333333334
0 0.4708333333333333 0.05625 0.009375 0.014583333333333334
0 0.34375 0.5552083333333333 0.014583333333333334 0.014583333333333334
0 0.3541666666666667 0.5625 0.014583333333333334 0.014583333333333334
0 0.3854166666666667 0.5666666666666667 0.014583333333333334 0.014583333333333334
0 0.37395833333333334 0.5739583333333333 0.014583333333333334 0.01875
0 0.40208333333333335 0.5854166666666667 0.014583333333333334 0.014583333333333334
0 0.41041666666666665 0.5854166666666667 0.009375 0.014583333333333334
0 0.5645833333333333 0.5875 0.014583333333333334 0.014583333333333334
0 0.5385416666666667 0.5958333333333333 0.014583333333333334 0.01875
0 0.43645833333333334 0.609375 0.014583333333333334 0.014583333333333334
0 0.46041666666666664 0.61875 0.014583333333333334 0.01875
0 0.5208333333333334 0.6229166666666667 0.014583333333333334 0.014583333333333334
0 0.5041666666666667 0.6291666666666667 0.014583333333333334 0.014583333333333334
0 0.48541666666666666 0.6364583333333333 0.009375 0.014583333333333334
0 0.4739583333333333 0.6375 0.009375 0.01875
0 0.2947916666666667 0.6708333333333333 0.009375 0.009375
0 0.4979166666666667 0.66875 0.014583333333333334 0.022916666666666665
0 0.5197916666666667 0.6729166666666667 0.014583333333333334 0.01875
0 0.3229166666666667 0.6791666666666667 0.009375 0.014583333333333334
0 0.2833333333333333 0.6895833333333333 0.004166666666666667 0.009375
0 0.6979166666666666 0.684375 0.009375 0.009375
0 0.7916666666666666 0.6854166666666667 0.014583333333333334 0.01875
0 0.2625 0.6958333333333333 0.009375 0.009375
0 0.55625 0.6916666666666667 0.009375 0.014583333333333334
0 0.315625 0.6979166666666666 0.004166666666666667 0.009375
0 0.30833333333333335 0.7020833333333333 0.004166666666666667 0.014583333333333334
0 0.7041666666666667 0.6979166666666666 0.014583333333333334 0.009375
0 0.7510416666666667 0.696875 0.009375 0.014583333333333334
0 0.753125 0.696875 0.009375 0.014583333333333334
0 0.29583333333333334 0.7083333333333334 0.009375 0.014583333333333334
0 0.7125 0.7 0.009375 0.014583333333333334
0 0.6635416666666667 0.7010416666666667 0.014583333333333334 0.014583333333333334
0 0.5645833333333333 0.7052083333333333 0.014583333333333334 0.01875
0 0.8447916666666667 0.7020833333333333 0.009375 0.01875
0 0.7416666666666667 0.7072916666666667 0.009375 0.009375
0 0.8302083333333333 0.7052083333333333 0.009375 0.014583333333333334
0 0.5760416666666667 0.709375 0.01875 0.022916666666666665
0 0.7791666666666667 0.7083333333333334 0.004166666666666667 0.004166666666666667
0 0.10520833333333333 0.7229166666666667 0.009375 0.009375
0 0.5854166666666667 0.7145833333333333 0.014583333333333334 0.022916666666666665
0 0.7229166666666667 0.7114583333333333 0.009375 0.009375
0 0.7520833333333333 0.7104166666666667 0.004166666666666667 0.009375
0 0.7083333333333334 0.7114583333333333 0.009375 0.01875
0 0.7729166666666667 0.7104166666666667 0.004166666666666667 0.009375
0 0.6791666666666667 0.7125 0.009375 0.01875
0 0.8208333333333333 0.7125 0.014583333333333334 0.014583333333333334
0 0.7927083333333333 0.7145833333333333 0.004166666666666667 0.014583333333333334
0 0.121875 0.7260416666666667 0.009375 0.01875
0 0.30416666666666664 0.7229166666666667 0.014583333333333334 0.01875
0 0.28541666666666665 0.7229166666666667 0.014583333333333334 0.014583333333333334
0 0.6635416666666667 0.71875 0.014583333333333334 0.01875
0 0.21458333333333332 0.73125 0.004166666666666667 0.009375
0 0.390625 0.7333333333333333 0.009375 0.014583333333333334
0 0.7979166666666667 0.728125 0.009375 0.014583333333333334
0 0.28229166666666666 0.7375 0.009375 0.014583333333333334
0 0.7083333333333334 0.7291666666666666 0.009375 0.01875
0 0.6104166666666667 0.734375 0.014583333333333334 0.01875
0 0.28854166666666664 0.7447916666666666 0.009375 0.009375
0 0.23541666666666666 0.7458333333333333 0.009375 0.014583333333333334
0 0.275 0.7447916666666666 0.009375 0.014583333333333334
0 0.8333333333333334 0.7375 0.009375 0.014583333333333334
0 0.3145833333333333 0.7458333333333333 0.009375 0.014583333333333334
0 0.7822916666666667 0.740625 0.009375 0.014583333333333334
0 0.24583333333333332 0.75 0.009375 0.014583333333333334
0 0.8489583333333334 0.74375 0.009375 0.014583333333333334
0 0.19166666666666668 0.7552083333333334 0.009375 0.009375
0 0.79375 0.7447916666666666 0.014583333333333334 0.01875
0 0.20625 0.7583333333333333 0.009375 0.014583333333333334
0 0.36770833333333336 0.7541666666666667 0.009375 0.014583333333333334
0 0.6395833333333333 0.75 0.014583333333333334 0.014583333333333334
0 0.865625 0.7479166666666667 0.009375 0.014583333333333334
0 0.8354166666666667 0.7489583333333333 0.014583333333333334 0.01875
0 0.8197916666666667 0.7520833333333333 0.009375 0.009375
0 0.8479166666666667 0.7510416666666667 0.009375 0.014583333333333334
0 0.17291666666666666 0.7666666666666667 0.009375 0.014583333333333334
0 0.3541666666666667 0.7645833333333333 0.014583333333333334 0.014583333333333334
0 0.8291666666666667 0.75625 0.009375 0.014583333333333334
0 0.7458333333333333 0.7583333333333333 0.009375 0.014583333333333334
0 0.759375 0.7572916666666667 0.009375 0.01875
0 0.9854166666666667 0.7552083333333334 0.009375 0.014583333333333334
0 0.18020833333333333 0.7697916666666667 0.009375 0.014583333333333334
0 0.14791666666666667 0.7729166666666667 0.009375 0.009375
0 0.89375 0.7614583333333333 0.014583333333333334 0.01875
0 0.340625 0.771875 0.014583333333333334 0.022916666666666665
0 0.803125 0.765625 0.014583333333333334 0.014583333333333334
0 0.196875 0.7770833333333333 0.014583333333333334 0.01875
0 0.7864583333333334 0.76875 0.009375 0.014583333333333334
0 0.9739583333333334 0.7645833333333333 0.014583333333333334 0.01875
0 0.7916666666666666 0.76875 0.009375 0.009375
0 0.9604166666666667 0.7677083333333333 0.014583333333333334 0.01875
0 0.653125 0.7729166666666667 0.014583333333333334 0.01875
0 0.6666666666666666 0.7729166666666667 0.009375 0.01875
0 0.7729166666666667 0.7708333333333334 0.009375 0.009375
0 0.26458333333333334 0.784375 0.009375 0.014583333333333334
0 0.7458333333333333 0.778125 0.014583333333333334 0.01875
0 0.7083333333333334 0.778125 0.014583333333333334 0.01875
0 0.9677083333333333 0.7739583333333333 0.009375 0.014583333333333334
0 0.32916666666666666 0.7854166666666667 0.009375 0.014583333333333334
0 0.7708333333333334 0.7791666666666667 0.009375 0.009375
0 0.31979166666666664 0.7875 0.009375 0.014583333333333334
0 0.7979166666666667 0.7791666666666667 0.009375 0.01875
0 0.6729166666666667 0.7833333333333333 0.014583333333333334 0.01875
0 0.8104166666666667 0.78125 0.014583333333333334 0.01875
0 0.778125 0.784375 0.009375 0.014583333333333334
0 0.17916666666666667 0.7947916666666667 0.009375 0.009375
0 0.8708333333333333 0.7875 0.014583333333333334 0.01875
0 0.8520833333333333 0.7895833333333333 0.014583333333333334 0.01875
0 0.9333333333333333 0.7885416666666667 0.014583333333333334 0.014583333333333334
0 0.7395833333333334 0.7916666666666666 0.014583333333333334 0.014583333333333334
0 0.2833333333333333 0.8 0.009375 0.014583333333333334
0 0.6958333333333333 0.7927083333333333 0.014583333333333334 0.014583333333333334
0 0.19791666666666666 0.8020833333333334 0.009375 0.014583333333333334
0 0.209375 0.8020833333333334 0.009375 0.014583333333333334
0 0.9166666666666666 0.7895833333333333 0.009375 0.01875
0 0.28958333333333336 0.8 0.009375 0.014583333333333334
0 0.09583333333333334 0.8052083333333333 0.014583333333333334 0.014583333333333334
0 0.25833333333333336 0.8020833333333334 0.009375 0.014583333333333334
0 0.24166666666666667 0.8052083333333333 0.009375 0.014583333333333334
0 0.15833333333333333 0.809375 0.009375 0.014583333333333334
0 0.16979166666666667 0.8083333333333333 0.009375 0.009375
0 0.07708333333333334 0.8135416666666667 0.014583333333333334 0.01875
0 0.975 0.796875 0.014583333333333334 0.01875
0 0.13541666666666666 0.8114583333333333 0.009375 0.014583333333333334
0 0.21458333333333332 0.8104166666666667 0.009375 0.01875
0 0.7604166666666666 0.803125 0.014583333333333334 0.014583333333333334
0 0.709375 0.8041666666666667 0.014583333333333334 0.014583333333333334
0 0.19270833333333334 0.8208333333333333 0.009375 0.014583333333333334
0 0.9458333333333333 0.809375 0.009375 0.01875
0 0.27708333333333335 0.8208333333333333 0.014583333333333334 0.01875
0 0.18333333333333332 0.825 0.014583333333333334 0.014583333333333334
0 0.20729166666666668 0.825 0.009375 0.01875
0 0.2916666666666667 0.828125 0.009375 0.014583333333333334
0 0.32083333333333336 0.8270833333333333 0.014583333333333334 0.014583333333333334
0 0.996875 0.8166666666666667 0.00625 0.01875
0 0.975 0.8208333333333333 0.009375 0.01875
0 0.30416666666666664 0.8479166666666667 0.014583333333333334 0.01875
0 0.3489583333333333 0.846875 0.009375 0.014583333333333334
0 0.5270833333333333 0.08541666666666667 0.009375 0.014583333333333334
0 0.5708333333333333 0.85 0.01875 0.022916666666666665
0 0.37916666666666665 0.85625 0.014583333333333334 0.014583333333333334
0 0.12916666666666668 0.8625 0.014583333333333334 0.014583333333333334
0 0.4 0.8666666666666667 0.014583333333333334 0.014583333333333334
0 0.5385416666666667 0.8791666666666667 0.014583333333333334 0.014583333333333334
0 0.43020833333333336 0.8885416666666667 0.014583333333333334 0.014583333333333334
0 0.41041666666666665 0.8927083333333333 0.014583333333333334 0.01875
0 0.41875 0.8927083333333333 0.004166666666666667 0.009375
0 0.51875 0.8979166666666667 0.014583333333333334 0.014583333333333334
0 0.5 0.903125 0.009375 0.009375
0 0.490625 0.09479166666666666 0.014583333333333334 0.014583333333333334
0 0.5041666666666667 0.096875 0.014583333333333334 0.01875
0 0.5208333333333334 0.09791666666666667 0.014583333333333334 0.014583333333333334