0 0.26019907974570944 0.38239785443555324 0.0262733399238878 0.03168637662320535
0 0.07388753034133805 0.40829169642817914 0.022276451913739535 0.03578031385267124
0 0.4458509644605805 0.3658608300836272 0.024020227934036124 0.027483345237938293
0 0.9492571719638977 0.3049057900368706 0.0262733399238878 0.03168637662320547
0 0.6043770711779886 0.3478093977232285 0.0262733399238878 0.03168637662320547
0 0.5173864071475437 0.35878207954200947 0.01993845059562863 0.029493949134070736
0 0.9233852839537493 0.30861789772103165 0.017685338605776955 0.025290917748803564
0 0.15284197368735672 0.40446522240166305 0.017685338605776955 0.025290917748803564
0 0.36419596775585766 0.3800494236989093 0.017685338605776955 0.025290917748803564
0 0.9130959512794715 0.31156107412802936 0.017685338605776715 0.025290917748803564
0 0.22437741637432 0.39738647186004533 0.028696230570257934 0.040056074675139185
0 0.1062640863362639 0.41093868289981944 0.028696230570257903 0.0400560746751393
0 0.8178143985798229 0.3234299637390752 0.017685338605776955 0.025290917748803564
0 0.7981076212414154 0.3251678322457042 0.019938450595628866 0.029493949134070736
0 0.7359896232185819 0.33345189068769066 0.028696230570257816 0.0400560746751393
0 0.6272937378446551 0.3482094096278335 0.0262733399238878 0.03168637662320535
0 0.37973607842759854 0.37823882575507933 0.0262733399238878 0.03168637662320535
0 0.030731755639152366 0.422111370670903 0.026612897236924584 0.04001970995653868
0 0.7806539558928596 0.3311087321376004 0.0262733399238878 0.03168637662320547
0 0.9639678392896197 0.30828534306707384 0.0262733399238878 0.03168637662320547
0 0.7226177352084335 0.3373821866834543 0.028696230570257816 0.0400560746751393
0 0.3176605250688945 0.3875645508637324 0.0262733399238878 0.03168637662320535
0 0.20996386169750503 0.4012985854965088 0.028696230570257934 0.040056074675139185
0 0.5021009644605805 0.3668426774858394 0.01993845059562863 0.029493949134070736
0 0.7694078458801743 0.33611705951863124 0.028696230570257816 0.040056074675139185
0 0.6679611825087849 0.349960188307209 0.019938450595628866 0.029493949134070854
0 0.0672325336366153 0.42378941991307756 0.026273339923887827 0.03168637662320547
0 0.02590542428298538 0.4313954588744018 0.01619623057025792 0.03983788636353651
0 0.3501644150562091 0.3933365373353727 0.0262733399238878 0.03168637662320547
0 0.32637586037939414 0.3970850097381342 0.024020227934036124 0.027483345237938293
0 0.84623651122873 0.331212554106848 0.01993845059562863 0.029493949134070736
0 0.7044619605062478 0.35163823754938356 0.024020227934036124 0.027483345237938293
0 0.2488026410130789 0.4092629994572839 0.017685338605776955 0.025290917748803564
0 0.18664219832611562 0.4165053912326036 0.0262733399238878 0.03168637662320547
0 0.8608622892261929 0.33250877380371785 0.01993845059562863 0.029493949134070854
0 0.638219740480877 0.36089123322083577 0.0262733399238878 0.03168637662320547
0 0.8794849552338042 0.3297110562711219 0.01993845059562863 0.029493949134070736
0 0.5326488551069506 0.3757032992388793 0.0262733399238878 0.03168637662320535
0 0.12973253363661527 0.42488036147109115 0.03111912121662801 0.048425772727073026
0 0.49748685642506146 0.38133509902267165 0.017685338605776955 0.025290917748803564
0 0.47890663508157977 0.3851744832219342 0.0262733399238878 0.03168637662320547
0 0.1547325336366153 0.42531673809429654 0.024020227934036124 0.027483345237938293
0 0.6187676311272471 0.3688791017274648 0.02644311858040614 0.035853043289872016
0 0.9813136205823599 0.32524292748254413 0.028696230570257816 0.040056074675139185
0 0.40958185972033867 0.3954145984821524 0.024020227934036124 0.027483345237938293
0 0.263513308338801 0.41264255248748705 0.0262733399238878 0.03168637662320547
0 0.5546936337634689 0.3802517954508507 0.024020227934036124 0.027483345237938293
0 0.39933497171019033 0.39939944155581675 0.022276451913739472 0.03578031385267124
0 0.8177489591881368 0.3473701147131083 0.02644311858040614 0.035853043289872134
0 0.4153667872242392 0.05201006330885665 0.0262733399238878 0.031686376623205434
0 0.34491545586807226 0.06014866287644124 0.013348893282591945 0.021051521644936035
0 0.7026775586311478 0.026838243501686097 0.023510891964481098 0.014983345237938324
0 0.15547890646370088 0.08598795779116643 0.0262733399238878 0.031686376623205434
0 0.4626219703920795 0.39425856547313054 0.028696230570257934 0.0400560746751393
0 0.34142608501815297 0.4087978961016707 0.01993845059562863 0.029493949134070736
0 0.9245312898852484 0.33674289772103166 0.01993845059562863 0.029493949134070736
0 0.3031390863362639 0.4143751488075624 0.028696230570257934 0.0400560746751393
0 0.8302914038522665 0.34862996969137766 0.028696230570257816 0.0400560746751393
0 0.5838603004301355 0.3807609015112571 0.03294778656518389 0.04221213744567341
0 0.5134514137380982 0.38994116774550835 0.0262733399238878 0.03168637662320547
0 0.3612177516848197 0.40914336092837505 0.02452956390359127 0.0399833452379383
0 0.20794242296487447 0.4283273717519415 0.017685338605776955 0.025290917748803564
0 0.7879226278319699 0.35621782629340176 0.0262733399238878 0.03168637662320535
0 0.7495931844859512 0.36075341233262664 0.03294778656518389 0.04221213744567341
0 0.3768427516848197 0.40941609631787845 0.022276451913739472 0.03578031385267124
0 0.14374109160870752 0.43657506547532743 0.0264431185804062 0.035853043289872016
0 0.492915193053672 0.39686918722617043 0.024020227934036124 0.027483345237938293
0 0.43596308370004216 0.40420249079799137 0.0262733399238878 0.03168637662320535
0 0.2775218663108932 0.4243372564917233 0.024020227934036124 0.027483345237938293
0 0.08795798291413304 0.44705155140644853 0.032947786565183775 0.04221213744567341
0 0.024840762888762313 0.4563590941558014 0.013943118580406215 0.03563485497826946
0 0.3894700856772085 0.41275928462948114 0.017685338605776955 0.025290917748803564
0 0.2226955349547262 0.4327485914488113 0.0264431185804062 0.035853043289872134
0 0.05283842889637353 0.45372501785690744 0.0264431185804062 0.035853043289872016
0 0.31589375432104144 0.42084333711916505 0.0262733399238878 0.03168637662320547
0 0.7987212964758029 0.365774649886404 0.011095781292740033 0.016848490259668954
0 0.6869004111018763 0.3804776217486462 0.03294778656518389 0.04221213744567341
0 0.44659197368735676 0.40959264772432696 0.028696230570257934 0.0400560746751393
0 0.729481410442821 0.3780980984799555 0.017685338605776715 0.025290917748803564
0 0.7025254111018764 0.3807503571381496 0.01993845059562863 0.029493949134070736
0 0.3358976443083561 0.42639713527920264 0.028696230570257934 0.0400560746751393
0 0.06763398555035484 0.459187904220444 0.026273339923887827 0.03168637662320535
0 0.6435748577431724 0.3901306293247033 0.028696230570257816 0.0400560746751393
0 0.26765698027791124 0.43769709956538777 0.017685338605776955 0.025290917748803564
0 0.9657929598471923 0.3530770097337405 0.0262733399238878 0.03168637662320547
0 0.6571589690739685 0.391408666662273 0.024020227934036124 0.027483345237938293
0 0.5650024163743199 0.4033321033512195 0.0262733399238878 0.03168637662320535
0 0.40031119898517104 0.4233577748891501 0.0262733399238878 0.03168637662320547
0 0.846680407806599 0.3676527050808811 0.028696230570257816 0.040056074675139185
0 0.16737931756557728 0.45468341071326573 0.0264431185804062 0.035853043289872134
0 0.41597864364930065 0.4246721769453201 0.0262733399238878 0.03168637662320547
0 0.1891269835731885 0.4519402402585705 0.0262733399238878 0.03168637662320535
0 0.11034231888368819 0.4599333809517533 0.028866009226776276 0.04422274134180597
0 0.036850876855780375 0.47010076677477053 0.026273339923887827 0.03168637662320535
0 0.6294159710511349 0.4002927429611668 0.028696230570257816 0.0400560746751393
0 0.6127917490485978 0.4010434918790299 0.0262733399238878 0.03168637662320535
0 0.9090106291500807 0.364576979972228 0.03294778656518389 0.04221213744567341
0 0.9257621851450065 0.366951231054365 0.017685338605776955 0.025290917748803564
0 0.8801835197964508 0.372401207245155 0.0262733399238878 0.03168637662320547
0 0.7166613030663574 0.39557006114238585 0.022276451913739472 0.03578031385267124
0 0.5229731976670602 0.4192532932865768 0.02644311858040614 0.035853043289872016
0 0.9423864071475436 0.366200482136502 0.017685338605776955 0.025290917748803564
0 0.6839275586311476 0.026510961034282014 0.02359578129274027 0.01706667857127165
0 0.3637503451963314 0.06255927867717866 0.0262733399238878 0.031686376623205434
0 0.6186421159441845 0.033698805731701066 0.0262733399238878 0.031686376623205434
0 0.5875618946007027 0.037320001619360936 0.0262733399238878 0.031686376623205434
0 0.5440665625854803 0.042806342528751415 0.024020227934036124 0.027483345237938325
0 0.023121800405348215 0.10761894913407073 0.014112897236924585 0.03980152164493607
0 0.43398408963154117 0.4322729437200907 0.017685338605776955 0.025290917748803564
0 0.3842812022804483 0.4386918571403465 0.024020227934036124 0.027483345237938293
0 0.02702843548692803 0.4845022765151016 0.015856673257221163 0.03150455303020318
0 0.5366421983261156 0.42261466395747976 0.0262733399238878 0.03168637662320535
0 0.8038217457533207 0.38876404599027153 0.01993845059562863 0.029493949134070736
0 0.6588373057025793 0.40705184902157315 0.024020227934036124 0.027483345237938293
0 0.4941460883134302 0.42707752055950376 0.028696230570257816 0.0400560746751393
0 0.4621090896315412 0.4327638674211968 0.017685338605776955 0.025290917748803564
0 0.4736523122931337 0.43504720670683267 0.017685338605776955 0.025290917748803564
0 0.7884938584022277 0.39578297726743483 0.02644311858040614 0.035853043289872134
0 0.7097516383768571 0.4048177846272843 0.024020227934036124 0.027483345237938293
0 0.4446554242829854 0.43870476731309294 0.024020227934036124 0.027483345237938293
0 0.35345564892174425 0.4485630530280063 0.024020227934036124 0.027483345237938293
0 0.3192928722423922 0.4531713685044322 0.028696230570257934 0.040056074675139185
0 0.2571748742195586 0.4614554269464186 0.028696230570257934 0.0400560746751393
0 0.4022442035985592 0.44525095724845026 0.0262733399238878 0.03168637662320535
0 0.1382321008354838 0.4801977889602258 0.024020227934036124 0.027483345237938293
0 0.0740307694793168 0.4884454826836118 0.0264431185804062 0.035853043289872016
0 0.8487407464123761 0.39267088744018136 0.024020227934036124 0.027483345237938293
0 0.7742925270460608 0.4049034242372317 0.017685338605776955 0.025290917748803685
0 0.5723135329775599 0.4294828641736874 0.03294778656518389 0.04221213744567341
0 0.28026131954274364 0.46602210551769024 0.028696230570257934 0.0400560746751393
0 0.05861799279996479 0.49338108062744174 0.02869623057025792 0.040056074675139185
0 0.8736983017482465 0.3920655973967201 0.0262733399238878 0.03168637662320547
0 0.7400873057025791 0.40847007304699084 0.02644311858040614 0.035853043289872016
0 0.961730632445358 0.38111109793723935 0.02644311858040614 0.035853043289872134
0 0.4264572049166701 0.45191915151235557 0.024020227934036124 0.027483345237938293
0 0.2959712088710028 0.46837817424052697 0.028696230570257934 0.0400560746751393
0 0.0960755481358352 0.4929939788955832 0.026273339923887827 0.03168637662320547
0 0.8252068597203387 0.4026693598429427 0.024020227934036124 0.027483345237938293
0 0.7476336403540235 0.4148473495620924 0.028696230570257816 0.0400560746751393
0 0.6119393109750227 0.43121546049376275 0.019938450595628866 0.029493949134070736
0 0.5932742003032819 0.432971511359692 0.0262733399238878 0.03168637662320547
0 0.4855775369318926 0.4467055459924685 0.0262733399238878 0.03168637662320535
0 0.17281932415613177 0.48600614015046667 0.028696230570257934 0.040056074675139185
0 0.0474992167796682 0.5015144080084725 0.02869623057025792 0.0400560746751393
0 0.6865148643337269 0.4221079236967124 0.02644311858040614 0.035853043289872134
0 0.3799217622297069 0.4594342786771787 0.028696230570257816 0.040056074675139185
0 0.9299058570841169 0.39200577813226567 0.022276451913739472 0.03578031385267124
0 0.23706310017642837 0.47880011309374737 0.024020227934036124 0.027483345237938293
0 0.18935865683040964 0.48317205789927026 0.028696230570257934 0.040056074675139185
0 0.6431044216467635 0.4296775979394363 0.028696230570257816 0.0400560746751393
0 0.6255234223058191 0.4324934978313324 0.02886600922677616 0.04422274134180597
0 0.21136099082279844 0.48667888744457505 0.028696230570257934 0.040056074675139185
0 0.11499532679235357 0.49748792802965397 0.0264431185804062 0.035853043289872016
0 0.15653465946663142 0.495090222401663 0.01993845059562863 0.029493949134070736
0 0.032298663420964144 0.5116583392856359 0.024190006590554494 0.03165001190460496
0 0.9767808570841169 0.39282398430077586 0.0262733399238878 0.03168637662320547
0 0.915789415056209 0.40320955843539585 0.028696230570257816 0.0400560746751393
0 0.8661289723692459 0.41067013852231826 0.0262733399238878 0.03168637662320535
0 0.8132586403540234 0.41599283819800675 0.0262733399238878 0.03168637662320547
0 0.7636406423311897 0.42449508495159577 0.022276451913739472 0.03578031385267124
0 0.6704424229648744 0.4364003392812421 0.028696230570257816 0.040056074675139185
0 0.3307282108481691 0.47835319209743443 0.02644311858040614 0.035853043289872134
0 0.5658142285930915 0.04006317207405618 0.0262733399238878 0.031686376623205434
0 0.46120012055757253 0.052810087118066625 0.017515559949258613 0.021124251082136957
0 0.7598843359695552 0.025754939929865227 0.02325622397970335 0.008733345237938317
0 0.541082982914133 0.45496087770204713 0.030609785247072807 0.03592577272707302
0 0.5213762055757256 0.4566987462086761 0.02644311858040626 0.035853043289872016
0 0.35881076618403956 0.47780244913187386 0.02644311858040614 0.035853043289872134
0 0.5546246495807997 0.45519724837295 0.028696230570257816 0.0400560746751393
0 0.44901131954274365 0.468967647724327 0.017685338605776955 0.025290917748803564
0 0.8974638616975049 0.41329894263465844 0.028696230570257816 0.0400560746751393
0 0.8053921983261156 0.4273057126569383 0.017685338605776955 0.025290917748803564
0 0.47496809688115105 0.46733887337349933 0.028696230570257816 0.0400560746751393
0 0.46151131954274355 0.46918583603592967 0.02644311858040614 0.035853043289872134
0 0.4077266548532433 0.47761535335231786 0.0262733399238878 0.03168637662320535
0 0.8406815310003936 0.4247989128731459 0.0262733399238878 0.03168637662320535
0 0.7755658669699486 0.4361534242372317 0.028696230570257816 0.040056074675139185
0 0.937089639694968 0.4150315389547337 0.0262733399238878 0.03168637662320547
0 0.10542755340827879 0.5181394377699851 0.01993845059562863 0.029493949134070736
0 0.5084287642068732 0.4710457088711066 0.023850449277517782 0.023316678571271628
0 0.24224843878220528 0.5038728425309482 0.024020227934036124 0.027483345237938293
0 0.7850257562982077 0.438400398804267 0.02886600922677616 0.04422274134180585
0 0.4359789888456321 0.481231277053424 0.028696230570257816 0.0400560746751393
0 0.3739458801510576 0.49159866882874376 0.0262733399238878 0.03168637662320547
0 0.2745401054488719 0.5044364956692553 0.028696230570257934 0.0400560746751393
0 0.20417366342096416 0.5146584285701733 0.0262733399238878 0.03168637662320535
0 0.4942274328507062 0.4801661558409034 0.028696230570257934 0.0400560746751393
0 0.3420362154615573 0.5004100156904366 0.0262733399238878 0.03168637662320535
0 0.29433177211553857 0.5047819604959596 0.0262733399238878 0.03168637662320535
0 0.6413376508989105 0.4629563841948689 0.017515559949258373 0.021124251082136898
0 0.9499291970080047 0.42358306059966977 0.024020227934036124 0.027483345237938293
0 0.1887184420774825 0.5185523598473365 0.024020227934036124 0.027483345237938293
0 0.036484780024204 0.5377545530302031 0.017685338605776924 0.025290917748803564
0 0.16501477672892678 0.5243841655834313 0.0262733399238878 0.03168637662320535
0 0.982263308338801 0.42518838040464346 0.022276451913739472 0.03578031385267124
0 0.7161254275782627 0.4590571807311518 0.03294778656518389 0.04221213744567341
0 0.6290923188836881 0.4689881958832662 0.02644311858040614 0.035853043289872134
0 0.39503388146916857 0.49821231601474825 0.03111912121662807 0.048425772727073026
0 0.25729866342096414 0.5155857288944847 0.028696230570257934 0.0400560746751393
0 0.1474762220521118 0.5282417321419941 0.022276451913739535 0.03578031385267124
0 0.8559015342956707 0.4406784659033491 0.02644311858040614 0.035853043289872016
0 0.9944803748538267 0.42547929815344704 0.011039250292346736 0.029493949134070854
0 0.6115962088710027 0.47388742910849563 0.02644311858040614 0.035853043289872134
0 0.588806876196725 0.47661241720389064 0.02644311858040614 0.035853043289872134
0 0.0740272246883336 0.539450784631678 0.028696230570257903 0.0400560746751393
0 0.7017967622297069 0.4650526277009487 0.028696230570257816 0.0400560746751393
0 0.9203999783007449 0.43972243884662987 0.0262733399238878 0.03168637662320535
0 0.11356811335753733 0.53910004761842 0.024020227934036124 0.027483345237938293
0 0.27601512714812704 0.08080544480332605 0.028696230570257934 0.04005607467513921
0 0.21593801779449712 0.08808420129724623 0.028696230570257934 0.04005607467513925
0 0.1755676857792747 0.0936250892845374 0.0262733399238878 0.031686376623205434
0 0.7309723372876661 0.03149583386945888 0.023850449277517782 0.02331667857127166
0 0.06378924506947782 0.10936972781344625 0.032947786565183775 0.04221213744567347
0 0.7413376508989106 0.46470189068769063 0.028696230570257816 0.0400560746751393
0 0.6615962088710028 0.47476018235490647 0.030440006590554465 0.031759106060406356
0 0.4492854374640944 0.5012411320316933 0.0262733399238878 0.03168637662320535
0 0.3757091061079274 0.5093251845213772 0.017685338605776955 0.025290917748803564
0 0.9101530902905967 0.44370728192029424 0.01993845059562863 0.029493949134070736
0 0.7620436502398552 0.46194053787369516 0.030609785247072807 0.03592577272707302
0 0.5435253234970764 0.48935406006134735 0.03294778656518389 0.04221213744567341
0 0.24630722139305633 0.5268440562755157 0.024020227934036124 0.027483345237938293
0 0.7994163162474663 0.45947010280850337 0.02886600922677616 0.04422274134180597
0 0.42037343878220523 0.5069820259712869 0.028696230570257934 0.0400560746751393
0 0.3614653300876308 0.5174039648245075 0.017515559949258613 0.021124251082136898
0 0.30963666473907503 0.5227448468594961 0.028696230570257934 0.0400560746751393
0 0.21023089003688936 0.5355826737000077 0.024020227934036124 0.027483345237938293
0 0.062121449986147916 0.5538159296534085 0.017685338605776924 0.025290917748803564
0 0.9704848676290041 0.44267852542637404 0.0262733399238878 0.03168637662320535
0 0.3377192200749455 0.5221941038939356 0.024020227934036124 0.027483345237938293
0 0.8244587609115961 0.4609481460983754 0.028696230570257816 0.040056074675139185
0 0.2000264466908707 0.5406091834403387 0.024020227934036124 0.027483345237938293
0 0.1804894480089816 0.5465137186136345 0.0262733399238878 0.03168637662320535
0 0.8620436502398552 0.46368604436651695 0.017685338605776715 0.025290917748803564
0 0.35876477672892676 0.5277660844132734 0.01734578129274027 0.01695758441547035
0 0.9917585991630579 0.4483414177422131 0.01648280167388426 0.035853043289872134
0 0.5742429927999648 0.5023813484810539 0.0262733399238878 0.03168637662320535
0 0.9501608702652258 0.45481487824036954 0.028696230570257816 0.0400560746751393
0 0.6851495454996133 0.49078519425951145 0.017515559949258373 0.021124251082136898
0 0.05334067528396225 0.5682356217530399 0.024020227934036124 0.027483345237938293
0 0.8902110949039848 0.46521863473428965 0.01993845059562863 0.029493949134070854
0 0.5619976607847423 0.5084131601694513 0.024020227934036124 0.027483345237938293
0 0.5329583281104644 0.5110290541090449 0.024020227934036124 0.027483345237938293
0 0.7661448775148358 0.48595341828492916 0.024020227934036124 0.027483345237938293
0 0.5175879960952421 0.5170063187195414 0.028696230570257816 0.040056074675139185
0 0.4005163327238526 0.5305767121186159 0.0262733399238878 0.03168637662320535
0 0.3777270000495747 0.5333017002140108 0.01993845059562863 0.029493949134070736
0 0.2732402260064445 0.5491736152580213 0.0262733399238878 0.03168637662320535
0 0.6357437707974277 0.504495774346434 0.028696230570257816 0.0400560746751393
0 0.4886335527492233 0.5217055459924684 0.028696230570257934 0.040056074675139185
0 0.10234145328142516 0.5701318593068173 0.026273339923887827 0.03168637662320559
0 0.8853423188836882 0.47346105627112195 0.0262733399238878 0.03168637662320535
0 0.595415883446335 0.5110783290003919 0.02644311858040614 0.035853043289872016
0 0.14696334129157346 0.5667470340900602 0.028696230570257934 0.04005607467513907
0 0.7850646561713541 0.4904473674189999 0.028696230570257816 0.040056074675139185
0 0.5872098841053902 0.51405787012599 0.017515559949258373 0.021124251082136898
0 0.9869534901389556 0.46795126081587746 0.026093019722088683 0.035853043289872134
0 0.6504968827872795 0.5089169940433038 0.02644311858040614 0.035853043289872016
0 0.3045751153347037 0.5518024193703615 0.02644311858040614 0.03585304328987225
0 0.9425490962220956 0.47237775269930105 0.024020227934036124 0.027483345237938293
0 0.04052056790749868 0.5857075844154702 0.02869623057025792 0.04005607467513907
0 0.5174076758934429 0.05275026785361219 0.017515559949258613 0.021124251082136957
0 0.23677135112783046 0.08844784848325077 0.0262733399238878 0.031686376623205434
0 0.8256791146260736 0.031067095232446173 0.025424446641296092 0.010853043289872103
0 0.6152924394412608 0.5135071271604293 0.028696230570257816 0.0400560746751393
0 0.47130722139305636 0.5307714458843645 0.0262733399238878 0.03168637662320535
0 0.25591389465027753 0.5582395151499175 0.028696230570257934 0.04005607467513907
0 0.9229272082119473 0.4761989545392634 0.030440006590554465 0.031759106060406356
0 0.8555584321916508 0.48335043451808196 0.01577178392896196 0.029421219696869845
0 0.8661448775148358 0.48769892477775095 0.017515559949258613 0.021124251082137016
0 0.45610666803435235 0.5409153771615279 0.02644311858040614 0.035853043289872016
0 0.427109780024204 0.544572937767788 0.028696230570257934 0.04005607467513907
0 0.2333792299607772 0.5672145032453124 0.028696230570257934 0.0400560746751393
0 0.12364167792018405 0.5819538398261551 0.024020227934036124 0.027483345237938293
0 0.2106747866147585 0.5720228246740408 0.028696230570257934 0.04005607467513907
0 0.7254544381231498 0.5091844572462534 0.028696230570257816 0.0400560746751393
0 0.9698870975402066 0.47910049404110694 0.02644311858040614 0.035853043289872016
0 0.5452655547263897 0.5320623933946806 0.028696230570257816 0.0400560746751393
0 0.1848453432687398 0.5767765990248684 0.024020227934036124 0.027483345237938293
0 0.06056690255894292 0.5923030492421745 0.0264431185804062 0.03585304328987225
0 0.37028500466296294 0.555031241339609 0.024529563903591147 0.0399833452379383
0 0.8157823254742428 0.5034746558387065 0.0262733399238878 0.03168637662320535
0 0.676962996095242 0.5197882196924761 0.024020227934036124 0.027483345237938293
0 0.3300420066401292 0.5636971293269002 0.024020227934036124 0.027483345237938293
0 0.28858756329411056 0.5681781682882244 0.0262733399238878 0.03168637662320535
0 0.505022556703556 0.5407282813819718 0.023850449277517782 0.023316678571271628
0 0.34349878397853667 0.5618501666644699 0.028696230570257816 0.0400560746751393
0 0.8447367688202614 0.4987754285657795 0.01993845059562863 0.029493949134070736
0 0.24942867660207313 0.5779039053014825 0.0262733399238878 0.03168637662320559
0 0.8854042134843909 0.500526207245155 0.02644311858040614 0.035853043289872134
0 0.14902367989735038 0.5917652164493605 0.023850449277517782 0.023316678571271628
0 0.5851460007086302 0.540044989714756 0.02644311858040614 0.035853043289872016
0 0.4111222279836108 0.5609486866856511 0.02644311858040614 0.03585304328987225
0 0.39458289530933294 0.5637827689368476 0.017685338605776955 0.025290917748803564
0 0.3842511179709255 0.5656842786771786 0.017685338605776955 0.025290917748803564
0 0.2744711212662027 0.5793819485913546 0.024020227934036124 0.027483345237938293
0 0.9331511014945393 0.4971959291062988 0.02644311858040614 0.035853043289872134
0 0.8326612154615572 0.5089739069208434 0.02886600922677616 0.04422274134180597
0 0.7012608867416122 0.5285397472897146 0.0262733399238878 0.03168637662320547
0 0.6245595553854452 0.5365692527014978 0.01993845059562863 0.029493949134070854
0 0.5686915573626116 0.5449624052992857 0.0262733399238878 0.03168637662320559
0 0.9166966581485205 0.5021133446908285 0.023850449277517782 0.023316678571271628
0 0.79975232876952 0.5188087380899029 0.0262733399238878 0.03168637662320547
0 0.30676278793286943 0.5799456017296617 0.017515559949258613 0.021124251082136898
0 0.07891190585422017 0.6082371493502785 0.02452956390359127 0.0399833452379383
0 0.651685333382908 0.5380836607099705 0.02644311858040614 0.035853043289872016
0 0.09761946119009056 0.6075227651510159 0.0264431185804062 0.03585304328987225
0 0.8547059941180757 0.5135224031328148 0.024020227934036124 0.027483345237938293
0 0.7502192200749456 0.5293943181768254 0.033117565221702235 0.04637880411234008
0 0.6000688913550003 0.5486328760782925 0.01993845059562863 0.029493949134070854
0 0.12882701652596096 0.607026569263356 0.023850449277517723 0.023316678571271628
0 0.78967521941589 0.5269602478302339 0.028696230570257816 0.0400560746751393
0 0.9886954937637606 0.5023626255344779 0.022609012472478675 0.035853043289872134
0 0.4023414532814252 0.5753683787852825 0.017685338605776955 0.025290917748803564
0 0.19207157054372048 0.6008440265140031 0.0264431185804062 0.03585304328987225
0 0.1427861330796261 0.10658492045359681 0.0264431185804062 0.03585304328987211
0 0.505871449986148 0.5615616147153052 0.01993845059562863 0.029493949134070854
0 0.47479122864266626 0.5651828106029649 0.028866009226776394 0.04422274134180573
0 0.6126537806832595 0.5509343977232285 0.0262733399238878 0.03168637662320535
0 0.3610143439277953 0.5829744177466069 0.0262733399238878 0.03168637662320559
0 0.9440771041307611 0.509877752699301 0.028696230570257816 0.0400560746751393
0 0.16732623852849804 0.6066576498907977 0.028696230570257934 0.04005607467513907
0 0.4253005646122214 0.5768100573565541 0.028696230570257816 0.0400560746751393
0 0.07212957515710863 0.6206098728351769 0.028696230570257903 0.04005607467513907
0 0.14991501784407188 0.6136402164493605 0.02452956390359127 0.0399833452379383
0 0.7765155547263897 0.536098877159331 0.03294778656518389 0.04221213744567341
0 0.53308211731187 0.565159356057111 0.02452956390359127 0.0399833452379383
0 0.4606323419506289 0.5753449242394285 0.028696230570257934 0.04005607467513907
0 0.9949242714316958 0.5088671785646811 0.010151457136608382 0.05050910606040636
0 0.6730280026857965 0.550947307895975 0.028696230570257816 0.04005607467513907
0 0.543668562635055 0.56950784631678 0.028696230570257816 0.0400560746751393
0 0.05688657713427497 0.6297121374456734 0.026273339923887827 0.03168637662320559
0 0.11084102048029366 0.6254492867959519 0.017685338605776924 0.025290917748803564
0 0.9155471074260383 0.5249936466388947 0.0262733399238878 0.03168637662320547
0 0.8285564433955933 0.5359663284576757 0.02886600922677616 0.04422274134180573
0 0.21237257317994226 0.6136894913407074 0.028696230570257934 0.04005607467513907
0 0.1295061311520345 0.6236932359300227 0.017345781292740153 0.016957584415470232
0 0.49726045394048063 0.5801479734816032 0.0262733399238878 0.03168637662320559
0 0.24766190585422015 0.6111826915569151 0.028696230570257934 0.04005607467513907
0 0.6081670066401291 0.5685518192600607 0.023850449277517782 0.023316678571271628
0 0.23116501784407187 0.6150584404747782 0.028696230570257934 0.0400560746751393
0 0.8556822213930564 0.5374807364661482 0.023850449277517782 0.023316678571271628
0 0.736697003344852 0.5551814318132888 0.0262733399238878 0.03168637662320559
0 0.5854625632941105 0.573360140688789 0.0262733399238878 0.03168637662320559
0 0.2778702391875535 0.6117099799766218 0.01993845059562863 0.029493949134070854
0 0.18779701982123823 0.6236697813841687 0.0262733399238878 0.03168637662320535
0 0.31649679518247936 0.6144660606040635 0.028696230570257934 0.0400560746751393
0 0.6915852293017217 0.5720897413374123 0.028696230570257816 0.04005607467513907
0 0.37570201652596097 0.6113357884175097 0.028696230570257816 0.0400560746751393
0 0.5507250112535174 0.589408607139248 0.033117565221702235 0.04637880411234008
0 0.19755402179840456 0.6332084226178708 0.024020227934036124 0.027483345237938293
0 0.8686915573626115 0.5501989247777509 0.024020227934036124 0.027483345237938293
0 0.1966556870973856 0.10023873647054193 0.017685338605776955 0.025290917748803623
0 0.8004508933321667 0.561498889063936 0.024020227934036124 0.027483345237938293
0 0.7269170066401291 0.5706246082202865 0.0262733399238878 0.03168637662320559
0 0.6336763426096844 0.5814881958832662 0.03294778656518389 0.04221213744567365
0 0.12310580243208928 0.6454409594149212 0.01993845059562863 0.029493949134070854
0 0.6638422312788881 0.580973817636306 0.02886600922677616 0.04422274134180573
0 0.5063577912281467 0.599043432356005 0.028696230570257816 0.04005607467513907
0 0.300424353813627 0.6287584761885932 0.0262733399238878 0.03168637662320559
0 0.3946642398466089 0.6168714042182473 0.028696230570257934 0.04005607467513907
0 0.7758753399734625 0.5714791791073972 0.028696230570257816 0.0400560746751393
0 0.35954468582884946 0.6235448706687061 0.03736912121662807 0.04853486688287442
0 0.9942743317104821 0.5441929334348465 0.011451336579035853 0.03168637662320559
0 0.456952016525961 0.6127540124429274 0.0262733399238878 0.03168637662320559
0 0.4434527945234239 0.6135593084386912 0.017685338605776955 0.025290917748803564
0 0.05611902838895907 0.6619674393937397 0.024020227934036124 0.027483345237938293
0 0.42183246250820144 0.6194274788933863 0.0262733399238878 0.03168637662320559
0 0.13802869307845939 0.6540288457784577 0.028866009226776276 0.04422274134180573
0 0.10694847173497776 0.6576500416661174 0.026273339923887827 0.03168637662320559
0 0.26026624511905255 0.6395076975092177 0.017685338605776955 0.025290917748803564
0 0.21885424643716345 0.6450304031372087 0.0264431185804062 0.03585304328987225
0 0.9137803366781853 0.5582724328943274 0.017685338605776955 0.025290917748803564
0 0.7957943406325181 0.5749496439341015 0.028696230570257816 0.04005607467513907
0 0.16715291508099644 0.6534962851721973 0.028866009226776276 0.04422274134180597
0 0.9812764466908706 0.5542459529155087 0.02886600922677616 0.04422274134180597
0 0.6126926805564058 0.6029813663379613 0.028696230570257816 0.04005607467513907
0 0.900620671988685 0.5674110622234244 0.028696230570257816 0.0400560746751393
0 0.0854979183762737 0.6676848787874794 0.024020227934036124 0.027483345237938293
0 0.4802082405056644 0.6214873576808657 0.028696230570257934 0.04005607467513907
0 0.8231323419506289 0.5816723852759073 0.02644311858040614 0.03585304328987225
0 0.7236841225843136 0.5934685454497524 0.02644311858040614 0.03585304328987225
0 0.2669406917603485 0.6500334583316857 0.02644311858040614 0.03585304328987225
0 0.9505782273245554 0.5672421488031686 0.033117565221702235 0.04637880411234031
0 0.9278313393144072 0.5710088035652302 0.024529563903591147 0.0399833452379383
0 0.8615042299607772 0.5781784659033491 0.028696230570257816 0.04005607467513907
0 0.06921325368677339 0.6767689610386758 0.017685338605776955 0.025290917748803564
0 0.8368013426096843 0.5850337559468104 0.017685338605776955 0.025290917748803564
0 0.5748725731799422 0.6200169523771863 0.030609785247072807 0.03592577272707302
0 0.5002545751571087 0.62808282250757 0.02644311858040614 0.03585304328987225
0 0.34285502443462634 0.6482357705606022 0.02644311858040626 0.03585304328987225
0 0.9695404506452033 0.5727777646039061 0.033117565221702235 0.04637880411234031
0 0.29323702641179267 0.6567380173141913 0.0262733399238878 0.03168637662320559
0 0.5770373438782206 0.060036662333725115 0.02644311858040614 0.03585304328987211
0 0.4972959018503127 0.07009495400094098 0.022276451913739472 0.035780313852671185
0 0.2042479183762737 0.6697576677477052 0.01993845059562863 0.029493949134070854
0 0.5989582405056645 0.6235601466410915 0.028696230570257816 0.04005607467513907
0 0.4321836897831821 0.6435494534604217 0.017685338605776955 0.025290917748803564
0 0.24370391771721825 0.6673235974011138 0.023850449277517723 0.023316678571271628
0 0.12150881034075468 0.6828864123370205 0.0264431185804062 0.03585304328987225
0 0.8848028986046103 0.587953477807954 0.028696230570257816 0.04005607467513907
0 0.23241536304040328 0.6712902581154779 0.01993845059562863 0.029493949134070854
0 0.9942840566787687 0.575479298153447 0.01143188664246253 0.04221213744567341
0 0.537924353813627 0.6329040541090448 0.03294778656518389 0.04221213744567341
0 0.057434812976976495 0.6942591060604063 0.018194674575332068 0.03779091774880357
0 0.788691902558943 0.6050125183930332 0.0262733399238878 0.03168637662320559
0 0.37027791508099644 0.6570418452357415 0.028866009226776276 0.04422274134180597
0 0.22425180836358832 0.6753114659077428 0.0262733399238878 0.03168637662320559
0 0.8497682339151099 0.5967102775917463 0.0262733399238878 0.03168637662320559
0 0.7359489045361092 0.6134602180687215 0.028696230570257816 0.04005607467513907
0 0.32374247239403325 0.6645569724005647 0.028696230570257816 0.04005607467513907
0 0.631462130492979 0.6293321331127318 0.02886600922677616 0.04422274134180573
0 0.46160502443462637 0.6503085595208281 0.028696230570257934 0.0400560746751393
0 0.1840512550048843 0.6850190205617006 0.0262733399238878 0.03168637662320559
0 0.38494613774258896 0.659379731599278 0.03111912121662807 0.048425772727073026
0 0.2637502523686625 0.673919062227818 0.022276451913739472 0.03578031385267124
0 0.1425968116588656 0.689500059523025 0.0264431185804062 0.035853043289872016
0 0.674000685169794 0.6259109431773745 0.02886600922677616 0.04422274134180597
0 0.10231136897190234 0.6971242808436494 0.028696230570257934 0.0400560746751393
0 0.8098223485411834 0.6126678322457041 0.02644311858040614 0.03585304328987225
0 0.7010415738389978 0.6253420178525138 0.028696230570257816 0.04005607467513907
0 0.44840291508099644 0.6584055221832585 0.028696230570257934 0.04005607467513907
0 0.06419414894653162 0.7068682002162078 0.026273339923887827 0.03168637662320559
0 0.4815664697578114 0.654820691014199 0.02644311858040614 0.03585304328987225
0 0.3582872510505516 0.6693236569241388 0.02644311858040626 0.03585304328987225
0 0.9445174559176469 0.5973232056214004 0.02644311858040614 0.03585304328987225
0 0.83586401520785 0.6131223912282099 0.028696230570257816 0.0400560746751393
0 0.713626463167257 0.6276435394974499 0.0262733399238878 0.03168637662320559
0 0.5158565804295523 0.6533373755377732 0.033117565221702235 0.04637880411234031
0 0.2972958090226438 0.6797092310587587 0.0262733399238878 0.03168637662320559
0 0.4175349170581628 0.6672350514042517 0.028696230570257816 0.0400560746751393
0 0.40616147305308864 0.6691183787852825 0.018024895918813635 0.033624251082136895
0 0.08611159361066122 0.708291696428179 0.028696230570257934 0.04005607467513907
0 0.9157327912281467 0.6061890995609941 0.02644311858040614 0.03585304328987225
0 0.07069881693130918 0.7132272943720092 0.01993845059562863 0.029493949134070854
0 0.8982366812154614 0.6110883327862235 0.028696230570257816 0.0400560746751393
0 0.7977467951824794 0.6228663106007682 0.013348893282591945 0.021051521644936125
0 0.5802701351063673 0.6502980151477206 0.03294778656518389 0.04221213744567341
0 0.2778436996690139 0.6876970995653877 0.024020227934036124 0.027483345237938293
0 0.15681759295160577 0.7064030968605945 0.0262733399238878 0.03168637662320559
0 0.9606517918872021 0.6100959410109037 0.01993845059562863 0.029493949134070854
0 0.8694944611900906 0.6209958933924838 0.01993845059562863 0.029493949134070854
0 0.6116050244346264 0.6529268192600608 0.023850449277517782 0.023316678571271628
0 0.9792744578948134 0.6072982234783079 0.028696230570257816 0.0400560746751393
0 0.20868870296429112 0.7021038814922725 0.028696230570257934 0.0400560746751393
0 0.6153667872242392 0.055501076294500164 0.030440006590554465 0.031759106060406356
0 0.3419372397970342 0.089242600105907 0.0262733399238878 0.031686376623205434
0 0.3077744631176822 0.09385091558233286 0.01993845059562863 0.029493949134070736
0 0.18866191107708902 0.10842661092947345 0.028696230570257934 0.04005607467513925
0 0.5470836785296648 0.06575937391401854 0.024020227934036124 0.027483345237938325
0 0.03755480501873636 0.12973031980497368 0.026273339923887827 0.03168637662320547
0 0.2408954803026986 0.7005842012972463 0.02452956390359127 0.0399833452379383
0 0.782673575816164 0.6361352418779315 0.02644311858040614 0.03585304328987225
0 0.7256790217984046 0.6424268787830857 0.024020227934036124 0.027483345237938293
0 0.22439859229255033 0.7044599502151093 0.028696230570257934 0.0400560746751393
0 0.13020115092369797 0.7173886888521219 0.028696230570257934 0.04005607467513907
0 0.25660536963095776 0.7029402700200829 0.028696230570257934 0.04005607467513907
0 0.6626042464371634 0.6527760881991053 0.03545556653981284 0.05266516883094046
0 0.5684492497324406 0.6667464935027846 0.023850449277517782 0.023316678571271628
0 0.29606136897190233 0.7005061996734916 0.017515559949258613 0.021124251082136898
0 0.7684297997958676 0.6442140221810616 0.02644311858040614 0.03585304328987225
0 0.5043328077045328 0.6770775205595039 0.02644311858040614 0.03585304328987225
0 0.4339239210124955 0.686257786793755 0.03111912121662807 0.048425772727073026
0 0.3489741456512544 0.6962251666644698 0.024020227934036124 0.027483345237938293
0 0.16887015158275342 0.7211864361462303 0.028696230570257934 0.04005607467513907
0 0.41330281099981014 0.6911024729410838 0.028696230570257934 0.04005607467513907
0 0.8876272411647198 0.6317216601672544 0.022276451913739472 0.03578031385267124
0 0.1855368182494201 0.721477353895034 0.028696230570257934 0.04005607467513907
0 0.6796529150809965 0.6624420059479088 0.022276451913739472 0.03578031385267124
0 0.6403242497324406 0.6680010762945001 0.03294778656518389 0.04221213744567341
0 0.5294601416969217 0.6806388971827092 0.02644311858040614 0.035853043289872016
0 0.368978035638569 0.7017789648245074 0.024020227934036124 0.027483345237938293
0 0.8609259098085528 0.6406239188254484 0.028696230570257816 0.04005607467513907
0 0.6113273617222924 0.6716586369007604 0.030440006590554465 0.031759106060406356
0 0.8009336897831821 0.649986008652702 0.022276451913739472 0.03578031385267124
0 0.9983428392896198 0.6234505118980144 0.003314321420760535 0.04626970995653868
0 0.49746558767916216 0.6873669107110688 0.022276451913739472 0.03578031385267124
0 0.3193175929516058 0.7092395449114299 0.02644311858040614 0.03585304328987225
0 0.3048615936106612 0.7121099918812267 0.022276451913739472 0.03578031385267124
0 0.9200037971596456 0.6343686466388948 0.02644311858040614 0.03585304328987225
0 0.9460454638263123 0.6348232056214004 0.033117565221702235 0.04637880411234031
0 0.7317362484143298 0.6633511239129201 0.02644311858040614 0.03585304328987225
0 0.10305237819867864 0.7408560984843492 0.023850449277517723 0.023316678571271628
0 0.8425579117857193 0.6496716363580445 0.028866009226776394 0.04422274134180573
0 0.7504862484143298 0.6636784063803243 0.028696230570257816 0.04005607467513907
0 0.56712992035344 0.685460128784184 0.017685338605776955 0.025290917748803564
0 0.48430592298966185 0.696505540040166 0.02644311858040614 0.03585304328987225
0 0.8985956884650712 0.6454451504269232 0.028696230570257816 0.04005607467513907
0 0.0681450475015671 0.7527378982681415 0.02044778656518377 0.041993949134070854
0 0.09405938017584499 0.7500674572506472 0.023850449277517723 0.023316678571271628
0 0.9350115771342751 0.6450398663357646 0.0262733399238878 0.03168637662320559
0 0.24023945323185045 0.04583042694641857 0.017515559949258554 0.021124251082136957
0 0.7201506739162766 0.046920827917156384 0.023850449277517782 0.02331667857127166
0 0.5327125685169795 0.0707131542171487 0.01993845059562863 0.029493949134070736
0 0.32040179711007094 0.09719410389393555 0.01993845059562863 0.029493949134070736
0 0.2716981317615152 0.10258953300682491 0.0262733399238878 0.03168637662320547
0 0.8509337826108511 0.037753471855651616 0.025933782610851115 0.023353043289872102
0 0.7698960059314991 0.04154358116356727 0.030440006590554465 0.03175910606040634
0 0.6757410092267763 0.05551398646724664 0.030609785247072807 0.03592577272707302
0 0.7819484717349778 0.6694322104926643 0.0262733399238878 0.03168637662320559
0 0.7114971403788107 0.6775708100602489 0.030440006590554465 0.031759106060406356
0 0.45881603695667994 0.709592647724327 0.028696230570257816 0.04005607467513907
0 0.3542019289211609 0.7223395627683373 0.032947786565183775 0.04221213744567341
0 0.7944484717349778 0.669650398804267 0.02644311858040614 0.035853043289872016
0 0.377076150923698 0.7216979080062756 0.024020227934036124 0.027483345237938293
0 0.2517560435472344 0.7372061758642816 0.028866009226776276 0.04422274134180597
0 0.20721904486534531 0.7426743344143719 0.0262733399238878 0.03168637662320535
0 0.7697031397197553 0.6754640221810616 0.028696230570257816 0.04005607467513907
0 0.33470737490340136 0.7292857646082997 0.03111912121662807 0.048425772727073026
0 0.9747646891241267 0.6498974626558398 0.022276451913739472 0.03578031385267124
0 0.9654745784523858 0.6518171547554711 0.017685338605776955 0.025290917748803564
0 0.7397070297070699 0.6801450670946884 0.023850449277517782 0.023316678571271628
0 0.6216785889972731 0.6957806114677959 0.028696230570257816 0.0400560746751393
0 0.5481871469693653 0.7059479972908131 0.03294778656518389 0.04221213744567341
0 0.39491181824942007 0.7251320081143795 0.03311756522170211 0.04637880411234008
0 0.11110804881967801 0.7597333749994507 0.026273339923887827 0.03168637662320559
0 0.8299500277299037 0.672351932353808 0.028696230570257816 0.04005607467513907
0 0.6838814763483659 0.6895798863591428 0.024020227934036124 0.027483345237938293
0 0.5057334816208096 0.7114525205595038 0.024020227934036124 0.027483345237938293
0 0.26963415553708614 0.7416819426390522 0.03111912121662795 0.048425772727073026
0 0.5865590349795137 0.7024540779182549 0.028696230570257816 0.04005607467513907
0 0.2966750442062898 0.7411130173141913 0.02644311858040614 0.03585304328987225
0 0.8776969157400519 0.6690216542149519 0.02644311858040614 0.03585304328987225
0 0.990231454245221 0.6564929274825441 0.019537091509558024 0.04005607467513907
0 0.2884690448653453 0.7440925584397895 0.028696230570257934 0.0400560746751393
0 0.5267790382747909 0.7170245010788416 0.02644311858040626 0.035853043289872016
0 0.521613149605587 0.7179752559490071 0.022276451913739472 0.035780313852671004
0 0.22331093617077083 0.7544054031372086 0.024020227934036124 0.027483345237938293
0 0.14257027214032597 0.765487179111791 0.028696230570257934 0.04005607467513907
0 0.4129172642316606 0.7327327748891501 0.028696230570257934 0.0400560746751393
0 0.17265127148127052 0.7628894675314974 0.0264431185804062 0.03585304328987225
0 0.9245719157400519 0.669839860383462 0.030609785247072807 0.03592577272707302
0 0.7310111443331434 0.696648092527653 0.0262733399238878 0.03168637662320559
0 0.6056910369566798 0.7121563603856589 0.028696230570257816 0.04005607467513907
0 0.47620426291354967 0.7275918988064639 0.028696230570257934 0.0400560746751393
0 0.1283264961200294 0.773565959414921 0.024020227934036124 0.027483345237938293
0 0.7072650343204582 0.7014382315970811 0.03711445323185056 0.042284866882874424
0 0.655478813636032 0.7078207802987364 0.0262733399238878 0.03168637662320535
0 0.8026739210124955 0.6926943419860353 0.024020227934036124 0.027483345237938293
0 0.09429105343306615 0.781299274891347 0.023850449277517723 0.023316678571271628
0 0.08179105343306615 0.7810810865797443 0.028696230570257934 0.04005607467513907
0 0.5780329282621055 0.7231237700178862 0.0262733399238878 0.03168637662320559
0 0.9012502523686625 0.6850466661195569 0.0262733399238878 0.03168637662320559
0 0.6858569256258836 0.7125147353851098 0.02644311858040614 0.03585304328987225
0 0.6891977865651838 0.05366702380481626 0.0262733399238878 0.031686376623205434
0 0.4478476824839975 0.08276386742119678 0.028696230570257934 0.04005607467513925
0 0.8915587826108511 0.038462583868360455 0.02368067062099944 0.01915001190460499
0 0.254286911077089 0.10957209956538773 0.02644311858040626 0.03585304328987211
0 0.510961264890716 0.7375669166633714 0.023850449277517782 0.023316678571271628
0 0.3836427135091783 0.7551221531361101 0.033117565221702235 0.04637880411234031
0 0.22003560745082568 0.7762076737000076 0.0262733399238878 0.03168637662320535
0 0.879757254345829 0.6940398365742521 0.028696230570257816 0.0400560746751393
0 0.7503978142950873 0.712600374995057 0.028696230570257816 0.04005607467513907
0 0.3195262714812705 0.7654531801928294 0.03311756522170211 0.04637880411234008
0 0.19216527543560324 0.7819667499989016 0.030609785247072925 0.03592577272707302
0 0.42005860217838203 0.7547168690449515 0.030440006590554465 0.031759106060406356
0 0.33427938347112224 0.7698743998896993 0.024020227934036124 0.027483345237938293
0 0.2824507181225665 0.7752152819246879 0.024020227934036124 0.027483345237938293
0 0.629414152241809 0.7323480389569305 0.028696230570257816 0.04005607467513907
0 0.9893056242071648 0.687652015686043 0.021388751585670225 0.0399833452379383
0 0.23895538610734404 0.7807016228340785 0.028696230570257934 0.04005607467513907
0 0.9629208090226438 0.6913277586516036 0.033117565221702235 0.04637880411234031
0 0.3032840514558998 0.7755789291106924 0.02644311858040614 0.03585304328987225
0 0.850228035638569 0.7101792148212122 0.02886600922677616 0.04422274134180573
0 0.7736540382747908 0.7213337202329952 0.02644311858040614 0.03585304328987225
0 0.16880116740008422 0.7961318890683297 0.022276451913739535 0.03578031385267124
0 0.13051416871819513 0.8017091417742213 0.0264431185804062 0.03585304328987225
0 0.9258877003280692 0.7021315270501288 0.028696230570257816 0.04005607467513907
0 0.6672961542189751 0.7423776038917388 0.03294778656518389 0.04221213744567341
0 0.5398502688450487 0.7568078403644775 0.028696230570258052 0.0400560746751393
0 0.515020047501567 0.7605381304079387 0.02644311858040614 0.03585304328987225
0 0.40111582879430724 0.7752047375515806 0.028696230570257934 0.04005607467513907
0 0.10181439335695398 0.8126583690471482 0.0264431185804062 0.03585304328987225
0 0.4570262714812705 0.7678532516204594 0.01993845059562863 0.029493949134070854
0 0.18880505738739886 0.8016856872283673 0.0262733399238878 0.03168637662320559
0 0.7315823749034015 0.736213243501686 0.028696230570257816 0.04005607467513907
0 0.9822225896563286 0.7051967077856742 0.02644311858040614 0.03585304328987225
0 0.6954635988831048 0.7439101942595115 0.028696230570257816 0.04005607467513907
0 0.5918487128501229 0.7556336249961555 0.033117565221702235 0.04637880411234008
0 0.5753093801758451 0.7584677072473518 0.02886600922677616 0.04422274134180573
0 0.9005251482874762 0.7183436347342897 0.02644311858040614 0.03585304328987225
0 0.47586116080952967 0.7702638674211968 0.028696230570257934 0.04005607467513907
0 0.3608728307714736 0.7838706255388718 0.02644311858040614 0.03585304328987225
0 0.8011618182494201 0.732223128241468 0.03545556653981308 0.05266516883094046
0 0.7442945982240493 0.7416397651466222 0.02644311858040614 0.03585304328987225
0 0.15810683802108358 0.8146818831160272 0.024020227934036124 0.027483345237938293
0 0.08669872932650911 0.824885633657645 0.026273339923887827 0.03168637662320559
0 0.6448730112039427 0.06434351568823984 0.02644311858040614 0.03585304328987211
0 0.874934560608314 0.0392133327862235 0.023850449277517782 0.02331667857127166
0 0.9195564486184622 0.035828507569466574 0.017091113307962758 0.010707584415470291
0 0.7112159328754937 0.7473079296490148 0.033117565221702235 0.04637880411234031
0 0.632558602178382 0.7584260703421977 0.023850449277517782 0.023316678571271628
0 0.6108109361707709 0.7611692407968929 0.033117565221702235 0.04637880411234008
0 0.34567227741276957 0.7940145568160349 0.028696230570257934 0.0400560746751393
0 0.3094261674000842 0.7985865075738603 0.024020227934036124 0.027483345237938293
0 0.41924860876893655 0.785930504326351 0.028866009226776276 0.04422274134180597
0 0.5560694941428631 0.7716639090873142 0.028696230570257816 0.04005607467513907
0 0.4991173847892332 0.7789972126591351 0.02644311858040614 0.03585304328987225
0 0.2258151713544169 0.8158637364705419 0.03111912121662801 0.048425772727073026
0 0.2870188367029727 0.8106864956692553 0.028696230570257934 0.0400560746751393
0 0.24660606002362062 0.8151857169898797 0.0262733399238878 0.03168637662320559
0 0.7718023781986787 0.7525291731550947 0.024020227934036124 0.027483345237938293
0 0.6609807148272893 0.7662086607099705 0.02644311858040614 0.03585304328987225
0 0.267439393356954 0.8155493641758843 0.02644311858040614 0.03585304328987225
0 0.8929982635726051 0.7379898425265545 0.024020227934036124 0.027483345237938293
0 0.7874273781986787 0.752801908544598 0.030440006590554465 0.031759106060406356
0 0.19086539599317576 0.8267038695876676 0.028696230570257934 0.04005607467513907
0 0.9552435955878276 0.7328307840845681 0.02644311858040614 0.035853043289872016
0 0.8248424888704194 0.7513731401460729 0.030440006590554465 0.031759106060406356
0 0.9996992961462752 0.7306149020495795 0.0006014077074496527 0.02525455303020318
0 0.3486045040286948 0.8148842548679686 0.024020227934036124 0.027483345237938293
0 0.20770184131636082 0.8311614540031378 0.024020227934036124 0.027483345237938293
0 0.13008617728591595 0.8422977770556208 0.028696230570257934 0.0400560746751393
0 0.5164631660819733 0.7959547970746054 0.028696230570257934 0.04005607467513907
0 0.8583031561961415 0.7550799756436802 0.02644311858040614 0.03585304328987225
0 0.09092729059387857 0.8520235140688789 0.030440006590554496 0.031759106060406356
0 0.9247151548780307 0.7499936466388948 0.0262733399238878 0.03168637662320559
0 0.5953327200997329 0.790044989714756 0.017685338605776715 0.025290917748803564
0 0.462890724713121 0.809592647724327 0.028696230570257934 0.04005607467513907
0 0.40797950402869476 0.8159206493480816 0.028866009226776276 0.04422274134180573
0 0.3149086186547683 0.8309509036777278 0.02644311858040614 0.03585304328987225
0 0.4067327964510155 0.09557823971585439 0.0262733399238878 0.031686376623205434
0 0.8231058952597582 0.04455421482121216 0.01993845059562863 0.029493949134070736
0 0.8116900065905545 0.045395875535576335 0.01993845059562863 0.029493949134070736
0 0.3581564650948485 0.10409866882874373 0.02644311858040614 0.03585304328987211
0 0.02669069698321735 0.14411364718600456 0.02019311858040621 0.03574394913407074
0 0.3947349500109353 0.8229759453438453 0.02452956390359127 0.0399833452379383
0 0.37915239467506484 0.8237448766210086 0.028696230570257934 0.04005607467513907
0 0.9819219322164382 0.7489103430670738 0.028866009226776394 0.04422274134180597
0 0.969549266208827 0.7518171547554711 0.028696230570257816 0.04005607467513907
0 0.7831952721403259 0.7766693300814304 0.028696230570257816 0.04005607467513907
0 0.6423350540921215 0.7939881958832662 0.033117565221702235 0.04637880411234031
0 0.5522618347258063 0.8059479972908131 0.028696230570257816 0.0400560746751393
0 0.48701883670297264 0.8141775086548988 0.036859785247072806 0.03603486688287442
0 0.8970994908475858 0.7620027229377885 0.0262733399238878 0.03168637662320559
0 0.704580386107344 0.7888291374412797 0.02644311858040614 0.03585304328987225
0 0.8269028274761964 0.7763913225053732 0.0262733399238878 0.03168637662320559
0 0.2634619552833789 0.8456667857127165 0.0262733399238878 0.03168637662320535
0 0.16197284724785987 0.8584682478346276 0.028696230570257934 0.04005607467513907
0 0.24388251193736019 0.8505296542193456 0.01993845059562863 0.029493949134070854
0 0.7483728307714738 0.7906344631985559 0.03294778656518389 0.04221213744567341
0 0.6634655000743621 0.8016435097359373 0.03294778656518389 0.04221213744567341
0 0.4448622840033241 0.8269736985902562 0.028696230570257934 0.04005607467513907
0 0.42940706265984246 0.8308676298674195 0.022276451913739472 0.03578031385267124
0 0.7184191654229178 0.7963571747788494 0.02644311858040614 0.035853043289872016
0 0.21830773657611904 0.8615334285701732 0.01993845059562863 0.029493949134070854
0 0.4939055066649166 0.8299116028107001 0.02644311858040626 0.03585304328987225
0 0.8564514961200295 0.7862754285657796 0.0262733399238878 0.03168637662320559
0 0.9517330488196779 0.7744065389547338 0.028696230570257816 0.04005607467513907
0 0.36867028861671225 0.8475032040020395 0.030609785247072807 0.03592577272707302
0 0.20089651589169286 0.868515995128736 0.02644311858040626 0.03585304328987225
0 0.6028560600236207 0.8214040838705574 0.033117565221702235 0.04637880411234031
0 0.5728175053468056 0.8250434621175173 0.0262733399238878 0.03168637662320559
0 0.4164596212909901 0.8452145925298498 0.022276451913739472 0.035780313852671004
0 0.9260309394660482 0.7822853133055614 0.02644311858040614 0.03585304328987225
0 0.8722887194406773 0.7917564972886162 0.028696230570257816 0.04005607467513907
0 0.2871426259043782 0.8648167976173214 0.013348893282591945 0.021051521644936125
0 0.5439903959931758 0.8328676893904443 0.02644311858040614 0.03585304328987225
0 0.13799151918697014 0.8830318712114222 0.0264431185804062 0.03585304328987225
0 0.7988397220768992 0.8029655497783001 0.028696230570257816 0.04005607467513907
0 0.23023296121487793 0.8731917678558091 0.01993845059562863 0.029493949134070854
0 0.37169813176151517 0.10433503949964668 0.0262733399238878 0.031686376623205434
0 0.933310338605777 0.04127321157370285 0.019598893282591946 0.021160615800737404
0 0.23192202504410708 0.12271375432744941 0.0264431185804062 0.035853043289872134
0 0.16351158235714386 0.12984705194696777 0.0264431185804062 0.03585304328987211
0 0.3288092925710449 0.8655440919893306 0.0262733399238878 0.03168637662320559
0 0.31435329323010036 0.8684145389591275 0.028866009226776276 0.04422274134180573
0 0.34955773657611905 0.8638244058420017 0.024020227934036124 0.027483345237938293
0 0.8353829447384917 0.8056852656871414 0.02886600922677616 0.04422274134180573
0 0.6810659493518798 0.8248510941514077 0.028696230570257816 0.04005607467513907
0 0.2626519618739334 0.8768804209941161 0.02627333992388786 0.03168637662320559
0 0.9985921900879224 0.7858414177422132 0.002815619824155154 0.04001970995653892
0 0.24723918519458135 0.8818160189379459 0.0264431185804062 0.03585304328987225
0 0.7743915027105839 0.8160708398217614 0.033117565221702235 0.04637880411234008
0 0.5103369552833789 0.8499760048668702 0.02644311858040614 0.035853043289872016
0 0.38918351457358197 0.8655570021620771 0.024529563903591147 0.0399833452379383
0 0.9893445240803113 0.7938656509674425 0.021310951839377406 0.04422274134180573
0 0.7300667273493427 0.826747331705185 0.028866009226776394 0.04422274134180597
0 0.8905488334076954 0.8056072640633867 0.028696230570257816 0.04005607467513907
0 0.7063206173366574 0.831537470774613 0.03294778656518389 0.04221213744567365
0 0.5685853992884531 0.8489108836543496 0.024020227934036124 0.027483345237938293
0 0.27861651918697017 0.8854864897169529 0.022276451913739472 0.03578031385267124
0 0.8637201680591396 0.8113845227215808 0.039792011862998085 0.05690456493480814
0 0.47221973525800814 0.8597199242394284 0.01993845059562863 0.029493949134070854
0 0.1367146344720991 0.9027871731594885 0.01993845059562863 0.029493949134070854
0 0.2973240745228406 0.8847721055176903 0.02644311858040614 0.03585304328987225
0 0.16058807847717324 0.9011220340900602 0.032947786565183775 0.04221213744567365
0 0.11401019112608039 0.9075954945882168 0.024020227934036124 0.027483345237938293
0 0.4071889605558225 0.8731577689368476 0.028866009226776394 0.04422274134180573
0 0.642373953965268 0.8460351644979991 0.028696230570257816 0.0400560746751393
0 0.9830873880845103 0.8030588273744403 0.022276451913739472 0.03578031385267124
0 0.4311897385532854 0.8746176298674195 0.028866009226776394 0.04422274134180573
0 0.9408459460566027 0.8137716839764643 0.0262733399238878 0.03168637662320559
0 0.45831551655074837 0.876132037875892 0.028866009226776276 0.04422274134180573
0 0.22113207913622868 0.9053016109294735 0.0264431185804062 0.035853043289872016
0 0.21179952380035827 0.9061796363624381 0.024020227934036124 0.027483345237938293
0 0.1890101911260804 0.9089046244578332 0.028696230570257934 0.04005607467513907
0 0.9170998360439172 0.8185618230458923 0.022276451913739472 0.035780313852671004
0 0.8053213953341204 0.8343064615748013 0.03294778656518389 0.04221213744567341
0 0.9037703926978985 0.8235337857083228 0.028696230570257816 0.0400560746751393
0 0.6729642892757677 0.8559374529177056 0.02644311858040614 0.035853043289872016
0 0.3508735211641365 0.8961160725086684 0.024020227934036124 0.027483345237938293
0 0.2700479678054324 0.9051145151499175 0.028696230570257934 0.04005607467513907
0 0.7259956772115539 0.06263673971365752 0.01993845059562863 0.029493949134070753
0 0.4846880177944971 0.09277524999670472 0.028696230570257934 0.04005607467513925
0 0.7901970085677209 0.05438904599027158 0.028696230570257816 0.04005607467513923
0 0.6211780685913415 0.862320001619361 0.028696230570257816 0.0400560746751393
0 0.5994304025837303 0.8650631720740561 0.0262733399238878 0.03168637662320535
0 0.9588938367029727 0.8224141174179015 0.02644311858040614 0.035853043289872016
0 0.6565947352580082 0.8629382018355687 0.028696230570257816 0.04005607467513907
0 0.4816141851945813 0.8859070497804971 0.02452956390359127 0.0399833452379383
0 0.24655652577752463 0.9161546542193456 0.0264431185804062 0.03585304328987225
0 0.5396504058790075 0.8796335952346431 0.023850449277517782 0.023316678571271628
0 0.7592528439525826 0.8532799220729577 0.0262733399238878 0.03168637662320559
0 0.49719674053045176 0.8851381185033337 0.028866009226776276 0.04422274134180597
0 0.9889395273755885 0.8240739843007759 0.02212094524882294 0.04221213744567365
0 0.38337741115145113 0.9018880589803088 0.03711445323185044 0.042284866882874424
0 0.8402057313036754 0.8474064794317087 0.028696230570257816 0.04005607467513907
0 0.7823817339398974 0.858888267310896 0.028696230570257816 0.04005607467513907
0 0.5783618512021926 0.884473009195418 0.02644311858040614 0.035853043289872016
0 0.5555725185279147 0.8871979972908132 0.0262733399238878 0.03168637662320559
0 0.18282208572678318 0.9358606812760648 0.028696230570257934 0.04005607467513907
0 0.940950285321435 0.8418785016171639 0.0262733399238878 0.03168637662320559
0 0.12491319903474579 0.9452591358219188 0.028696230570257934 0.04005607467513907
0 0.7309350705685079 0.8736041493458847 0.02644311858040614 0.03585304328987225
0 0.6076558518612479 0.8881071152558244 0.030609785247072807 0.03592577272707302
0 0.293813527754691 0.9263478603878558 0.02644311858040614 0.03585304328987225
0 0.14470486570141244 0.9456046006486231 0.0264431185804062 0.03585304328987225
0 0.8802559559424343 0.8595557424184508 0.02644311858040614 0.03585304328987225
0 0.5219190778181179 0.904306312767239 0.02644311858040614 0.03585304328987225
0 0.706232183217415 0.880459439389346 0.033117565221702235 0.04637880411234008
0 0.1739988663604679 0.9492387067090294 0.0264431185804062 0.03585304328987225
0 0.10571575766589343 0.9594970043285478 0.024699342560109607 0.04415001190460496
0 0.3636051944213577 0.927566078460971 0.028866009226776394 0.04422274134180573
0 0.2528259757140978 0.9422872326825134 0.0262733399238878 0.03168637662320559
0 0.9643338432935272 0.8537368468551025 0.01993845059562863 0.029493949134070854
0 0.899048400606564 0.8609246915525214 0.028696230570257816 0.04005607467513907
0 0.688905851861248 0.8895253392812421 0.028696230570257816 0.0400560746751393
0 0.6557847418485626 0.8941518371169682 0.033117565221702235 0.04637880411234008
0 0.08927558631147653 0.14728792207735145 0.026273339923887827 0.03168637662320547
0 0.20938736035460676 0.13168874242284442 0.028696230570257934 0.04005607467513925
0 0.05198780963212451 0.15184169047587665 0.02869623057025792 0.040056074675139185
0 0.631953742507618 0.896858642853063 0.033117565221702235 0.04637880411234031
0 0.5418380784771732 0.9077767775939433 0.028696230570257816 0.0400560746751393
0 0.9789171766268604 0.8539913998853056 0.0262733399238878 0.03168637662320535
0 0.4476830817724505 0.9217471828976227 0.028696230570257816 0.04005607467513907
0 0.3016569750550424 0.9400168035696239 0.028696230570257816 0.04005607467513907
0 0.9928285313299213 0.8543186823527097 0.014342937340157392 0.027483345237938293
0 0.15875586833763428 0.9583409713195261 0.0264431185804062 0.03585304328987225
0 0.8382691818993041 0.8765185990204747 0.0262733399238878 0.03168637662320559
0 0.2302913110245975 0.9512622207779083 0.0262733399238878 0.03168637662320535
0 0.4830997484391171 0.9223653831138303 0.024529563903591147 0.0399833452379383
0 0.7762785178688593 0.8879276574624612 0.02644311858040614 0.03585304328987225
0 0.6095464118105066 0.908958630948458 0.024020227934036124 0.027483345237938293
0 0.35582364172170905 0.9409622862532357 0.02644311858040614 0.035853043289872016
0 0.278123088363005 0.9500152759723854 0.024020227934036124 0.027483345237938293
0 0.5600133031159321 0.9195442110353805 0.028696230570257816 0.04005607467513907
0 0.4626908617470798 0.9324184025944925 0.028696230570257934 0.0400560746751393
0 0.3404533097064866 0.9469395508637324 0.028696230570257934 0.0400560746751393
0 0.21517564699415265 0.9634894853884048 0.017685338605776955 0.025290917748803564
0 0.1519735376405227 0.9707136948044244 0.028526451913739592 0.0358894080084724
0 0.5882231924441913 0.9221184680698199 0.02644311858040614 0.03585304328987225
0 0.31071186767857883 0.9578705957773591 0.028866009226776276 0.04422274134180573
0 0.7560394098333402 0.90214734360979 0.0262733399238878 0.03168637662320535
0 0.8586975185279148 0.8924890638471791 0.03137378920140558 0.054675772727073024
0 0.7664985211641365 0.9033708338694589 0.02644311858040614 0.035853043289872016
0 0.6691336351311546 0.9152033587619042 0.030609785247072807 0.03592577272707302
0 0.3791647550296716 0.9517789648245075 0.02644311858040614 0.03585304328987225
0 0.6103104157648394 0.927708630948458 0.030440006590554465 0.031759106060406356
0 0.2301834269687819 0.9741607050852749 0.02444467457533204 0.037900011904604965
0 0.9848771999737542 0.8801421607077736 0.03024560005249152 0.04221213744567341
0 0.9376095172098038 0.8876209231539962 0.02886600922677616 0.04422274134180573
0 0.8362477431666735 0.9035473852759073 0.028696230570257816 0.04005607467513907
0 0.4272087556887271 0.9557403533523179 0.0262733399238878 0.03168637662320559
0 0.27697353764052274 0.9728955779204517 0.022276451913739594 0.035780313852671004
0 0.27471524770569966 0.12554256439209205 0.0262733399238878 0.031686376623205434
0 0.5430213511278305 0.0937934621175174 0.030609785247072807 0.03592577272707302
0 0.2955061363749033 0.1248645449114299 0.024020227934036124 0.027483345237938293
0 0.8892029645101551 0.9003080189335523 0.028696230570257816 0.04005607467513907
0 0.4127527563477826 0.9586108003221147 0.028866009226776276 0.04422274134180573
0 0.2646008716329115 0.9758023896088489 0.028611341241998704 0.03797274134180597
0 0.14723209561261494 0.9820811163412567 0.02342600263622181 0.012900011904604962
0 0.7877987458028953 0.9151928143887967 0.024020227934036124 0.027483345237938293
0 0.9979829226353467 0.8878520216383454 0.004034154729306513 0.0483894080084724
0 0.9628217405304518 0.8932656331105352 0.02644311858040614 0.03585304328987225
0 0.5455343090474312 0.947396475645877 0.028696230570257816 0.04005607467513907
0 0.5009973103655421 0.9528646341959673 0.028866009226776276 0.04422274134180573
0 0.4441300903401713 0.9622812711011214 0.028696230570257934 0.04005607467513907
0 0.3623053149789302 0.972303198049737 0.028696230570257934 0.04005607467513907
0 0.32293420496624486 0.9768206017296616 0.028696230570257934 0.04005607467513907
0 0.20022976162022615 0.9798834166655683 0.030100449277517722 0.023425772727073024
0 0.38934620364813394 0.9717342727248762 0.017685338605776955 0.025290917748803564
0 0.2129419849408741 0.9853099383105043 0.02342600263622181 0.012900011904604962
0 0.8203875251184691 0.9230481341937704 0.02886600922677616 0.04422274134180573
0 0.7209393057521538 0.9348442943676154 0.02886600922677616 0.04422274134180573
0 0.2879844296050037 0.9876607348467873 0.02359578129274027 0.01706667857127163
0 0.3408123169560966 0.9812963685044322 0.030609785247072807 0.03592577272707302
0 0.7036554190601165 0.9449518609261782 0.0262733399238878 0.03168637662320559
0 0.5172165356633563 0.967720702918804 0.028866009226776276 0.04422274134180573
0 0.6540798657014124 0.954495774346434 0.033117565221702235 0.04637880411234008
0 0.6137519783503197 0.9610783290003918 0.02644311858040614 0.03585304328987225
0 0.31094354093579996 0.9891024134180589 0.02984578129274027 0.017175772727073026
0 0.891390637108321 0.9284512012928526 0.028696230570257816 0.04005607467513907
0 0.5775907576658935 0.9677336130915505 0.028696230570257816 0.0400560746751393
0 0.5599673136608193 0.96950784631678 0.028696230570257816 0.0400560746751393
0 0.9894355935858739 0.9176967077856742 0.021128812828252328 0.027483345237938293
0 0.5011016496303744 0.9794300405828821 0.028866009226776276 0.0411399188342358
0 0.45652220628435575 0.9832057865245939 0.028611341241998645 0.033588426950812315
0 0.4140685409357999 0.9896220638515728 0.023850449277517782 0.020755872296854487
0 0.7683236417217091 0.9481625005361256 0.03294778656518389 0.04221213744567341
0 0.2562199156904772 0.13146528192468795 0.02627333992388786 0.03168637662320547
0 0.024329700937550047 0.16280910010810384 0.016281119898517105 0.04192121969686984
0 0.18893602899843978 0.1407000952368399 0.024020227934036124 0.027483345237938293
0 0.7834146778706094 0.06676176947517 0.024020227934036124 0.027483345237938325
0 0.8564833064112094 0.9403330010766449 0.033117565221702235 0.04637880411234008
0 0.7891569750550425 0.9485261477221301 0.028696230570257816 0.04005607467513907
0 0.4388987622792816 0.9851345698038753 0.028441562585480303 0.029730860392249526
0 0.6805035343452455 0.9643253333289397 0.028696230570257816 0.0400560746751393
0 0.9756807477800618 0.9278406390628376 0.017685338605776955 0.025290917748803564
0 0.9622239704416542 0.929687601725268 0.03137378920140558 0.054675772727073024
0 0.9187710830905613 0.936215609301325 0.04361912121662783 0.04864396103867582
0 0.9335666397445427 0.9416784956648615 0.028866009226776394 0.04422274134180573
0 0.38615576425644793 0.9950966774880362 0.02542444664129597 0.00980664502392751
0 0.8330767537115608 0.9534564734794062 0.03711445323185056 0.042284866882874424
0 0.42473987558724424 0.9959811580073742 0.019174446641295854 0.008037683985251695
0 0.8840335310499683 0.9522640757517841 0.030609785247072807 0.03592577272707302
0 0.4777375415948554 0.992259959143563 0.02376555994925861 0.01548008171287402
0 0.7524634236735046 0.9676632494539885 0.030609785247072807 0.03592577272707302
0 0.7060128703148006 0.9772617099521451 0.030440006590554465 0.031759106060406356
0 0.663431870973856 0.9796412332208357 0.030609785247072807 0.03592577272707302
0 0.4945315422539109 0.9950095846846314 0.02359578129274027 0.009980830630737122
0 0.9028684203782275 0.9546746915525214 0.028017115944184448 0.0233894080084724
0 0.6303532056253004 0.9853093977232285 0.02818689460070279 0.027556074675139305
0 0.5620276522665962 0.9903921780285555 0.024020227934036124 0.01921564394288898
0 0.5225716529256517 0.9926326975092176 0.028017115944184448 0.014734604981564795
0 0.6097745402767445 0.9897687056257941 0.023850449277517782 0.020462588748411767
0 0.4477838762462997 0.9982099502151093 0.031589557313036684 0.0035800995697814622
0 0.98636276321829 0.9436474626558398 0.027274473563420068 0.0233894080084724
0 0.3143410257031626 0.12727516071216732 0.0262733399238878 0.031686376623205434
0 0.8694910092267762 0.0588959052970888 0.01993845059562863 0.029493949134070753
0 0.10719614296545785 0.15280535551878865 0.01993845059562863 0.029493949134070736
0 0.12177947629879118 0.15305990854899185 0.024020227934036124 0.027483345237938293
0 0.8509107878832948 0.06273528949635139 0.02644311858040614 0.03585304328987211
0 0.5887963346514442 0.016523033004628058 0.031589557313036684 0.008878804112340136
0 0.4443442252978143 0.022329018395229886 0.017685338605776955 0.025290917748803623
0 0.19366156588075759 0.05230388744457504 0.017685338605776955 0.025290917748803623
0 0.15333367852966476 0.058886442098532873 0.017685338605776955 0.025290917748803623
0 0.021848460481460386 0.07636894913407075 0.009436894600702784 0.027228792207735147
0 0.5911077964510156 0.0987965173119945 0.03294778656518389 0.04221213744567347
0 0.8883258985550354 0.061306521097826215 0.0262733399238878 0.031686376623205434
0 0.4160423570593295 0.11968203192358953 0.024020227934036124 0.027483345237938293
0 0.6718484604814603 0.08771474133741218 0.0215124479594067 0.017030313852671182
0 0.5724426857792747 0.10055256817792375 0.022276451913739472 0.03578031385267121
0 0.1716096976422728 0.14976599512873606 0.028696230570257934 0.040056074675139185
0 0.8159185678579239 0.07253375594681036 0.024020227934036124 0.027483345237938325
0 0.5622806870973857 0.10662074458492148 0.024020227934036124 0.027483345237938293
0 0.4597499123951999 0.11940402434753238 0.017515559949258613 0.021124251082136957
0 0.38621602570316255 0.12852974350388294 0.02644311858040614 0.035853043289872134
0 0.13761669961943915 0.15854097727182856 0.028696230570257934 0.040056074675139185
0 0.374885026362218 0.13145473755158046 0.0262733399238878 0.031686376623205406
0 0.7166825718122567 0.0895382494539886 0.022276451913739472 0.03578031385267121
0 0.8773769011912572 0.07360651514552372 0.02644311858040614 0.03585304328987211
0 0.7676393491506642 0.08834585172636637 0.02644311858040614 0.035853043289872134
0 0.6299465757665893 0.10676093127276956 0.021512447959406936 0.017030313852671182
0 0.542998356400274 0.11877527975821718 0.01993845059562863 0.029493949134070736
0 0.6507374644357931 0.10608291179210741 0.024020227934036124 0.027483345237938293
0 0.18461903361182794 0.1624841834403388 0.0264431185804062 0.035853043289872134
0 0.09450336958138307 0.173402318181219 0.0264431185804062 0.035853043289872134
0 0.0458421488969569 0.17983941396077505 0.0264431185804062 0.035853043289872134
0 0.5079636917107738 0.12753207954200949 0.02644311858040614 0.03585304328987211
0 0.4499699156904772 0.1348472007545301 0.02644311858040614 0.035853043289872134
0 0.9356677898604612 0.07358306059966975 0.028696230570257816 0.04005607467513925
0 0.30919458697053204 0.15424939988969927 0.023850449277517782 0.023316678571271628
0 0.7286502411151451 0.10223825540629108 0.022276451913739472 0.035780313852671185
0 0.3558149189857544 0.1488176060582095 0.022276451913739472 0.03578031385267124
0 0.2677825882886429 0.15977210551769025 0.02644311858040614 0.035853043289872134
0 0.2201205896067538 0.1651857169898798 0.0264431185804062 0.035853043289872134
0 0.8145992384789233 0.0912473912282099 0.022276451913739472 0.035780313852671185
0 0.7422343524459414 0.10351629274386069 0.02644311858040614 0.03585304328987211
0 0.8966362371608124 0.08643379761292781 0.02644311858040614 0.035853043289872134
0 0.4171034736625694 0.1457236985902562 0.02644311858040626 0.035853043289872134
0 0.6750777997462928 0.11587610605601263 0.0262733399238878 0.03168637662320547
0 0.6296264683901259 0.12445108224680265 0.017345781292740035 0.01695758441547029
0 0.5395108043596809 0.13536921698768292 0.017515559949258613 0.021124251082136957
0 0.08276737353571575 0.19193412986961633 0.026273339923887827 0.03168637662320547
0 0.8491864617995712 0.0970557424184507 0.0262733399238878 0.031686376623205434
0 0.1066832622049195 0.19131065746685486 0.017685338605776924 0.025290917748803623
0 0.7891942417742006 0.10641783224570424 0.02644311858040614 0.03585304328987211
0 0.45892755863114765 0.02258357142543306 0.02618845059562863 0.02960304328987211
0 0.3781868946007028 0.03366534740001538 0.01993845059562863 0.029493949134070753
0 0.33881578458801737 0.038182751079940104 0.017515559949258613 0.021124251082136957
0 0.2063737892014056 0.05773040908951109 0.022276451913739535 0.0357803138526712
0 0.16283601252205354 0.062175083332234905 0.0264431185804062 0.03585304328987211
0 0.6215478030415701 0.13055562337240084 0.0215124479594067 0.017030313852671213
0 0.4848118069959027 0.14690555194477095 0.01993845059562863 0.029493949134070736
0 0.19375881556362357 0.18242130898140724 0.030609785247072866 0.03592577272707302
0 0.37603103229371704 0.15957973755158045 0.02644311858040614 0.035853043289872134
0 0.2393799255763089 0.17801299945728388 0.022276451913739535 0.035780313852671185
0 0.5646381383520697 0.13893059361088836 0.0262733399238878 0.03168637662320547
0 0.14522492887158617 0.1919834047609633 0.0262733399238878 0.03168637662320547
0 0.6931681350567924 0.12556020616411648 0.02644311858040614 0.03585304328987211
0 0.9075622397970342 0.09911562120593007 0.024020227934036124 0.027483345237938325
0 0.4269878096321245 0.15838733982395822 0.028696230570257934 0.040056074675139185
0 0.6487584703672922 0.13415336471420675 0.0262733399238878 0.03168637662320547
0 0.3452479235991426 0.170492600105907 0.01993845059562863 0.029493949134070736
0 0.8269064650948486 0.11228073051384573 0.017515559949258613 0.021124251082136957
0 0.8714010191126081 0.1057709052970888 0.015602005272443382 0.02525455303020318
0 0.7761619110770891 0.11868146157480129 0.017685338605776955 0.025290917748803623
0 0.8901510191126081 0.10609818776449288 0.0262733399238878 0.031686376623205434
0 0.13210770884621545 0.20216370075672696 0.0264431185804062 0.035853043289872134
0 0.3942487015966055 0.17238883765968432 0.01993845059562863 0.029493949134070736
0 0.31034059290203103 0.18237439988969928 0.02644311858040614 0.035853043289872134
0 0.2544301502150678 0.1897258858208204 0.02644311858040614 0.035853043289872134
0 0.6645532490238105 0.13859276677037677 0.02644311858040614 0.035853043289872134
0 0.3631684802531238 0.17601003354734418 0.017685338605776955 0.025290917748803623
0 0.33004737024043856 0.18063653138307026 0.030609785247072807 0.03592577272707302
0 0.7113009150314217 0.13628597293888703 0.024529563903591147 0.0399833452379383
0 0.5041135876295875 0.16077450107884167 0.0262733399238878 0.03168637662320547
0 0.44716147827595754 0.16810780465066255 0.0262733399238878 0.03168637662320547
0 0.024623268795473996 0.22110606872283672 0.016366009226776296 0.04400455303020318
0 0.41616614626073506 0.17381233387165576 0.028696230570257934 0.040056074675139185
0 0.07953448947990018 0.21477806709908207 0.022276451913739535 0.03578031385267124
0 0.04641337946721481 0.21940456493480814 0.0264431185804062 0.035853043289872134
0 0.589233141647347 0.15497378787479357 0.019938450595628866 0.029493949134070736
0 0.09207693414402976 0.21603792207735145 0.0264431185804062 0.035853043289872134
0 0.7445918037006255 0.1358261417698276 0.017685338605776955 0.025290917748803623
0 0.7290092483647551 0.13659507304699084 0.02644311858040614 0.035853043289872134
0 0.484619033611828 0.16772070291880403 0.02644311858040614 0.035853043289872134
0 0.6721420283393844 0.14601170995214507 0.01993845059562863 0.029493949134070736
0 0.5334075882886429 0.16440860713924804 0.028696230570257816 0.040056074675139185
0 0.7602168037006254 0.13609887715933097 0.028696230570257816 0.040056074675139185
0 0.9208686884154964 0.11912547618419946 0.02644311858040614 0.03585304328987211
0 0.6215248083140137 0.15553744101310063 0.030609785247072807 0.03592577272707302
0 0.31801426154586404 0.19187667640480086 0.024020227934036124 0.027483345237938293
0 0.8774158010644036 0.1256534837602566 0.013348893282591945 0.021051521644936066
0 0.1845730441567151 0.21244781872173832 0.028696230570257934 0.04005607467513925
0 0.15449204481577059 0.21504553030203172 0.017515559949258613 0.021124251082136957
0 0.23527515351034503 0.20500542099411606 0.024020227934036124 0.027483345237938293
0 0.19915637749004844 0.21270237175194145 0.028696230570257934 0.040056074675139185
0 0.83717280304157 0.13431937174754777 0.0262733399238878 0.03168637662320547
0 0.5182494795940684 0.17559420508307794 0.017685338605776955 0.025290917748803623
0 0.2964470085677208 0.04577060768196414 0.01993845059562863 0.029493949134070753
0 0.10284379249668281 0.07153717315948843 0.01993845059562863 0.029493949134070736
0 0.2903985975154192 0.20388575270369474 0.0262733399238878 0.03168637662320547
0 0.5794531449426242 0.17041696428179132 0.028696230570257816 0.04005607467513925
0 0.37639003954332695 0.19393655519228023 0.017685338605776955 0.025290917748803623
0 0.8611735810390329 0.13577923267811964 0.02644311858040614 0.035853043289872134
0 0.6944839196448098 0.15785187283078314 0.0262733399238878 0.03168637662320547
0 0.8861311363749034 0.1351739426346584 0.028696230570257816 0.04005607467513925
0 0.17045660212880734 0.22365159902486847 0.024020227934036124 0.027483345237938293
0 0.8249699156904772 0.1413928501026117 0.017685338605776955 0.025290917748803623
0 0.7960154723444585 0.1460920773755387 0.0262733399238878 0.03168637662320547
0 0.9504173570593295 0.1290095822446058 0.018024895918813635 0.03362425108213696
0 0.2730722661592522 0.21295165259559087 0.028696230570257934 0.040056074675139185
0 0.12079615944184408 0.23111217911179088 0.0264431185804062 0.035853043289872134
0 0.9120879137133109 0.13354516828383076 0.023850449277517782 0.023316678571271628
0 0.5040481482379014 0.18471465205287477 0.023850449277517782 0.023316678571271628
0 0.43047181688173447 0.19279870454255868 0.01993845059562863 0.029493949134070736
0 0.07525993875741792 0.23760382196924765 0.0264431185804062 0.035853043289872134
0 0.36865093150780803 0.20837442965121172 0.02644311858040614 0.035853043289872134
0 0.3293222661592522 0.21393349999780314 0.02644311858040614 0.035853043289872134
0 0.6099585909248647 0.17823591936816457 0.01993845059562863 0.029493949134070736
0 0.7312393656270504 0.16577992207295775 0.03294778656518389 0.04221213744567347
0 0.66495470093755 0.17399125107774324 0.02644311858040614 0.035853043289872134
0 0.22683393612119612 0.2277584464270807 0.0264431185804062 0.035853043289872134
0 0.05701927472697304 0.24977653950184353 0.017685338605776924 0.025290917748803623
0 0.10680705140632507 0.24544095941492108 0.013348893282591886 0.021051521644936066
0 0.5998814815712348 0.18638742910849562 0.02644311858040614 0.035853043289872134
0 0.8432724743216248 0.1562852835440489 0.017515559949258613 0.021124251082136957
0 0.5294725948791974 0.1955676953427469 0.0262733399238878 0.03168637662320547
0 0.4848931515331787 0.1999941872261705 0.0262733399238878 0.03168637662320547
0 0.4466061528512896 0.20557143993206212 0.0262733399238878 0.03168637662320547
0 0.9033495836752548 0.14900652705012873 0.0262733399238878 0.03168637662320547
0 0.5502634835484012 0.19488967586208475 0.02644311858040614 0.035853043289872134
0 0.08731249738856557 0.2523871612548835 0.0264431185804062 0.035853043289872134
0 0.9356412503419215 0.14957018018843574 0.01993845059562863 0.029493949134070736
0 0.46648270884621545 0.2080002380920997 0.02644311858040626 0.035853043289872134
0 0.3908654888208447 0.21708959252984983 0.017515559949258613 0.021124251082136957
0 0.411698822154178 0.21745323971585437 0.02644311858040614 0.035853043289872134
0 0.8715248083140137 0.159901207245155 0.028696230570257816 0.040056074675139185
0 0.24192660542408456 0.24051299945728388 0.02644311858040626 0.035853043289872134
0 0.7577903682632722 0.1787344810554634 0.0262733399238878 0.03168637662320547
0 0.6335119275534752 0.19426093127276953 0.030440006590554465 0.031759106060406356
0 0.5786431515331787 0.20163059956319088 0.01993845059562863 0.029493949134070736
0 0.4004951568056223 0.22350323376355188 0.013348893282591945 0.021051521644936007
0 0.32075371477771447 0.23356152543076777 0.0262733399238878 0.03168637662320547
0 0.8106182556143651 0.1723701147131083 0.023850449277517782 0.023316678571271628
0 0.7816213676042167 0.17602767531936864 0.017515559949258613 0.021124251082136957
0 0.3487513807853257 0.23092744913187388 0.02644311858040614 0.035853043289872134
0 0.2687040105448872 0.05465468398085802 0.0262733399238878 0.031686376623205434
0 0.2200852345245906 0.062133446427080706 0.017685338605776955 0.025290917748803623
0 0.9194839196448098 0.1617792624396321 0.0262733399238878 0.03168637662320547
0 0.7951630342708834 0.17626404599027154 0.0262733399238878 0.03168637662320547
0 0.703091370899494 0.19027081601255139 0.030609785247072807 0.03592577272707302
0 0.29001305074726963 0.245516054651761 0.028696230570257934 0.040056074675139185
0 0.2537669407345843 0.25008800540958637 0.0262733399238878 0.03168637662320547
0 0.1730262767041394 0.2611697813841687 0.028696230570257934 0.040056074675139185
0 0.3781302707726404 0.23664488852561358 0.017685338605776955 0.025290917748803623
0 0.05516761465086087 0.2809719924239429 0.026273339923887827 0.03168637662320535
0 0.5254102674773632 0.22360178354624574 0.024020227934036124 0.027483345237938293
0 0.11941139067115744 0.2737659653672236 0.028696230570257903 0.040056074675139185
0 0.03966994864324966 0.2838242570344395 0.02869623057025792 0.0400560746751393
0 0.5420769341440298 0.22389270129504937 0.017515559949258373 0.021124251082136957
0 0.9087047009375501 0.1782459231539963 0.02644311858040614 0.035853043289872134
0 0.2386088320400098 0.2612736033534163 0.022276451913739594 0.035780313852671185
0 0.6105298214951226 0.21780107034219764 0.028696230570257816 0.040056074675139185
0 0.5069573801262702 0.23056616774550834 0.028696230570257934 0.040056074675139185
0 0.8891252575915314 0.1831087916606253 0.01993845059562863 0.029493949134070736
0 0.08958505931499046 0.282613676947517 0.01993845059562863 0.029493949134070736
0 0.3983039394164733 0.24636535335231788 0.017685338605776955 0.025290917748803623
0 0.14041450266100916 0.27829627921989475 0.022276451913739535 0.03578031385267124
0 0.8477981482379014 0.1907148306219496 0.02644311858040614 0.035853043289872134
0 0.15178794666608333 0.27641295183886394 0.01993845059562863 0.029493949134070736
0 0.9390403682632722 0.18189821157370284 0.022276451913739472 0.03578031385267124
0 0.4108463840806029 0.24762520833058724 0.02644311858040614 0.035853043289872134
0 0.2710278326990653 0.26496225649172334 0.02644311858040614 0.035853043289872134
0 0.19124394600702785 0.27397888149227256 0.022276451913739594 0.03578031385267124
0 0.6387821554875115 0.22141699404330378 0.028696230570257816 0.04005607467513925
0 0.7775590402023824 0.20406176352286748 0.01560200527244362 0.02525455303020318
0 0.5705414914570665 0.23271695832948883 0.02644311858040614 0.035853043289872134
0 0.16970850332006462 0.2819303852803011 0.0264431185804062 0.035853043289872134
0 0.8087241508741233 0.20252390096854095 0.0262733399238878 0.03168637662320547
0 0.7104449321668634 0.21746324350168608 0.017685338605776955 0.025290917748803623
0 0.21754028065847208 0.2806834404747782 0.028696230570257934 0.040056074675139185
0 0.951879925576309 0.1904497332186389 0.024529563903591147 0.0399833452379383
0 0.6588284901389556 0.22801245887000807 0.02644311858040614 0.035853043289872134
0 0.3864830540425469 0.2628138317073818 0.02644311858040614 0.035853043289872134
0 0.8856377055509381 0.19970272889009108 0.017515559949258373 0.021124251082136957
0 0.7924394861846229 0.21160798321973734 0.02644311858040614 0.035853043289872134
0 0.3029516765524984 0.0521297018377655 0.017515559949258613 0.021124251082136957
0 0.1786732358427015 0.06765615205507164 0.01993845059562863 0.029493949134070736
0 0.22850345718618315 0.06436223863481585 0.017345781292740153 0.01695758441547029
0 0.4993031614190104 0.24708737553777319 0.0262733399238878 0.03168637662320547
0 0.45480860740125095 0.2535972007545301 0.028696230570257816 0.040056074675139185
0 0.3306150560197132 0.27120698430516954 0.02644311858040614 0.035853043289872134
0 0.8619340402023824 0.20553453462618584 0.02644311858040614 0.035853043289872134
0 0.7211587114824373 0.224936733761355 0.028696230570257816 0.040056074675139185
0 0.027316732572211632 0.31275455303020316 0.020617565221702144 0.0461606158007374
0 0.23346239330737925 0.28824784253094826 0.0264431185804062 0.035853043289872134
0 0.5369304954113993 0.25086694047258135 0.028696230570257816 0.040056074675139185
0 0.3452832786813057 0.2735448706687061 0.0262733399238878 0.03168637662320547
0 0.26037594798419417 0.2845539172060875 0.028696230570257934 0.040056074675139185
0 0.5608888287447326 0.25128513473648656 0.024020227934036124 0.027483345237938293
0 0.1330998412667861 0.303150820345493 0.024020227934036124 0.027483345237938293
0 0.8238592648411412 0.2163201206654108 0.02644311858040614 0.035853043289872134
0 0.5972198280856771 0.2487965173119945 0.017685338605776955 0.025290917748803623
0 0.7338709348030853 0.23036325540629107 0.013348893282591945 0.021051521644936066
0 0.9088939295306416 0.2084360741280294 0.01560200527244362 0.02525455303020318
0 0.6770037147777146 0.23977989231144528 0.0262733399238878 0.03168637662320547
0 0.5216874973885656 0.2599692050830779 0.02644311858040614 0.035853043289872134
0 0.3735780573378242 0.27820246103647883 0.0262733399238878 0.03168637662320547
0 0.291753281976583 0.2882243879850943 0.02644311858040626 0.035853043289872134
0 0.7661626014697518 0.23092690854459808 0.02644311858040614 0.035853043289872134
0 0.7434157134596036 0.23469356330665977 0.02644311858040614 0.035853043289872134
0 0.18518317460011943 0.3040599383105043 0.02452956390359127 0.0399833452379383
0 0.14377117591823033 0.30958264393849527 0.017685338605776955 0.025290917748803564
0 0.7776209348030851 0.23112691449690062 0.022276451913739472 0.03578031385267124
0 0.6896734934342329 0.24416474728971468 0.02818689460070279 0.027556074675139187
0 0.43899083401717615 0.2741396163390598 0.024020227934036124 0.027483345237938293
0 0.0486169572109705 0.324576533549541 0.026273339923887827 0.03168637662320547
0 0.6307229400755288 0.2535450194762684 0.028696230570257816 0.04005607467513925
0 0.9196925981744747 0.21799289772103164 0.01993845059562863 0.029493949134070736
0 0.16577350991061912 0.3130894734838 0.0264431185804062 0.035853043289872134
0 0.06636773520843343 0.3259273003243115 0.017515559949258554 0.021124251082136898
0 0.4859082786813057 0.27599948917423667 0.0262733399238878 0.03168637662320547
0 0.883573822154178 0.22568984847885704 0.024020227934036124 0.027483345237938293
0 0.09340862387763718 0.3253583749994508 0.028866009226776276 0.04422274134180597
0 0.5895656093784173 0.2653177251042594 0.019938450595628866 0.029493949134070736
0 0.23018706458743404 0.31005011309374736 0.0262733399238878 0.03168637662320547
0 0.1972357332312671 0.3188432775961401 0.0262733399238878 0.03168637662320547
0 0.9419071554875114 0.22670806059966975 0.0262733399238878 0.03168637662320547
0 0.602192943370806 0.268660913415862 0.017515559949258373 0.021124251082136898
0 0.3608852839537493 0.29879942369890927 0.024020227934036124 0.027483345237938293
0 0.43360745125468403 0.039837345776260726 0.0262733399238878 0.031686376623205434
0 0.0919372397970342 0.0848788338738526 0.0264431185804062 0.03585304328987211
0 0.4614600593149904 0.2891047792176979 0.0262733399238878 0.03168637662320547
0 0.7132268300628435 0.26018975919431964 0.03294778656518389 0.04221213744567353
0 0.5806575006838428 0.2766124172038907 0.01993845059562863 0.029493949134070736
0 0.6542762767041393 0.26957003138087343 0.02886600922677616 0.04422274134180585
0 0.9194149354621407 0.2367247153617314 0.0262733399238878 0.03168637662320547
0 0.277274287908082 0.3160766525955909 0.030609785247072925 0.03592577272707302
0 0.8075940500882142 0.2514276872239736 0.02644311858040614 0.035853043289872134
0 0.6221543886939911 0.27317304490923305 0.017685338605776955 0.025290917748803564
0 0.33422639726171194 0.30874334902377 0.0262733399238878 0.03168637662320535
0 0.24827739989793374 0.31973421320185125 0.017515559949258554 0.021124251082136898
0 0.7278526080603064 0.2614859788911895 0.024529563903591147 0.0399833452379383
0 0.43167617262295305 0.298994157464658 0.028696230570257934 0.0400560746751393
0 0.12299973718559978 0.33628414772652376 0.01993845059562863 0.029493949134070736
0 0.0650059611653032 0.34359926893904447 0.015602005272443605 0.02525455303020318
0 0.695942943370806 0.2702973257528825 0.028696230570257816 0.0400560746751393
0 0.9103370481110479 0.24385274079469607 0.0157717839289622 0.029421219696869845
0 0.8772159380983625 0.24847923863042212 0.0262733399238878 0.03168637662320547
0 0.8440523834215476 0.25206406979948154 0.028696230570257816 0.04005607467513925
0 0.8233039394164733 0.25378375594681035 0.0262733399238878 0.03168637662320547
0 0.6783194993657319 0.27207155897811197 0.02644311858040614 0.035853043289872134
0 0.557166058655935 0.28765255627331876 0.024020227934036124 0.027483345237938293
0 0.16670729252147018 0.33600614015046665 0.024020227934036124 0.027483345237938293
0 0.5035087279588235 0.29920707358970694 0.0262733399238878 0.03168637662320535
0 0.4838443952845456 0.3019866087630027 0.024020227934036124 0.027483345237938293
0 0.40197717525917487 0.3109668690449514 0.0262733399238878 0.03168637662320547
0 0.7573163873758801 0.26928675161826254 0.0262733399238878 0.03168637662320547
0 0.7408194993657318 0.27316250053612556 0.02886600922677616 0.04422274134180585
0 0.024060853788839636 0.3605803079003687 0.013773339923887828 0.031468188311602675
0 0.779106498047621 0.2675852478302339 0.0262733399238878 0.03168637662320535
0 0.14425751716022905 0.34706446157919496 0.01993845059562863 0.029493949134070854
0 0.1110515178192845 0.34960762608158774 0.017515559949258554 0.021124251082136898
0 0.6455803913302129 0.28607305681383804 0.0262733399238878 0.03168637662320547
0 0.5751715046381755 0.2952533230480893 0.028696230570257816 0.0400560746751393
0 0.5223011726229531 0.3005760227237777 0.017685338605776955 0.025290917748803564
0 0.1940028491754515 0.3416872148256059 0.02627333992388786 0.03168637662320535
0 0.7047007233454354 0.28085945129395096 0.028696230570257816 0.040056074675139185
0 0.4644347305950453 0.31101614393629834 0.02644311858040614 0.035853043289872134
0 0.9698393821034366 0.24801413527480898 0.022276451913739472 0.035780313852671185
0 0.13001374113993247 0.3551432418823251 0.028696230570257934 0.0400560746751393
0 0.09685018646311752 0.35872807305138454 0.024020227934036124 0.027483345237938293
0 0.06064652111456175 0.36434169047587667 0.019938450595628644 0.029493949134070736
0 0.22733618250878482 0.34226905032321314 0.030440006590554524 0.031759106060406356
0 0.8032346100374727 0.27217010876080583 0.017515559949258373 0.021124251082136898
0 0.6375866153099162 0.29426093127276953 0.019938450595628866 0.029493949134070736
0 0.6262131713048422 0.2961442586538004 0.01560200527244362 0.02525455303020318
0 0.5402217292769343 0.3060934561652149 0.011095781292740033 0.016848490259668954
0 0.66462750397912 0.2936920059479088 0.024020227934036124 0.027483345237938293
0 0.6127988386305643 0.29903288798289746 0.0262733399238878 0.03168637662320547
0 0.3238716251957481 0.33562667640480087 0.0262733399238878 0.03168637662320547
0 0.25446196050624775 0.34378345833168567 0.017685338605776955 0.025290917748803564
0 0.5083545092515637 0.3159464696935745 0.017685338605776955 0.025290917748803564
0 0.4937694499365732 0.03464192261567387 0.01993845059562863 0.029493949134070736
0 0.3249964552090168 0.05667819804973693 0.0262733399238878 0.031686376623205434
0 0.5259762272749807 0.03312224242064756 0.0262733399238878 0.031686376623205434
0 0.39340689789598005 0.04954490043021855 0.028696230570257934 0.04005607467513921
0 0.257755013181109 0.06695467802855552 0.0262733399238878 0.031686376623205434
0 0.0443601304434043 0.0923757786793755 0.026273339923887827 0.031686376623205434
0 0.7155842813175275 0.2924996082202866 0.017685338605776955 0.025290917748803564
0 0.2453416284910253 0.3498698170979837 0.024020227934036124 0.027483345237938293
0 0.10035718844028386 0.3681576201292852 0.032947786565183775 0.04221213744567341
0 0.04236341241998729 0.37547274134180586 0.017685338605776924 0.025290917748803564
0 0.41115940187510014 0.3319456612526866 0.017515559949258613 0.021124251082136898
0 0.08073530043013558 0.37197882196924764 0.028696230570257934 0.0400560746751393
0 0.5768922859309157 0.31193817207405616 0.03294778656518389 0.04221213744567341
0 0.6557193952845456 0.3049866980475401 0.0262733399238878 0.03168637662320547
0 0.9415216087193617 0.26833836254773596 0.01577178392896196 0.029421219696869845
0 0.2797166284910253 0.35046983495489115 0.028696230570257934 0.040056074675139185
0 0.42161851320589633 0.33316915151235554 0.017685338605776955 0.025290917748803564
0 0.3387520711779885 0.34317289610167073 0.02644311858040614 0.035853043289872134
0 0.43724351320589633 0.33344188690185894 0.0262733399238878 0.03168637662320547
0 0.3906656258548035 0.33991534740001533 0.0262733399238878 0.03168637662320535
0 0.12136030043013557 0.3726879339819565 0.017685338605776955 0.025290917748803564
0 0.8753642780222504 0.2796746915525214 0.028696230570257816 0.0400560746751393
0 0.8380765013428982 0.2842284599510466 0.028696230570257816 0.0400560746751393
0 0.9572739427117507 0.27173609793723935 0.0262733399238878 0.03168637662320547
0 0.4860320678827113 0.3301297911223029 0.0262733399238878 0.03168637662320535
0 0.17948141044282095 0.3684978127694358 0.0262733399238878 0.03168637662320547
0 0.15664963310441346 0.3701811341981642 0.01993845059562863 0.029493949134070736
0 0.5606925105696746 0.3231055876585859 0.028696230570257816 0.040056074675139185
0 0.3587559611653032 0.3487266942617083 0.032947786565183775 0.04221213744567341
0 0.1484860784275985 0.374202341990429 0.024020227934036124 0.027483345237938293
0 0.8879491673505095 0.2819762131974575 0.03294778656518389 0.04221213744567341
0 0.8485780573378242 0.28649361687738223 0.024020227934036124 0.027483345237938293
0 0.9190293886939911 0.2783550173097976 0.022276451913739472 0.03578031385267124
0 0.7647972826356385 0.2996041791073972 0.028696230570257816 0.0400560746751393
0 0.6778066186051935 0.31057686092617814 0.028696230570257816 0.0400560746751393
0 0.23039574311709882 0.36626374837514686 0.017685338605776955 0.025290917748803564
0 0.30301529713485836 0.3602448468594961 0.017685338605776955 0.025290917748803564
0 0.02750241637431999 0.3939500059523025 0.0201931185804062 0.03574394913407074
0 0.785715505297231 0.3020511596267351 0.0262733399238878 0.03168637662320535
0 0.5485320678827112 0.3312207326803165 0.0262733399238878 0.03168637662320547
0 0.12807719173556112 0.3842553614710911 0.017685338605776924 0.025290917748803564
0 0.7422201732820085 0.30753750053612555 0.017685338605776955 0.025290917748803564
0 0.4718731811906739 0.34029190475876636 0.02644311858040614 0.035853043289872016
0 0.1964027450942652 0.37503873051823944 0.0264431185804062 0.035853043289872134
0 0.8271275039791202 0.2965284539987441 0.028696230570257816 0.040056074675139185
0 0.3363061858040621 0.3597850156904367 0.028866009226776276 0.04422274134180597
0 0.8106730606331014 0.30144586958327385 0.0262733399238878 0.03168637662320547
0 0.041256306361634625 0.3993947099565388 0.019938450595628644 0.029493949134070854
0 0.3809280738142104 0.3564001904736798 0.01993845059562863 0.029493949134070736
0 0.16861730240730194 0.38288114015046665 0.017685338605776955 0.025290917748803685
0 0.4566726278319699 0.35043583603592965 0.013348893282591945 0.021051521644936007
0 0.1407469703920795 0.38864021644936053 0.024020227934036124 0.027483345237938293
0 0.06208963969496796 0.3997583571425433 0.024020227934036124 0.027483345237938293
0 0.6421547338903225 0.3297321450173369 0.0262733399238878 0.03168637662320547
0 0.5251255151830627 0.344344205083078 0.032947786565183775 0.04221213744567341
0 0.7095659545747488 0.323622331705185 0.02644311858040614 0.035853043289872016
0 0.2756118564250614 0.3774622564917233 0.028696230570257934 0.040056074675139185
0 0.9726212799994166 0.29074065096744256 0.017685338605776955 0.025290917748803564
0 0.68998651122873 0.328485200211814 0.0262733399238878 0.03168637662320547
0 0.9343767259816571 0.2973595703400008 0.01993845059562863 0.029493949134070736
0 0.4258895191373954 0.3613486985902562 0.0262733399238878 0.03168637662320547
0 0.4103494084656546 0.3631592965340861 0.024020227934036124 0.027483345237938293
0 0.08617530702069008 0.4033015514064485 0.026273339923887827 0.03168637662320547
0 0.8608852839537493 0.30752695616301806 0.024020227934036124 0.027483345237938293