0 0.928125 0.06458333333333334 0.06875 0.128125
0 0.8020833333333334 0.16354166666666667 0.046875 0.05416666666666667
0 0.16875 0.246875 0.03333333333333333 0.04375
0 0.5177083333333333 0.21041666666666667 0.010416666666666666 0.010416666666666666
0 0.23125 0.24166666666666667 0.027083333333333334 0.034375
0 0.4583333333333333 0.22083333333333333 0.010416666666666666 0.015625
0 0.3416666666666667 0.23645833333333333 0.021875 0.025
0 0.38958333333333334 0.23229166666666667 0.015625 0.020833333333333332
0 0.5104166666666666 0.221875 0.00625 0.009375
0 0.46458333333333335 0.22916666666666666 0.010416666666666666 0.010416666666666666
0 0.5354166666666667 0.22083333333333333 0.004166666666666667 0.004166666666666667
0 0.2916666666666667 0.246875 0.021875 0.025
0 0.5239583333333333 0.22291666666666668 0.010416666666666666 0.015625
0 0.21666666666666667 0.259375 0.03125 0.03958333333333333
0 0.409375 0.23958333333333334 0.021875 0.025
0 0.44166666666666665 0.23854166666666668 0.015625 0.020833333333333332
0 0.2604166666666667 0.259375 0.021875 0.029166666666666667
0 0.709375 0.2125 0.004166666666666667 0.004166666666666667
0 0.4864583333333333 0.23541666666666666 0.027083333333333334 0.03958333333333333
0 0.203125 0.2677083333333333 0.016666666666666666 0.03333333333333333
0 0.3416666666666667 0.25416666666666665 0.016666666666666666 0.025
0 0.019791666666666666 0.28958333333333336 0.03958333333333333 0.06458333333333334
0 0.3145833333333333 0.25833333333333336 0.016666666666666666 0.029166666666666667
0 0.73125 0.21979166666666666 0.010416666666666666 0.010416666666666666
0 0.2916666666666667 0.2677083333333333 0.027083333333333334 0.034375
0 0.665625 0.23333333333333334 0.025 0.025
0 0.53125 0.24791666666666667 0.015625 0.020833333333333332
0 0.5229166666666667 0.253125 0.021875 0.03958333333333333
0 0.5479166666666667 0.25104166666666666 0.015625 0.020833333333333332
0 0.45625 0.2604166666666667 0.016666666666666666 0.029166666666666667
0 0.5104166666666666 0.25416666666666665 0.0125 0.03333333333333333
0 0.7395833333333334 0.23333333333333334 0.010416666666666666 0.015625
0 0.5729166666666666 0.2520833333333333 0.010416666666666666 0.015625
0 0.7583333333333333 0.23854166666666668 0.016666666666666666 0.025
0 0.5583333333333333 0.2604166666666667 0.015625 0.020833333333333332
0 0.6666666666666666 0.2520833333333333 0.025 0.021875
0 0.7083333333333334 0.24791666666666667 0.028125 0.04791666666666667
0 0.540625 0.265625 0.020833333333333332 0.010416666666666666
0 0.6927083333333334 0.2520833333333333 0.03333333333333333 0.04791666666666667
0 0.09895833333333333 0.31666666666666665 0.078125 0.09583333333333334
0 0.5697916666666667 0.26979166666666665 0.016666666666666666 0.025
0 0.7229166666666667 0.2552083333333333 0.021875 0.029166666666666667
0 0.7666666666666667 0.25833333333333336 0.020833333333333332 0.020833333333333332
0 0.55625 0.28229166666666666 0.034375 0.03125
0 0.6666666666666666 0.275 0.035416666666666666 0.040625
0 0.7416666666666667 0.26666666666666666 0.035416666666666666 0.04791666666666667
0 0.020833333333333332 0.35520833333333335 0.040625 0.07083333333333333
0 0.775 0.28020833333333334 0.035416666666666666 0.04791666666666667
0 0.6635416666666667 0.3020833333333333 0.041666666666666664 0.059375
0 0.5791666666666667 0.3104166666666667 0.041666666666666664 0.05416666666666667
0 0.5447916666666667 0.3229166666666667 0.0375 0.058333333333333334
0 0.2947916666666667 0.359375 0.052083333333333336 0.06458333333333334
0 0.24583333333333332 0.36666666666666664 0.058333333333333334 0.075
0 0.17395833333333333 0.3875 0.07916666666666666 0.103125
0 0.784375 0.3302083333333333 0.04583333333333333 0.04583333333333333
0 0.6260416666666667 0.36354166666666665 0.040625 0.040625
0 0.6854166666666667 0.3614583333333333 0.035416666666666666 0.04791666666666667
0 0.084375 0.4270833333333333 0.08541666666666667 0.12291666666666666
0 0.2916666666666667 0.4083333333333333 0.058333333333333334 0.07916666666666666
0 0.39791666666666664 0.4041666666666667 0.04375 0.03333333333333333
0 0.5958333333333333 0.39791666666666664 0.058333333333333334 0.07916666666666666
0 0.7791666666666667 0.39375 0.04791666666666667 0.07291666666666667
0 0.041666666666666664 0.46979166666666666 0.08333333333333333 0.16041666666666668
0 0.6739583333333333 0.409375 0.03333333333333333 0.053125
0 0.7145833333333333 0.4125 0.05416666666666667 0.09166666666666666
0 0.8395833333333333 0.41770833333333335 0.084375 0.109375
0 0.4125 0.46979166666666666 0.0875 0.09583333333333334
0 0.26875 0.4875 0.09166666666666666 0.13333333333333333
0 0.5729166666666666 0.48020833333333335 0.090625 0.07291666666666667
0 0.6833333333333333 0.496875 0.065625 0.10625
0 0.3885416666666667 0.5864583333333333 0.11041666666666666 0.14791666666666667
0 0.509375 0.5916666666666667 0.09166666666666666 0.1375
0 0.6041666666666666 0.59375 0.10208333333333333 0.1375