0 0.1892844018751001 0.33114751046260976 0.015262447959406818 0.017175927888421327
0 0.17391406985987767 0.33685187343930123 0.008927558631147647 0.014874339745764568
0 0.11504840582943279 0.34727845275072866 0.01084111330796261 0.01078042468220571
0 0.2771239591881368 0.342536411126471 0.015432226615925278 0.021342594555087992
0 0.2564604045113219 0.34597556176205957 0.015262447959406818 0.017175927888421327
0 0.1446395191373954 0.35871364186090465 0.015262447959406818 0.017175927888421327
0 0.12189263112724712 0.3620800408933854 0.015262447959406818 0.017175927888421327
0 0.13643351979645088 0.3615476354484734 0.015262447959406818 0.017175927888421327
0 0.0774405217736172 0.3688492147599009 0.015262447959406848 0.01717592788842121
0 0.18838951913739538 0.3602414255261686 0.015262447959406818 0.017175927888421327
0 0.20701218514500663 0.3577711899541389 0.015432226615925219 0.021342594555087992
0 0.9159468333581207 0.29515223821700914 0.006674446641295854 0.010634921475990093
0 0.1821395191373954 0.3600231707168452 0.015432226615925278 0.021342594555087992
0 0.894241612014639 0.29855501305104387 0.010841113307962757 0.01078042468220571
0 0.9016606126736946 0.3019346436619212 0.010671334651444415 0.006613758015539043
0 0.10044207776854307 0.3717328157274201 0.015262447959406818 0.017175927888421327
0 0.09019518975839477 0.37553572437854776 0.015262447959406848 0.01717592788842121
0 0.7907965046381754 0.31262576622898675 0.010841113307962757 0.01078042468220571
0 0.7815912832946939 0.3164650506816683 0.010841113307962521 0.01078042468220571
0 0.7599285066153418 0.3209094921823697 0.010841113307962757 0.01078042468220571
0 0.774426950620416 0.31933542007079097 0.010841113307962757 0.010780424682205591
0 0.7538482852718602 0.32485790403971293 0.010841113307962757 0.01078042468220571
0 0.13090507908665397 0.3790377139724833 0.015262447959406848 0.017175927888421327
0 0.156904301089191 0.3789054423446643 0.015262447959406818 0.017175927888421327
0 0.2512290764504322 0.3707573069527362 0.015432226615925219 0.021342594555087992
0 0.09999463639969071 0.38627977325919954 0.015262447959406848 0.017175927888421327
0 0.2648980771094876 0.3743551923729369 0.01543222661592516 0.021342594555087992
0 0.22457018975839477 0.3802282027790014 0.019514003954332716 0.01940476442797016
0 0.5354997371855997 0.3525992765785058 0.008927558631147766 0.014874339745764568
0 0.27348607842759853 0.3808961987853682 0.015262447959406818 0.017175927888421327
0 0.3221897437761543 0.37635586145840166 0.019683782610851117 0.023571431094636944
0 0.15216285906128324 0.39018189667022807 0.015432226615925219 0.021342594555087992
0 0.233540193053672 0.39614420919143256 0.01084111330796264 0.01078042468220571
0 0.2086250823819312 0.3973545232874722 0.019683782610851058 0.023571431094636944
0 0.22520685972033866 0.3958532027790014 0.015432226615925219 0.021342594555087874
0 0.13088208435909757 0.4040013381709294 0.008927558631147647 0.014874339745764568
0 0.5011017424580434 0.37636249932567306 0.015262447959406818 0.017175927888421327
0 0.13634508567720846 0.41043321717869896 0.015432226615925219 0.021342594555087992
0 0.48877152111456174 0.38009265637369294 0.006674446641295854 0.010634921475990093
0 0.30124852638700533 0.3985086362924363 0.015262447959406818 0.017175927888421327
0 0.19967452902322716 0.40744380774015376 0.015432226615925219 0.021342594555087992
0 0.047313532977559844 0.4208465649117299 0.01968378261085107 0.023571431094636944
0 0.31583185972033867 0.399017897514191 0.015262447959406818 0.017175927888421327
0 0.26300397236924583 0.40445439830160856 0.019514003954332716 0.01940476442797028
0 0.45794596775585766 0.3894180489937425 0.015262447959406818 0.017175927888421327
0 0.3087099717101904 0.40292993356998036 0.015262447959406818 0.017175927888421327
0 0.1780966416721343 0.4139715825741884 0.02193689460070279 0.02781084936441142
0 0.23725941835148634 0.4108366699294276 0.02193689460070279 0.02781084936441142
0 0.4145355250688945 0.39622359866181184 0.015262447959406936 0.017175927888421327
0 0.24876019634894928 0.4122784704131872 0.008927558631147647 0.014874339745764568
0 0.07673486762900407 0.42811508735523923 0.015262447959406818 0.017175927888421327
0 0.4270779697330241 0.3977017749471254 0.015262447959406936 0.017175927888421327
0 0.08411142362392994 0.4304530512994499 0.015262447959406848 0.01717592788842121
0 0.8324171818497293 0.3640080466880351 0.0152624479594067 0.017175927888421327
0 0.4572014137380982 0.3966733398588553 0.015262447959406818 0.017175927888421327
0 0.024906202280448313 0.432546297277544 0.011265559949258552 0.021197091348872377
0 0.20122553165944895 0.4199801835417077 0.008927558631147647 0.014874339745764568
0 0.039531980277911244 0.43409722516596533 0.015432226615925219 0.021342594555087992
0 0.263513308338801 0.4169543983016085 0.015432226615925278 0.021342594555087992
0 0.7588832951576919 0.3718420314443746 0.010841113307962521 0.01078042468220571
0 0.2945935296822826 0.413879005681559 0.008927558631147766 0.014874339745764568
0 0.32059275168481965 0.41374673405373996 0.015262447959406936 0.017175927888421327
0 0.43874852638700534 0.4033102420975517 0.015262447959406818 0.017175927888421327
0 0.466703747730487 0.4001257220728404 0.015262447959406936 0.017175927888421327
0 0.39625241637432 0.4070271675671749 0.01084111330796264 0.01078042468220571
0 0.8368385165011735 0.3704035498942507 0.0152624479594067 0.017175927888421327
0 0.11236375761631873 0.4345601979414052 0.019683782610851058 0.023571431094636944
0 0.08228275827537418 0.4366302996963421 0.019514003954332716 0.01940476442797016
0 0.2118544216467636 0.42555227489058006 0.019683782610851117 0.023571431094636944
0 0.4087948610384496 0.40850534385248843 0.019683782610851117 0.023571431094636944
0 0.4460826377178016 0.40460653937509566 0.008927558631147647 0.014874339745764568
0 0.2751838649927823 0.4225628654520348 0.015432226615925278 0.021342594555087992
0 0.4803727483895424 0.40372360749304115 0.01084111330796264 0.01078042468220571
0 0.5000795257279499 0.402331414389232 0.015262447959406818 0.01717592788842121
0 0.13636453561378165 0.4364385080438117 0.02193689460070279 0.02781084936441142
0 0.06070487092428133 0.44315807453037676 0.015432226615925219 0.021342594555087992
0 0.2431468663108932 0.4276852156038638 0.022106673257221134 0.03197751603107809
0 0.022460316906521824 0.44910383653954894 0.007098893282591886 0.02105158814265676
0 0.3148096429902452 0.42498681257774984 0.015262447959406818 0.017175927888421327
0 0.42680030702069005 0.41641539914557146 0.015262447959406818 0.017175927888421327
0 0.873593962483414 0.37896836961530406 0.0152624479594067 0.017175927888421327
0 0.4393427516848197 0.41789357543088496 0.015262447959406936 0.017175927888421327
0 0.3823057530029306 0.42214290634542023 0.019683782610851117 0.023571431094636944
0 0.08700120557572558 0.45031746956922436 0.019683782610851058 0.023571431094636826
0 0.4010557530029306 0.42279767077339053 0.019683782610851117 0.023571431094636944
0 0.6249097470714315 0.4025298439090338 0.0152624479594067 0.017175927888421327
0 0.5565841937127274 0.4105457076731428 0.008927558631147766 0.014874339745764568
0 0.5339221950308383 0.4159954400389569 0.0152624479594067 0.017175927888421327
0 0.29552731229313367 0.4367956723482257 0.01084111330796264 0.01078042468220571
0 0.4198906423311898 0.42553576853469416 0.010841113307962521 0.01078042468220571
0 0.6946589690739685 0.40392535594647866 0.0152624479594067 0.017175927888421327
0 0.48634508567720847 0.4226554865008107 0.008927558631147647 0.014874339745764568
0 0.22307753693189256 0.4457076995727858 0.02193689460070279 0.02781084936441142
0 0.9113061858040621 0.38548623180457786 0.010841113307962757 0.010780424682205591
0 0.8958085197964507 0.3880655947812694 0.0152624479594067 0.017175927888421327
0 0.4667231976670602 0.42613101293795314 0.015262447959406936 0.017175927888421327
0 0.45747553165944893 0.42892863072396803 0.019683782610851117 0.023571431094636944
0 0.7663641904174502 0.4022686195870314 0.0152624479594067 0.01717592788842121
0 0.311322090949652 0.4415079760382009 0.019514003954332775 0.01940476442797028
0 0.7725717457533208 0.40144520772968817 0.0152624479594067 0.01717592788842121
0 0.6212099717101904 0.4138426740361515 0.0152624479594067 0.017175927888421327
0 0.38914997830074494 0.436944494488077 0.015432226615925278 0.021342594555087992
0 0.3301145356137816 0.4432044071328379 0.019683782610851117 0.023571431094636944
0 0.4409786436493006 0.4325132845657722 0.015262447959406936 0.017175927888421327
0 0.6337524163743199 0.415320850321465 0.0152624479594067 0.01717592788842121
0 0.25037309358587384 0.4518618037465206 0.02193689460070279 0.02781084936441142
0 0.29495253693189255 0.4482176298800051 0.015432226615925278 0.021342594555087992
0 0.28153820425761467 0.4508697444598043 0.015262447959406818 0.017175927888421327
0 0.641213861697505 0.41974214759900896 0.015432226615925278 0.021342594555087992
0 0.5023520876543748 0.43257612352411917 0.015262447959406818 0.01717592788842121
0 0.7584553037254128 0.4123942798412668 0.015262447959406936 0.017175927888421327
0 0.7180000823819312 0.41514229024733124 0.015432226615925042 0.021342594555087992
0 0.09718265419418785 0.4704365184498761 0.02193689460070279 0.02781084936441142
0 0.04235632283802086 0.47788360096751925 0.02193689460070279 0.02781084936441142
0 0.6642154176924309 0.4226257485665282 0.015432226615925278 0.021342594555087992
0 0.4247788682880595 0.4433896050742431 0.02193689460070279 0.02781084936441142
0 0.43719397895980033 0.4417427813595566 0.019683782610851117 0.023571431094636944
0 0.38332442494204083 0.44714290634542025 0.019683782610851117 0.023571431094636944
0 0.7016305283641717 0.4218519440891354 0.02193689460070279 0.02781084936441142
0 0.18234465287607696 0.4671693341772963 0.019683782610851117 0.023571431094636944
0 0.10668498818657662 0.47388890066386125 0.019683782610851058 0.023571431094636944
0 0.07352143350976167 0.476891541680803 0.02193689460070279 0.02781084936441142
0 0.12535009885831747 0.47246033175849816 0.019683782610851058 0.023571431094636944
0 0.4642773122931337 0.4426885521999581 0.01084111330796264 0.01078042468220571
0 0.6539685296822827 0.4264286572176558 0.0152624479594067 0.017175927888421327
0 0.30891865023985515 0.4591071819668725 0.02193689460070279 0.02781084936441142
0 0.7266305283641716 0.4227249633264291 0.0152624479594067 0.017175927888421327
0 0.15859854286339162 0.4715410240748898 0.022106673257221134 0.03197751603107809
0 0.7432971950308382 0.4233069761512916 0.0152624479594067 0.017175927888421327
0 0.48315464628552246 0.4464683166279284 0.02193689460070279 0.02781084936441142
0 0.7505039723692458 0.4214782734288356 0.0152624479594067 0.017175927888421327
0 0.2799642068938365 0.4632969928566965 0.02193689460070279 0.02781084936441142
0 0.7577956390359124 0.4217329040397129 0.0152624479594067 0.017175927888421327
0 0.24263398555035484 0.4661541306674227 0.02193689460070279 0.02781084936441142
0 0.49656897895980034 0.4438162020481291 0.02193689460070279 0.02781084936441142
0 0.40857909292681843 0.45426592558271395 0.02193689460070279 0.02781084936441142
0 0.600311198985171 0.43703711553685287 0.0152624479594067 0.017175927888421327
0 0.7703380837000421 0.42321108032502647 0.010841113307962757 0.01078042468220571
0 0.4584517589344296 0.45288696405730133 0.02193689460070279 0.02781084936441142
0 0.4730775369318926 0.4544378919457227 0.015262447959406936 0.017175927888421327
0 0.2211834321916508 0.4758069055014573 0.019683782610851117 0.023571431094636826
0 0.5020744249420408 0.45128974772256536 0.015432226615925278 0.021342594555087874
0 0.466785092267763 0.45317797046973257 0.015262447959406936 0.017175927888421327
0 0.19322821084816916 0.47899142552616863 0.019683782610851058 0.023571431094636944
0 0.02840965946663145 0.49299933974576454 0.017770227934036115 0.027665346158195804
0 0.4492889822550776 0.45776791517664955 0.02193689460070279 0.02781084936441142
0 0.7965070843590976 0.42724547536387397 0.015262447959406936 0.017175927888421327
0 0.7208474196695972 0.43396504185043905 0.0152624479594067 0.017175927888421327
0 0.5955273122931337 0.44727190319575 0.015262447959406936 0.017175927888421327
0 0.7458049750054677 0.43379639442106604 0.0152624479594067 0.017175927888421327
0 0.7644700856772085 0.432367825515703 0.0152624479594067 0.017175927888421327
0 0.7903844183514863 0.43015222055455055 0.0152624479594067 0.017175927888421327
0 0.3209712088710028 0.4740906491172988 0.017685338605776955 0.025582012824862468
0 0.6796051996442266 0.44292667645494954 0.0152624479594067 0.017175927888421327
0 0.27435087685578036 0.4787037380473731 0.01543222661592516 0.021342594555087992
0 0.18627610149453927 0.4870701282486246 0.02618845059562863 0.030039685903960372
0 0.733474753661986 0.43752655146908587 0.015432226615925278 0.021342594555087992
0 0.33038865353513247 0.4754596979979506 0.019683782610851117 0.023571431094636944
0 0.4237142068938365 0.4683168534711353 0.017685338605776955 0.025582012824862468
0 0.058830216120612754 0.49926257132416113 0.02193689460070279 0.02781084936441142
0 0.40088242955542897 0.4695999191702827 0.02193689460070279 0.02781084936441142
0 0.4362142068938365 0.4687533630897821 0.02193689460070279 0.02781084936441142
0 0.609323646944578 0.4539947886159508 0.015432226615925042 0.021342594555087992
0 0.8031390863362639 0.4368387301731974 0.015432226615925042 0.021342594555087992
0 0.7761830869953193 0.43901795933279597 0.0152624479594067 0.01717592788842121
0 0.11491043746409438 0.4970601979414052 0.015262447959406848 0.017175927888421327
0 0.6974833116340783 0.4477117317480326 0.015432226615925042 0.021342594555087992
0 0.23527687949200218 0.4898214575883248 0.017685338605776955 0.025582012824862468
0 0.5388723155884109 0.46089623411028524 0.019683782610851117 0.023571431094636944
0 0.5203345389090589 0.4654498030156483 0.011180670620999441 0.019113758015539044
0 0.6716963129521891 0.45305233670918493 0.015432226615925278 0.021342594555087992
0 0.1233711047898165 0.5004762043538364 0.015432226615925219 0.021342594555087992
0 0.049922107426038295 0.5103935224435093 0.015432226615925219 0.021342594555087992
0 0.7660635329775598 0.4459458679839236 0.02193689460070279 0.02781084936441142
0 0.24477921348439094 0.4932738398023099 0.02193689460070279 0.02781084936441142
0 0.3090229895046876 0.4871958061653186 0.015432226615925278 0.021342594555087992
0 0.22515732547424266 0.49674936623945243 0.02618845059562863 0.030039685903960372
0 0.5309634288963735 0.4710218943645207 0.015262447959406818 0.017175927888421327
0 0.19715965946663144 0.498892219597497 0.019514003954332657 0.01940476442797028
0 0.7506083116340783 0.4495668976272817 0.019683782610851117 0.023571431094636944
0 0.586958760911596 0.46673618764843156 0.019514003954332775 0.01940476442797028
0 0.5579618729014477 0.4698843318715889 0.019683782610851117 0.023571431094636944
0 0.5486293175655772 0.4705986163242704 0.015432226615925042 0.021342594555087992
0 0.7393622016213929 0.4543750971435221 0.015432226615925278 0.021342594555087992
0 0.6678267589344297 0.460198500169636 0.015432226615925042 0.021342594555087992
0 0.2864883248151872 0.49577053853113273 0.022106673257221134 0.03197751603107809
0 0.6440806489217442 0.46457019006722955 0.019683782610851117 0.023571431094636826
0 0.6286254275782627 0.4681912197105877 0.019514003954332775 0.01940476442797016
0 0.27832477013837226 0.49964619878536815 0.02193689460070279 0.02781084936441142
0 0.11354866342096415 0.5146957796716307 0.02193689460070279 0.02781084936441142
0 0.6183785395681144 0.47199412836171534 0.02193689460070279 0.02781084936441142
0 0.7043699815960222 0.463554986557356 0.019683782610851117 0.023571431094636944
0 0.7945280902905966 0.4552613479592123 0.015432226615925278 0.021342594555087992
0 0.4630198775148358 0.4884127581286297 0.02193689460070279 0.02781084936441142
0 0.1810447734336495 0.5118518734393012 0.02193689460070279 0.02781084936441142
0 0.02464444471370432 0.5282341274046617 0.007183782610851072 0.023134921475990094
0 0.5998832075528919 0.47758936393374507 0.019683782610851117 0.023571431094636944
0 0.1397176640800196 0.5187301747104783 0.019514003954332716 0.01940476442797028
0 0.06622622205211179 0.5276058261334845 0.02193689460070279 0.02781084936441142
0 0.5160599881865766 0.48818459067454545 0.02193689460070279 0.02781084936441142
0 0.33461721480250184 0.5026521587359457 0.02618845059562863 0.030039685903960372
0 0.7896168696061705 0.46237113561810944 0.019683782610851117 0.023571431094636944
0 0.1677577747517604 0.5176289880191004 0.02193689460070279 0.02781084936441142
0 0.19779632942857536 0.514517219597497 0.02618845059562863 0.030039685903960372
0 0.6260097635478178 0.4805820923059259 0.02193689460070279 0.02781084936441142
0 0.8125335362728372 0.46317140325229533 0.015432226615925042 0.021342594555087992
0 0.05797777804703765 0.5293981530543866 0.01968378261085107 0.023571431094636944
0 0.7701647602525405 0.4700133287219186 0.019514003954332775 0.01940476442797016
0 0.1036837773879822 0.5278736883227584 0.02193689460070279 0.02781084936441142
0 0.5059404341688171 0.49511249932567314 0.02193689460070279 0.02781084936441142
0 0.8064957595934851 0.46816148177630523 0.02193689460070279 0.02781084936441142
0 0.63759543087354 0.48410722612301893 0.019683782610851117 0.023571431094636826
0 0.685257429555429 0.4795305129944985 0.02193689460070279 0.02781084936441142
0 0.22934344207748253 0.5229001603107808 0.02193689460070279 0.02781084936441142
0 0.7393816515579661 0.48038038800863486 0.02193689460070279 0.02781084936441142
0 0.7601300955630402 0.4790245707063796 0.019683782610851117 0.023571431094636944
0 0.7073022082119474 0.48446107149379714 0.015432226615925042 0.021342594555087992
0 0.1403967787060931 0.535396841377145 0.02193689460070279 0.02781084936441142
0 0.03578267067057409 0.546306218753534 0.0195140039543327 0.01940476442797016
0 0.7727149848912994 0.4815444136583597 0.015432226615925278 0.021342594555087874
0 0.7457165408862252 0.4826819761512916 0.015262447959406936 0.017175927888421327
0 0.9136176476036334 0.4677415226696907 0.02193689460070279 0.02781084936441142
0 0.5945245454996134 0.49924610912442163 0.019683782610851117 0.023571431094636944
0 0.7893392068938365 0.4810847598165555 0.019683782610851117 0.023571431094636944
0 0.08882278134231489 0.5460780512994499 0.02618845059562863 0.030039685903960372
0 0.029702449327092473 0.5502546306108774 0.015771783928961978 0.029675927888421445
0 0.05978344866803702 0.5481845288559406 0.026188450595628642 0.030039685903960372
0 0.7014766548532433 0.49465948335114035 0.019683782610851117 0.023571431094636944
0 0.7170167655249842 0.4931217870411156 0.015262447959406936 0.017175927888421327
0 0.634192768161206 0.5027117229168033 0.015432226615925278 0.021342594555087874
0 0.6436951021535947 0.5061641051307884 0.019683782610851117 0.023571431094636826
0 0.9505004275782627 0.479431342390744 0.015432226615925042 0.021342594555087992
0 0.0396716746249068 0.5651653461581958 0.0326931185804062 0.036507940713283914
0 0.402387442736538 0.5320635433687289 0.02193689460070279 0.02781084936441142
0 0.6657823254742428 0.5121363302967538 0.017685338605776715 0.025582012824862468
0 0.9581316515579661 0.4880193063349546 0.02193689460070279 0.02781084936441142
0 0.7622328788329467 0.5051026131746001 0.026358229252147206 0.034206352570627034
0 0.9032204308735399 0.49338305551926437 0.02193689460070279 0.02781084936441142
0 0.8514766548532433 0.49989759877490253 0.015262447959406936 0.017175927888421327
0 0.9314303202017992 0.4964485354945531 0.019683782610851117 0.023571431094636944
0 0.7002422148025019 0.515420065081366 0.0152624479594067 0.017175927888421327
0 0.5427577747517603 0.5307242765785058 0.022106673257221134 0.03197751603107809
0 0.607001550772057 0.5246462429415145 0.015432226615925042 0.021342594555087992
0 0.08979900861729558 0.5700363846327832 0.02210667325722116 0.03197751603107809
0 0.7107013261332981 0.5168254897635716 0.015432226615925042 0.021342594555087992
0 0.6517507727745941 0.5251687357416658 0.023850449277517782 0.023716934300852564
0 0.9170592101891137 0.5011476076061319 0.02193689460070279 0.02781084936441142
0 0.882853988845632 0.5041138728215196 0.02193689460070279 0.02781084936441142
0 0.6808749947771311 0.5251455915185084 0.0152624479594067 0.017175927888421327
0 0.8663571008354839 0.5076985266633238 0.019683782610851117 0.023571431094636944
0 0.0777234552585915 0.5800165416808031 0.023850449277517723 0.02371693430085268
0 0.5762608867416122 0.5360549688948973 0.022106673257221134 0.03197751603107809
0 0.8446943241561318 0.5121429681640252 0.019683782610851117 0.023571431094636944
0 0.8334057694793168 0.5159095010135989 0.019683782610851117 0.023571431094636944
0 0.6997098841053903 0.5278836892798119 0.02193689460070279 0.02781084936441142
0 0.03947890124083201 0.5859623036899752 0.01726089196448098 0.015165346158195803
0 0.9753925435224471 0.5031846524931505 0.022106673257221134 0.03197751603107809
0 0.894566990163743 0.5107640066386127 0.022106673257221134 0.03197751603107809
0 0.5888457760698713 0.5385748118468776 0.019514003954332775 0.01940476442797016
0 0.6241351087441491 0.5366865890997103 0.022106673257221134 0.03197751603107809
0 0.9485638781738913 0.508488881652749 0.017685338605776715 0.025582012824862468
0 0.6501343307466863 0.5365543174718913 0.02193689460070279 0.02781084936441142
0 0.9071943241561318 0.5143255162572594 0.019683782610851117 0.023571431094636826
0 0.8615732141434463 0.517933314322221 0.019683782610851117 0.023571431094636944
0 0.06764634590496162 0.5879861169985972 0.019683782610851058 0.023571431094636826
0 0.20555134260968436 0.5771990986052665 0.02193689460070279 0.02781084936441142
0 0.409783448668037 0.5604067981780523 0.02618845059562863 0.030039685903960372
0 0.5610603333829081 0.5459259985382555 0.02193689460070279 0.02781084936441142
0 0.850242214802502 0.520658180505128 0.010841113307962757 0.01078042468220571
0 0.04606845855386877 0.5945138918326319 0.015262447959406848 0.017175927888421445
0 0.9322367688202614 0.5162402021612198 0.02193689460070279 0.02781084936441142
0 0.6794283314057417 0.5406978399154007 0.019683782610851117 0.023571431094636826
0 0.8069166614437978 0.5295470635065308 0.019683782610851117 0.023571431094636944
0 0.9427807694793168 0.5197289601767588 0.019683782610851117 0.023571431094636944
0 0.4421600046629629 0.5636177813595566 0.022106673257221134 0.03197751603107809
0 0.6028118893778339 0.549464363933745 0.0152624479594067 0.017175927888421445
0 0.5728582240292782 0.5546594656886817 0.02635822925214697 0.034206352570627034
0 0.9172059941180757 0.5302778984712445 0.022106673257221134 0.03197751603107809
0 0.12740334788212795 0.5994345376871698 0.02210667325722116 0.03197751603107809
0 0.06207546053103511 0.6044345288559405 0.02635822925214703 0.034206352570627034
0 0.07969890453610926 0.6029695841490236 0.02210667325722116 0.03197751603107809
0 0.5927772246883336 0.558475605918206 0.022106673257221134 0.03197751603107809
0 0.8497947734336494 0.5352051380369075 0.019514003954332775 0.01940476442797016
0 0.8965424394412608 0.5337170491068333 0.019683782610851117 0.023571431094636826
0 0.731723888059723 0.5477249633264291 0.017685338605776955 0.025582012824862468
0 0.9930531614190105 0.5247455018575617 0.013893677161979194 0.02781084936441142
0 0.8705856621028533 0.5348909874013189 0.022106673257221134 0.03197751603107809
0 0.03937101718501642 0.608842594555088 0.017685338605776924 0.025582012824862468
0 0.7183520000495747 0.5514187445728951 0.02635822925214697 0.034206352570627034
0 0.702896778706093 0.5550397742162532 0.022106673257221134 0.03197751603107809
0 0.6023644480089815 0.5640113214655245 0.017685338605776955 0.025582012824862468
0 0.6883558900368895 0.5555721796611652 0.026358229252147206 0.034206352570627034
0 0.7941814433955935 0.5488658447529967 0.022106673257221134 0.03197751603107809
0 0.1495330158669055 0.6064484295198018 0.023680670620999322 0.019550267634186012
0 0.6118667820013702 0.5674637036795095 0.015432226615925042 0.021342594555088114
0 0.7808095553854452 0.5525596259994626 0.02193689460070279 0.02781084936441142
0 0.09778923984660895 0.6129629727754399 0.024359785247072867 0.03621693430085268
0 0.8410139987314639 0.5494610891562556 0.022106673257221134 0.03197751603107785
0 0.06158557449805317 0.6179398197210534 0.024359785247072867 0.03621693430085268
0 0.05346446448536781 0.6228571466419554 0.02210667325722116 0.03197751603107809
0 0.43080601059446194 0.5913062717409098 0.02193689460070279 0.02781084936441142
0 0.8371868893778339 0.5576489192833735 0.022106673257221134 0.03197751603107809
0 0.8174801120394264 0.5590411123871826 0.026358229252147206 0.034206352570627034
0 0.45988778793286944 0.5902414608510858 0.019683782610851117 0.023571431094636826
0 0.9491351087441492 0.5480358391845284 0.019683782610851117 0.023571431094636826
0 0.2775731265386463 0.6088393197775985 0.019683782610851117 0.023571431094636826
0 0.870435333382908 0.556729611599765 0.019683782610851117 0.023571431094636826
0 0.33990334788212795 0.6068552012041661 0.02618845059562863 0.030039685903960372
0 0.1989157958415348 0.618574758859502 0.02635822925214703 0.034206352570627034
0 0.17837957515710864 0.6251389094950905 0.02635822925214697 0.034206352570627034
0 0.4406054572357579 0.6020503206215615 0.019683782610851117 0.023571431094636826
0 0.23849912917486815 0.6199570393185503 0.019683782610851117 0.023571431094636826
0 0.26345668451073856 0.6197883918891773 0.028526451913739533 0.03636243750706806
0 0.4211109032179984 0.6086508470587042 0.028526451913739474 0.03636243750706806
0 0.3184527945234239 0.616507976038201 0.028526451913739474 0.03636243750706806
0 0.7714115606578887 0.5771958679839236 0.02635822925214697 0.034206352570627034
0 0.13622302245746004 0.6371891682980472 0.02618845059562863 0.030039685903960372
0 0.5477697899100357 0.6026720281816137 0.02618845059562863 0.030039685903960372
0 0.15493057779333042 0.6368022660593508 0.028526451913739533 0.03636243750706806
0 0.9903198883644635 0.567162828778464 0.019360223271073097 0.023571431094636826
0 0.4599496825335722 0.6172884183828651 0.02635822925214697 0.034206352570627034
0 0.9221985593397778 0.5762203592092395 0.019683782610851117 0.023571431094636826
0 0.28171679847775655 0.6339484471822604 0.02193689460070279 0.02781084936441142
0 0.6186031232433692 0.6051455826872792 0.015432226615925042 0.021342594555088114
0 0.08790135908607061 0.6511045056250137 0.02635822925214703 0.034206352570627034
0 0.7306362319379436 0.5976158359217674 0.026188450595628864 0.030039685903960372
0 0.8984948939912221 0.5816337157734999 0.015432226615925278 0.021342594555088114
0 0.9099107826604258 0.5809921829239262 0.02635822925214697 0.034206352570627034
0 0.8385026739658514 0.5899405859500402 0.02193689460070279 0.02781084936441142
0 0.7876732306198326 0.5933665050072321 0.02193689460070279 0.02781084936441142
0 0.8882480059810738 0.5854366244246274 0.02193689460070279 0.02781084936441142
0 0.5960684585538688 0.6137203150530932 0.022106673257221134 0.03197751603107809
0 0.9329123386553516 0.5838757838914453 0.019683782610851117 0.023571431094636826
0 0.4439196858288495 0.6323314055580027 0.022106673257221134 0.03197751603107785
0 0.9196253399734625 0.5896528984712446 0.02193689460070279 0.02781084936441142
0 0.6107366812154613 0.6163129096081812 0.022106673257221134 0.03197751603107809
0 0.9715388946502775 0.5873050218822731 0.022106673257221134 0.03197751603107809
0 0.22331802575273726 0.6558333598270212 0.02635822925214703 0.034206352570627034
0 0.8628005646122214 0.5991105627191132 0.02635822925214697 0.034206352570627034
0 0.5550809065132756 0.6289319496576038 0.02193689460070279 0.02781084936441142
0 0.1373690283889591 0.6653141682980471 0.028526451913739533 0.03636243750706806
0 0.7831440119125728 0.6098512926661293 0.022106673257221134 0.03197751603107809
0 0.98933211731187 0.5900067438420228 0.017855117262295293 0.029748679491529137
0 0.11870391771721825 0.6667427372034103 0.0326931185804062 0.036507940713283914
0 0.9458367852966475 0.5947289601767589 0.02435978524707281 0.03621693430085268
0 0.05550180836358834 0.6728571466419554 0.03528578788329468 0.0490806923163916
0 0.8079742332560544 0.6065576452367564 0.019683782610851117 0.023571431094636826
0 0.580038461849146 0.6287633022282307 0.019683782610851117 0.023571431094636826
0 0.6463655712027758 0.6227580201943472 0.022106673257221134 0.03197751603107809
0 0.9573375632941106 0.5961707606605184 0.022106673257221134 0.03197751603107809
0 0.9934333910006852 0.5923447077862335 0.013133217998629713 0.023571431094636826
0 0.5647105744980531 0.635509331871589 0.019683782610851117 0.023571431094636826
0 0.6300809065132756 0.6315510073694848 0.02193689460070279 0.02781084936441142
0 0.9016393439277953 0.6077481340432743 0.028781119898517223 0.042612437507068064
0 0.8488963459049615 0.6152679681640252 0.02193689460070279 0.02781084936441142
0 0.8904781232433691 0.6146396668928481 0.022106673257221134 0.03197751603107809
0 0.8097799038770538 0.6253440210383102 0.02193689460070279 0.02781084936441142
0 0.9788500112535173 0.6135649433582632 0.02368067062099944 0.019550267634185776
0 0.9895850593149904 0.6118817438420228 0.020829881370019145 0.03197751603107785
0 0.5901774658034786 0.6478406844422158 0.019683782610851117 0.023571431094636826
0 0.6711727978187011 0.6444279969634205 0.028526451913739474 0.03636243750706806
0 0.8702814598719797 0.6295371508617699 0.028526451913739474 0.03636243750706806
0 0.9894364565767025 0.6180953680404689 0.019514003954332775 0.01940476442797016
0 0.9647335692256096 0.6245140154698419 0.02635822925214697 0.034206352570627034
0 0.5595641357654225 0.6623744103955987 0.019514003954332775 0.01940476442797016
0 0.8601619058542201 0.6364650595128976 0.022106673257221134 0.03197751603107809
0 0.11493870296429112 0.7019775248623074 0.02635822925214703 0.034206352570627034
0 0.9513192365513317 0.6271661300496412 0.02635822925214697 0.034206352570627034
0 0.49627713708353355 0.6664054865008107 0.02635822925214697 0.034206352570627034
0 0.5306096924194039 0.6665642212854228 0.022106673257221134 0.03197751603107809
0 0.7980439078313865 0.6436575114196633 0.026358229252147206 0.034206352570627034
0 0.8281673518364606 0.6426290763313932 0.023850449277517782 0.02371693430085268
0 0.4778242497324407 0.673042388739507 0.03277800790866543 0.03859127404661725
0 0.607523247096219 0.665089363933745 0.02435978524707281 0.03621693430085268
0 0.060409484257031305 0.716716274046617 0.03328734387822053 0.05109127404661725
0 0.6832678011139783 0.6604531307805134 0.022106673257221134 0.03197751603107809
0 0.9299111278567572 0.6378605715503426 0.023850449277517782 0.02371693430085268
0 0.1298191489465316 0.7097784527507287 0.020108229252147027 0.033988097761303494
0 0.6179823584270152 0.6664947886159508 0.017855117262295293 0.029748679491529137
0 0.9071642398466089 0.6412269705828232 0.022106673257221134 0.03197751603107809
0 0.5454901384016445 0.6743651491738443 0.028526451913739474 0.03636243750706806
0 0.5923226937375148 0.6749603935771031 0.022106673257221134 0.03197751603107809
0 0.9851194611900905 0.6397884890326995 0.028526451913739474 0.03636243750706806
0 0.5136229183762737 0.6836541659923399 0.03269311858040614 0.036507940713283914
0 0.9490431298339236 0.6478903359783127 0.019683782610851117 0.023571431094636826
0 0.7344792464371633 0.6664022117233213 0.02193689460070279 0.02781084936441142
0 0.6277393604041814 0.6761971708299358 0.017855117262295293 0.029748679491529137
0 0.5634955843838849 0.6822752044669272 0.028526451913739474 0.03636243750706806
0 0.5790356950556258 0.6807375081569024 0.015432226615925278 0.021342594555087874
0 0.9220871304929791 0.6500695651379114 0.023850449277517782 0.02371693430085268
0 0.8351389111266637 0.66055566447405 0.028526451913739474 0.03636243750706806
0 0.7170680257527373 0.6730754897635716 0.02635822925214697 0.034206352570627034
0 0.40622336765379147 0.7027877492974004 0.02635822925214697 0.034206352570627034
0 0.3275660369566799 0.7125231883793037 0.03269311858040614 0.036507940713283914
0 0.6612849170581628 0.6825695298129941 0.02435978524707281 0.03621693430085268
0 0.8250193571089042 0.6674835731251777 0.022106673257221134 0.03197751603107809
0 0.2198693735852905 0.7243651050176978 0.03103423188836878 0.04685185577684266
0 0.9403896891241267 0.665271287097661 0.02193689460070279 0.02781084936441142
0 0.6760804737121441 0.6882871243680821 0.02618845059562863 0.030039685903960372
0 0.38598425961827243 0.7166435665996557 0.028526451913739474 0.03636243750706806
0 0.9301003564498488 0.668032529082122 0.022106673257221134 0.03197751603107809
0 0.9591396891241267 0.6659260515256311 0.02435978524707281 0.03621693430085268
0 0.3175738169313092 0.7225760970304315 0.019683782610851117 0.023571431094636826
0 0.7580750277299036 0.6838691460241738 0.015432226615925042 0.021342594555088114
0 0.2534149302392718 0.730737464000756 0.02635822925214703 0.034206352570627034
0 0.17879693221643814 0.7374934062888749 0.032947786565183775 0.042757940713283676
0 0.29912092958021635 0.7292129992691277 0.028781119898517105 0.042612437507068064
0 0.9147724690987559 0.6747785587254801 0.028781119898517223 0.042612437507068064
0 0.7500388070454774 0.6908698062784092 0.028526451913739474 0.03636243750706806
0 0.8580750277299036 0.6873612229733487 0.024614453231850558 0.042466934300852445
0 0.8477856950556257 0.6901224649578096 0.02435978524707281 0.036216934300852446
0 0.08289815949141882 0.7580687900776951 0.032947786565183775 0.04275794071328391
0 0.5161925929516058 0.7211905417938936 0.03277800790866543 0.03859127404661725
0 0.15147838083490045 0.7563029263135862 0.030185338605776952 0.026018522443509322
0 0.16597682483997458 0.7547288542020074 0.019683782610851058 0.023571431094636826
0 0.9402393604041814 0.687109911296107 0.030355117262295294 0.030185189110175988
0 0.27701071153201196 0.7482043983016086 0.028526451913739592 0.03636243750706806
0 0.680266590315384 0.7144379184394105 0.02635822925214697 0.034206352570627034
0 0.7113468116588656 0.711362525819361 0.028781119898517223 0.042612437507068064
0 0.4097498195675309 0.738277167567175 0.028526451913739474 0.03636243750706806
0 0.32784015487803064 0.7447784792444165 0.028781119898517105 0.042612437507068064
0 0.7695952556639398 0.7113162373730463 0.028781119898517223 0.042612437507068064
0 0.3446341555370861 0.748485492069279 0.031034231888368898 0.04685185577684266
0 0.17728482945336274 0.7769676122175466 0.028526451913739592 0.03636243750706806
0 0.4395956008602712 0.7559623566773509 0.028526451913739474 0.03636243750706806
0 0.955841365676625 0.7126191725178617 0.031034231888368898 0.04685185577684266
0 0.1579600540921216 0.7877348053213556 0.032947786565183775 0.042757940713283676
0 0.7456563722671795 0.7364848848024192 0.028781119898517223 0.042612437507068064
0 0.40502782747619637 0.7755589127578515 0.028526451913739474 0.03636243750706806
0 0.980266590315384 0.7249141492869349 0.02193689460070279 0.027810849364411184
0 0.5886388235218637 0.7632474296328925 0.02618845059562863 0.030039685903960372
0 0.8126201515827535 0.7461046027685359 0.03269311858040614 0.036507940713283914
0 0.6468872675269378 0.7632011411865778 0.028526451913739474 0.03636243750706806
0 0.48765905145589983 0.7867659344139433 0.032778007908665314 0.03859127404661725
0 0.6940169355117154 0.7710880522565035 0.028526451913739474 0.03636243750706806
0 0.7728016002012157 0.7644776131746002 0.026358229252147206 0.034206352570627034
0 0.5084923847892332 0.7874934504450214 0.03269311858040614 0.036507940713283914
0 0.863087042888179 0.7593089745764564 0.02618845059562863 0.030039685903960372
0 0.20702272669028732 0.8175330921928352 0.028781119898517105 0.042612437507068064
0 0.4268373880845104 0.8002447621222629 0.028526451913739474 0.03636243750706806
0 0.5874468281352517 0.7850496780297846 0.026358229252147206 0.034206352570627034
0 0.9965742961462751 0.746584126056008 0.006851407707449653 0.023716934300852442
0 0.22789850468775028 0.8193022748905799 0.03753889987314641 0.05332011058616596
0 0.326389946715658 0.8112996427048675 0.028526451913739474 0.03636243750706806
0 0.9212930422291234 0.7582210194634751 0.039452454549961165 0.04922619552260722
0 0.1494109526471571 0.83320438063915 0.039452454549961345 0.04922619552260722
0 0.10604295462432343 0.841051596973886 0.039452454549961345 0.04922619552260722
0 0.8605987128501229 0.7748248471717948 0.028526451913739474 0.03636243750706806
0 0.31569561733665735 0.8296495088877746 0.035285787883294735 0.0490806923163916
0 0.8837700475015671 0.7818751148059806 0.031034231888368898 0.04685185577684266
0 0.525178501392473 0.8140807541349965 0.028781119898517105 0.042612437507068064
0 0.7812392727993814 0.7928572437854774 0.031034231888368898 0.04685185577684266
0 0.44039850468775027 0.8267229384075764 0.021427558631147647 0.01531084936441142
0 0.6425897220768991 0.8108995530439209 0.02435978524707281 0.03621693430085268
0 0.6985850540921216 0.8066138463278318 0.024614453231850558 0.04246693430085268
0 0.8001590514558998 0.7976786748801143 0.031034231888368898 0.04685185577684266
0 0.6903366100870474 0.808406173248734 0.028781119898517223 0.042612437507068064
0 0.4156956173366574 0.8331415858369494 0.03269311858040614 0.036507940713283914
0 0.5918876127232693 0.817450472101113 0.028526451913739474 0.03636243750706806
0 0.3443723979703421 0.8441733221963967 0.03269311858040614 0.036507940713283914
0 0.6533459460566026 0.8195966443927934 0.028781119898517223 0.042612437507068064
0 0.4399086186547683 0.8402282292726893 0.025679114626073602 0.01753968590396037
0 0.8276243867663996 0.8079994457205159 0.031034231888368898 0.04685185577684266
0 0.24522129125293401 0.8615145785805552 0.028526451913739533 0.03636243750706806
0 0.7273891687181951 0.8242626596364538 0.035285787883294735 0.0490806923163916
0 0.2103139605558225 0.8727778013277224 0.0391128972369246 0.04089286218927389
0 0.5659927299855646 0.8456713679273783 0.02635822925214697 0.034206352570627034
0 0.15348918519458135 0.8822354655755912 0.04578734387822051 0.051527783665263865
0 0.23856629454821127 0.8768849479696779 0.028781119898517105 0.042612437507068064
0 0.19832329652537758 0.8848412917090757 0.03528578788329462 0.0490806923163916
0 0.8554717240540656 0.8276952165609174 0.0394524545499614 0.04922619552260722
0 0.5322968446116381 0.861137633142766 0.02193689460070279 0.02781084936441142
0 0.4193918479069153 0.8727976707733907 0.032947786565183775 0.04275794071328391
0 0.09813052314130283 0.9021461722916804 0.032947786565183775 0.04275794071328391
0 0.9625087227359546 0.8251919241209695 0.0352857878832945 0.0490806923163916
0 0.7614865060058612 0.8441766852861788 0.0352857878832945 0.0490806923163916
0 0.5760043999475085 0.8616237501413634 0.02435978524707281 0.03621693430085268
0 0.4525978472478599 0.8708366964231155 0.032947786565183775 0.042757940713283676
0 0.35740118387647046 0.8831151226801564 0.032947786565183775 0.04275794071328391
0 0.26003629784348853 0.893237464000756 0.02635822925214709 0.034206352570627034
0 0.6086780685913415 0.8721263999895343 0.026358229252147206 0.034206352570627034
0 0.5362282932301004 0.8810384272140943 0.023850449277517782 0.02371693430085268
0 0.1954299697825988 0.9159457885028601 0.036859785247072924 0.0366534439194993
0 0.833720513255471 0.8810252397918442 0.03294778656518389 0.04275794071328391
0 0.554040965828266 0.9097454400389569 0.03294778656518389 0.04275794071328391
0 0.6131188531793589 0.9045271940608627 0.028526451913739474 0.03636243750706806
0 0.9521734006065639 0.8778804145023228 0.045787343878220574 0.051527783665263865
0 0.42589297110070967 0.9302348406462729 0.032947786565183775 0.04275794071328391
0 0.7389482965253776 0.9037203327155517 0.03294778656518389 0.042757940713283676
0 0.2055035343452455 0.9589451282486245 0.047955566539813074 0.053683868601705126
0 0.2795043123427084 0.9625694768256184 0.028526451913739592 0.03636243750706806
0 0.29738242433256007 0.9673545321187015 0.0387733399238878 0.03255952885594056
0 0.8581227431666735 0.9182838407593635 0.039452454549961165 0.049226195522606986
0 0.4586285343452455 0.9677844480262233 0.032947786565183775 0.042757940713283676
0 0.6382001977166349 0.9584524616950486 0.03294778656518389 0.04275794071328391
0 0.7576098624061351 0.9532606788737475 0.035285787883294735 0.0490806923163916
0 0.5617110896811159 0.9703439857133931 0.039792011862998085 0.05755952885594055
0 0.306394872291967 0.9843122051977994 0.03626555994925861 0.022070110586165963
0 0.8387325284137465 0.9529729913949522 0.04395867852966475 0.05770503206215617
0 0.8760627497572281 0.950115853584226 0.045957122534738916 0.05569445033193053
0 0.5921740909992269 0.9760516234675739 0.03328734387822057 0.04789675306485227
0 0.7871160863858386 0.9626125346505902 0.041705566539813076 0.053465613792381815
0 0.4388987622792816 0.9895056474859184 0.03243845059562863 0.020988705028163204
0 0.5812250936354485 0.9804844928566965 0.039792011862998085 0.039031014286607046
0 0.6869233130017638 0.9755324496010584 0.04395867852966475 0.04893510079788304
0 0.7287597583249489 0.9830489868662469 0.04111134124199888 0.03390202626750636
0 0.8688754223553938 0.9779498471717948 0.04944467457533221 0.039173286871479716
0 0.14960027406791762 0.25070769074155647 0.006674446641295973 0.010634921475990093
0 0.2553409380983625 0.24191802250005465 0.008927558631147647 0.014874339745764568
0 0.28746282610851076 0.238879005681559 0.015262447959406818 0.017175927888421327
0 0.1455609413936397 0.25368718753534086 0.008927558631147647 0.014874339745764568
0 0.16005938539871387 0.2521131154237622 0.008927558631147647 0.014874339745764568
0 0.2688826047650291 0.2423909079202554 0.006674446641295973 0.010634921475990093
0 0.13114738671682477 0.25734459298025286 0.006674446641295943 0.010634921475990093
0 0.13943827538602846 0.25659393272601744 0.01084111330796264 0.01078042468220571
0 0.14356249738856558 0.25569776926556637 0.008927558631147647 0.014874339745764568
0 0.15406405338349144 0.25814486061443875 0.01084111330796264 0.01078042468220571
0 0.20380938539871388 0.2536408990890261 0.008927558631147647 0.014874339745764568
0 0.10323461003747274 0.2615707796716308 0.0065046679847775716 0.006468254809323426
0 0.11877472070921354 0.26003308336160597 0.006674446641295943 0.010634921475990093
0 0.11065361069652817 0.2649504102825081 0.006674446641295943 0.010634921475990093
0 0.2733888287447325 0.25086974445980437 0.006674446641295973 0.010634921475990093
0 0.35198072005015807 0.26505626290968043 0.015262447959406936 0.017175927888421327