0 0.5458955183974268 0.11658956259285189 0.023243949134070855 0.019016659558666524
0 0.5844371850640935 0.11614108969873091 0.02741061580073752 0.0190651431147877
0 0.6749894556268925 0.11091990568642845 0.019150011904604962 0.023134842669211984
0 0.6677159713195261 0.11204641857630719 0.016957584415470232 0.01686060089115141
0 0.5574811282458616 0.12374789948018527 0.010598490259668835 0.010537875556969627
0 0.5751894615791949 0.12354184436667025 0.016957584415470232 0.01686060089115141
0 0.662762191016396 0.126690356354792 0.025436376623205584 0.0252909013367271
0 0.7012856753237623 0.12520021679400437 0.019150011904604962 0.02313484266921201
0 0.6149728008648307 0.1345395839168523 0.019150011904604962 0.023134842669211984
0 0.6421106812760649 0.1373494408020646 0.025436376623205584 0.025290901336727126
0 0.5787690205617007 0.14954714836624602 0.019222741341805735 0.02730150933587865
0 0.7058159891764336 0.14598506657121652 0.027665168830940463 0.033648476448121065
0 0.6580447813841687 0.1548759607999435 0.025509106060406357 0.029457568003393792
0 0.5571122088733034 0.16230168703588224 0.029675772727073023 0.029506051559515002
0 0.4928379756480739 0.18076151548909397 0.025436376623205467 0.025290901336727126
0 0.5836084345224758 0.1880403314767915 0.025509106060406357 0.029457568003393792
0 0.6263531325744095 0.18962670835988268 0.03183183549760713 0.03369696000424221
0 0.37256829545304754 0.21445920528327503 0.03826365909060954 0.04418635200509069
0 0.2967084523793832 0.22576069684915331 0.029675772727073023 0.029506051559515002
0 0.4237008739162154 0.21907361505412382 0.027737898268141475 0.03781514311478773
0 0.7702122267302108 0.19420402567370176 0.025509106060406357 0.029457568003393792
0 0.44769557196814913 0.22087816793976034 0.02543637662320535 0.025290901336727126
0 0.3415546661239505 0.2283644986208506 0.046815180735545546 0.056783319117333045
0 0.9159001011891424 0.1841737678761269 0.04681518073554543 0.056783319117333045
0 0.5237190562755156 0.21895167637388202 0.034096992423942867 0.04413786844896948
0 0.47797663473868346 0.2246933288245484 0.027737898268141475 0.03781514311478773
0 0.39166376027975186 0.23403269594739634 0.025509106060406357 0.029457568003393792
0 0.6403129935049814 0.21342747013582214 0.03190456493480814 0.03786362667090894
0 0.5456849680720167 0.22390547103757913 0.03190456493480814 0.03786362667090888
0 0.4999061818165841 0.22756379015491218 0.034096992423942867 0.04413786844896948
0 0.7163546601716481 0.2125426452366105 0.03190456493480814 0.03786362667090894
0 0.27523346428398815 0.24893190218545624 0.034096992423942867 0.04413786844896948
0 0.5967448170979837 0.22435321414176126 0.029675772727073023 0.029506051559515002
0 0.40328573484678726 0.2432743661680631 0.04045608657974427 0.050460593783151236
0 0.6706849680720167 0.22245096435394357 0.03632578463167799 0.05249544356036342
0 0.17546983495489113 0.2636371741990314 0.055403067099082055 0.07146361956290874
0 0.6936379994572839 0.22426763812861036 0.03416972186114388 0.04830453511563615
0 0.4294546780285555 0.2502630106089724 0.027737898268141475 0.03781514311478773
0 0.7551326975092176 0.2256358390091562 0.05741367099521474 0.06732119467430267
0 0.30688347618859324 0.271484942181214 0.046960639609947445 0.06511665245066638
0 0.8541455779204516 0.22760935455127804 0.04246669047587659 0.046318168894545174
0 0.5087122564917234 0.25455015637600314 0.034096992423942867 0.04413786844896948
0 0.4401258977254254 0.26472513505200274 0.04495003571381488 0.06925907733927245
0 0.7243372564917233 0.25204113234673176 0.03409699242394263 0.04413786844896948
0 0.6307327153661251 0.2614653456927918 0.04681518073554543 0.056783319117333045
0 0.3477448468594961 0.28455389417569915 0.03632578463167799 0.05249544356036336
0 0.8222175584397895 0.24881843544455057 0.05518487878747938 0.05896361956290879
0 0.9304236152580213 0.24026619631873306 0.05734094155801349 0.063154528007636
0 0.5361228722924608 0.27298501326121544 0.05313791017274643 0.06102271111818152
0 0.8464122624440258 0.2620813216635204 0.03416972186114388 0.04830453511563621
0 0.6997190860370281 0.2742070336834589 0.05734094155801349 0.06315452800763606
0 0.39507440584200176 0.3100501208360024 0.0722879220773514 0.08415755378739351
0 0.49819940584200173 0.30885015282200307 0.05313791017274643 0.0610227111181814
0 0.03852821590664441 0.3569159191067275 0.04926216125488344 0.07764089422872698
0 0.2663986628764412 0.3396781110757592 0.05321063960994739 0.06518937778484807
0 0.12495018452137728 0.3538265519838795 0.05734094155801361 0.06315452800763595
0 0.2239448825733111 0.3547584008593347 0.08306823593002263 0.10511209601102986
0 0.6507918452357414 0.33624716969024643 0.08073034956648613 0.09050452089963593
0 0.06511535335231787 0.38786289688097003 0.07451671428508662 0.09251512889878745
0 0.5250229139585781 0.35333879726291234 0.08536975757495877 0.11763633778909034
0 0.16312293181548568 0.39193186664545554 0.08058489069208434 0.08217118756630247
0 0.32761535335231784 0.38480843284533534 0.05342882792155 0.07768937778484819
0 0.2652426298674195 0.39282735285381976 0.0574136709952145 0.06732119467430261
0 0.9530388198027767 0.34210711187146053 0.08288641233702047 0.09469542934436319
0 0.3987214220751546 0.39960921239127517 0.09366672618969159 0.11564997156799943
0 0.4829873279193533 0.39237742037982115 0.0722879220773514 0.08415755378739351
0 0.8878865611445828 0.36995406121370245 0.0872349025966893 0.10516057956715107
0 0.8181858062744172 0.3759744941120657 0.07871974567035381 0.09464694578824198
0 0.5716380887418213 0.39759714481224595 0.04889851406887876 0.05680756089539365
0 0.7071638495642893 0.40227142923830744 0.06812125541068496 0.0841090702312723
0 0.9684767240232208 0.39089575275836963 0.04052881601694504 0.05462726044981802
0 0.14531314231254372 0.5057038302036978 0.11939402056170069 0.15760753957139323
0 0.08169583982176137 0.7408666879906671 0.14266379004126434 0.2974332906853325