0 0.5010416666666667 0.17541744988699845 0.010416666666666666 0.01709111330796258
0 0.4427083333333333 0.17466935107825574 0.010416666666666666 0.01709111330796264
0 0.525 0.18589955594535112 0.010416666666666666 0.01709111330796264
0 0.515625 0.1841982245891841 0.010416666666666666 0.01709111330796264
0 0.48125 0.18143223183879406 0.016666666666666666 0.017345781292740153
0 0.4354166666666667 0.17704979706049623 0.010416666666666666 0.01709111330796264
0 0.46041666666666664 0.18123945845471928 0.010416666666666666 0.01709111330796264
0 0.4166666666666667 0.17677213434816227 0.016666666666666666 0.017345781292740153
0 0.3177083333333333 0.17038771077380707 0.010416666666666666 0.01709111330796264
0 0.3854166666666667 0.17908714093871675 0.010416666666666666 0.01709111330796264
0 0.46875 0.1892332344750159 0.00625 0.008588001318110905
0 0.49583333333333335 0.19229633987431308 0.0125 0.021342669302888476
0 0.5208333333333334 0.1964860012685362 0.010416666666666666 0.01084111330796264
0 0.39895833333333336 0.18478536030503204 0.016666666666666666 0.02151244795940682
0 0.30104166666666665 0.17731682539988056 0.010416666666666666 0.01709111330796264
0 0.5072916666666667 0.1970377819022209 0.00625 0.014838001318110906
0 0.5697916666666667 0.20386610205444528 0.016666666666666666 0.02151244795940682
0 0.5520833333333334 0.20458766134464834 0.016666666666666666 0.02151244795940682
0 0.4354166666666667 0.19267479706049623 0.010416666666666666 0.01709111330796264
0 0.35208333333333336 0.18669537019086377 0.010416666666666666 0.01709111330796264
0 0.590625 0.21239220877185336 0.020833333333333332 0.017515559949258554
0 0.41458333333333336 0.1945653570097548 0.016666666666666666 0.017345781292740153
0 0.3145833333333333 0.18509837809952914 0.016666666666666666 0.017345781292740153
0 0.36666666666666664 0.19026781155971614 0.016666666666666666 0.017345781292740153
0 0.45416666666666666 0.20336912643949687 0.016666666666666666 0.025679114626073484
0 0.38333333333333336 0.20104703026697598 0.010416666666666666 0.01709111330796264
0 0.4427083333333333 0.20696101774492243 0.016666666666666666 0.02151244795940682
0 0.43125 0.20534457571701464 0.016666666666666666 0.02151244795940682
0 0.4791666666666667 0.21380878783371995 0.016666666666666666 0.017345781292740153
0 0.33958333333333335 0.19970470616041894 0.010416666666666666 0.01709111330796264
0 0.3645833333333333 0.20389436755464196 0.016666666666666666 0.02151244795940682
0 0.5020833333333333 0.21808333855620218 0.016666666666666666 0.017345781292740153
0 0.5385416666666667 0.22388944197833308 0.010416666666666666 0.01709111330796264
0 0.3458333333333333 0.20465837150897467 0.010416666666666666 0.01709111330796264
0 0.15833333333333333 0.18521507771896834 0.020833333333333332 0.03001555994925855
0 0.546875 0.2266748846652963 0.010416666666666666 0.01709111330796264
0 0.45208333333333334 0.22012068243442276 0.016666666666666666 0.02151244795940682
0 0.4041666666666667 0.21582313698438407 0.016666666666666666 0.02151244795940682
0 0.5895833333333333 0.2384763201026496 0.020833333333333332 0.027932226615925218
0 0.17916666666666667 0.19686618443637643 0.016666666666666666 0.02984578129274015
0 0.371875 0.21922225490573483 0.016666666666666666 0.02151244795940682
0 0.334375 0.2155419294810669 0.016666666666666666 0.02151244795940682
0 0.44583333333333336 0.2287086837525336 0.016666666666666666 0.017345781292740153
0 0.38229166666666664 0.22296447493110558 0.016666666666666666 0.025679114626073484
0 0.3145833333333333 0.2173900447661958 0.016666666666666666 0.02151244795940682
0 0.5052083333333334 0.2377476712304801 0.010416666666666666 0.01709111330796264
0 0.3958333333333333 0.22553769429742085 0.016666666666666666 0.02151244795940682
0 0.3541666666666667 0.22723548086260462 0.016666666666666666 0.02151244795940682
0 0.30625 0.2218962687458993 0.016666666666666666 0.02151244795940682
0 0.24791666666666667 0.2190648366038232 0.016666666666666666 0.02151244795940682
0 0.41041666666666665 0.2353601356662732 0.016666666666666666 0.017345781292740153
0 0.2947916666666667 0.22340482671799144 0.010416666666666666 0.01709111330796264
0 0.528125 0.24618888861962904 0.016666666666666666 0.02151244795940682
0 0.2791666666666667 0.22404149667993542 0.016666666666666666 0.017345781292740153
0 0.5416666666666666 0.25084544131927766 0.016666666666666666 0.02151244795940682
0 0.39166666666666666 0.23612413962060586 0.010416666666666666 0.01709111330796264
0 0.5572916666666666 0.25437543802400037 0.016666666666666666 0.02151244795940682
0 0.3416666666666667 0.2329531501654931 0.016666666666666666 0.02151244795940682
0 0.4239583333333333 0.2431416883659218 0.016666666666666666 0.025679114626073484
0 0.5729166666666666 0.2579054347287231 0.020833333333333332 0.02168222661592528
0 0.4583333333333333 0.24694934778297853 0.016666666666666666 0.02151244795940682
0 0.253125 0.2292692799498419 0.016666666666666666 0.02151244795940682
0 0.5833333333333334 0.26164765475409385 0.016666666666666666 0.017345781292740153
0 0.271875 0.23058860932884256 0.016666666666666666 0.02151244795940682
0 0.5052083333333334 0.2564976712304801 0.010416666666666666 0.01709111330796264
0 0.47291666666666665 0.2526051224851642 0.016666666666666666 0.02151244795940682
0 0.40729166666666666 0.24798746965866195 0.016666666666666666 0.025679114626073484
0 0.14270833333333333 0.22231008101424557 0.016666666666666666 0.025679114626073484
0 0.37083333333333335 0.2453063662365311 0.020833333333333332 0.027932226615925218
0 0.4947916666666667 0.25692211787177605 0.016666666666666666 0.021512447959406877
0 0.2833333333333333 0.2374133846900837 0.010416666666666666 0.01709111330796264
0 0.35208333333333336 0.24711203685753044 0.016666666666666666 0.025679114626073484
0 0.18854166666666666 0.23294251579254344 0.016666666666666666 0.025679114626073484
0 0.29791666666666666 0.24411082605893603 0.016666666666666666 0.025679114626073484
0 0.17708333333333334 0.23236774043130232 0.020833333333333332 0.03001555994925855
0 0.5916666666666667 0.2758914307743904 0.016666666666666666 0.025679114626073602
0 0.16458333333333333 0.23287707640085742 0.016666666666666666 0.02984578129274015
0 0.5354166666666667 0.26985010930405523 0.016666666666666666 0.02151244795940682
0 0.19583333333333333 0.23889540314363625 0.020833333333333332 0.027932226615925218
0 0.43645833333333334 0.2624240190630333 0.020833333333333332 0.030015559949258492
0 0.6072916666666667 0.2794214274791132 0.020833333333333332 0.027932226615925277
0 0.340625 0.2559122614962893 0.016666666666666666 0.025679114626073484
0 0.3125 0.25497493409445504 0.016666666666666666 0.025679114626073484
0 0.32916666666666666 0.2574208194683815 0.016666666666666666 0.025679114626073543
0 0.10625 0.23733731092544805 0.020833333333333332 0.03001555994925855
0 0.2760416666666667 0.25333549733899086 0.016666666666666666 0.02151244795940682
0 0.45416666666666666 0.2710774597728302 0.016666666666666666 0.01734578129274027
0 0.5802083333333333 0.2867749887464826 0.016666666666666666 0.025679114626073484
0 0.07083333333333333 0.23565542950585427 0.027083333333333334 0.02818689460070279
0 0.39479166666666665 0.2703718056282171 0.020833333333333332 0.030015559949258492
0 0.24479166666666666 0.262942170596212 0.016666666666666666 0.025679114626073484
0 0.590625 0.2967672087718533 0.016666666666666666 0.025679114626073602
0 0.5125 0.2916172252482396 0.016666666666666666 0.02984578129274015
0 0.615625 0.30408187016607635 0.020833333333333332 0.027932226615925277
0 0.34479166666666666 0.27761748283977095 0.016666666666666666 0.02151244795940682
0 0.2875 0.27370193936689863 0.016666666666666666 0.025679114626073602
0 0.6333333333333333 0.31065197754254 0.020833333333333332 0.027932226615925277
0 0.44895833333333335 0.2921230164268115 0.027083333333333334 0.02818689460070279
0 0.06666666666666667 0.2545752081623726 0.03125 0.02835667325722119
0 0.10833333333333334 0.25808575493052216 0.027083333333333334 0.02818689460070279
0 0.21458333333333332 0.27563139918930357 0.020833333333333332 0.02793222661592516
0 0.5333333333333333 0.3074349986323144 0.029166666666666667 0.03452178392896196
0 0.14791666666666667 0.2700145243602643 0.027083333333333334 0.02818689460070279
0 0.49166666666666664 0.3028827851974981 0.020833333333333332 0.027932226615925277
0 0.3927083333333333 0.2964983616231429 0.027083333333333334 0.02818689460070279
0 0.31666666666666665 0.29126348877127 0.020833333333333332 0.03001555994925861
0 0.7208333333333333 0.3341699590889874 0.03958333333333333 0.059946230570257934
0 0.2520833333333333 0.2866033912806382 0.027083333333333334 0.032353561267369456
0 0.17291666666666666 0.281495852421154 0.020833333333333332 0.030015559949258492
0 0.61875 0.3279128695070209 0.016666666666666666 0.021512447959406936
0 0.6572916666666667 0.33675908360089263 0.029166666666666667 0.03452178392896196
0 0.859375 0.3566498187597514 0.04375 0.05594934256010973
0 0.5666666666666667 0.32795176938016735 0.029166666666666667 0.04077178392896196
0 0.290625 0.30169960537450985 0.020833333333333332 0.027932226615925277
0 0.74375 0.346777843144803 0.029166666666666667 0.04077178392896196
0 0.19583333333333333 0.29410373647696963 0.03333333333333333 0.04302489591881364
0 0.3958333333333333 0.3140793609640875 0.016666666666666666 0.025679114626073484
0 0.42083333333333334 0.3193106890249772 0.03958333333333333 0.05577956390359127
0 0.9041666666666667 0.3673246982021788 0.016666666666666666 0.02984578129274015
0 0.49166666666666664 0.3341327851974981 0.03333333333333333 0.03677489591881364
0 0.6291666666666667 0.3472800895323917 0.027083333333333334 0.032353561267369456
0 0.21875 0.31400328719945186 0.041666666666666664 0.05169778656518377
0 0.5416666666666666 0.3487621079859443 0.027083333333333334 0.02818689460070279
0 0.06666666666666667 0.30040854149570595 0.04791666666666667 0.06236912121662807
0 0.3885416666666667 0.344584806946328 0.029166666666666667 0.04910511726229529
0 0.18958333333333333 0.32560840446174716 0.029166666666666667 0.03452178392896196
0 0.28541666666666665 0.3342034953618244 0.03333333333333333 0.04302489591881364
0 0.484375 0.36151323117973866 0.03333333333333333 0.05135822925214697
0 0.5729166666666666 0.37248876806205644 0.029166666666666667 0.04493845059562863
0 0.6291666666666667 0.38998842286572505 0.04791666666666667 0.06236912121662795
0 0.36666666666666664 0.36839281155971615 0.04583333333333333 0.07061756522170211
0 0.5916666666666667 0.3946414307743904 0.0375 0.05152800790866531
0 0.5395833333333333 0.39676366398087015 0.04375 0.05594934256010961
0 0.51875 0.39657089059679534 0.04583333333333333 0.06645089855503544
0 0.8979166666666667 0.4446626995202897 0.04583333333333333 0.06645089855503544
0 0.7854166666666667 0.4502883899129525 0.06458333333333334 0.07971490250936811
0 0.16979166666666667 0.41183151974687615 0.08958333333333333 0.09323357444847839
0 0.925 0.4977258049195869 0.08333333333333333 0.11381223979703421
0 0.38333333333333336 0.46771369693364256 0.07083333333333333 0.10288623716081252
0 0.309375 0.46551893475351047 0.06666666666666667 0.08396645850429406
0 0.053125 0.449918655462724 0.052083333333333336 0.047955566539813074
0 0.6739583333333333 0.5121216356414858 0.07291666666666667 0.10713779315573836
0 0.021875 0.46160866205327855 0.04375 0.0809493425601096
0 0.8479166666666667 0.5446167100651768 0.09375 0.12465335310499673
0 0.7458333333333333 0.5394012871498771 0.06875 0.10696801449922001
0 0.15208333333333332 0.4958864123704126 0.08333333333333333 0.09714557313036755
0 0.059375 0.5079973208112798 0.08958333333333333 0.12865024111514506
0 0.7958333333333333 0.6113222766049898 0.10416666666666667 0.15841113307962615
0 0.4708333333333333 0.5891483451467567 0.08958333333333333 0.12031690778181173
0 0.2760416666666667 0.6345854973389908 0.125 0.1592600263622181
0 0.5104166666666666 0.6625354479098321 0.1 0.13532468775644116
0 0.634375 0.7147761995450771 0.16666666666666666 0.20054114626073508