0 0.008681015043694786 0.3362401450217306 0.017362030087389572 0.14835304328987214
0 0.8314381191169758 0.1937147164559511 0.14141792874086054 0.2086137067090295
0 0.6577334079355162 0.22381632143312208 0.12366012351524963 0.17082278896022582
0 0.554804542623802 0.36200197889997693 0.12003902612805509 0.18950005952302493
0 0.7264468358406158 0.015929368508825884 0.0929396616521018 0.03185873701765177
0 0.6401302810772231 0.36363602543735835 0.12598593208390388 0.17919248701215965
0 0.48582321430503345 0.40693383225449165 0.12242545350553963 0.1999530909082921
0 0.0823696950825346 0.6369779837668472 0.1647393901650692 0.2885440324663056
0 0.6629239572454044 0.6537155546583515 0.2064639187117308 0.2972046482670431
0 0.17109008683044943 0.13132036363756192 0.1274024585201045 0.15631218506409342
0 0.40125696384281506 0.09294524459151204 0.12574345684858296 0.1708591536788263
0 0.019329010029129855 0.23711817045469524 0.03865802005825971 0.12576365909060955
0 0.2003205036511889 0.23596504383258823 0.12242545350553963 0.19995309090829202