0 0.5848390351019545 0.313158906747269 0.060758085686543 0.08401210311903
0 0.8037820384449978 0.34488308099932824 0.060758085686543 0.08401210311903
0 0.33136948473683564 0.2862430764905433 0.054326229260052254 0.07768937778484807
0 0.8822818982145317 0.3687209352322975 0.060758085686543 0.08401210311903
0 0.4245436060529483 0.3071256231699367 0.03282608902958633 0.05453029333757561
0 0.09643776854081088 0.26683708890302965 0.06087932330420346 0.08817876978569655
0 0.9740506400109964 0.40209136102266047 0.031288324975725125 0.07325605155951488
0 0.2837590434595627 0.3825968782622406 0.06510660877970041 0.09031058667515121
0 0.45705056989576337 0.4075377333969668 0.06087932330420346 0.08817876978569666
0 0.8845199099151831 0.4708648730107823 0.05671265663753691 0.08813028622957546
0 0.8035123851505043 0.4615861103330858 0.06915203782870663 0.08619240356460563
0 0.5615314775231338 0.4337619431890267 0.07594760710817876 0.10501512889878745
0 0.699436646697083 0.45724902143005614 0.06731117973069421 0.09450149511987836
0 0.14917187762865686 0.388324950243999 0.0649853711620399 0.08614392000848442
0 0.03673249643748711 0.3849325608953936 0.060879323304203474 0.08817876978569666
0 0.9561332721919998 0.5165050019095697 0.06063684806888243 0.07984543645236333
0 0.5279588002997221 0.5490354374071481 0.07178094044151209 0.10496664534266624
0 0.14234913029001212 0.5153719209102414 0.0649853711620399 0.08614392000848442
0 0.7421289488877962 0.6015444614364195 0.06308389425519749 0.09236967823042382
0 0.638325995074111 0.5878323725333898 0.06308389425519725 0.09236967823042382
0 0.44928823102024995 0.5668763707298758 0.08023551139250588 0.10923027912157532
0 0.9263635487822732 0.6443269796838124 0.07564451306402754 0.09459846223212054
0 0.8243408342577702 0.6410557992255099 0.07159908401502121 0.09871664534266623
0 0.06769368065513102 0.5384696711224237 0.047288184745259115 0.050533319117333046
0 0.27184118483393516 0.5773158195947254 0.06308389425519725 0.09236967823042382
0 0.022994695082534596 0.5451431724485453 0.04598939016506919 0.09861967823042382
0 0.15144333007896604 0.5967552506895747 0.07564451306402754 0.09459846223212078
0 0.06033337960832412 0.6123674000106055 0.07159908401502134 0.09871664534266623
0 0.257242194774389 0.04050598047951353 0.0646822771178887 0.07572725334181779
0 0.3543481486767502 0.6783097324952098 0.06743241734835467 0.09866816178654503
0 0.3003936478409894 0.6703877795989677 0.056712656637536794 0.08813028622957546
0 0.7611963211937426 0.7341027876617526 0.06743241734835455 0.09866816178654526
0 0.8898780373897673 0.7522724445681761 0.07790970282385151 0.10087270401018127
0 0.535669914402133 0.713764221408845 0.06731117973069421 0.09450149511987836
0 0.6445599639314911 0.7317035814236929 0.06087932330420358 0.08817876978569643
0 0.4263858426153784 0.7093665280606639 0.08207636949051818 0.10092118756630247
0 0.08043164608079174 0.029070429344363127 0.022470041171749836 0.05649241778060592
0 0.17277626656114364 0.04264918846805952 0.07528080021104605 0.08209846223212076
0 0.3596425259972615 0.8544726080521793 0.06915203782870663 0.08619240356460552
0 0.21640778587231851 0.8350915920326651 0.06927327544636709 0.09035907023127218
0 0.6538997703010084 0.9120816072034503 0.08207636949051818 0.10092118756630247
0 0.8199602488793727 0.9348542827816311 0.07594760710817876 0.10501512889878745
0 0.4586120062471474 0.8910528800657544 0.07159908401502134 0.09871664534266623
0 0.8732479428180009 0.9602748649479973 0.0630232754463672 0.07945027010400546
0 0.8295143483770282 0.14094671122423724 0.06480351473554909 0.07989392000848443
0 0.6706849176565003 0.12034221520260185 0.054326229260052136 0.07768937778484813
0 0.6145561552741607 0.11552102052829917 0.05200042069139788 0.06933180267345422
0 0.9185521124308893 0.16073910768084274 0.07147784639736088 0.09454997867599957
0 0.7492757056392797 0.14105506943557108 0.05420499164239156 0.07352271111818152
0 0.5583173021907134 0.15029528007636012 0.04568980188256783 0.0671757440059391
0 0.5762489482715051 0.17863845607890547 0.06731117973069421 0.09450149511987842
0 0.4513701858891655 0.1730172827286032 0.04354584974040421 0.06506816889454517
0 0.9639227891266858 0.24879666857623636 0.06063684806888243 0.07984543645236322
0 0.2393551363598075 0.15387795469975607 0.0649853711620399 0.08614392000848442
0 0.11891582528387072 0.138930264905575 0.060758085686543 0.08401210311902994
0 0.323336114102411 0.16840141337787673 0.06480351473554909 0.07989392000848448
0 0.7776463122198431 0.2403770294398133 0.06063684806888243 0.07984543645236322
0 0.6754720506732644 0.2423141823148442 0.056591419019876334 0.08396361956290874
0 0.8747143155628865 0.2706830596753278 0.054204991642391794 0.07352271111818152
0 0.5044073890211628 0.28408847740290594 0.07147784639736088 0.09454997867599957
0 0.6889753923642061 0.3154126623169653 0.07159908401502121 0.09871664534266623
0 0.23843783865604387 0.2570271964778167 0.06731117973069421 0.09450149511987836