0 0.5052211483199024 0.20473193989282332 0.0063106023938641915 0.010707765095090119
0 0.5000612969016603 0.21282269120247044 0.0063106023938641915 0.010707765095090119
0 0.4469968992955244 0.220765021227538 0.010477269060530859 0.010901830714039088
0 0.4886272045258726 0.2164556774170275 0.004190907624212296 0.004360732285615635
0 0.5250552366622738 0.21294541824949753 0.010477269060530859 0.010901830714039088
0 0.38460598360447984 0.2366040369433037 0.004190907624212296 0.004360732285615635
0 0.4356052285954416 0.23168967410876168 0.004190907624212296 0.004360732285615635
0 0.5136393250046454 0.2197034044640546 0.0063106023938641915 0.010707765095090119
0 0.4220756824075477 0.2331422941805109 0.004190907624212296 0.004360732285615635
0 0.41063552979237367 0.2357336137284013 0.004190907624212296 0.004360732285615635
0 0.48764008001368364 0.22578216101229026 0.0063106023938641915 0.010707765095090119
0 0.5022052326288577 0.22333639067861158 0.0063106023938641915 0.010707765095090119
0 0.4470635619287749 0.23222335456087131 0.004190907624212296 0.004360732285615635
0 0.40025522456202545 0.24149844968102893 0.004190907624212296 0.004360732285615635
0 0.4574923490742144 0.234791851941577 0.0063106023938641915 0.010707765095090119
0 0.4054696181347452 0.24278269837138178 0.004190907624212296 0.004360732285615635
0 0.5438718992955245 0.22527704686810116 0.006310602393863955 0.010707765095090119
0 0.3992438590922909 0.24665826660962503 0.0063106023938641915 0.010707765095090119
0 0.2795976381708981 0.2660788800648426 0.01045302810298523 0.006735164047372422
0 0.47417113621965384 0.23765144775070618 0.010477269060530859 0.010901830714039088
0 0.44711810408325264 0.24159835456087134 0.01047726906053074 0.010901830714039088
0 0.4325529514680786 0.24404412489455 0.012596963830182517 0.017248863523513572
0 0.5085218952621082 0.23508582244036838 0.010477269060530859 0.010901830714039088
0 0.4991529555014947 0.2356908414643999 0.010477269060530859 0.010901830714039029
0 0.5688900800136837 0.22956644058179485 0.01045302810298523 0.006735164047372422
0 0.5616105338257898 0.23131015908196753 0.012596963830182517 0.017248863523513513
0 0.5168673490742144 0.2375572870115996 0.0063106023938641915 0.010707765095090119
0 0.5751340197742972 0.22881587234355164 0.004190907624212296 0.004360732285615635
0 0.45757113218623774 0.24833351860824368 0.010477269060530859 0.010901830714039088
0 0.5709855338257898 0.23174680672460266 0.0063106023938641915 0.010707765095090119
0 0.5252249233650933 0.24211208491616418 0.010477269060530859 0.010901830714039088
0 0.4430362807679958 0.2559876222752557 0.012596963830182517 0.017248863523513513
0 0.479464312904397 0.25247736310772567 0.016763630496849185 0.017442929142462482
0 0.24535596343739913 0.2873945053751804 0.018871204787728264 0.02170662861860369
0 0.6480264454834183 0.22804535400849163 0.023049991933167747 0.023984027570885875
0 0.5710400759802675 0.24112180672460268 0.012596963830182517 0.017248863523513513
0 0.5960158350227218 0.2381195337716297 0.010477269060530621 0.010901830714039088
0 0.469071887195276 0.25615886572702 0.018871204787728264 0.021706628618603632
0 0.4232930960164204 0.2633991439185815 0.025230289096683598 0.040747727047027026
0 0.6605385659621912 0.23071088419867183 0.016763630496849185 0.017442929142462482
0 0.6459673531076305 0.2321149878656838 0.01887120478772838 0.021706628618603573
0 0.30573020842836096 0.2829167901832736 0.03568331719966882 0.047482891094399446
0 0.607486288834828 0.24073654755707266 0.016763630496849185 0.017442929142462482
0 0.5128037064771167 0.255071554725984 0.016763630496849185 0.017442929142462482
0 0.27661202367678556 0.2898916641839642 0.018895445745273895 0.02587329528527036
0 0.5814749233650933 0.24473197077197503 0.006310602393863955 0.010707765095090119
0 0.12263322443109764 0.3150029029495196 0.0377666505330021 0.04757992390387381
0 0.5450711321862378 0.2524088966061717 0.01887120478772838 0.021706628618603632
0 0.2381248991645966 0.2974715572086864 0.018871204787728264 0.021706628618603573
0 0.5336249193316772 0.25395854948739544 0.016763630496849185 0.017442929142462482
0 0.7178059916713121 0.22921261979255328 0.023074232890713375 0.028150694237552544
0 0.4004733931799363 0.27899844968102894 0.025230289096683598 0.040747727047027026
0 0.625218863125707 0.24572799310427237 0.023098473848259006 0.032317360904219265
0 0.5180484012467687 0.26156413674967016 0.012596963830182517 0.017248863523513572
0 0.22983398750696812 0.3043750926374552 0.016763630496849244 0.01744292914246254
0 0.6345878028863207 0.24512297408024086 0.01887120478772838 0.021706628618603632
0 0.2194294413190743 0.3059732619234161 0.012596963830182576 0.017248863523513572
0 0.25792868631003607 0.30047670223202727 0.023074232890713375 0.028150694237552662
0 0.14452640514925688 0.3191467474490016 0.03565907624212314 0.04331622442773278
0 0.5763332526650106 0.2559477220816222 0.016763630496849185 0.017442929142462482
0 0.559696887195276 0.2603797929391597 0.012596963830182517 0.017248863523513513
0 0.3495165698646794 0.2912044791822376 0.012596963830182635 0.017248863523513572
0 0.36721884295862633 0.290987591396104 0.048292401508624155 0.06681508795124623
0 0.8687325137896369 0.21645583181278613 0.029372714805804633 0.03677512599930933
0 0.934315092113932 0.2122206986445655 0.029409076242123196 0.04302512599930933
0 0.6003158269558896 0.2612302660572453 0.023074232890713375 0.028150694237552544
0 0.7002006824075477 0.24609617424535354 0.027265140514925672 0.03251142652316818
0 0.6856355297923736 0.24854194457903223 0.018871204787728146 0.021706628618603573
0 0.6710824976559724 0.2530710482460442 0.02724089955738004 0.028344759856501513
0 0.2247226180038174 0.32079917728043567 0.023098473848259006 0.03231736090421921
0 0.4786044534193227 0.2836788467029885 0.023074232890713375 0.028150694237552544
0 0.5150203650769511 0.27808525420212515 0.023074232890713375 0.028150694237552662
0 0.64926203981045 0.2614272037465622 0.023074232890713375 0.028150694237552544
0 0.09677336494602333 0.34503999283108866 0.023074232890713375 0.028150694237552544
0 0.8293067466803503 0.24169554176610444 0.023074232890713375 0.028150694237552544
0 0.7304574976559725 0.2558364833160668 0.023049991933167747 0.023984027570885875
0 0.0791135135277813 0.35254854728388896 0.02724089955738004 0.028344759856501513
0 0.5598605136587091 0.28850479293915965 0.023098473848259006 0.03231736090421933
0 0.7502976462377303 0.2650916283394077 0.02733786338756256 0.045011426523168176
0 0.043818051648842865 0.37173232285615626 0.08404844158092993 0.1267979790456458
0 0.9064143209712293 0.2494524223833267 0.07134239344179202 0.09079911552213217
0 0.1853635135277813 0.35749722056708727 0.06298481915091295 0.08624431761756762
0 0.013706682145692118 0.386992013785443 0.023486329168989375 0.098984027570886
0 0.4340430758493397 0.32117597463262054 0.03568331719966882 0.047482891094399446
0 0.24163169424594055 0.36324210642289817 0.056625734841957494 0.06720321918914417
0 0.7296764212829214 0.3005796335779962 0.04616058626019945 0.05838472180843842
0 0.14181350142753288 0.38983453156812325 0.05878179104792783 0.07980025199861866
0 0.31149002354585775 0.3779510388736264 0.060901485817579724 0.08614728480809314
0 0.5904991239884777 0.36387010200987296 0.09647571870829287 0.1148801759024926
0 0.7112839754067198 0.3611646716260593 0.050327252926866115 0.05857878742738739
0 0.8414377665855753 0.357854222218214 0.1384938792593715 0.17723749875864883
0 0.3731308585685796 0.5911816570150529 0.07341360629635242 0.08881281499827338
0 0.6703997741286964 0.6727171656984992 0.0776893572719743 0.10775688061722236