0 0.20520833333333333 0.11979166666666667 0.046875 0.08958333333333333
0 0.32083333333333336 0.12708333333333333 0.052083333333333336 0.084375
0 0.48020833333333335 0.15416666666666667 0.041666666666666664 0.07083333333333333
0 0.015625 0.153125 0.020833333333333332 0.07916666666666666
0 0.09166666666666666 0.16666666666666666 0.046875 0.084375
0 0.421875 0.18333333333333332 0.041666666666666664 0.07083333333333333
0 0.6833333333333333 0.19270833333333334 0.046875 0.08958333333333333
0 0.8822916666666667 0.2375 0.052083333333333336 0.08958333333333333
0 0.051041666666666666 0.23333333333333334 0.053125 0.09375
0 0.5979166666666667 0.2520833333333333 0.046875 0.075
0 0.15833333333333333 0.24791666666666667 0.05625 0.084375
0 0.7354166666666667 0.28229166666666666 0.05625 0.08958333333333333
0 0.953125 0.2916666666666667 0.065625 0.075
0 0.478125 0.2833333333333333 0.041666666666666664 0.05625
0 0.6458333333333334 0.034375 0.053125 0.065625
0 0.8677083333333333 0.346875 0.0625 0.09375
0 0.3375 0.03333333333333333 0.05625 0.065625
0 0.6135416666666667 0.3541666666666667 0.053125 0.09375
0 0.49270833333333336 0.35625 0.05625 0.07916666666666666
0 0.16875 0.35833333333333334 0.058333333333333334 0.09791666666666667
0 0.28958333333333336 0.359375 0.058333333333333334 0.09791666666666667
0 0.3770833333333333 0.384375 0.046875 0.084375
0 0.03229166666666667 0.3854166666666667 0.053125 0.09375
0 0.9541666666666667 0.45 0.053125 0.103125
0 0.25104166666666666 0.45208333333333334 0.07708333333333334 0.103125
0 0.253125 0.041666666666666664 0.041666666666666664 0.075
0 0.5447916666666667 0.46458333333333335 0.06041666666666667 0.07916666666666666
0 0.6625 0.4666666666666667 0.052083333333333336 0.08958333333333333
0 0.7322916666666667 0.47291666666666665 0.052083333333333336 0.075
0 0.440625 0.47604166666666664 0.07708333333333334 0.103125
0 0.846875 0.4947916666666667 0.06666666666666667 0.09791666666666667
0 0.014583333333333334 0.4791666666666667 0.028125 0.07083333333333333
0 0.35833333333333334 0.5145833333333333 0.06041666666666667 0.08958333333333333
0 0.121875 0.5333333333333333 0.046875 0.075
0 0.21041666666666667 0.5604166666666667 0.05625 0.08958333333333333
0 0.725 0.5729166666666666 0.08125 0.11666666666666667
0 0.8895833333333333 0.5958333333333333 0.08541666666666667 0.121875
0 0.08125 0.6520833333333333 0.06041666666666667 0.075
0 0.5666666666666667 0.6677083333333333 0.065625 0.08958333333333333
0 0.8208333333333333 0.7020833333333333 0.075 0.084375
0 0.08958333333333333 0.06458333333333334 0.046875 0.065625
0 0.9833333333333333 0.7604166666666666 0.025 0.065625
0 0.34479166666666666 0.7541666666666667 0.058333333333333334 0.09791666666666667
0 0.171875 0.07083333333333333 0.05625 0.075
0 0.5260416666666666 0.7791666666666667 0.05625 0.084375
0 0.4666666666666667 0.7854166666666667 0.06041666666666667 0.084375
0 0.9614583333333333 0.8729166666666667 0.05625 0.084375
0 0.6416666666666667 0.8708333333333333 0.052083333333333336 0.065625
0 0.3802083333333333 0.8729166666666667 0.075 0.06041666666666667
0 0.18333333333333332 0.871875 0.05625 0.052083333333333336
0 0.30416666666666664 0.8791666666666667 0.05625 0.046875
0 0.09166666666666666 0.8791666666666667 0.052083333333333336 0.041666666666666664
0 0.01875 0.07916666666666666 0.025 0.06041666666666667