0 0.878959010645421 0.5551727860675514 0.013106188088302417 0.021488430574371383
0 0.5071334825376987 0.49812905170991734 0.02394718641678075 0.036617678275236425
0 0.2135238826432218 0.4420546751087708 0.006674331661811668 0.014910881953852357
0 0.09412623823395169 0.4222349932154898 0.023825948799120294 0.03245101160856964
0 0.008031617753599816 0.40520390396497685 0.012984950470641932 0.017321763907704717
0 0.12320197668737301 0.4268885534445785 0.013227425705962907 0.02565509724103805
0 0.1314746912118761 0.42940861827193716 0.006674331661811698 0.014910881953852357
0 0.8296066550546912 0.5661486552068191 0.010719760710817875 0.010962581034198374
0 0.11483833394962456 0.4274934886172198 0.01543199665695673 0.029930946781211058
0 0.43850472015535924 0.49035935021754157 0.012984950470641958 0.017321763907704717
0 0.6791711764763269 0.5373995635442765 0.030318424034441214 0.04111189356242211
0 0.43020169622644105 0.48888095205684956 0.012984950470641838 0.017321763907704717
0 0.2766412176480768 0.4599680860840473 0.013106188088302417 0.021488430574371383
0 0.48725088765778674 0.500216814411607 0.012984950470641958 0.017321763907704717
0 0.31815633729266785 0.46736007688750736 0.012984950470641838 0.017321763907704717
0 0.2226260980034857 0.45192099803954927 0.0065530940441512085 0.010744215287185692
0 0.33883812360392557 0.4736602389559041 0.019477425705962996 0.025982645861557074
0 0.0037437134692726664 0.40915220488463083 0.006674331661811691 0.014910881953852357
0 0.07430426216286992 0.4222394225838463 0.010719760710817875 0.010962581034198374
0 0.2288760980034857 0.4522485466600683 0.0065530940441512085 0.010744215287185692
0 0.29526998003041627 0.4651173986122711 0.010719760710817875 0.010962581034198374
0 0.04421716644719706 0.4164896042513378 0.019477425705962906 0.025982645861557074
0 0.7714248687434335 0.5578832014153084 0.010719760710817875 0.010962581034198374
0 0.5431977936136356 0.5135814186629448 0.012984950470641838 0.017321763907704717
0 0.1344481441898005 0.43478072591553 0.0065530940441512085 0.010744215287185692
0 0.03073611858936064 0.4136965822402132 0.012984950470641935 0.017321763907704717
0 0.837818750770364 0.5707520533675112 0.006553094044150972 0.010744215287185692
0 0.14792919204763694 0.4375737479266545 0.006674331661811668 0.014910881953852357
0 0.32741009967500734 0.4720180664849526 0.006674331661811668 0.014910881953852357
0 0.1624215971677249 0.4414630280411989 0.013227425705962878 0.02565509724103805
0 0.39582669622644107 0.487079434643995 0.013106188088302417 0.021488430574371383
0 0.1530465971677249 0.44097170511042033 0.006674331661811668 0.014910881953852357
0 0.24952757491032831 0.45959037539513165 0.012984950470641958 0.017321763907704717
0 0.3916903389641895 0.48581940223031567 0.0065530940441512085 0.010744215287185692
0 0.4238304586087806 0.49272007010299723 0.012984950470641838 0.017321763907704717
0 0.8563565849394582 0.5790263658957348 0.012984950470641838 0.017321763907704717
0 0.023323214305033486 0.4174811088496077 0.012984950470641929 0.017321763907704717
0 0.47046298337345954 0.5035100180902231 0.006674331661811787 0.014910881953852357
0 0.5648606277827297 0.5220195055014281 0.010719760710817875 0.010962581034198374
0 0.06686104847412765 0.42706561585990743 0.013106188088302417 0.021488430574371383
0 0.238069241576995 0.4589898695908468 0.013106188088302417 0.021488430574371383
0 0.26294800395933454 0.4644667307395895 0.013106188088302417 0.021488430574371383
0 0.10420950145205204 0.4342392409163548 0.012984950470641929 0.017321763907704717
0 0.3635956483686046 0.4833037667713134 0.012984950470641958 0.017321763907704717
0 0.0009514276856301495 0.4119496562641119 0.001902855371260299 0.023353398160692034
0 0.827311155890452 0.5733311389999795 0.010719760710817875 0.010962581034198374
0 0.053380000616291216 0.4242725938487829 0.013106188088302417 0.021488430574371383
0 0.2846714569372589 0.47082148424473935 0.012984950470641838 0.017321763907704717
0 0.33136460051076816 0.4795280988986319 0.0065530940441512085 0.010744215287185692
0 0.34279262443968633 0.48117027136958346 0.012984950470641838 0.017321763907704717
0 0.4039781731332836 0.4937661661380203 0.0065530940441512085 0.010744215287185692
0 0.8417732516061248 0.5782620857811905 0.010719760710817875 0.010962581034198374
0 0.16536474074123414 0.4478768023514584 0.0065530940441512085 0.010744215287185692
0 0.5782507474273207 0.5279375275125525 0.017151617137308506 0.0175401296547174
0 0.5969098192140753 0.5320451733741096 0.012984950470641838 0.017321763907704717
0 0.3852887919421139 0.49070018694313 0.012984950470641838 0.017321763907704717
0 0.7764210362458609 0.565447825265741 0.010719760710817875 0.010962581034198138
0 0.0160012382339517 0.41814063545900215 0.012984950470641932 0.017321763907704717
0 0.37701607741761073 0.48818012211577133 0.012984950470641838 0.017321763907704717
0 0.585451485880742 0.5314446675698247 0.010719760710817875 0.010962581034198374
0 0.4080539115867049 0.497109531885033 0.013106188088302417 0.021488430574371383
0 0.650803701241006 0.5442589280852743 0.010719760710817875 0.010962581034198138
0 0.8001975131527035 0.5729534283110638 0.012984950470641838 0.017321763907704717
0 0.13834202621673108 0.44437409166254266 0.013106188088302417 0.021488430574371383
0 0.41739860218228986 0.4986425214824782 0.013106188088302417 0.021488430574371383
0 0.7867164652948672 0.5701604062999392 0.012984950470641838 0.017321763907704717
0 0.27112979027059225 0.47011179556694815 0.019477425705962878 0.025982645861557074
0 0.6259249388586665 0.5387820669365316 0.012984950470641838 0.017321763907704717
0 0.2939252193195984 0.47547947384218453 0.012984950470641958 0.017321763907704717
0 0.7555877029125276 0.5643559965306776 0.017151617137308506 0.0175401296547174
0 0.449569031231296 0.504501522688493 0.013106188088302417 0.021488430574371383
0 0.4577508175425537 0.5101465875158517 0.013106188088302417 0.021488430574371383
0 0.4971826038538115 0.5174293954458055 0.006674331661811787 0.014910881953852357
0 0.8343603473217978 0.582046612390585 0.012984950470641838 0.017321763907704717
0 0.7379096789836093 0.562386275439207 0.00667433166181155 0.014910881953852357
0 0.07498221597655513 0.4347940140205994 0.013106188088302417 0.021488430574371383
0 0.3042509577730197 0.4791503882097163 0.017272854754969084 0.021706796321384066
0 0.1704215270524919 0.4533580928685576 0.013106188088302417 0.021488430574371383
0 0.19006164669708295 0.45960366350020104 0.010719760710817875 0.010962581034198374
0 0.8758148481575586 0.5915219365273784 0.019477425705962996 0.025982645861557074
0 0.7482051080326156 0.5670988564734054 0.012984950470641838 0.017321763907704717
0 0.9069133011354829 0.5983680129633068 0.019477425705962996 0.02598264586155684
0 0.9525647780423256 0.6070200361804462 0.012984950470641838 0.017321763907704717
0 0.5282810568317359 0.5242754718817337 0.006674331661811787 0.014910881953852357
0 0.5604211764763268 0.5311761397544152 0.004287904284327245 0.00438503241367935
0 0.22428509967500734 0.4666135142463889 0.017151617137308624 0.0175401296547174
0 0.9639018737579984 0.6117872086513977 0.012984950470641838 0.017321763907704717
0 0.316569101346529 0.4860554854507542 0.017272854754969084 0.021706796321384066
0 0.02920950145205204 0.4303086574701267 0.017151617137308596 0.0175401296547174
0 0.7231444892237853 0.5678719953246627 0.012984950470641838 0.017321763907704717
0 0.4358151987337235 0.5110835006773685 0.013106188088302417 0.021488430574371383
0 0.6546066550546911 0.556977293832287 0.017151617137308506 0.0175401296547174
0 0.48137574742732075 0.522860523894508 0.0065530940441512085 0.010744215287185692
0 0.38489476968471725 0.5042418536097967 0.004287904284327245 0.00438503241367935
0 0.5487203679076725 0.5389089672834638 0.0065530940441512085 0.010744215287185692
0 0.47405377135623894 0.5235200505039024 0.010719760710817875 0.010962581034198374
0 0.06842912193240393 0.44488313206674707 0.017151617137308596 0.0175401296547174
0 0.17526614753284378 0.46613105005232336 0.010719760710817875 0.010962581034198374
0 0.30495922099112005 0.4906633129798027 0.012984950470641958 0.017321763907704717
0 0.6607657268414459 0.5604298424528059 0.012984950470641838 0.017321763907704717
0 0.1918721953906802 0.4690878463737074 0.0065530940441512085 0.010744215287185692
0 0.1990729338441015 0.4725949864309796 0.012984950470641958 0.017321763907704717
0 0.7198376327972947 0.5739582210144032 0.004287904284327245 0.00438503241367935
0 0.6420460362458609 0.5584055299245824 0.012984950470641838 0.017321763907704717
0 0.3785235320670568 0.5080809716559443 0.010719760710817875 0.010962581034198374
0 0.3930462465915599 0.510928585103822 0.010719760710817875 0.010962581034198374
0 0.3526031030180506 0.5025495190704484 0.012984950470641838 0.017321763907704717
0 0.247819101346529 0.48245245062504516 0.006674331661811668 0.014910881953852357
0 0.9304169934025895 0.6152486160086297 0.012984950470641838 0.017321763907704717
0 0.5278870345743393 0.5378171385484004 0.012984950470641958 0.017321763907704717
0 0.46667117647632694 0.5262629104466303 0.004287904284327245 0.00438503241367935
0 0.9552654463805138 0.621767143824039 0.010719760710817875 0.010962581034198374
0 0.5350877730277606 0.5413242786056727 0.012984950470641838 0.017321763907704717
0 0.3608151987337235 0.5071529172311404 0.010719760710817875 0.010962581034198374
0 0.4417621046895723 0.5218277159645541 0.006674331661811668 0.014910881953852357
0 0.3203417457557991 0.49981551786443357 0.0065530940441512085 0.010744215287185692
0 0.5506824636233455 0.5431848168236368 0.012984950470641838 0.017321763907704717
0 0.4572961764763269 0.5257715875158517 0.010719760710817875 0.010962581034198374
0 0.8204246583977344 0.5948785903794606 0.012984950470641838 0.017321763907704717
0 0.557943820885597 0.5446086235475757 0.010719760710817875 0.010962581034198138
0 0.38676593718714486 0.5116427031499697 0.012984950470641838 0.017321763907704717
0 0.8266443489933194 0.5962478056666463 0.017272854754969084 0.021706796321384066
0 0.23522817313328362 0.48492235338400713 0.017151617137308624 0.0175401296547174
0 0.6304967746992822 0.5609300241202975 0.017151617137308506 0.0175401296547174
0 0.7943829917310677 0.5935138044606313 0.017151617137308506 0.0175401296547174
0 0.8016443489933194 0.5949376111845701 0.010719760710817875 0.010962581034198374
0 0.5433301781478487 0.5448860100996981 0.00667433166181155 0.014910881953852357
0 0.7383754669663887 0.5822325335426268 0.017151617137308506 0.0175401296547174
0 0.7757239199443132 0.5894061585990743 0.012984950470641838 0.017321763907704717
0 0.15743657658184995 0.4693696622941862 0.010719760710817875 0.010962581034198374
0 0.41158408076065406 0.5192028976320456 0.010719760710817875 0.010962581034198374
0 0.7881633011354829 0.5921445891734456 0.012984950470641838 0.017321763907704717
0 0.18544033896418946 0.47501029775318837 0.012984950470641958 0.017321763907704717
0 0.7206671336330553 0.5813044791178231 0.012984950470641838 0.017321763907704717
0 0.9167237797138471 0.6197472606641717 0.013106188088302417 0.021488430574371383
0 0.7714966344688162 0.591271126185395 0.012984950470641838 0.017321763907704717
0 0.807803420780074 0.5983901598050891 0.012984950470641838 0.017321763907704717
0 0.3461712465915599 0.5084719704499295 0.017151617137308624 0.0175401296547174
0 0.3005197696847173 0.4998199472327901 0.017151617137308506 0.0175401296547174
0 0.7258451575619737 0.5826191029682555 0.012984950470641838 0.017321763907704717
0 0.15320929110635306 0.47123462988050685 0.010719760710817875 0.010962581034198374
0 0.022504860385825227 0.44560610884960766 0.010719760710817875 0.010962581034198374
0 0.37209167564056606 0.5140034230354253 0.012984950470641838 0.017321763907704717
0 0.48413703457433926 0.5355242982047674 0.012984950470641838 0.017321763907704717
0 0.19775848253769873 0.4819153949942264 0.0065530940441512085 0.010744215287185692
0 0.1137471953906802 0.46499348861721984 0.017151617137308624 0.0175401296547174
0 0.21850088765778672 0.4861322237292898 0.017030379519648104 0.013373462988050732
0 0.27242507908913244 0.4973043117737878 0.010719760710817875 0.010962581034198374
0 0.3761674140939874 0.517346788782438 0.0065530940441512085 0.010744215287185692
0 0.9654396378118596 0.630646391524904 0.017272854754969084 0.021706796321384066
0 0.20501983979995028 0.4833392017181653 0.012984950470641958 0.017321763907704717
0 0.3242962465915599 0.5073255502781129 0.010719760710817875 0.010962581034198374
0 0.005093358406157976 0.4445142801145444 0.010186716812315953 0.013373462988050732
0 0.47577339183659084 0.5361292333774087 0.006674331661811668 0.014910881953852357
0 0.5857051080326156 0.5585825923399113 0.017151617137308506 0.0175401296547174
0 0.3636977234984025 0.5156500248747332 0.010719760710817875 0.010962581034198374
0 0.4685120345743393 0.53470542665347 0.013106188088302417 0.021488430574371383
0 0.33875834230723273 0.512256497059324 0.017151617137308506 0.0175401296547174
0 0.13332669622644103 0.4733223925821967 0.017272854754969084 0.021706796321384066
0 0.45702339183659085 0.5351465875158518 0.013106188088302417 0.021488430574371383
0 0.1737395303955352 0.48274312528223695 0.012984950470641958 0.017321763907704717
0 0.030595718483837596 0.45437617367696637 0.010719760710817875 0.010962581034198374
0 0.6198073233928796 0.5697591097527658 0.012984950470641838 0.017321763907704717
0 0.33143636623615097 0.5129160236687185 0.012984950470641958 0.017321763907704717
0 0.22873569789796264 0.4929281380968214 0.017030379519648163 0.013373462988050732
0 0.6509663951796341 0.5745218528553607 0.017151617137308506 0.0175401296547174
0 0.41860296278758463 0.5289600376893179 0.013106188088302417 0.021488430574371383
0 0.1664175543244534 0.4834026518916314 0.013106188088302417 0.021488430574371383
0 0.46312184481451524 0.5406824694697041 0.006674331661811668 0.014910881953852357
0 0.44547413029001215 0.5376710817115669 0.017272854754969084 0.021706796321384066
0 0.28051593718714485 0.5060743766011465 0.02131828380397517 0.017758495401730082
0 0.15710317313328362 0.48082799562751954 0.017151617137308624 0.0175401296547174
0 0.05850855265293175 0.46314180913596853 0.023825948799120294 0.03245101160856976
0 0.14040619706220184 0.48099619930613546 0.02131828380397529 0.017758495401730082
0 0.4308907969566788 0.5369068015970225 0.017272854754969084 0.021706796321384066
0 0.7462541592334954 0.5982942650366522 0.012984950470641838 0.017321763907704717
0 0.7597352070913317 0.6010872870477768 0.012984950470641838 0.017321763907704717
0 0.19644403123129597 0.49123580355747326 0.017151617137308624 0.0175401296547174
0 0.3053643901650692 0.5125929044165559 0.012984950470641838 0.017321763907704717
0 0.3790196294542513 0.5268855630926975 0.013106188088302417 0.021488430574371383
0 0.2658719850449812 0.5073934298199354 0.02143952142163575 0.021925162068396748
0 0.40592110636109396 0.5345549404482798 0.017272854754969084 0.021706796321384066
0 0.008051656681874813 0.45838349540173 0.016103313363749625 0.0175401296547174
0 0.2140008175425537 0.4973721913156105 0.017030379519648163 0.013373462988050732
0 0.7275344686379105 0.5962699525084285 0.012984950470641838 0.017321763907704717
0 0.04386460051076817 0.4644608623547576 0.02799261546578696 0.03266937735558244
0 0.3519666055253331 0.5244245190704484 0.006674331661811668 0.014910881953852357
0 0.17766372182688087 0.4912948243625829 0.02143952142163575 0.021925162068396748
0 0.7970230412604259 0.6103442454375575 0.00667433166181155 0.014910881953852357
0 0.08847441075094412 0.47305829413514383 0.023947186416780782 0.036617678275236425
0 0.015769909915183296 0.46194522689575535 0.013106188088302414 0.021488430574371383
0 0.248193961116063 0.505423708728465 0.019477425705962878 0.025982645861557074
0 0.36747036790767257 0.5294100572884126 0.017151617137308506 0.0175401296547174
0 0.02201990991518329 0.4622727755162744 0.012984950470641929 0.017321763907704717
0 0.5770383712507159 0.5696041941792191 0.010719760710817875 0.010962581034198374
0 0.7399132310202499 0.6010917164161332 0.013106188088302417 0.021488430574371383
0 0.8477009950741111 0.6255192258384628 0.023825948799120294 0.03245101160856952
0 0.392318820885597 0.535928585103822 0.023947186416780872 0.03661767827523619
0 0.07070545860878054 0.4742135730436733 0.03442447189227768 0.03924692597610135
0 0.7750874224515957 0.6112811585990744 0.019477425705962996 0.02598264586155684
0 0.23146667564056608 0.5066335790737476 0.017272854754969084 0.021706796321384066
0 0.29997420040524514 0.51856994723279 0.010719760710817875 0.010962581034198374
0 0.20450457992489326 0.5010475350514986 0.006795569279472187 0.019077548620519025
0 0.7345836600692561 0.6049854258990341 0.017272854754969084 0.021706796321384066
0 0.882935805314287 0.6336253346880704 0.019598663323623335 0.03014931252822374
0 0.3361900585032575 0.5288139808524843 0.017151617137308624 0.0175401296547174
0 0.11834934063571113 0.486099779134319 0.023825948799120294 0.03245101160856976
0 0.9347766634122993 0.6446882398590622 0.019477425705962996 0.02598264586155684
0 0.6474473729222375 0.587899745211768 0.017272854754969084 0.021706796321384066
0 0.8932312343632932 0.6383379157222687 0.023825948799120294 0.03245101160856952
0 0.09442131670679291 0.48380250942232944 0.02817447189227768 0.038919377355582326
0 0.8361820429319474 0.6270020533675111 0.019598663323623575 0.03014931252822374
0 0.8714774719809537 0.6330248288837855 0.019598663323623335 0.03014931252822374
0 0.2842279627875846 0.5219177423481592 0.013106188088302417 0.021488430574371383
0 0.8143373523363626 0.6248139665290279 0.023947186416780633 0.03661767827523619
0 0.6213753968511557 0.5875766259596055 0.013227425705962996 0.02565509724103805
0 0.3172885114811819 0.5330396683242605 0.03043966165210179 0.045278560229088785
0 0.9667349266303997 0.6578389077317437 0.015613853083447538 0.03618094678121106
0 0.7560949472162747 0.6186318460708506 0.023947186416780633 0.036617678275236425
0 0.7778487095986141 0.6239449329093337 0.017272854754969084 0.021706796321384066
0 0.5858981113756588 0.587803850443331 0.023825948799120294 0.03245101160856976
0 0.35767103624586094 0.5435020676909674 0.023825948799120294 0.03245101160856976
0 0.1346219850449812 0.5005149087890364 0.023825948799120294 0.03245101160856964
0 0.18235679528515716 0.509276114879682 0.03454570950993817 0.04341359264276801
0 0.6045571831624135 0.5919114963048882 0.023825948799120294 0.03245101160856952
0 0.635685945544753 0.5977159060741498 0.023825948799120294 0.03245101160856976
0 0.40528460886837636 0.5564299404482799 0.017272854754969084 0.021706796321384066
0 0.7435040190030293 0.6211017488298125 0.013106188088302417 0.021488430574371383
0 0.10134927052047812 0.4966846494796016 0.03215928213245363 0.032887743102595124
0 0.3731444892237853 0.5495292725755984 0.023825948799120294 0.03245101160856976
0 0.555780706255571 0.5830956987774892 0.026151757367774545 0.04089352781540943
0 0.2122923439787544 0.520234266545524 0.02198509070110788 0.04067516206839663
0 0.27451955933901834 0.532884752750714 0.02198509070110788 0.04067516206839675
0 0.7859698771010417 0.6316733310700258 0.019477425705962996 0.025982645861557074
0 0.6272616839981743 0.6004041745801244 0.017272854754969084 0.021706796321384066
0 0.3399020841036974 0.5446573465994968 0.023825948799120294 0.03245101160856952
0 0.9114962838926514 0.6559872282504924 0.019477425705962996 0.02598264586155684
0 0.5244700874467406 0.5835412890082274 0.023947186416780872 0.03661767827523619
0 0.2921066550546912 0.5379794738421846 0.019598663323623335 0.03014931252822374
0 0.16449691492974822 0.5135563937882116 0.026151757367774604 0.04089352781540943
0 0.25684153541010013 0.5309150316592435 0.03043966165210173 0.04527856022908867
0 0.7018070429319475 0.6199597580263525 0.023947186416780633 0.036617678275236425
0 0.14467493885866645 0.513560823156568 0.03466694712759863 0.0475802593094348
0 0.7961440685323873 0.6405525787708908 0.023825948799120294 0.03245101160856976
0 0.6559737095986141 0.617557734809213 0.023825948799120294 0.03245101160856952
0 0.8560454753239969 0.6614272154359078 0.028174471892277588 0.0389193773555822
0 0.8923522616352547 0.668546249055602 0.023947186416780633 0.03661767827523619
0 0.9380037385420973 0.6771982722727415 0.028174471892277588 0.0389193773555822
0 0.04366358159641489 0.5072237871248441 0.03466694712759866 0.04758025930943468
0 0.2230838704149551 0.5437514390164755 0.0391367078384165 0.05821529172311415
0 0.07972789267235166 0.5226761540778716 0.03454570950993817 0.04341359264276801
0 0.18494737292223756 0.5636611472933614 0.043545849740404145 0.06676699080346017
0 0.10277694387323137 0.5551817571231944 0.043545849740404145 0.06676699080346017
0 0.43676906853238734 0.621718533091048 0.05414437283356151 0.07356290517099164
0 0.23165166341229942 0.6078390200506739 0.05169732664724679 0.06095372229748553
0 0.5426361931915433 0.6762997844099575 0.047712516407070873 0.06698535655047284
0 0.32881059496858805 0.6390122817721381 0.050220181402215756 0.08167787275731228
0 0.06915166341229938 0.5993227559171797 0.05818980188256774 0.06961460425133766
0 0.5926776495125111 0.7133497648108628 0.07301561045122185 0.07871221769921562
0 0.7793289861888877 0.7523428900930997 0.05414437283356151 0.07356290517099164
0 0.42723450593900175 0.6984197263671089 0.056652037828706626 0.08825542137783154
0 0.19631790938756807 0.6748420940745724 0.06369008234349967 0.11566630333168366
0 0.4648062716643846 0.7337729428603095 0.0673717985395245 0.09921800241202969
0 0.5412531075050003 0.7596877091800439 0.052606608779700297 0.09220372229748554
0 0.929169423595502 0.8373965731923955 0.02932622926005237 0.07850271068891554
0 0.7825065894264078 0.8224075139435321 0.08539437283356174 0.07520064827358676
0 0.06572670071339075 0.717031089250513 0.08268255757882068 0.12498228252657408
0 0.8083472371787213 0.8665352246324479 0.0872958497404042 0.0690598311470931
0 0.5613095432400931 0.8233341293518605 0.08672798662782692 0.1210339816069201
0 0.914153743029047 0.9231998092846908 0.0342203216326818 0.10372107643592846
0 0.22219199788953914 0.8253835790737476 0.11710702947109836 0.1642292085026753
0 0.4310437224431721 0.9118006090753973 0.17861483469670933 0.1763987818492055
0 0.8174525838842278 0.9591816591277206 0.19726589091215394 0.08163668174455883
0 0.03349740573637919 0.8961520232171394 0.06699481147275838 0.09647071310094546