0 0.7166666666666667 0.109375 0.016666666666666666 0.020833333333333332
0 0.48854166666666665 0.15416666666666667 0.015625 0.015625
0 0.440625 0.16458333333333333 0.00625 0.009375
0 0.45208333333333334 0.1625 0.009375 0.00625
0 0.5114583333333333 0.15208333333333332 0.022916666666666665 0.03125
0 0.6114583333333333 0.134375 0.010416666666666666 0.010416666666666666
0 0.42916666666666664 0.16666666666666666 0.010416666666666666 0.010416666666666666
0 0.4479166666666667 0.16354166666666667 0.00625 0.009375
0 0.47708333333333336 0.15833333333333333 0.010416666666666666 0.010416666666666666
0 0.415625 0.16875 0.010416666666666666 0.010416666666666666
0 0.39166666666666666 0.17604166666666668 0.010416666666666666 0.010416666666666666
0 0.40729166666666666 0.17291666666666666 0.010416666666666666 0.015625
0 0.7270833333333333 0.11875 0.016666666666666666 0.020833333333333332
0 0.384375 0.17916666666666667 0.010416666666666666 0.015625
0 0.6354166666666666 0.13541666666666666 0.016666666666666666 0.025
0 0.035416666666666666 0.240625 0.03958333333333333 0.046875
0 0.671875 0.12916666666666668 0.021875 0.027083333333333334
0 0.7020833333333333 0.12604166666666666 0.022916666666666665 0.03125
0 0.3333333333333333 0.190625 0.010416666666666666 0.010416666666666666
0 0.6208333333333333 0.14166666666666666 0.0125 0.020833333333333332
0 0.3770833333333333 0.18541666666666667 0.010416666666666666 0.015625
0 0.596875 0.146875 0.016666666666666666 0.020833333333333332
0 0.36041666666666666 0.18854166666666666 0.010416666666666666 0.010416666666666666
0 0.3489583333333333 0.18958333333333333 0.00625 0.009375
0 0.5729166666666666 0.15104166666666666 0.015625 0.015625
0 0.46770833333333334 0.171875 0.010416666666666666 0.010416666666666666
0 0.296875 0.20208333333333334 0.010416666666666666 0.015625
0 0.45729166666666665 0.17291666666666666 0.010416666666666666 0.015625
0 0.5833333333333334 0.15416666666666667 0.016666666666666666 0.020833333333333332
0 0.13854166666666667 0.234375 0.010416666666666666 0.015625
0 0.14791666666666667 0.23333333333333334 0.010416666666666666 0.015625
0 0.5645833333333333 0.159375 0.0125 0.020833333333333332
0 0.9239583333333333 0.09583333333333334 0.028125 0.03125
0 0.553125 0.16145833333333334 0.016666666666666666 0.020833333333333332
0 0.21770833333333334 0.22083333333333333 0.010416666666666666 0.010416666666666666
0 0.484375 0.17291666666666666 0.016666666666666666 0.025
0 0.184375 0.22916666666666666 0.016666666666666666 0.020833333333333332
0 0.24270833333333333 0.21875 0.010416666666666666 0.015625
0 0.103125 0.24583333333333332 0.016666666666666666 0.020833333333333332
0 0.44166666666666665 0.18541666666666667 0.016666666666666666 0.020833333333333332
0 0.60625 0.15729166666666666 0.016666666666666666 0.020833333333333332
0 0.43125 0.18958333333333333 0.016666666666666666 0.020833333333333332
0 0.5427083333333333 0.17291666666666666 0.016666666666666666 0.020833333333333332
0 0.42916666666666664 0.19270833333333334 0.016666666666666666 0.020833333333333332
0 0.07916666666666666 0.25729166666666664 0.016666666666666666 0.020833333333333332
0 0.40729166666666666 0.19895833333333332 0.010416666666666666 0.015625
0 0.9135416666666667 0.1125 0.016666666666666666 0.020833333333333332
0 0.01875 0.275 0.010416666666666666 0.010416666666666666
0 0.878125 0.12291666666666666 0.016666666666666666 0.025
0 0.46770833333333334 0.19583333333333333 0.016666666666666666 0.020833333333333332
0 0.003125 0.28020833333333334 0.00625 0.020833333333333332
0 0.10833333333333334 0.2635416666666667 0.016666666666666666 0.020833333333333332
0 0.22916666666666666 0.24166666666666667 0.015625 0.015625
0 0.8458333333333333 0.13541666666666666 0.021875 0.027083333333333334
0 0.384375 0.21666666666666667 0.010416666666666666 0.010416666666666666
0 0.2708333333333333 0.23958333333333334 0.00625 0.009375
0 0.39375 0.21770833333333334 0.008333333333333333 0.014583333333333334
0 0.7635416666666667 0.15520833333333334 0.022916666666666665 0.034375
0 0.8072916666666666 0.14791666666666667 0.028125 0.035416666666666666
0 0.684375 0.171875 0.028125 0.035416666666666666
0 0.734375 0.1625 0.022916666666666665 0.03125
0 0.290625 0.24583333333333332 0.015625 0.015625
0 0.5885416666666666 0.19791666666666666 0.016666666666666666 0.025
0 0.3020833333333333 0.24791666666666667 0.010416666666666666 0.015625
0 0.925 0.13958333333333334 0.034375 0.04583333333333333
0 0.3729166666666667 0.2375 0.010416666666666666 0.015625
0 0.32916666666666666 0.25 0.010416666666666666 0.015625
0 0.12604166666666666 0.28541666666666665 0.016666666666666666 0.020833333333333332
0 0.8645833333333334 0.15833333333333333 0.04375 0.046875
0 0.41041666666666665 0.240625 0.021875 0.021875
0 0.240625 0.2708333333333333 0.00625 0.009375
0 0.4322916666666667 0.23645833333333333 0.028125 0.035416666666666666
0 0.5604166666666667 0.21458333333333332 0.022916666666666665 0.03125
0 0.4552083333333333 0.23541666666666666 0.021875 0.027083333333333334
0 0.3875 0.246875 0.016666666666666666 0.020833333333333332
0 0.5166666666666667 0.22395833333333334 0.016666666666666666 0.025
0 0.27291666666666664 0.26666666666666666 0.010416666666666666 0.015625
0 0.29583333333333334 0.2635416666666667 0.0125 0.020833333333333332
0 0.503125 0.22708333333333333 0.022916666666666665 0.03125
0 0.17708333333333334 0.284375 0.016666666666666666 0.020833333333333332
0 0.23020833333333332 0.275 0.010416666666666666 0.015625
0 0.6135416666666667 0.209375 0.022916666666666665 0.03125
0 0.3625 0.25416666666666665 0.010416666666666666 0.015625
0 0.32708333333333334 0.26666666666666666 0.010416666666666666 0.015625
0 0.12708333333333333 0.30416666666666664 0.015625 0.015625
0 0.5947916666666667 0.22291666666666668 0.022916666666666665 0.03125
0 0.6635416666666667 0.21041666666666667 0.028125 0.035416666666666666
0 0.16145833333333334 0.30104166666666665 0.010416666666666666 0.015625
0 0.75 0.19791666666666666 0.022916666666666665 0.034375
0 0.178125 0.29791666666666666 0.008333333333333333 0.014583333333333334
0 0.36666666666666664 0.26666666666666666 0.010416666666666666 0.010416666666666666
0 0.11666666666666667 0.3104166666666667 0.010416666666666666 0.010416666666666666
0 0.465625 0.25 0.021875 0.027083333333333334
0 0.2125 0.296875 0.015625 0.015625
0 0.22916666666666666 0.29375 0.016666666666666666 0.020833333333333332
0 0.1375 0.3125 0.009375 0.00625
0 0.25625 0.29375 0.028125 0.03125
0 0.35104166666666664 0.27708333333333335 0.016666666666666666 0.025
0 0.3729166666666667 0.27291666666666664 0.010416666666666666 0.015625
0 0.48541666666666666 0.25416666666666665 0.022916666666666665 0.03125
0 0.6802083333333333 0.21875 0.028125 0.035416666666666666
0 0.11666666666666667 0.32083333333333336 0.010416666666666666 0.015625
0 0.015625 0.3416666666666667 0.015625 0.015625
0 0.41041666666666665 0.2708333333333333 0.03333333333333333 0.035416666666666666
0 0.004166666666666667 0.34479166666666666 0.008333333333333333 0.014583333333333334
0 0.10416666666666667 0.3302083333333333 0.015625 0.015625
0 0.15208333333333332 0.321875 0.010416666666666666 0.015625
0 0.5354166666666667 0.25729166666666664 0.022916666666666665 0.03125
0 0.17083333333333334 0.3260416666666667 0.028125 0.03125
0 0.140625 0.33125 0.022916666666666665 0.03125
0 0.328125 0.3 0.028125 0.03125
0 0.21666666666666667 0.32395833333333335 0.03333333333333333 0.035416666666666666
0 0.11666666666666667 0.3416666666666667 0.022916666666666665 0.03125
0 0.6020833333333333 0.2604166666666667 0.027083333333333334 0.021875
0 0.022916666666666665 0.36666666666666664 0.029166666666666667 0.040625
0 0.004166666666666667 0.37395833333333334 0.008333333333333333 0.03125
0 0.9447916666666667 0.21041666666666667 0.03125 0.05416666666666667
0 0.48333333333333334 0.29583333333333334 0.053125 0.053125
0 0.753125 0.2552083333333333 0.03958333333333333 0.046875
0 0.7770833333333333 0.25416666666666665 0.034375 0.040625
0 0.6395833333333333 0.278125 0.03333333333333333 0.035416666666666666
0 0.06666666666666667 0.390625 0.05625 0.06666666666666667
0 0.6125 0.296875 0.04375 0.046875
0 0.32708333333333334 0.3489583333333333 0.04791666666666667 0.053125
0 0.00625 0.4125 0.0125 0.040625
0 0.8708333333333333 0.2604166666666667 0.034375 0.04583333333333333
0 0.9416666666666667 0.25104166666666666 0.040625 0.034375
0 0.7145833333333333 0.29270833333333335 0.040625 0.05625
0 0.2125 0.39166666666666666 0.035416666666666666 0.03333333333333333
0 0.9197916666666667 0.2791666666666667 0.035416666666666666 0.05416666666666667
0 0.20833333333333334 0.4166666666666667 0.040625 0.06041666666666667
0 0.14375 0.440625 0.034375 0.04583333333333333
0 0.9447916666666667 0.30416666666666664 0.053125 0.075
0 0.6614583333333334 0.365625 0.052083333333333336 0.07083333333333333
0 0.7770833333333333 0.35104166666666664 0.05416666666666667 0.084375
0 0.48125 0.4041666666666667 0.06458333333333334 0.08541666666666667
0 0.18541666666666667 0.459375 0.053125 0.075
0 0.041666666666666664 0.5854166666666667 0.08125 0.11041666666666666
0 0.7791666666666667 0.46979166666666666 0.0625 0.08125
0 0.9729166666666667 0.478125 0.05416666666666667 0.1
0 0.540625 0.5677083333333334 0.078125 0.09375
0 0.3854166666666667 0.5979166666666667 0.065625 0.1
0 0.25416666666666665 0.6520833333333333 0.1 0.11458333333333333
0 0.9010416666666666 0.5979166666666667 0.09166666666666666 0.11666666666666667
0 0.5270833333333333 0.6979166666666666 0.13541666666666666 0.14791666666666667
0 0.871875 0.7302083333333333 0.13125 0.17291666666666666
0 0.296875 0.8958333333333334 0.14791666666666667 0.11875