0 0.2125 0.052083333333333336 0.041666666666666664 0.06041666666666667
0 0.5854166666666667 0.13229166666666667 0.034375 0.041666666666666664
0 0.8010416666666667 0.17708333333333334 0.03125 0.04583333333333333
0 0.253125 0.07291666666666667 0.03125 0.022916666666666665
0 0.9614583333333333 0.22395833333333334 0.035416666666666666 0.04583333333333333
0 0.7427083333333333 0.18229166666666666 0.03958333333333333 0.046875
0 0.43854166666666666 0.007291666666666667 0.041666666666666664 0.014583333333333334
0 0.434375 0.13333333333333333 0.040625 0.052083333333333336
0 0.9 0.22708333333333333 0.035416666666666666 0.04583333333333333
0 0.25104166666666666 0.10729166666666666 0.04583333333333333 0.052083333333333336
0 0.9083333333333333 0.08645833333333333 0.034375 0.0375
0 0.5729166666666666 0.18229166666666666 0.035416666666666666 0.04583333333333333
0 0.625 0.20833333333333334 0.035416666666666666 0.04583333333333333
0 0.9666666666666667 0.27708333333333335 0.03333333333333333 0.05416666666666667
0 0.38125 0.17708333333333334 0.04583333333333333 0.05625
0 0.9770833333333333 0.10729166666666666 0.04583333333333333 0.052083333333333336
0 0.321875 0.178125 0.03958333333333333 0.046875
0 0.5895833333333333 0.253125 0.0375 0.05416666666666667
0 0.9270833333333334 0.32083333333333336 0.04583333333333333 0.05625
0 0.7270833333333333 0.06354166666666666 0.029166666666666667 0.035416666666666666
0 0.6583333333333333 0.28854166666666664 0.040625 0.05625
0 0.828125 0.3260416666666667 0.046875 0.06041666666666667
0 0.6666666666666666 0.052083333333333336 0.035416666666666666 0.04583333333333333
0 0.521875 0.278125 0.040625 0.052083333333333336
0 0.5072916666666667 0.022916666666666665 0.035416666666666666 0.04583333333333333
0 0.19895833333333332 0.22916666666666666 0.05416666666666667 0.059375
0 0.12916666666666668 0.22291666666666668 0.04583333333333333 0.052083333333333336
0 0.3333333333333333 0.26666666666666666 0.041666666666666664 0.06041666666666667
0 0.48125 0.34270833333333334 0.052083333333333336 0.0625
0 0.9291666666666667 0.11145833333333334 0.035416666666666666 0.05
0 0.115625 0.2833333333333333 0.052083333333333336 0.06666666666666667
0 0.8145833333333333 0.4354166666666667 0.040625 0.05625
0 0.5739583333333333 0.04479166666666667 0.03125 0.04583333333333333
0 0.3854166666666667 0.015625 0.027083333333333334 0.03125
0 0.41041666666666665 0.020833333333333332 0.0375 0.040625
0 0.6010416666666667 0.42083333333333334 0.052083333333333336 0.06666666666666667
0 0.45416666666666666 0.42291666666666666 0.040625 0.052083333333333336
0 0.9770833333333333 0.5270833333333333 0.04583333333333333 0.06666666666666667
0 0.4479166666666667 0.025 0.03125 0.04583333333333333
0 0.8541666666666666 0.10625 0.03125 0.04583333333333333
0 0.5864583333333333 0.05416666666666667 0.027083333333333334 0.022916666666666665
0 0.234375 0.421875 0.046875 0.065625
0 0.45 0.48020833333333335 0.041666666666666664 0.06041666666666667
0 0.07708333333333334 0.4083333333333333 0.058333333333333334 0.07708333333333334
0 0.7104166666666667 0.5697916666666667 0.041666666666666664 0.065625
0 0.784375 0.10416666666666667 0.03125 0.04583333333333333
0 0.6489583333333333 0.6166666666666667 0.053125 0.071875
0 0.7697916666666667 0.109375 0.025 0.034375
0 0.40729166666666666 0.6635416666666667 0.05416666666666667 0.08125
0 0.29270833333333335 0.022916666666666665 0.03958333333333333 0.04583333333333333
0 0.7229166666666667 0.10416666666666667 0.035416666666666666 0.04583333333333333
0 0.8614583333333333 0.07083333333333333 0.03125 0.022916666666666665
0 0.5875 0.08541666666666667 0.04375 0.046875
0 0.7635416666666667 0.140625 0.029166666666666667 0.040625
0 0.6729166666666667 0.128125 0.035416666666666666 0.04583333333333333