0 0.5180355302917633 0.09543643148857305 0.04412845718618321 0.062357322856156173
0 0.01393075822579944 0.20939782216718464 0.02786151645159888 0.05126142652316818
0 0.2680390750827465 0.1580250024827024 0.039792011862998085 0.0579965905705406
0 0.37384163371389423 0.13854151227090802 0.04986912121662807 0.05014842128457963
0 0.5519860836504674 0.10425205679891086 0.04969934256010949 0.045981754617912964
0 0.6116581962993746 0.09419495506222161 0.032183782610851114 0.024372158808783812
0 0.5885293063120599 0.10047064929977419 0.026612897236924483 0.040747727047027026
0 0.07308117455054469 0.22220887069242487 0.05365024111514512 0.09191212076072078
0 0.0047909762740038124 0.24123001902403152 0.009581952548007625 0.034206628618603636
0 0.9205627602029658 0.040299282331402994 0.02435978524707281 0.0364840275708859
0 0.5680160803551902 0.11910079432311506 0.04986912121662783 0.05014842128457963
0 0.8963073142207253 0.04870682630702614 0.04570245454996116 0.04995435566563066
0 0.7503696416225597 0.08357560656550225 0.05794778656518389 0.04428655252247753
0 0.8383789775921147 0.06700022856757423 0.04302489591881387 0.035273989522822874
0 0.025102613283175246 0.25147544223893387 0.030949342560109623 0.04510845933264266
0 0.29151106717408115 0.1943606087690087 0.02019311858040614 0.03628996195193697
0 0.528583075741802 0.14277090129839287 0.03520089855503557 0.04738585828492496
0 0.34922718048204376 0.18127553984179393 0.04680601581733086 0.07703768899896399
0 0.6062606343729496 0.1245973540145039 0.04077178392896196 0.03101029004668172
0 0.2557548431943777 0.20434349986340816 0.06453734387822051 0.05291098428423429
0 0.49274196243383933 0.15483712572612565 0.060370677211553904 0.05271691866528532
0 0.6311333003805609 0.12655796030081018 0.04829512385284976 0.06255138847510515
0 0.41489462514617337 0.17717733967668128 0.04280912780718253 0.08101029004668175
0 0.1829460605835266 0.23060779845694424 0.07563312517096073 0.07006281499827338
0 0.8051110836504675 0.09246257044776196 0.05097268248399729 0.07723175461791296
0 0.6685908557164313 0.12585303639693626 0.04412845718618333 0.06235732285615621
0 0.30558506453785933 0.20618137910268738 0.026782675893442943 0.04491439371369369
0 0.08805005465202759 0.2630992748832957 0.04821023452459062 0.06046805514177187
0 0.384963954525174 0.19728579900932394 0.05764712912529338 0.08793951971300303
0 0.6229078511030431 0.14981424180063752 0.043279563903591146 0.041523989522822845
0 0.12867505465202758 0.2612071350985434 0.045702454549961344 0.04995435566563066
0 0.7579619657291166 0.1268889589228671 0.0616440171354417 0.08396691866528533
0 0.715658629100506 0.14445461511235663 0.05114246114051587 0.08139842128457962
0 0.9230970796961346 0.1056817003077168 0.043318463776737794 0.09351029004668172
0 0.8749257450446905 0.11416345492562976 0.04680601581733062 0.07703768899896403
0 0.23600916598282387 0.2551682787439412 0.041281119898517106 0.04351029004668169
0 0.27888727797267554 0.24901243948304774 0.060200898555035444 0.048550251998618656
0 0.5704655105200999 0.1865665456327622 0.05590335310499673 0.09617582023686187
0 0.7949101850954319 0.1386840350189932 0.04523201845355255 0.08944065618948957
0 0.0025184143475789106 0.3329452020954354 0.005036828695157821 0.09660959580912921
0 0.9066656310776724 0.12620111304544204 0.04948357444847839 0.09171805514177181
0 0.48386039325780456 0.21971155748788238 0.06848824243325602 0.0988413504270421
0 0.19315404872052852 0.2862756016000974 0.06240802108977436 0.10271691866528533
0 0.5423210605835267 0.21386963882259705 0.05590335310499673 0.09617582023686193
0 0.6187871738914892 0.19991127461011202 0.0553940171354417 0.08367582023686188
0 0.09847026610967748 0.3135587446931155 0.06895867852966475 0.059355049903183264
0 0.32036471604625066 0.2772316002221543 0.039792011862998085 0.0579965905705406
0 0.4504651653237684 0.2482988993680701 0.045062239797034206 0.0852739895228229
0 0.38082382737704695 0.27337598208072783 0.04263934915066419 0.07684362338001509
0 0.2722588207864924 0.3096231717686634 0.0729944664129595 0.10736874937932442
0 0.6761442799498419 0.22115268927815998 0.0616440171354417 0.08396691866528533
0 0.11233558494379091 0.38153248221731967 0.05365024111514512 0.09191212076072072
0 0.6126097028651417 0.3260014576815159 0.05522423847892336 0.07950915357019521
0 0.2923122450199031 0.40434062779304025 0.046975794473849204 0.0812043556656306
0 0.08132789257396171 0.5046203923357506 0.05896645850429403 0.06928655252247751
0 0.5234190058819244 0.4736327700604949 0.05522423847892336 0.07950915357019521
0 0.12965310073633432 0.5689097551702926 0.05365024111514512 0.09191212076072072
0 0.16428276872111194 0.5610587138139638 0.046975794473849204 0.0812043556656306
0 0.8799272186576851 0.5017347934975517 0.05114246114051587 0.08139842128457957
0 0.3199686277328204 0.6952053377463585 0.061813795791960044 0.088133585331952