0 0.6100257757545128 0.09583342616100228 0.03282608902958609 0.055440006590554494
0 0.3561813656198598 0.059357368872752884 0.0366290428432715 0.04310978524707288
0 0.26481779299734426 0.05267583264949052 0.0366290428432715 0.04310978524707287
0 0.8230330200582597 0.1412564920169725 0.038591138558944256 0.03902800790866543
0 0.17155274346798624 0.039829185754487344 0.026030519750114087 0.036435338605776926
0 0.5588900495293581 0.00508899832757401 0.03424261546578696 0.01017799665514802
0 0.9086123806635545 0.1679419182275495 0.03650780522561092 0.0389431185804062
0 0.307749439078136 0.07901815675604755 0.03901547022075604 0.05361134124199873
0 0.6920558046979958 0.13722951969730138 0.03889423260309546 0.049444674575332095
0 0.4702605859946886 0.10777101115436792 0.03650780522561104 0.0389431185804062
0 0.9368554869359724 0.055464912955105916 0.03626532999029 0.030609785247072866
0 0.41817725266135525 0.10989324436084763 0.0303790428432715 0.042855117262295295
0 0.6448170918450143 0.15163952958313315 0.04079570950993817 0.043279563903591264
0 0.1994161057448027 0.08343240182552537 0.0366290428432715 0.04310978524707287
0 0.12481012800219929 0.07294675097618948 0.02841694712759866 0.04693689460070279
0 0.7421578798277937 0.16744139782161796 0.026030519750113966 0.036435338605776954
0 0.8022108336414788 0.17747960730210147 0.03650780522561092 0.0389431185804062
0 0.8569342165041703 0.19189670676989964 0.03270485141192576 0.0512733399238878
0 0.08093889038453879 0.07889609353629913 0.0241290428432715 0.04260044927751772
0 0.7572070011439064 0.1865963945263407 0.032583613794265415 0.04710667325722119
0 0.681999719539068 0.017989633664319455 0.030136567607950582 0.03452178392896198
0 0.44211642350682606 0.1453329057550707 0.03650780522561104 0.0389431185804062
0 0.2627567534971161 0.12350916598282385 0.04079570950993817 0.043279563903591264
0 0.7122940968595792 0.19258818175057993 0.0388942326030957 0.049444674575332095
0 0.9856270796167477 0.23867445708703366 0.013712376176604835 0.04217600263622181
0 0.18910151420793397 0.11610607046935839 0.03901547022075604 0.05361134124199873
0 0.15567725266135526 0.12058929972150541 0.03889423260309558 0.04944467457533204
0 0.5150745464944604 0.1766943346018695 0.05193980188256783 0.06870401054488719
0 0.8673366049090419 0.04893370545178874 0.026212376176604834 0.04268533860577694
0 0.6493697651977677 0.20971819493168892 0.0303790428432715 0.042855117262295295
0 0.5686047156684094 0.19636221206713061 0.0388942326030957 0.049444674575332095
0 0.06805601504369478 0.12832131817505799 0.028416947127598628 0.04693689460070279
0 0.6077030985311009 0.21141598149687268 0.0388942326030957 0.049444674575332095
0 0.1084082304039587 0.13604097627400383 0.03650780522561101 0.0389431185804062
0 0.5223407879827794 0.009392723954916056 0.026151757367774545 0.018785447909832113
0 0.44378657209490024 0.1952055717626819 0.043303374505083286 0.05794778656518377
0 0.33909349863662397 0.1817841495064376 0.0366290428432715 0.04310978524707287
0 0.8289224385505208 0.2606661567064728 0.023825948799120294 0.03218378261085106
0 0.38664645245030915 0.19233169495647626 0.03889423260309546 0.049444674575332095
0 0.22469202172978134 0.18020306256069302 0.04079570950993817 0.043279563903591264
0 0.8112987707399476 0.043934050648120164 0.0218638530834473 0.03626555994925855
0 0.9846683255920164 0.3073820124229041 0.011750280460932079 0.04625777997462931
0 0.17260868839644802 0.18232529576717268 0.03901547022075604 0.05361134124199876
0 0.8167063701068095 0.287174714678565 0.030015329990290003 0.030355117262295294
0 0.890240371778331 0.2987444768586972 0.04097756593642903 0.04952956390359127
0 0.2976501447174157 0.21156449140749178 0.03430323427461725 0.03469156258548036
0 0.5358089360432384 0.25076055199101843 0.0303790428432715 0.042855117262295295
0 0.6983807017686213 0.2774300730560055 0.030197186416780635 0.036605117262295296
0 0.7811684658224823 0.29278449992563793 0.03418199665695667 0.030524895918813636
0 0.6245132966485332 0.27731864420920666 0.032583613794265415 0.047106673257221135
0 0.783717587138595 0.3124488325999158 0.03270485141192599 0.0512733399238878
0 0.4916346043814267 0.26712656121779477 0.0366290428432715 0.043109785247072804
0 0.19903636174920125 0.23951262316900698 0.03901547022075604 0.05361134124199876
0 0.2705173394918047 0.25012560801073164 0.03889423260309558 0.04944467457533204
0 0.9829709989447696 0.36571534575623743 0.011629042843271502 0.04209111330796264
0 0.7810298185977841 0.047248279241211735 0.0303790428432715 0.04285511726229531
0 0.4348087256975394 0.2892102397474595 0.0366290428432715 0.043109785247072804
0 0.560982776898419 0.315281990723649 0.0303790428432715 0.042855117262295295
0 0.14545672068297447 0.2573023010396163 0.03889423260309558 0.049444674575332095
0 0.12358172068297445 0.2581936389863378 0.02186385308344745 0.03626555994925861
0 0.8360050707315242 0.37482504339851025 0.0366290428432715 0.043109785247072804
0 0.5779845998944769 0.02087405201580579 0.0388942326030957 0.04174810403161158
0 0.43275745464944604 0.011430067833136584 0.04698509070110788 0.02286013566627317
0 0.18333158045250847 0.278648515133488 0.03853051975011409 0.0369446745753321
0 0.0735211018741442 0.26231431619789164 0.03901547022075604 0.05361134124199876
0 0.7757399510869332 0.37207850058469333 0.040977565936428796 0.04952956390359127
0 0.7010733545354995 0.3636761830686908 0.03901547022075604 0.05361134124199876
0 0.2753124880798789 0.29987094002595405 0.03418199665695667 0.030524895918813636
0 0.4563008503566954 0.3372347904699417 0.03901547022075604 0.05361134124199864
0 0.1793882265333002 0.30690084912587673 0.03901547022075604 0.05361134124199864
0 0.6418004296652974 0.3983447509266148 0.03270485141192576 0.0512733399238878
0 0.8717774346798622 0.43267203548984484 0.03430323427461701 0.034691562585480305
0 0.2450546828542679 0.33855939062158275 0.030197186416780753 0.036605117262295296
0 0.12798284701365206 0.3214806376682269 0.0366290428432715 0.043109785247072804
0 0.27502054095228023 0.3456618286951578 0.04079570950993817 0.043279563903591264
0 0.508952046802606 0.3871110012685362 0.040977565936428796 0.04952956390359127
0 0.37925897334432973 0.37470825095140214 0.030197186416780753 0.036605117262295296
0 0.9540802482630817 0.46469312902614396 0.039136707838416385 0.05777800790866531
0 0.6857737424127559 0.4246446303690422 0.03270485141192599 0.0512733399238878
0 0.9757733918365907 0.4700517910794224 0.020447326647246675 0.059097337287666106
0 0.5437928347853853 0.40545954935479667 0.0388942326030957 0.04944467457533198
0 0.033960062373915995 0.3346756574398904 0.03901547022075604 0.05361134124199864
0 0.6129163160905017 0.03224931483020601 0.032583613794265415 0.04710667325722116
0 0.7806371748048053 0.45407305460245284 0.04079570950993817 0.043279563903591264
0 0.7256713167067929 0.447989288467988 0.026212376176604834 0.04268533860577695
0 0.8252456065805637 0.06521482535030584 0.030197186416780635 0.03660511726229531
0 0.45506931169222803 0.41531734580581214 0.03889423260309546 0.04944467457533198
0 0.6372205782533716 0.44847208491900353 0.0388942326030957 0.04944467457533198
0 0.23741045025117233 0.38673072527302693 0.03889423260309558 0.049444674575332095
0 0.12539540072181427 0.37464808233235647 0.043303374505083196 0.05794778656518377
0 0.34394438180746095 0.4084005915343454 0.03889423260309558 0.04944467457533198
0 0.17708471179775104 0.38606751579254345 0.04520485141192581 0.051782675893442945
0 0.844038441365949 0.492066485426418 0.0388942326030957 0.04944467457533198
0 0.483374789654301 0.020721950900369 0.03901547022075604 0.041443901800738
0 0.51433422099112 0.45243888861962905 0.03901547022075604 0.05361134124199864
0 0.05616045025117233 0.39411609683157633 0.03901547022075603 0.05361134124199876
0 0.9458298275716835 0.5336977970109215 0.04330337450508305 0.05794778656518389
0 0.7308716344688162 0.5195671758190809 0.0303790428432715 0.042855117262295295
0 0.14970943133681905 0.4329619657291166 0.0303790428432715 0.042855117262295295
0 0.46146284314299363 0.48164445515944204 0.045204851411925755 0.051782675893442945
0 0.3983151987337235 0.4706919130046806 0.04568980188256771 0.06844934256010961
0 0.8053563745937592 0.5342194933350835 0.030197186416780635 0.036605117262295296
0 0.10598974074123417 0.43370297495589294 0.03913670783841653 0.05777800790866543
0 0.8287085198387901 0.5540765993934361 0.041098803554089375 0.05369623057025782
0 0.820117054543923 0.026927826668416747 0.029712235946138796 0.019938450595628644
0 0.8933287996834309 0.08533014418441927 0.030197186416780635 0.036605117262295296
0 0.9357643483770282 0.09296491295510592 0.028416947127598745 0.04693689460070279
0 0.6734698771010417 0.5614425210154123 0.038591138558944256 0.03902800790866531
0 0.5833904463805138 0.546385206794687 0.03650780522561092 0.03894311858040614
0 0.5145192087628534 0.553353221293907 0.041098803554089375 0.05369623057025782
0 0.14151962945425128 0.4998833003805609 0.045204851411925755 0.05178267589344306
0 0.4001783506648409 0.549688801014829 0.05145485141192575 0.05203734387822057
0 0.20298910970413722 0.5327532871994518 0.041098803554089375 0.053696230570258054
0 0.5789015231818335 0.5933875407870758 0.0388942326030957 0.04944467457533221
0 0.09281491827279152 0.5289190882638555 0.04342461212274369 0.06211445323185056
0 0.6508482889072162 0.6237497476313375 0.04330337450508305 0.05794778656518389
0 0.465178000088676 0.6042640091772016 0.03901547022075604 0.05361134124199864
0 0.5397536684268643 0.6157913266932041 0.04765189759824059 0.06436756522170223
0 0.9333441058334787 0.6767456876572916 0.0366290428432715 0.043109785247072804
0 0.7766095297792439 0.020377169228526372 0.02137890261280546 0.019598893282591887
0 0.6243331931028673 0.0037095467433621966 0.029712235946138796 0.007419093486724393
0 0.7364276495125109 0.6504351738419146 0.03901547022075604 0.05361134124199888
0 0.12107230280700457 0.5589806376682269 0.04330337450508317 0.05794778656518389
0 0.27739406853238735 0.5859048267179915 0.047470041171749834 0.05811756522170223
0 0.3906361469165526 0.021505404791274888 0.0325836137942653 0.043010809582549776
0 0.3870833094930911 0.6064056923202545 0.045204851411925755 0.05178267589344283
0 0.3217614035372423 0.5986630394937523 0.03270485141192576 0.0512733399238878
0 0.013180208718515345 0.5532328840558155 0.02636041743703069 0.057778007908665545
0 0.8031660819045605 0.6810096040068243 0.0366290428432715 0.043109785247072804
0 0.6766283178506993 0.6674378530306346 0.0388942326030957 0.04944467457533221
0 0.6899198681271421 0.0676076316871531 0.032583613794265415 0.04710667325722116
0 0.544874579308602 0.04646655133196298 0.03626532999029 0.03060978524707288
0 0.1875379505593179 0.5989300678331365 0.045204851411925755 0.05178267589344283
0 0.7483629177451763 0.7050917265415632 0.04342461212274363 0.06211445323185056
0 0.6134918203579818 0.6918595328784104 0.05181856426490725 0.06453734387822058
0 0.3441436478409894 0.6518534788854382 0.04330337450508317 0.05794778656518389
0 0.7946317296568739 0.7240150499890647 0.03889423260309546 0.04944467457533198
0 0.059109856515166724 0.6145674281877433 0.051697326647246765 0.060370677211553904
0 0.4299048648727749 0.6722889050960154 0.04526547022075604 0.05386600922677616
0 0.14897712140478872 0.6369164090751352 0.041098803554089375 0.05369623057025782
0 0.7122491347769617 0.7304931784553027 0.0388942326030957 0.04944467457533221
0 0.7218781313452425 0.07775018043246901 0.03282608902958609 0.055440006590554494
0 0.2479466016546746 0.668258387985361 0.05794732664724679 0.06062534519633142
0 0.24629912131611273 0.015080308948281695 0.03240175736777454 0.03016061789656339
0 0.8181162594361179 0.7750797113832878 0.04674261546578696 0.033117565221702235
0 0.5207340151323707 0.7330946633218147 0.04330337450508317 0.05794778656518389
0 0.6728588047866718 0.7612302976947644 0.05181856426490725 0.06453734387822058
0 0.4686506817990375 0.7352168965282945 0.05616708735806455 0.07095712253473892
0 0.033484505939001756 0.6728353221293907 0.04747004117174985 0.05811756522170223
0 0.10891998451736601 0.6905701949812636 0.05181856426490725 0.06453734387822058
0 0.7914077858723184 0.7990574946531943 0.0388942326030957 0.04944467457533198
0 0.5349647825292753 0.7803746600265374 0.04526547022075604 0.05386600922677616
0 0.414404233835678 0.7759232410655703 0.05794732664724667 0.06062534519633142
0 0.5952410490904188 0.8184954248428914 0.0388942326030957 0.04944467457533221
0 0.03059396560301272 0.7364194334601869 0.04330337450508318 0.05794778656518389
0 0.6829340524334621 0.8440542950585425 0.0388942326030957 0.04944467457533221
0 0.7200703395804806 0.8550262871498772 0.04097756593642903 0.04952956390359115
0 0.49422969182816734 0.8215708905967953 0.055742755696253 0.05637378920140558
0 0.059184753585792095 0.755022649531225 0.04269718641678077 0.03711445323185056
0 0.9027755654088137 0.11823903087645667 0.028416947127598745 0.04693689460070279
0 0.6511054168207394 0.0785530842599481 0.0303790428432715 0.042855117262295295
0 0.5526651002912986 0.8514432114080752 0.047470041171749716 0.05811756522170223
0 0.252279093605212 0.8054188306723241 0.051939801882567714 0.06870401054488724
0 0.15671854491161474 0.7999487397722469 0.05169732664724679 0.060370677211553904
0 0.6048505087544298 0.8815702002041325 0.04747004117174995 0.05811756522170223
0 0.44638479088688343 0.8568142338159604 0.0366290428432715 0.043109785247072804
0 0.08377156884053297 0.8039615329279851 0.051576089029586276 0.05620401054488724
0 0.5032521258917384 0.8690631106221661 0.05794732664724667 0.06062534519633142
0 0.025688913522034187 0.7992165461090941 0.051377827044068375 0.05237690119125726
0 0.19346080980123673 0.8244623985302482 0.04520485141192581 0.05178267589344283
0 0.28865764564185253 0.8424324894303254 0.06812151807859242 0.05271645850429394
0 0.8250584915115982 0.9298211534111956 0.038591138558944256 0.03902800790866555
0 0.7420282522224161 0.9228000598748964 0.05317447189227759 0.03962223320647974
0 0.4054263874383171 0.8699279090503479 0.042818424034441215 0.041281119898517224
0 0.21474602727196151 0.02307231257308667 0.03889423260309558 0.04614462514617334
0 0.7392004579924893 0.01878017713719177 0.03001532999029024 0.030355117262295308
0 0.09639004952935808 0.015011324765612488 0.03221990094128386 0.030022649531224976
0 0.5158402971761483 0.07886255726346203 0.045204851411925755 0.051782675893442945