0 0.740625 0.05502986157149233 0.025 0.04253968590396036
0 0.7760416666666666 0.05730830549099173 0.025 0.046706352570627024
0 0.6604166666666667 0.23452059151850838 0.025 0.04253968590396037
0 0.9416666666666667 0.2547587246047291 0.03125 0.05109127404661713
0 0.10416666666666667 0.1963459134887237 0.03125 0.05109127404661713
0 0.7322916666666667 0.24223885515906113 0.025 0.04670635257062704
0 0.9739583333333334 0.26109470778623345 0.01875 0.05482143109463695
0 0.059375 0.19790675402190586 0.0375 0.05755952885594055
0 0.2 0.20698415389834954 0.025 0.036289685903960374
0 0.45208333333333334 0.2251620978743943 0.01875 0.03190476442797028
0 0.928125 0.26053583918452833 0.025 0.04670635257062704
0 0.28125 0.2171131330862207 0.025 0.04670635257062704
0 0.3177083333333333 0.2204696194739407 0.03125 0.05109127404661713
0 0.47291666666666665 0.2310979472388057 0.03125 0.0552579407132838
0 0.809375 0.25743066447405 0.029166666666666667 0.06143518911017599
0 0.253125 0.21821431977759864 0.01875 0.04023809776130361
0 0.3645833333333333 0.22627319721053302 0.025 0.04253968590396037
0 0.215625 0.21898812425499145 0.022916666666666665 0.0320502676341859
0 0.6854166666666667 0.2520602774224688 0.01875 0.036071431094636945
0 0.4197916666666667 0.23445111469288993 0.025 0.036289685903960374
0 0.909375 0.2682144080898914 0.027083333333333334 0.050945770840401514
0 0.68125 0.05295644088291981 0.01875 0.04023809776130361
0 0.703125 0.05476199938221846 0.01875 0.0402380977613036
0 0.31875 0.03717266194216126 0.020833333333333332 0.029894182697744753
0 0.6010416666666667 0.048072170829935874 0.027083333333333334 0.0509457708404015
0 0.6552083333333333 0.2614220458440722 0.025 0.036289685903960374
0 0.3458333333333333 0.24332676611589607 0.027083333333333334 0.05511243750706818
0 0.13229166666666667 0.22753639346401247 0.03125 0.05109127404661713
0 0.4 0.25042664113003243 0.025 0.04253968590396037
0 0.7520833333333333 0.2752216620552519 0.03333333333333333 0.06574735898305827
0 0.8645833333333334 0.28540024862307356 0.03125 0.05109127404661713
0 0.23541666666666666 0.24363759781784894 0.025 0.036289685903960374
0 0.775 0.28123026302277115 0.025 0.04670635257062704
0 0.21458333333333332 0.03770174845343753 0.035416666666666666 0.026236777252832733
0 0.071875 0.2327182636405527 0.029166666666666667 0.036435189110175986
0 0.43020833333333336 0.25981487270842896 0.025 0.04253968590396037
0 0.9291666666666667 0.2980722149860823 0.025 0.04670635257062704
0 0.3770833333333333 0.26108470682917984 0.029166666666666667 0.042685189110175985
0 0.4510416666666667 0.26679238873950706 0.03125 0.0552579407132838
0 0.478125 0.27086315957990853 0.025 0.04670635257062704
0 0.50625 0.2749703062218639 0.03333333333333333 0.06158069231639161
0 0.28958333333333336 0.2601124728319853 0.03125 0.05109127404661713
0 0.34479166666666666 0.2641237236476755 0.01875 0.03190476442797028
0 0.14479166666666668 0.25401456974932596 0.03125 0.0552579407132838
0 0.8114583333333333 0.3012534160771578 0.027083333333333334 0.050945770840401514
0 0.5989583333333334 0.2886244192268281 0.025 0.04253968590396037
0 0.7239583333333334 0.29819784874662986 0.03125 0.0552579407132838
0 0.8145833333333333 0.0669875434818195 0.025 0.04670635257062704
0 0.9729166666666667 0.31730833198467956 0.029166666666666667 0.042685189110175985
0 0.6833333333333333 0.29573752581936097 0.025 0.04253968590396037
0 0.325 0.27384925008481803 0.029166666666666667 0.042685189110175985
0 0.4166666666666667 0.28434198728822824 0.029166666666666667 0.06143518911017599
0 0.6302083333333334 0.30013235994011184 0.029166666666666667 0.06143518911017599
0 0.88125 0.31723226144793604 0.027083333333333334 0.050945770840401396
0 0.10729166666666666 0.2662467075600521 0.03125 0.0552579407132838
0 0.546875 0.29618062914913285 0.03125 0.0552579407132838
0 0.8197916666666667 0.317169422489589 0.025 0.04253968590396037
0 0.24375 0.27830360423028017 0.029166666666666667 0.036435189110175986
0 0.13541666666666666 0.2766038542020075 0.025 0.04670635257062704
0 0.4427083333333333 0.29983471566040915 0.027083333333333334 0.050945770840401514
0 0.9416666666666667 0.3401753912713958 0.027083333333333334 0.050945770840401514
0 0.35625 0.2988988574647685 0.025 0.036289685903960374
0 0.7760416666666666 0.32814163882432507 0.025 0.04670635257062704
0 0.471875 0.31543657143725184 0.027083333333333334 0.050945770840401396
0 0.6625 0.32938500978828283 0.025 0.04670635257062704
0 0.03854166666666667 0.28780423799082777 0.03125 0.04692460737995046
0 0.559375 0.32682547210111307 0.027083333333333334 0.050945770840401514
0 0.865625 0.34793662442462747 0.027083333333333334 0.050945770840401514
0 0.521875 0.050515943245172515 0.014583333333333334 0.029675927888421327
0 0.615625 0.05795643205169053 0.01875 0.04023809776130361
0 0.24375 0.30747027089694684 0.029166666666666667 0.042685189110175985
0 0.11041666666666666 0.3007308349647138 0.01875 0.02773809776130361
0 0.1875 0.30550597761303605 0.025 0.036289685903960374
0 0.3 0.31360123084752434 0.025 0.04253968590396037
0 0.6208333333333333 0.3352216443927934 0.025 0.04670635257062704
0 0.9729166666666667 0.3631416653180129 0.027083333333333334 0.05511243750706818
0 0.265625 0.31344249606291213 0.025 0.04670635257062704
0 0.6822916666666666 0.34257615001780706 0.025 0.04253968590396037
0 0.3333333333333333 0.31893192316391594 0.025 0.04670635257062704
0 0.14791666666666667 0.30724869715398767 0.027083333333333334 0.05511243750706818
0 0.371875 0.32548616115474366 0.025 0.04670635257062704
0 0.8177083333333334 0.35668000421981455 0.025 0.04670635257062704
0 0.7416666666666667 0.35819123737304626 0.027083333333333334 0.05511243750706818
0 0.09166666666666666 0.3136177372034102 0.025 0.04253968590396037
0 0.14375 0.03731152728110541 0.025 0.01962301923729369
0 0.5854166666666667 0.05481820047329398 0.025 0.046706352570627024
0 0.890625 0.07589297699525449 0.027083333333333334 0.050945770840401514
0 0.4083333333333333 0.34238431420913035 0.027083333333333334 0.050945770840401514
0 0.7072916666666667 0.3632408359217674 0.027083333333333334 0.050945770840401514
0 0.78125 0.3679068511654279 0.027083333333333334 0.050945770840401514
0 0.90625 0.37956361401856303 0.027083333333333334 0.05511243750706818
0 0.052083333333333336 0.32265212341102856 0.025 0.04670635257062704
0 0.521875 0.35468260991183914 0.025 0.04670635257062704
0 0.5927083333333333 0.359239497750838 0.0375 0.061726195522607226
0 0.8520833333333333 0.3828804056710934 0.03125 0.0552579407132838
0 0.23958333333333334 0.33961643435739786 0.025 0.04253968590396037
0 0.44583333333333336 0.3541105097317375 0.03125 0.05109127404661713
0 0.296875 0.34578377010952926 0.03125 0.04692460737995046
0 0.48125 0.36055562031790356 0.03125 0.05525794071328368
0 0.019791666666666666 0.33089947356285754 0.025 0.04670635257062704
0 0.11145833333333334 0.33722554409960104 0.03125 0.05109127404661713
0 0.9354166666666667 0.3951654697954057 0.025 0.04253968590396037
0 0.9302083333333333 0.08144192412096948 0.027083333333333334 0.05511243750706818
0 0.5625 0.05610126617244144 0.01875 0.04023809776130361
0 0.6510416666666666 0.06231820930452326 0.01875 0.03190476442797028
0 0.1625 0.34004962504240904 0.027083333333333334 0.050945770840401514
0 0.6489583333333333 0.37682879103474876 0.03333333333333333 0.06158069231639161
0 0.6739583333333333 0.3818684769387091 0.03125 0.0552579407132838
0 0.975 0.402797750254454 0.025 0.04670635257062704
0 0.08333333333333333 0.3456183974576456 0.027083333333333334 0.05511243750706818
0 0.19479166666666667 0.35680227489058003 0.027083333333333334 0.050945770840401396
0 0.5572916666666666 0.3819610538313386 0.027083333333333334 0.05511243750706818
0 0.5760416666666667 0.3888658182593089 0.025 0.04253968590396037
0 0.484375 0.05233141438923197 0.01875 0.04023809776130361
0 0.990625 0.42209338727776263 0.010416666666666666 0.05661375801553904
0 0.3104166666666667 0.37438165552973 0.03125 0.05109127404661713
0 0.051041666666666666 0.35594908094280797 0.027083333333333334 0.050945770840401514
0 0.36354166666666665 0.3804034880756458 0.027083333333333334 0.050945770840401514
0 0.340625 0.38064488710812655 0.027083333333333334 0.050945770840401396
0 0.2604166666666667 0.37576061705514263 0.03333333333333333 0.06158069231639161
0 0.21875 0.37430558499298644 0.027083333333333334 0.05511243750706806
0 0.7135416666666666 0.4092924240644242 0.027083333333333334 0.050945770840401514
0 0.6125 0.40472230464702885 0.03125 0.051091274046617015
0 0.7395833333333334 0.4164518191032717 0.03333333333333333 0.06991402564972495
0 0.01875 0.3662797644279703 0.025 0.04670635257062704
0 0.38958333333333334 0.39172954978116004 0.025 0.04670635257062704
0 0.5083333333333333 0.40212639115830506 0.03125 0.0552579407132838
0 0.5375 0.05835324693514774 0.01875 0.031904764427970266
0 0.85625 0.08094257554397566 0.027083333333333334 0.050945770840401514
0 0.13645833333333332 0.3839318966702281 0.025 0.04253968590396037
0 0.2375 0.39266868275429007 0.027083333333333334 0.05511243750706818
0 0.78125 0.4304068511654279 0.029166666666666667 0.06143518911017599
0 0.815625 0.43369058595004006 0.03958333333333333 0.0659656137923817
0 0.9552083333333333 0.4448149433582632 0.03125 0.0552579407132838
0 0.18958333333333333 0.39307872921614384 0.03125 0.05109127404661713
0 0.10729166666666666 0.38916337422671876 0.025 0.04253968590396037
0 0.5375 0.4198115802684811 0.029166666666666667 0.06143518911017599
0 0.065625 0.38770834216456257 0.025 0.04253968590396037
0 0.03125 0.39379960737995046 0.025 0.04253968590396037
0 0.7291666666666666 0.07546306108773271 0.022916666666666665 0.0320502676341859
0 0.578125 0.43581356986241665 0.035416666666666666 0.04707011058616608
0 0.14583333333333334 0.4040509455508799 0.03125 0.05109127404661713
0 0.45729166666666665 0.4263856435488305 0.03125 0.05109127404661713
0 0.6520833333333333 0.4394379184394105 0.027083333333333334 0.050945770840401514
0 0.9010416666666666 0.45959006834412686 0.03125 0.05525794071328368
0 0.4270833333333333 0.4263724119704339 0.03125 0.05109127404661713
0 0.859375 0.4591767029486374 0.03125 0.05109127404661713
0 0.014583333333333334 0.4109259278884213 0.029166666666666667 0.042685189110175985
0 0.06041666666666667 0.03960979649012642 0.022916666666666665 0.019550267634185894
0 0.3104166666666667 0.4379233221963967 0.025 0.04670635257062704
0 0.041666666666666664 0.42124669872882287 0.03333333333333333 0.06158069231639161
0 0.9208333333333333 0.48423954190698437 0.03125 0.0552579407132838
0 0.2833333333333333 0.44114421802266185 0.027083333333333334 0.05511243750706818
0 0.51875 0.46186514917384414 0.03333333333333333 0.06574735898305827
0 0.25416666666666665 0.4463756955791525 0.03125 0.04692460737995046
0 0.9697916666666667 0.4963658712466845 0.027083333333333334 0.050945770840401514
0 0.109375 0.4392361258298266 0.027083333333333334 0.050945770840401514
0 0.071875 0.43688493030721937 0.027083333333333334 0.050945770840401396
0 0.7354166666666667 0.48297298256372284 0.029166666666666667 0.06143518911017599
0 0.38229166666666664 0.05293325250361606 0.01875 0.04023809776130361
0 0.9583333333333334 0.0949240707629249 0.025 0.04670635257062704
0 0.3875 0.46040679817805225 0.0375 0.05755952885594055
0 0.6989583333333333 0.48586649617600286 0.035416666666666666 0.07415344391949942
0 0.49270833333333336 0.4724140874683299 0.029166666666666667 0.06976852244350933
0 0.3458333333333333 0.4641600994492295 0.027083333333333334 0.050945770840401396
0 0.790625 0.496359233379413 0.03333333333333333 0.06991402564972495
0 0.12916666666666668 0.45242726605935074 0.03125 0.0552579407132838
0 0.6583333333333333 0.48861450658206723 0.0375 0.051309528855940555
0 0.011458333333333333 0.4451918004837596 0.01875 0.036071431094636945
0 0.6145833333333334 0.48812838958347 0.03125 0.051091274046617015
0 0.825 0.5058929681640252 0.0375 0.05755952885594055
0 0.225 0.46306550646897654 0.03958333333333333 0.07013228045904825
0 0.16666666666666666 0.46415346158195797 0.025 0.04253968590396037
0 0.7666666666666667 0.5173975899436732 0.03333333333333333 0.06158069231639161
0 0.55625 0.5048413446964514 0.03958333333333333 0.06596561379238158
0 0.2 0.48198415389834953 0.029166666666666667 0.06143518911017599
0 0.05416666666666667 0.47272487501413635 0.03125 0.051091274046617015
0 0.2989583333333333 0.49064818837930374 0.03333333333333333 0.06158069231639161
0 0.9885416666666667 0.5397289690079882 0.022916666666666665 0.05496693430085244
0 0.08020833333333334 0.4767592700529839 0.025 0.036289685903960374
0 0.18333333333333332 0.4866104744068204 0.03333333333333333 0.06574735898305827
0 0.30104166666666665 0.051137606649078224 0.03125 0.055257940713283785
0 0.03958333333333333 0.48054894712571505 0.027083333333333334 0.050945770840401514
0 0.4375 0.5090278366526396 0.03125 0.05109127404661713
0 0.9583333333333334 0.5470074040962581 0.027083333333333334 0.05511243750706806
0 0.013541666666666667 0.4838062187535341 0.027083333333333334 0.050945770840401514
0 0.334375 0.5106349656321365 0.03125 0.04692460737995046
0 0.41770833333333335 0.5218783630897821 0.03125 0.051091274046617015
0 0.2760416666666667 0.05234792074511786 0.025 0.04253968590396037
0 0.5854166666666667 0.5412765338066273 0.0375 0.061726195522607226
0 0.15520833333333334 0.5127116610981983 0.03125 0.05525794071328368
0 0.7072916666666667 0.5528241692551007 0.0375 0.05755952885594055
0 0.503125 0.538402845483869 0.0375 0.05755952885594055
0 0.09895833333333333 0.5128307011476209 0.01875 0.036071431094636945
0 0.11666666666666667 0.5217824231073706 0.027083333333333334 0.05511243750706818
0 0.46041666666666664 0.5462864376201588 0.03333333333333333 0.06991402564972495
0 0.04791666666666667 0.5172982868714796 0.029166666666666667 0.03226852244350932
0 0.703125 0.08392866604888513 0.025 0.04253968590396037
0 0.8458333333333333 0.57328715086177 0.03333333333333333 0.06574735898305827
0 0.08645833333333333 0.5238525248623074 0.03125 0.055257940713283916
0 0.371875 0.5452778278214103 0.03125 0.055257940713283916
0 0.26979166666666665 0.5375463326024611 0.025 0.04670635257062704
0 0.22291666666666668 0.5379927548658687 0.03125 0.046924607379950585
0 0.41041666666666665 0.5497487324789048 0.03333333333333333 0.06158069231639161
0 0.6489583333333333 0.5695371243680822 0.03958333333333333 0.06596561379238182
0 0.615625 0.5683730987183573 0.027083333333333334 0.05511243750706806
0 0.010416666666666666 0.531613758015539 0.020833333333333332 0.044477516031078086
0 0.9010416666666666 0.5960484016774602 0.03333333333333333 0.06574735898305827
0 0.5104166666666666 0.07303247609474624 0.01875 0.02773809776130361
0 0.7583333333333333 0.09106491686457537 0.027083333333333334 0.050945770840401514
0 0.33645833333333336 0.5586243839019109 0.03125 0.055257940713283916
0 0.13958333333333334 0.5548743574082231 0.03333333333333333 0.06158069231639161
0 0.759375 0.598392959332796 0.03333333333333333 0.06574735898305827
0 0.05520833333333333 0.5508862508156902 0.03333333333333333 0.06158069231639161
0 0.9604166666666667 0.6179134890326995 0.03958333333333333 0.07638228045904848
0 0.2989583333333333 0.5760648550459704 0.025 0.04670635257062704
0 0.10104166666666667 0.051445119417395345 0.025 0.04253968590396037
0 0.728125 0.6077183519528455 0.03333333333333333 0.06991402564972495
0 0.528125 0.5986508647211627 0.025 0.04670635257062704
0 0.017708333333333333 0.5672850552930829 0.027083333333333334 0.05511243750706806
0 0.5072916666666667 0.6020900153567512 0.03125 0.05109127404661725
0 0.09895833333333333 0.5794973678142876 0.03125 0.05109127404661725
0 0.19166666666666668 0.5889848141525851 0.03125 0.05109127404661725
0 0.40729166666666666 0.07151460507424308 0.03125 0.04692460737995046
0 0.165625 0.5891170857804041 0.025 0.04253968590396037
0 0.12395833333333334 0.5897453870515812 0.025 0.04670635257062704
0 0.3697916666666667 0.6077050762183025 0.03125 0.055257940713283916
0 0.234375 0.5977678886829617 0.03333333333333333 0.06574735898305827
0 0.15520833333333334 0.6064616610981983 0.027083333333333334 0.050945770840401396
0 0.6791666666666667 0.09246702261314534 0.029166666666666667 0.042685189110175985
0 0.6135416666666667 0.653717013781916 0.03958333333333333 0.06596561379238182
0 0.029166666666666667 0.05310185577684264 0.03125 0.04484127404661713
0 0.171875 0.057043673923060804 0.022916666666666665 0.0320502676341859
0 0.48333333333333334 0.08146170525434474 0.01875 0.03190476442797028
0 0.7760416666666666 0.1020999721576584 0.025 0.036289685903960374
0 0.4354166666666667 0.6495800850495319 0.03125 0.055257940713283916
0 0.6729166666666667 0.6693321011371551 0.035416666666666666 0.0741534439194993
0 0.014583333333333334 0.6244675945550878 0.01875 0.06315476442797016
0 0.575 0.663829442457755 0.03958333333333333 0.06596561379238182
0 0.8927083333333333 0.686382395265029 0.03333333333333333 0.06991402564972495
0 0.26875 0.6458432901342406 0.027083333333333334 0.05511243750706806
0 0.07916666666666666 0.6319312275847634 0.029166666666666667 0.06560185577684266
0 0.4114583333333333 0.6570767749471254 0.03333333333333333 0.06158069231639161
0 0.046875 0.631845244403259 0.029166666666666667 0.06143518911017599
0 0.10833333333333334 0.641283083361606 0.0375 0.05755952885594055
0 0.8479166666666667 0.6921099024648778 0.03333333333333333 0.06574735898305827
0 0.2375 0.06454368275429008 0.025 0.04670635257062704
0 0.8010416666666667 0.10297299139495207 0.022916666666666665 0.04871693430085256
0 0.6385416666666667 0.6827150330192098 0.029166666666666667 0.06976852244350933
0 0.9458333333333333 0.719487561144278 0.041666666666666664 0.06187169872882284
0 0.28541666666666665 0.6787169696257697 0.03958333333333333 0.06596561379238158
0 0.4666666666666667 0.08400469242948226 0.022916666666666665 0.0320502676341859
0 0.034375 0.6699504014512788 0.027083333333333334 0.05511243750706806
0 0.9802083333333333 0.7383962959288902 0.03958333333333333 0.08888228045904825
0 0.32916666666666666 0.6937864199577003 0.03333333333333333 0.06574735898305827
0 0.47708333333333336 0.7083267837783546 0.03333333333333333 0.06574735898305827
0 0.12604166666666666 0.6846098053213557 0.03125 0.05525794071328368
0 0.7083333333333334 0.7320272117233213 0.0375 0.08047619552260722
0 0.18020833333333333 0.6969180136688254 0.03125 0.055257940713283916
0 0.6041666666666666 0.7304729649012642 0.03125 0.055257940713283916
0 0.07708333333333334 0.6974834759816556 0.025 0.04253968590396037
0 0.5125 0.732480227697854 0.03958333333333333 0.06596561379238182
0 0.146875 0.7082539880191004 0.029166666666666667 0.06560185577684266
0 0.64375 0.09852191202697928 0.025 0.036289685903960374
0 0.5072916666666667 0.08854834869008453 0.01875 0.03190476442797028
0 0.07708333333333334 0.05894180931498889 0.029166666666666667 0.04268518911017597
0 0.8708333333333333 0.11478517009906364 0.020833333333333332 0.044477516031078086
0 0.9125 0.11728186882788647 0.025 0.04670635257062701
0 0.026041666666666668 0.7009093950388475 0.03125 0.06567460737995058
0 0.75 0.7532739104521442 0.03958333333333333 0.07013228045904848
0 0.5385416666666667 0.7396396227367016 0.03958333333333333 0.06596561379238182
0 0.39479166666666665 0.7325364287889296 0.03333333333333333 0.06991402564972495
0 0.3572916666666667 0.7312268999329891 0.029166666666666667 0.06143518911017599
0 0.20416666666666666 0.7237963237712319 0.027083333333333334 0.050945770840401396
0 0.8041666666666667 0.7718321187996138 0.03958333333333333 0.07638228045904824
0 0.3489583333333333 0.0809358935205578 0.03125 0.05109127404661713
0 0.09375 0.7303571554731846 0.03125 0.046924607379950585
0 0.5541666666666667 0.7641435930933436 0.03958333333333333 0.06596561379238158
0 0.8520833333333333 0.7901720723377601 0.03958333333333333 0.06596561379238182
0 0.12083333333333333 0.7417195929802529 0.03958333333333333 0.06596561379238182
0 0.25104166666666666 0.7525165681744909 0.025 0.04670635257062704
0 0.03229166666666667 0.7427943165148377 0.027083333333333334 0.050945770840401396
0 0.603125 0.7939782557663772 0.03958333333333333 0.06596561379238182
0 0.45625 0.7846826010806098 0.03333333333333333 0.06991402564972495
0 0.18541666666666667 0.7689748926765948 0.03333333333333333 0.06158069231639161
0 0.058333333333333334 0.7645370448870187 0.03333333333333333 0.06574735898305827
0 0.11458333333333333 0.06962633817092942 0.025 0.036289685903960374
0 0.21458333333333332 0.7824934151201042 0.03125 0.05109127404661725
0 0.4 0.7941766411300324 0.03333333333333333 0.06158069231639161
0 0.36041666666666666 0.7969610273376507 0.03333333333333333 0.06574735898305827
0 0.15208333333333332 0.7844775336935366 0.027083333333333334 0.05511243750706806
0 0.26145833333333335 0.7945469928566965 0.03333333333333333 0.06158069231639161
0 0.026041666666666668 0.7759093950388476 0.01875 0.04440476442797016
0 0.5041666666666667 0.8134392212854228 0.03958333333333333 0.06596561379238182
0 0.6260416666666667 0.10832019006722957 0.025 0.04253968590396037
0 0.5375 0.10106158026848107 0.025 0.04670635257062704
0 0.43125 0.8108929151766496 0.03333333333333333 0.06574735898305827
0 0.6541666666666667 0.8290940033758517 0.03958333333333333 0.07013228045904848
0 0.9770833333333333 0.8612038351908953 0.03333333333333333 0.06991402564972495
0 0.46979166666666666 0.827863819834144 0.03333333333333333 0.06158069231639161
0 0.3854166666666667 0.09366737990827775 0.01875 0.04023809776130361
0 0.11458333333333333 0.8112930048375961 0.03333333333333333 0.06158069231639161
0 0.084375 0.8102381065925328 0.029166666666666667 0.06976852244350933
0 0.9114583333333334 0.8766204930263325 0.03333333333333333 0.06574735898305827
0 0.171875 0.8278770072563941 0.03958333333333333 0.07013228045904848
0 0.2989583333333333 0.839606521712637 0.03958333333333333 0.07013228045904848
0 0.45416666666666666 0.09710984947750208 0.025 0.04253968590396037
0 0.5552083333333333 0.10376330222823077 0.01875 0.036071431094636945
0 0.5739583333333333 0.10545973332286772 0.027083333333333334 0.050945770840401514
0 0.884375 0.12671638885259773 0.025 0.04253968590396037
0 0.946875 0.13202393694583195 0.027083333333333334 0.050945770840401514
0 0.2125 0.842837330183663 0.03333333333333333 0.06991402564972495
0 0.034375 0.8345337347846121 0.029166666666666667 0.05518518911017599
0 0.4510416666666667 0.8636673887395071 0.03333333333333333 0.06158069231639161
0 0.7354166666666667 0.8881813158970561 0.03958333333333333 0.07013228045904848
0 0.5104166666666666 0.8792824760947462 0.029166666666666667 0.06143518911017599
0 0.18645833333333334 0.8658862684781489 0.03333333333333333 0.06158069231639161
0 0.06875 0.860734136235891 0.041666666666666664 0.0660383653954895
0 0.23333333333333334 0.8737731795480745 0.03125 0.05109127404661725
0 0.5510416666666667 0.8952844656886818 0.03958333333333333 0.07638228045904848
0 0.734375 0.12147827342883556 0.01875 0.04023809776130361
0 0.13958333333333334 0.8746660240748897 0.027083333333333334 0.05511243750706806
0 0.265625 0.8842758293962454 0.035416666666666666 0.0741534439194993
0 0.39166666666666666 0.9011773013842679 0.029166666666666667 0.06143518911017599
0 0.75 0.9293155771188107 0.029166666666666667 0.06143518911017599
0 0.5927083333333333 0.9175728310841713 0.03958333333333333 0.07013228045904848
0 0.8072916666666666 0.9365245795376088 0.03958333333333333 0.07638228045904848
0 0.3375 0.9044940930367981 0.027083333333333334 0.05511243750706806
0 0.0875 0.890555567330528 0.03333333333333333 0.06574735898305827
0 0.240625 0.0896528101589518 0.025 0.04253968590396037
0 0.4166666666666667 0.10309198728822823 0.025 0.04253968590396037
0 0.7854166666666667 0.12742735437164351 0.025 0.04670635257062701
0 0.45416666666666666 0.9200265161441687 0.03333333333333333 0.06574735898305827
0 0.65625 0.9375000883122928 0.03333333333333333 0.06574735898305827
0 0.365625 0.9179762396787535 0.03125 0.055257940713283916
0 0.42083333333333334 0.9209458238277771 0.0375 0.08047619552260699
0 0.7041666666666667 0.12354837518377236 0.025 0.04253968590396037
0 0.175 0.9238194679943892 0.029166666666666667 0.06143518911017599
0 0.3333333333333333 0.9408069231639158 0.03958333333333333 0.06596561379238182
0 0.6854166666666667 0.9666436107558021 0.03958333333333333 0.06596561379238182
0 0.1125 0.9330952532344884 0.0375 0.061726195522607226
0 0.9625 0.1429862406358072 0.027083333333333334 0.050945770840401514
0 0.8729166666666667 0.9811144756727648 0.03125 0.03777104865447048
0 0.4791666666666667 0.962566202048129 0.03333333333333333 0.06574735898305827
0 0.203125 0.948759947969678 0.04583333333333333 0.06826720193503846
0 0.39791666666666664 0.961812222860258 0.03958333333333333 0.07013228045904848
0 0.24583333333333332 0.956501355833388 0.03333333333333333 0.06158069231639161
0 0.44166666666666665 0.9695900065255219 0.03125 0.05109127404661725
0 0.28958333333333336 0.9657027300035614 0.03333333333333333 0.06859453999287718
0 0.9604166666666667 0.985676319834144 0.041666666666666664 0.02864736033171198
0 0.04895833333333333 0.9496263293397001 0.025 0.04670635257062704
0 0.075 0.9536607243785478 0.03958333333333333 0.07013228045904848
0 0.16041666666666668 0.9597685401059678 0.0375 0.061726195522607226
0 0.6145833333333334 0.9822421034428627 0.041666666666666664 0.03551579311427465
0 0.75 0.9893122184446433 0.03958333333333333 0.02137556311071336
0 0.04375 0.9619444503319305 0.027083333333333334 0.042612437507068064
0 0.5385416666666667 0.9893568474241402 0.029166666666666667 0.021286305151719632
0 0.309375 0.9848892396222083 0.022916666666666665 0.03022152075558348
0 0.4947916666666667 0.9896346222581748 0.029166666666666667 0.020730755483650398
0 0.18958333333333333 0.9795370625494771 0.029166666666666667 0.03226852244350932
0 0.565625 0.996043357042787 0.03333333333333333 0.007913285914425926
0 0.6697916666666667 0.12859797373249351 0.025 0.036289685903960374
0 0.17916666666666667 0.09688163786727146 0.022916666666666665 0.0320502676341859
0 0.4635416666666667 0.11514556502482055 0.025 0.04253968590396037
0 0.07395833333333333 0.09008268191032717 0.027083333333333334 0.050945770840401514
0 0.36875 0.026418700416748642 0.025 0.013373019237293697
0 0.765625 0.047569547475452695 0.01875 0.02773809776130361
0 0.9729166666666667 0.15168333198467956 0.00625 0.043968254809323426
0 0.49895833333333334 0.12054900894431997 0.01875 0.02773809776130361
0 0.528125 0.12365086472116259 0.01875 0.04023809776130361
0 0.7572916666666667 0.13894520772968813 0.025 0.04253968590396037
0 0.5947916666666667 0.1301455826872791 0.020833333333333332 0.044477516031078086
0 0.796875 0.1486608215220698 0.025 0.036289685903960374
0 0.821875 0.15370050742603017 0.027083333333333334 0.050945770840401514
0 0.3697916666666667 0.12124674288496921 0.022916666666666665 0.032050267634185864
0 0.64375 0.14227191202697925 0.01875 0.04023809776130361
0 0.8416666666666667 0.15647498098888768 0.027083333333333334 0.050945770840401514
0 0.390625 0.1271825922493806 0.025 0.04670635257062704
0 0.434375 0.12975204258131126 0.01875 0.036071431094636945
0 0.12916666666666668 0.11180226605935074 0.025 0.04253968590396037
0 0.203125 0.11855161463634459 0.020833333333333332 0.044477516031078086
0 0.35 0.12993060265544504 0.020833333333333332 0.044477516031078086
0 0.64375 0.038105245360312595 0.016666666666666666 0.017248679491529136
0 0.9177083333333333 0.17163041450232264 0.027083333333333334 0.050945770840401514
0 0.25 0.12435519237293692 0.029166666666666667 0.042685189110175985
0 0.4041666666666667 0.1359888110029147 0.01875 0.04023809776130361
0 0.46979166666666666 0.14036381983414398 0.01875 0.04023809776130361
0 0.88125 0.16931559478126934 0.01875 0.036071431094636945
0 0.041666666666666664 0.10978836539548947 0.03125 0.04692460737995046
0 0.484375 0.14087308105589863 0.025 0.04670635257062704
0 0.5760416666666667 0.14719915159264219 0.025 0.04670635257062704
0 0.175 0.12381946799438917 0.025 0.04253968590396037
0 0.7072916666666667 0.1611575025884341 0.022916666666666665 0.0320502676341859
0 0.7322916666666667 0.16307218849239444 0.025 0.036289685903960374
0 0.55 0.1525397565537946 0.027083333333333334 0.050945770840401514
0 0.7416666666666667 0.1686079040397129 0.022916666666666665 0.0320502676341859
0 0.7625 0.172460420070791 0.025 0.036289685903960374
0 0.6270833333333333 0.16564823253545014 0.025 0.04253968590396037
0 0.5333333333333333 0.03424941039559879 0.01875 0.031904764427970266
0 0.575 0.036746109124421604 0.016666666666666666 0.021415346158195802
0 0.7229166666666667 0.047119806278409296 0.022916666666666665 0.0320502676341859
0 0.019791666666666666 0.1277744735628575 0.01875 0.04023809776130361
0 0.36875 0.15454370041674861 0.03125 0.04692460737995046
0 0.30625 0.1523611523235144 0.027083333333333334 0.05511243750706818
0 0.7875 0.18583343930808466 0.027083333333333334 0.050945770840401514
0 0.95 0.196716397683827 0.027083333333333334 0.050945770840401514
0 0.3416666666666667 0.1577645962430138 0.027083333333333334 0.05511243750706818
0 0.6604166666666667 0.17827059151850838 0.03125 0.04692460737995046
0 0.690625 0.18245048976357162 0.0375 0.051309528855940555
0 0.8625 0.19574416368663244 0.025 0.04253968590396037
0 0.421875 0.1668155329626644 0.022916666666666665 0.04871693430085256
0 0.026041666666666668 0.1415343950388476 0.022916666666666665 0.0320502676341859
0 0.821875 0.1995338407593635 0.027083333333333334 0.050945770840401514
0 0.20833333333333334 0.1593584936441141 0.025 0.04253968590396037
0 0.24375 0.029345270896946843 0.022916666666666665 0.011216934300852547
0 0.45208333333333334 0.03245376454106095 0.01875 0.03190476442797027
0 0.475 0.18221236550858017 0.01875 0.036071431094636945
0 0.25729166666666664 0.16835982298381424 0.029166666666666667 0.03226852244350932
0 0.5354166666666667 0.18848882866537325 0.03125 0.07817460737995047
0 0.7447916666666666 0.20413369811104126 0.025 0.04670635257062704
0 0.5760416666666667 0.19303248492597552 0.025 0.04670635257062704
0 0.140625 0.16532739987644368 0.03125 0.0552579407132838
0 0.69375 0.20651795050156666 0.03125 0.0552579407132838
0 0.5645833333333333 0.19784068444221592 0.025 0.04670635257062704
0 0.6010416666666667 0.2043221708299359 0.025 0.04670635257062704
0 0.63125 0.2085020690749991 0.027083333333333334 0.050945770840401514
0 0.29270833333333335 0.03209660023664699 0.029166666666666667 0.019768522443509306
0 0.409375 0.032004023344017564 0.022916666666666665 0.027883600967519222
0 0.5114583333333333 0.20327718522963345 0.027083333333333334 0.050945770840401514
0 0.44895833333333335 0.20213630380306594 0.022916666666666665 0.04871693430085256
0 0.8572916666666667 0.2299372846788629 0.029166666666666667 0.042685189110175985
0 0.0875 0.17701390066386125 0.03333333333333333 0.06158069231639161
0 0.4 0.19938497446336576 0.022916666666666665 0.04871693430085256
0 0.4197916666666667 0.20215944802622327 0.01875 0.03190476442797028
0 0.4822916666666667 0.20538366278612416 0.025 0.04670635257062704
0 0.33541666666666664 0.20025467476702372 0.01875 0.04023809776130361
0 0.8947916666666667 0.23958014686813675 0.027083333333333334 0.05511243750706818
0 0.022916666666666665 0.1851752676341859 0.03333333333333333 0.06158069231639161