0 0.06066173011606493 0.14545831556333297 0.08818060359638899 0.11974391290048433
0 0.4510200344474075 0.13854531561636083 0.09874274062777791 0.1261151217907873
0 0.25957244427500015 0.19046961781242266 0.09462456408268534 0.12814997156799943
0 0.5543156208200928 0.19181649607466322 0.09883972087092611 0.13028178845745397
0 0.1136187565849076 0.2283439057924842 0.08774419250222235 0.10099391290048428
0 0.7174217473397687 0.21974902143005617 0.10915940729444458 0.12623633068109025
0 0.3747142849536113 0.260540794716725 0.09607752583555561 0.10109088001272669
0 0.9692968202884723 0.2508193974644182 0.061406359423055314 0.11739392000848442
0 0.5051165787732409 0.2703892391788454 0.09210481965518534 0.10937572978993883
0 0.8852764219850002 0.2727300303415703 0.09598054559240742 0.09692421334606002
0 0.6563288318125928 0.3242179805325414 0.09191085916888894 0.10104239645660548
0 0.17205168300291698 0.36752797957775657 0.11366550481212977 0.14086814757054475
0 0.27941608485194475 0.37190143114787705 0.09917915172194457 0.1448651217907873
0 0.8355933496695835 0.37524898589005545 0.10542915172194446 0.144937847124969
0 0.05390868046976889 0.43696741067260575 0.0915246800906483 0.17393482134521154
0 0.4922078965285651 0.43165363828769393 0.11182462208666676 0.1512605724591508
0 0.727067797744306 0.455214171652844 0.0949639949337038 0.14273330490133276
0 0.38672589994916673 0.060734728941209716 0.09210481965518523 0.10937572978993884
0 0.3962317056720375 0.5586271538298159 0.10930487765916676 0.1324863306810902
0 0.1317842622844908 0.0692234444621204 0.08338356534925934 0.09261209601102979
0 0.9582891979476391 0.5485906134627213 0.0834216041047218 0.1885908800127268
0 0.5963044408543986 0.5640793645236327 0.09903368135722228 0.1386151217907873
0 0.20782592895115748 0.07010826936133203 0.07907142831787048 0.0863136124549086
0 0.17329253583893572 0.6445507084659384 0.12674738627101867 0.16601359823890835
0 0.8066501142330561 0.6529618756630254 0.10959581838861113 0.1449863306810902
0 0.7008625122823617 0.7610763032038744 0.14951858257296305 0.16003025779757488
0 0.06740969553944515 0.8380575608953935 0.09331707269453716 0.16145906312327205
0 0.9218673029355563 0.8604966899002368 0.14583681712203714 0.180815107574787
0 0.5214560078493525 0.882913480956906 0.15605952330240763 0.17260298313175657
0 0.2790386152454637 0.8925893138128468 0.1590156788240743 0.2101272249098173
0 0.890650986955139 0.10096411834284294 0.09234727026305573 0.11979239645660548
0 0.773136614108102 0.10792779121575276 0.1110487801414815 0.11792723912581753
0 0.6140040647159724 0.11648996186078406 0.09874274062777791 0.1261151217907873