0 0.6602991067260578 0.46038037917740554 0.06339694578824198 0.0792658814265676
0 0.8887271289518153 0.4943883463843772 0.0760666382346661 0.09428572437854778
0 0.1611347182792095 0.42524803689975227 0.06141057956715101 0.08752646315679312
0 0.22894001872478523 0.4359457973340894 0.06145906312327216 0.09169312982345966
0 0.7585551582855729 0.4929663711901392 0.06557724623381773 0.08767196636300861
0 0.5990589493952698 0.47698420688572524 0.05486967823042382 0.06230820834746969
0 0.46250364894969415 0.4638856435488305 0.046609070231272295 0.06826720193503846
0 0.3020506196159366 0.45515877010952926 0.05075149511987836 0.06632937180792074
0 0.8212127298429667 0.50869058595004 0.0634211875663027 0.08134921475990092
0 0.3761180409505426 0.46711645201985647 0.06339694578824198 0.0792658814265676
0 0.5336036418416941 0.4892758647211626 0.06342118756630247 0.08134921475990092
0 0.9141513600678757 0.5317196989550043 0.0634211875663027 0.08134921475990092
0 0.09999152806066387 0.4501851979414052 0.06141057956715098 0.087526463156793
0 0.3147816462974511 0.5649339039266222 0.059448455124120635 0.09787037822035198
0 0.6129649725227843 0.5982540498377055 0.06339694578824198 0.0792658814265676
0 0.21478164629745108 0.5614418269774474 0.06756361245490859 0.07941138463278322
0 0.695462694302966 0.6188360714937972 0.0760666382346661 0.09428572437854778
0 0.5151816356354508 0.6062930578249718 0.06339694578824198 0.0792658814265676
0 0.4245687565244812 0.6041700297564488 0.04874088712072684 0.07250662020481281
0 0.8001505591979355 0.6672653183158542 0.0656257297899387 0.09183863302967551