0 0.09588551461159503 0.18065072511670432 0.03194092965340862 0.04103882547545048
0 0.12688096158139184 0.1966895505921548 0.025581835497607248 0.03449772704702703
0 0.11540444588875828 0.19719753680671184 0.029930325757276204 0.04510845933264266
0 0.06432641450349118 0.1969035663079205 0.027737898268141502 0.03876142652316818
0 0.1528317164515574 0.20311079404391907 0.031940929653408646 0.04103882547545048
0 0.029842320347689816 0.20155252495159162 0.040456086579744206 0.05184362338001509
0 0.08702489285855512 0.21047092721213972 0.03830002380920998 0.04757992390387393
0 0.17434306926555285 0.22496297187673442 0.051163670995214496 0.06899545409405405
0 0.09833776731748664 0.21933794099758272 0.025436376623205435 0.026164393713693692
0 0.1304112456725506 0.23334194954443707 0.04465911796501132 0.054121022332297326
0 0.06369003192798324 0.23336189964125384 0.036107596320075284 0.04123289109439945
0 0.09068245346481545 0.23983165949775534 0.034096992423942867 0.04530252495159163
0 0.17165971807531205 0.2592409390672599 0.04480457683941316 0.06245435566563066
0 0.05799077489354379 0.2612443176175676 0.04685154545414602 0.06046805514177187
0 0.11729304545634286 0.26817641935425685 0.05317427489134694 0.06492582023686187
0 0.03636887473028958 0.2946004731180856 0.07273774946057916 0.09089614833160671
0 0.6061490844176672 0.3326457962474256 0.07024095346261845 0.08861874937932442
0 0.36485133712355877 0.3599801734197901 0.04886214935027837 0.05639842128457957
0 0.47614602922319005 0.3745464287266747 0.07024095346261856 0.08861874937932442
0 0.3124589036821216 0.3752626865162616 0.0998439967524907 0.11497720871196708
0 0.7297854074701502 0.41659276481589413 0.08288641233702047 0.09753427956950465
0 0.5725301055220839 0.40718345436723785 0.05971519264015062 0.08188358533195199
0 0.5202831309550485 0.4141326341303759 0.1123439967524907 0.11555940556881386
0 0.021067338204597295 0.3813242106422898 0.04213467640919459 0.10014842128457957
0 0.9177270562799094 0.4597492340733343 0.11888491450129426 0.13251717066390398
0 0.4021384209985098 0.433650280395068 0.036107596320075194 0.04123289109439945
0 0.792545232686907 0.4643439321715323 0.09545914177422124 0.1022831430930181
0 0.22986340909390482 0.4485617402800903 0.05299245129834465 0.05450915357019521
0 0.045449137988389586 0.46269693768931686 0.09089827597677917 0.12122720871196707
0 0.8133838382067942 0.5247377766710143 0.11439096536722365 0.11357310504495502
0 0.16808306547972113 0.5238727888053305 0.1592319069252372 0.17811079404391908
0 0.4800012299821139 0.5717610435598353 0.172277377704244 0.20994299090076585
0 0.8433481628830318 0.6595751185512021 0.23191984090719373 0.2876599095660512
0 0.3176754155889234 0.6736645172303006 0.2619228961016707 0.33693503556536064