0 0.18541666666666667 0.22083333333333333 0.040625 0.053125
0 0.4895833333333333 0.25104166666666666 0.027083333333333334 0.034375
0 0.45416666666666666 0.25 0.03958333333333333 0.03958333333333333
0 0.60625 0.03333333333333333 0.021875 0.0375
0 0.721875 0.27291666666666664 0.021875 0.03333333333333333
0 0.22395833333333334 0.22916666666666666 0.040625 0.04375
0 0.5354166666666667 0.25729166666666664 0.03333333333333333 0.04791666666666667
0 0.115625 0.22083333333333333 0.041666666666666664 0.058333333333333334
0 0.590625 0.26666666666666666 0.03333333333333333 0.04791666666666667
0 0.6145833333333334 0.26875 0.021875 0.0375
0 0.3125 0.246875 0.0375 0.058333333333333334
0 0.9489583333333333 0.32916666666666666 0.034375 0.034375
0 0.6729166666666667 0.30833333333333335 0.03333333333333333 0.04791666666666667
0 0.4791666666666667 0.2916666666666667 0.03333333333333333 0.04791666666666667
0 0.7114583333333333 0.31145833333333334 0.027083333333333334 0.034375
0 0.9895833333333334 0.33958333333333335 0.020833333333333332 0.053125
0 0.44375 0.290625 0.03333333333333333 0.04791666666666667
0 0.7697916666666667 0.31875 0.034375 0.03958333333333333
0 0.53125 0.03125 0.027083333333333334 0.034375
0 0.8010416666666667 0.32395833333333335 0.028125 0.04791666666666667
0 0.521875 0.3020833333333333 0.03125 0.04375
0 0.8625 0.33958333333333335 0.035416666666666666 0.04375
0 0.353125 0.296875 0.03333333333333333 0.04791666666666667
0 0.39479166666666665 0.3020833333333333 0.03125 0.04375
0 0.296875 0.303125 0.041666666666666664 0.058333333333333334
0 0.5875 0.32916666666666666 0.03333333333333333 0.053125
0 0.040625 0.2833333333333333 0.0375 0.0625
0 0.6229166666666667 0.334375 0.027083333333333334 0.04375
0 0.17916666666666667 0.30416666666666664 0.0375 0.0625
0 0.140625 0.3020833333333333 0.035416666666666666 0.053125
0 0.37083333333333335 0.020833333333333332 0.021875 0.03333333333333333
0 0.8895833333333333 0.38333333333333336 0.03125 0.04375
0 0.25729166666666664 0.32916666666666666 0.035416666666666666 0.04791666666666667
0 0.8520833333333333 0.06354166666666666 0.021875 0.029166666666666667
0 0.10833333333333334 0.32083333333333336 0.035416666666666666 0.053125
0 0.9177083333333333 0.39166666666666666 0.027083333333333334 0.04375
0 0.7729166666666667 0.37916666666666665 0.0375 0.058333333333333334
0 0.23541666666666666 0.33541666666666664 0.035416666666666666 0.053125
0 0.8166666666666667 0.3854166666666667 0.03125 0.04375
0 0.8927083333333333 0.06979166666666667 0.021875 0.041666666666666664
0 0.4479166666666667 0.35520833333333335 0.0375 0.0625
0 0.9947916666666666 0.40520833333333334 0.010416666666666666 0.041666666666666664
0 0.6458333333333334 0.04791666666666667 0.027083333333333334 0.04375
0 0.7333333333333333 0.3875 0.028125 0.053125
0 0.5854166666666667 0.3770833333333333 0.03333333333333333 0.053125
0 0.6583333333333333 0.3885416666666667 0.0375 0.058333333333333334
0 0.303125 0.359375 0.0375 0.0625
0 0.6229166666666667 0.38958333333333334 0.03333333333333333 0.04791666666666667
0 0.6989583333333333 0.396875 0.028125 0.04791666666666667
0 0.8333333333333334 0.41354166666666664 0.027083333333333334 0.04375
0 0.5010416666666667 0.384375 0.028125 0.04791666666666667
0 0.35520833333333335 0.37083333333333335 0.03333333333333333 0.053125
0 0.5333333333333333 0.38645833333333335 0.035416666666666666 0.053125
0 0.9572916666666667 0.4270833333333333 0.034375 0.03958333333333333
0 0.40208333333333335 0.3770833333333333 0.028125 0.0625
0 0.7229166666666667 0.057291666666666664 0.03125 0.04375
0 0.5958333333333333 0.010416666666666666 0.01875 0.010416666666666666
0 0.125 0.3770833333333333 0.0375 0.0625
0 0.9239583333333333 0.4552083333333333 0.03333333333333333 0.053125
0 0.25104166666666666 0.39895833333333336 0.035416666666666666 0.053125
0 0.9885416666666667 0.4635416666666667 0.022916666666666665 0.04791666666666667
0 0.8729166666666667 0.4552083333333333 0.03333333333333333 0.053125
0 0.7739583333333333 0.45208333333333334 0.03333333333333333 0.053125
0 0.06770833333333333 0.39479166666666665 0.035416666666666666 0.053125
0 0.18020833333333333 0.4041666666666667 0.040625 0.04791666666666667
0 0.8239583333333333 0.46041666666666664 0.035416666666666666 0.053125
0 0.696875 0.45208333333333334 0.028125 0.04791666666666667
0 0.22083333333333333 0.019791666666666666 0.027083333333333334 0.03958333333333333
0 0.65 0.4583333333333333 0.028125 0.053125
0 0.5041666666666667 0.45416666666666666 0.03333333333333333 0.0625
0 0.6270833333333333 0.46458333333333335 0.034375 0.071875
0 0.7229166666666667 0.47291666666666665 0.021875 0.041666666666666664
0 0.8166666666666667 0.071875 0.021875 0.029166666666666667
0 0.5708333333333333 0.46979166666666666 0.03333333333333333 0.053125
0 0.14583333333333334 0.4322916666666667 0.03125 0.04375
0 0.45416666666666666 0.46458333333333335 0.0375 0.0625
0 0.03333333333333333 0.4270833333333333 0.046875 0.06875
0 0.3416666666666667 0.4552083333333333 0.046875 0.06458333333333334
0 0.7677083333333333 0.06770833333333333 0.03125 0.03125
0 0.9697916666666667 0.5166666666666667 0.035416666666666666 0.053125
0 0.39791666666666664 0.471875 0.041666666666666664 0.071875
0 0.9229166666666667 0.5270833333333333 0.03333333333333333 0.04791666666666667
0 0.146875 0.01875 0.03125 0.0375
0 0.8802083333333334 0.5385416666666667 0.03333333333333333 0.04791666666666667
0 0.8322916666666667 0.5354166666666667 0.035416666666666666 0.04791666666666667
0 0.7322916666666667 0.5270833333333333 0.028125 0.04791666666666667
0 0.7802083333333333 0.5333333333333333 0.03333333333333333 0.0625
0 0.12083333333333333 0.47708333333333336 0.0375 0.0625
0 0.7114583333333333 0.5302083333333333 0.03333333333333333 0.053125
0 0.29583333333333334 0.49583333333333335 0.0375 0.0625
0 0.31666666666666665 0.4979166666666667 0.029166666666666667 0.07708333333333334
0 0.6364583333333333 0.528125 0.03333333333333333 0.053125
0 0.590625 0.53125 0.0375 0.0625
0 0.70625 0.022916666666666665 0.025 0.015625
0 0.17916666666666667 0.4979166666666667 0.0375 0.0625
0 0.24791666666666667 0.5083333333333333 0.03333333333333333 0.053125
0 0.057291666666666664 0.49375 0.040625 0.053125
0 0.09791666666666667 0.5041666666666667 0.0375 0.071875
0 0.5541666666666667 0.5479166666666667 0.03333333333333333 0.0625
0 0.11979166666666667 0.021875 0.03333333333333333 0.04375
0 0.49270833333333336 0.55 0.041666666666666664 0.058333333333333334
0 0.446875 0.5510416666666667 0.0375 0.0625
0 0.39791666666666664 0.5489583333333333 0.0375 0.06666666666666667
0 0.9104166666666667 0.603125 0.035416666666666666 0.04791666666666667
0 0.96875 0.6083333333333333 0.035416666666666666 0.053125
0 0.8791666666666667 0.6052083333333333 0.035416666666666666 0.04375
0 0.01875 0.5333333333333333 0.0375 0.06666666666666667
0 0.753125 0.60625 0.040625 0.053125
0 0.8354166666666667 0.6177083333333333 0.03333333333333333 0.053125
0 0.32083333333333336 0.5885416666666666 0.04375 0.07708333333333334
0 0.790625 0.6322916666666667 0.03125 0.04375
0 0.59375 0.6166666666666667 0.041666666666666664 0.0625
0 0.671875 0.63125 0.03333333333333333 0.058333333333333334
0 0.6979166666666666 0.6385416666666667 0.022916666666666665 0.06041666666666667
0 0.37395833333333334 0.6125 0.041666666666666664 0.06666666666666667
0 0.16770833333333332 0.5979166666666667 0.03333333333333333 0.0625
0 0.26979166666666665 0.6125 0.0375 0.06666666666666667
0 0.553125 0.6375 0.03333333333333333 0.058333333333333334
0 0.225 0.615625 0.04791666666666667 0.078125
0 0.63125 0.6510416666666666 0.035416666666666666 0.04791666666666667
0 0.5041666666666667 0.646875 0.03333333333333333 0.0625
0 0.18958333333333333 0.6197916666666666 0.0375 0.0625
0 0.6583333333333333 0.01875 0.020833333333333332 0.015625
0 0.4822916666666667 0.6520833333333333 0.0375 0.06666666666666667
0 0.33541666666666664 0.04791666666666667 0.027083333333333334 0.03958333333333333
0 0.12395833333333334 0.625 0.041666666666666664 0.071875
0 0.8583333333333333 0.703125 0.03333333333333333 0.04791666666666667
0 0.803125 0.7052083333333333 0.035416666666666666 0.04791666666666667
0 0.9322916666666666 0.71875 0.041666666666666664 0.058333333333333334
0 0.4354166666666667 0.6854166666666667 0.0375 0.058333333333333334
0 0.07916666666666666 0.65625 0.0375 0.06666666666666667
0 0.6354166666666666 0.7072916666666667 0.0375 0.0625
0 0.1 0.6625 0.0375 0.06666666666666667
0 0.671875 0.7125 0.03333333333333333 0.053125
0 0.7416666666666667 0.71875 0.041666666666666664 0.0625
0 0.35 0.703125 0.041666666666666664 0.06666666666666667
0 0.5645833333333333 0.7260416666666667 0.034375 0.06666666666666667
0 0.23541666666666666 0.7072916666666667 0.05625 0.06875
0 0.29791666666666666 0.7114583333333333 0.052083333333333336 0.06875
0 0.5854166666666667 0.7395833333333334 0.03333333333333333 0.053125
0 0.41458333333333336 0.06458333333333334 0.028125 0.04791666666666667
0 0.8291666666666667 0.10208333333333333 0.028125 0.04791666666666667
0 0.78125 0.096875 0.021875 0.03333333333333333
0 0.027083333333333334 0.7135416666666666 0.053125 0.06458333333333334
0 0.05625 0.7166666666666667 0.03958333333333333 0.08541666666666667
0 0.9229166666666667 0.7927083333333333 0.03333333333333333 0.058333333333333334
0 0.8333333333333334 0.7854166666666667 0.041666666666666664 0.071875
0 0.5104166666666666 0.07604166666666666 0.027083333333333334 0.034375
0 0.9489583333333333 0.8020833333333334 0.03333333333333333 0.0625
0 0.8791666666666667 0.7958333333333333 0.035416666666666666 0.04375
0 0.21666666666666667 0.740625 0.06458333333333334 0.06041666666666667
0 0.453125 0.7635416666666667 0.035416666666666666 0.04791666666666667
0 0.71875 0.09375 0.027083333333333334 0.03958333333333333
0 0.5583333333333333 0.790625 0.046875 0.07291666666666667
0 0.7645833333333333 0.815625 0.0375 0.06666666666666667
0 0.7583333333333333 0.1 0.03125 0.03958333333333333
0 0.6375 0.809375 0.035416666666666666 0.04375
0 0.7114583333333333 0.8177083333333334 0.035416666666666666 0.053125
0 0.88125 0.8354166666666667 0.03333333333333333 0.053125
0 0.48020833333333335 0.8041666666666667 0.041666666666666664 0.06666666666666667
0 0.19375 0.7864583333333334 0.04791666666666667 0.08333333333333333
0 0.052083333333333336 0.040625 0.022916666666666665 0.046875
0 0.008333333333333333 0.7739583333333333 0.015625 0.06666666666666667
0 0.4739583333333333 0.07708333333333334 0.028125 0.04791666666666667
0 0.6145833333333334 0.016666666666666666 0.025 0.020833333333333332
0 0.8333333333333334 0.036458333333333336 0.015625 0.020833333333333332
0 0.027083333333333334 0.7864583333333334 0.03958333333333333 0.07708333333333334
0 0.2708333333333333 0.06145833333333333 0.028125 0.04791666666666667
0 0.8020833333333334 0.10833333333333334 0.027083333333333334 0.03958333333333333
0 0.6958333333333333 0.8614583333333333 0.034375 0.06666666666666667
0 0.38229166666666664 0.8375 0.041666666666666664 0.058333333333333334
0 0.6416666666666667 0.865625 0.0375 0.0625
0 0.9229166666666667 0.12083333333333333 0.027083333333333334 0.03958333333333333
0 0.35833333333333334 0.85 0.040625 0.04791666666666667
0 0.8802083333333334 0.9 0.041666666666666664 0.058333333333333334
0 0.44895833333333335 0.8645833333333334 0.0375 0.06666666666666667
0 0.5447916666666667 0.8729166666666667 0.041666666666666664 0.0625
0 0.6041666666666666 0.8802083333333334 0.0375 0.071875
0 0.93125 0.9114583333333334 0.034375 0.07708333333333334
0 0.284375 0.06770833333333333 0.016666666666666666 0.03333333333333333
0 0.45 0.08229166666666667 0.03125 0.04375
0 0.5770833333333333 0.8854166666666666 0.041666666666666664 0.071875
0 0.5979166666666667 0.09583333333333334 0.021875 0.03333333333333333
0 0.21666666666666667 0.8677083333333333 0.0625 0.09166666666666666
0 0.8322916666666667 0.9291666666666667 0.041666666666666664 0.071875
0 0.190625 0.8729166666666667 0.05625 0.06875
0 0.7833333333333333 0.9333333333333333 0.04791666666666667 0.0875
0 0.5197916666666667 0.9125 0.046875 0.07291666666666667
0 0.36666666666666664 0.90625 0.06041666666666667 0.06458333333333334
0 0.465625 0.9197916666666667 0.040625 0.053125
0 0.7458333333333333 0.029166666666666667 0.025 0.020833333333333332
0 0.5416666666666666 0.09583333333333334 0.03125 0.03958333333333333
0 0.37395833333333334 0.08020833333333334 0.03333333333333333 0.053125
0 0.171875 0.9052083333333333 0.046875 0.06875
0 0.6291666666666667 0.10416666666666667 0.027083333333333334 0.03958333333333333
0 0.76875 0.03125 0.015625 0.020833333333333332
0 0.7041666666666667 0.9625 0.04375 0.075
0 0.7510416666666667 0.9677083333333333 0.04791666666666667 0.06458333333333334
0 0.2947916666666667 0.9354166666666667 0.05625 0.06875
0 0.12604166666666666 0.9208333333333333 0.053125 0.0875
0 0.34791666666666665 0.9416666666666667 0.058333333333333334 0.08333333333333333
0 0.9447916666666667 0.98125 0.03333333333333333 0.0375
0 0.671875 0.10833333333333334 0.03333333333333333 0.04791666666666667
0 0.09166666666666666 0.93125 0.046875 0.07291666666666667
0 0.6489583333333333 0.9708333333333333 0.041666666666666664 0.058333333333333334
0 0.47708333333333336 0.9708333333333333 0.041666666666666664 0.058333333333333334
0 0.44479166666666664 0.96875 0.04583333333333333 0.059375
0 0.16354166666666667 0.9541666666666667 0.053125 0.040625
0 0.803125 0.034375 0.025 0.020833333333333332
0 0.89375 0.14375 0.028125 0.04791666666666667
0 0.20208333333333334 0.08854166666666667 0.03125 0.034375
0 0.35833333333333334 0.10416666666666667 0.03125 0.04375
0 0.8604166666666667 0.15104166666666666 0.035416666666666666 0.04375
0 0.12291666666666666 0.08541666666666667 0.035416666666666666 0.04791666666666667
0 0.24583333333333332 0.09895833333333333 0.03125 0.03958333333333333
0 0.7239583333333334 0.140625 0.03125 0.03958333333333333
0 0.15729166666666666 0.09166666666666666 0.027083333333333334 0.04375
0 0.809375 0.15520833333333334 0.027083333333333334 0.03958333333333333
0 0.5104166666666666 0.13125 0.028125 0.04791666666666667
0 0.7697916666666667 0.15416666666666667 0.027083333333333334 0.04375
0 0.4114583333333333 0.125 0.027083333333333334 0.034375
0 0.5729166666666666 0.13958333333333334 0.021875 0.041666666666666664
0 0.5322916666666667 0.13854166666666667 0.027083333333333334 0.04375
0 0.6770833333333334 0.15104166666666666 0.03125 0.04375
0 0.32083333333333336 0.121875 0.03125 0.03125
0 0.6166666666666667 0.15 0.027083333333333334 0.03958333333333333
0 0.9458333333333333 0.18125 0.027083333333333334 0.04375
0 0.9166666666666666 0.18125 0.03125 0.034375
0 0.46875 0.14479166666666668 0.027083333333333334 0.03958333333333333
0 0.040625 0.12083333333333333 0.022916666666666665 0.046875
0 0.4427083333333333 0.013541666666666667 0.027083333333333334 0.027083333333333334
0 0.8927083333333333 0.19895833333333332 0.021875 0.0375
0 0.08541666666666667 0.13333333333333333 0.035416666666666666 0.04791666666666667
0 0.5666666666666667 0.178125 0.021875 0.029166666666666667
0 0.2375 0.15416666666666667 0.03125 0.04375
0 0.9645833333333333 0.21666666666666667 0.028125 0.053125
0 0.9854166666666667 0.21979166666666666 0.028125 0.053125
0 0.33229166666666665 0.1625 0.034375 0.03958333333333333
0 0.9520833333333333 0.21666666666666667 0.021875 0.041666666666666664
0 0.7958333333333333 0.21041666666666667 0.027083333333333334 0.03958333333333333
0 0.5291666666666667 0.18645833333333334 0.03125 0.03958333333333333
0 0.6927083333333334 0.203125 0.021875 0.03333333333333333
0 0.28958333333333336 0.17083333333333334 0.03125 0.03958333333333333
0 0.7416666666666667 0.21041666666666667 0.027083333333333334 0.034375
0 0.41875 0.18125 0.027083333333333334 0.04375
0 0.4666666666666667 0.18541666666666667 0.03333333333333333 0.04791666666666667
0 0.86875 0.22291666666666668 0.021875 0.03333333333333333
0 0.15104166666666666 0.16041666666666668 0.0375 0.058333333333333334
0 0.19895833333333332 0.16458333333333333 0.03125 0.04375
0 0.5958333333333333 0.19895833333333332 0.027083333333333334 0.03958333333333333
0 0.6552083333333333 0.20729166666666668 0.03125 0.04375
0 0.43854166666666666 0.190625 0.027083333333333334 0.03958333333333333
0 0.3260416666666667 0.011458333333333333 0.027083333333333334 0.022916666666666665
0 0.5541666666666667 0.20520833333333333 0.021875 0.03333333333333333
0 0.96875 0.26875 0.027083333333333334 0.03958333333333333
0 0.6729166666666667 0.24583333333333332 0.03333333333333333 0.04791666666666667
0 0.07083333333333333 0.19583333333333333 0.035416666666666666 0.04791666666666667
0 0.746875 0.25416666666666665 0.03125 0.03958333333333333
0 0.34270833333333334 0.22083333333333333 0.027083333333333334 0.04375
0 0.9333333333333333 0.27291666666666664 0.028125 0.04791666666666667
0 0.8 0.2604166666666667 0.028125 0.053125
0 0.390625 0.014583333333333334 0.021875 0.028125
0 0.4979166666666667 0.020833333333333332 0.027083333333333334 0.034375
0 0.8572916666666667 0.27291666666666664 0.027083333333333334 0.04375
0 0.8958333333333334 0.2791666666666667 0.027083333333333334 0.04375
0 0.39791666666666664 0.2375 0.028125 0.04791666666666667