0 0.15986129514108954 0.2217484294806815 0.08028178845745397 0.09629391152670065
0 0.26481508980478663 0.2004855136587091 0.08667723912581747 0.10883027296301909
0 0.19232265425418035 0.23651963023499362 0.06562572978993882 0.08995906817529083
0 0.4354666098026655 0.18585439291808065 0.0930726897941811 0.12136663439933759
0 0.6371741955760597 0.1547384126923779 0.08658027201357517 0.10049693962968576
0 0.5833953973583625 0.1877566135776178 0.1012848142372114 0.11099844964776219
0 0.04649005071078585 0.3252484698148429 0.07194845512412061 0.09624542961160927
0 0.37885371292169545 0.24385441308516131 0.08243784712496911 0.10255603200547346
0 0.7094491849140595 0.18953156921004027 0.09924996445999928 0.11515299583565604
0 0.016851399161876453 0.37403105620597027 0.026090880012726688 0.09389544574527389
0 0.2515529333757556 0.313942336973966 0.10147874846169612 0.12766511631442892
0 0.7972749893379998 0.03901108313060504 0.1153833120093329 0.0694166263325053
0 0.7452280186717573 0.041833071161284444 0.0904560373435146 0.07552118058723141