0 0.004166666666666667 0.29583333333333334 0.008333333333333333 0.014583333333333334
0 0.008333333333333333 0.3145833333333333 0.009375 0.014583333333333334
0 0.040625 0.31666666666666665 0.020833333333333332 0.025
0 0.07708333333333334 0.32708333333333334 0.015625 0.022916666666666665
0 0.03229166666666667 0.32916666666666666 0.020833333333333332 0.025
0 0.0020833333333333333 0.3302083333333333 0.004166666666666667 0.022916666666666665
0 0.125 0.32916666666666666 0.015625 0.022916666666666665
0 0.10729166666666666 0.33958333333333335 0.020833333333333332 0.025
0 0.06770833333333333 0.34479166666666666 0.010416666666666666 0.01875
0 0.08854166666666667 0.34270833333333334 0.015625 0.01875
0 0.22291666666666668 0.33541666666666664 0.020833333333333332 0.025
0 0.035416666666666666 0.34791666666666665 0.014583333333333334 0.014583333333333334
0 0.36666666666666664 0.33541666666666664 0.034375 0.053125
0 0.15833333333333333 0.3489583333333333 0.025 0.029166666666666667
0 0.19791666666666666 0.35208333333333336 0.020833333333333332 0.03333333333333333
0 0.057291666666666664 0.35833333333333334 0.015625 0.022916666666666665
0 0.24895833333333334 0.3541666666666667 0.025 0.03333333333333333
0 0.08958333333333333 0.365625 0.01875 0.015625
0 0.425 0.35104166666666664 0.025 0.041666666666666664
0 0.38333333333333336 0.353125 0.020833333333333332 0.03333333333333333
0 0.48020833333333335 0.35208333333333336 0.029166666666666667 0.025
0 0.221875 0.36770833333333336 0.020833333333333332 0.0375
0 0.09166666666666666 0.375 0.029166666666666667 0.020833333333333332
0 0.01875 0.38125 0.034375 0.053125
0 0.12083333333333333 0.378125 0.025 0.0375
0 0.13958333333333334 0.3770833333333333 0.029166666666666667 0.041666666666666664
0 0.26666666666666666 0.37083333333333335 0.020833333333333332 0.025
0 0.0020833333333333333 0.38333333333333336 0.003125 0.022916666666666665
0 0.8979166666666667 0.34479166666666666 0.020833333333333332 0.025
0 0.5322916666666667 0.3645833333333333 0.029166666666666667 0.041666666666666664
0 0.24166666666666667 0.38125 0.015625 0.022916666666666665
0 0.8729166666666667 0.35104166666666664 0.020833333333333332 0.025
0 0.2833333333333333 0.38125 0.029166666666666667 0.041666666666666664
0 0.15833333333333333 0.390625 0.020833333333333332 0.025
0 0.225 0.38645833333333335 0.020833333333333332 0.029166666666666667
0 0.565625 0.3729166666666667 0.03958333333333333 0.04375
0 0.47708333333333336 0.3802083333333333 0.025 0.029166666666666667
0 0.057291666666666664 0.403125 0.03958333333333333 0.04375
0 0.18229166666666666 0.40520833333333334 0.025 0.041666666666666664
0 0.5229166666666667 0.38958333333333334 0.020833333333333332 0.020833333333333332
0 0.09479166666666666 0.41458333333333336 0.04583333333333333 0.06666666666666667
0 0.4395833333333333 0.40208333333333335 0.03125 0.052083333333333336
0 0.39375 0.4083333333333333 0.029166666666666667 0.041666666666666664
0 0.8791666666666667 0.38333333333333336 0.020833333333333332 0.03333333333333333
0 0.29583333333333334 0.4166666666666667 0.025 0.0375
0 0.49583333333333335 0.40520833333333334 0.027083333333333334 0.046875
0 0.24583333333333332 0.41875 0.029166666666666667 0.0375
0 0.33958333333333335 0.415625 0.034375 0.04375
0 0.46979166666666666 0.41041666666666665 0.029166666666666667 0.041666666666666664
0 0.6875 0.39895833333333336 0.029166666666666667 0.025
0 0.9083333333333333 0.38958333333333334 0.029166666666666667 0.0375
0 0.6458333333333334 0.40625 0.04583333333333333 0.06666666666666667
0 0.5677083333333334 0.421875 0.034375 0.058333333333333334
0 0.6 0.42083333333333334 0.034375 0.04375
0 0.9645833333333333 0.4041666666666667 0.020833333333333332 0.025
0 0.7208333333333333 0.4166666666666667 0.020833333333333332 0.0375
0 0.53125 0.43333333333333335 0.034375 0.058333333333333334
0 0.8020833333333334 0.421875 0.03958333333333333 0.058333333333333334
0 0.478125 0.4479166666666667 0.029166666666666667 0.0375
0 0.84375 0.43125 0.04375 0.0625
0 0.2708333333333333 0.4635416666666667 0.03958333333333333 0.058333333333333334
0 0.69375 0.44166666666666665 0.03125 0.046875
0 0.728125 0.4395833333333333 0.03125 0.052083333333333336
0 0.6770833333333334 0.4583333333333333 0.03958333333333333 0.034375
0 0.34791666666666665 0.47708333333333336 0.05416666666666667 0.071875
0 0.7583333333333333 0.4583333333333333 0.04375 0.0625
0 0.965625 0.45 0.034375 0.03958333333333333
0 0.42916666666666664 0.478125 0.05 0.06666666666666667
0 0.5833333333333334 0.48541666666666666 0.059375 0.08125
0 0.5072916666666667 0.5 0.059375 0.071875
0 0.6770833333333334 0.5114583333333333 0.05416666666666667 0.071875
0 0.90625 0.5 0.03958333333333333 0.04791666666666667
0 0.8645833333333334 0.525 0.071875 0.06458333333333334
0 0.4041666666666667 0.55625 0.06458333333333334 0.06666666666666667
0 0.8645833333333334 0.5697916666666667 0.059375 0.08541666666666667
0 0.052083333333333336 0.7708333333333334 0.059375 0.08125
0 0.7916666666666666 0.790625 0.05625 0.1
0 0.48020833333333335 0.8770833333333333 0.10416666666666667 0.07916666666666666