0 0.315625 0.16875 0.015625 0.020833333333333332
0 0.06979166666666667 0.14270833333333333 0.010416666666666666 0.015625
0 0.228125 0.16145833333333334 0.015625 0.015625
0 0.35 0.175 0.021875 0.025
0 0.8385416666666666 0.228125 0.025 0.016666666666666666
0 0.990625 0.24583333333333332 0.01875 0.020833333333333332
0 0.259375 0.17083333333333334 0.015625 0.020833333333333332
0 0.8770833333333333 0.2375 0.027083333333333334 0.029166666666666667
0 0.28958333333333336 0.17604166666666668 0.021875 0.025
0 0.46145833333333336 0.19583333333333333 0.020833333333333332 0.020833333333333332
0 0.09375 0.15729166666666666 0.020833333333333332 0.020833333333333332
0 0.8989583333333333 0.24166666666666667 0.021875 0.025
0 0.5927083333333333 0.21145833333333333 0.020833333333333332 0.020833333333333332
0 0.7458333333333333 0.228125 0.021875 0.025
0 0.6958333333333333 0.22291666666666668 0.020833333333333332 0.020833333333333332
0 0.171875 0.17083333333333334 0.016666666666666666 0.025
0 0.21979166666666666 0.17708333333333334 0.020833333333333332 0.020833333333333332
0 0.23333333333333334 0.17916666666666667 0.020833333333333332 0.020833333333333332
0 0.9489583333333333 0.25416666666666665 0.027083333333333334 0.029166666666666667
0 0.7208333333333333 0.23333333333333334 0.021875 0.029166666666666667
0 0.15416666666666667 0.17291666666666666 0.025 0.025
0 0.32708333333333334 0.19166666666666668 0.020833333333333332 0.020833333333333332
0 0.98125 0.2625 0.015625 0.020833333333333332
0 0.8333333333333334 0.246875 0.020833333333333332 0.020833333333333332
0 0.353125 0.19583333333333333 0.027083333333333334 0.029166666666666667
0 0.5729166666666666 0.21979166666666666 0.021875 0.029166666666666667
0 0.06041666666666667 0.16770833333333332 0.00625 0.014583333333333334
0 0.9145833333333333 0.25833333333333336 0.020833333333333332 0.020833333333333332
0 0.6395833333333333 0.22916666666666666 0.021875 0.025
0 0.9302083333333333 0.259375 0.021875 0.034375
0 0.5510416666666667 0.221875 0.020833333333333332 0.020833333333333332
0 0.30416666666666664 0.19583333333333333 0.020833333333333332 0.020833333333333332
0 0.6104166666666667 0.228125 0.020833333333333332 0.020833333333333332
0 0.7572916666666667 0.24375 0.020833333333333332 0.020833333333333332
0 0.121875 0.178125 0.021875 0.025
0 0.39791666666666664 0.209375 0.020833333333333332 0.015625
0 0.4479166666666667 0.21666666666666667 0.021875 0.029166666666666667
0 0.496875 0.020833333333333332 0.010416666666666666 0.010416666666666666
0 0.6520833333333333 0.24375 0.020833333333333332 0.020833333333333332
0 0.9895833333333334 0.2791666666666667 0.020833333333333332 0.020833333333333332
0 0.221875 0.20104166666666667 0.021875 0.025
0 0.8364583333333333 0.26458333333333334 0.015625 0.020833333333333332
0 0.9145833333333333 0.27291666666666664 0.021875 0.025
0 0.475 0.22916666666666666 0.021875 0.029166666666666667
0 0.728125 0.25625 0.021875 0.025
0 0.24270833333333333 0.20520833333333333 0.020833333333333332 0.015625
0 0.528125 0.23541666666666666 0.020833333333333332 0.020833333333333332
0 0.5020833333333333 0.23229166666666667 0.021875 0.029166666666666667
0 0.03958333333333333 0.18333333333333332 0.020833333333333332 0.020833333333333332
0 0.6020833333333333 0.24583333333333332 0.021875 0.025
0 0.621875 0.246875 0.027083333333333334 0.029166666666666667
0 0.709375 0.25625 0.020833333333333332 0.020833333333333332
0 0.8145833333333333 0.2677083333333333 0.020833333333333332 0.020833333333333332
0 0.8520833333333333 0.271875 0.020833333333333332 0.020833333333333332
0 0.515625 0.23854166666666668 0.021875 0.025
0 0.7947916666666667 0.2677083333333333 0.025 0.021875
0 0.17916666666666667 0.20520833333333333 0.020833333333333332 0.020833333333333332
0 0.9625 0.2875 0.021875 0.029166666666666667
0 0.12916666666666668 0.2 0.020833333333333332 0.020833333333333332
0 0.19583333333333333 0.209375 0.016666666666666666 0.025
0 0.38333333333333336 0.23229166666666667 0.020833333333333332 0.020833333333333332
0 0.6645833333333333 0.2604166666666667 0.021875 0.025
0 0.740625 0.271875 0.025 0.025
0 0.4 0.23541666666666666 0.016666666666666666 0.025
0 0.15104166666666666 0.209375 0.015625 0.020833333333333332
0 0.459375 0.24479166666666666 0.021875 0.025
0 0.41354166666666664 0.23958333333333334 0.025 0.025
0 0.6979166666666666 0.271875 0.021875 0.025
0 0.21041666666666667 0.22083333333333333 0.016666666666666666 0.025
0 0.984375 0.3020833333333333 0.027083333333333334 0.029166666666666667
0 0.22708333333333333 0.22395833333333334 0.015625 0.020833333333333332
0 0.859375 0.2916666666666667 0.025 0.025
0 0.24583333333333332 0.22708333333333333 0.015625 0.020833333333333332
0 0.3072916666666667 0.23333333333333334 0.025 0.025
0 0.7791666666666667 0.2833333333333333 0.025 0.025
0 0.5479166666666667 0.2604166666666667 0.020833333333333332 0.020833333333333332
0 0.8020833333333334 0.2875 0.021875 0.025
0 0.56875 0.2635416666666667 0.021875 0.025
0 0.5875 0.26666666666666666 0.021875 0.025
0 0.5270833333333333 0.2604166666666667 0.021875 0.025
0 0.17291666666666666 0.22604166666666667 0.015625 0.020833333333333332
0 0.32916666666666666 0.24166666666666667 0.015625 0.020833333333333332
0 0.08020833333333334 0.21666666666666667 0.020833333333333332 0.020833333333333332
0 0.7229166666666667 0.2833333333333333 0.025 0.025
0 0.09895833333333333 0.21770833333333334 0.015625 0.020833333333333332
0 0.91875 0.30416666666666664 0.020833333333333332 0.020833333333333332
0 0.6395833333333333 0.275 0.021875 0.025
0 0.47604166666666664 0.020833333333333332 0.010416666666666666 0.015625
0 0.26875 0.240625 0.016666666666666666 0.025
0 0.036458333333333336 0.21666666666666667 0.021875 0.025
0 0.8416666666666667 0.303125 0.021875 0.025
0 0.9427083333333334 0.3145833333333333 0.03958333333333333 0.021875
0 0.9947916666666666 0.31875 0.010416666666666666 0.020833333333333332
0 0.15520833333333334 0.23333333333333334 0.016666666666666666 0.025
0 0.8229166666666666 0.30416666666666664 0.021875 0.025
0 0.11666666666666667 0.22916666666666666 0.020833333333333332 0.020833333333333332
0 0.18958333333333333 0.24166666666666667 0.020833333333333332 0.020833333333333332
0 0.05625 0.228125 0.020833333333333332 0.020833333333333332
0 0.4791666666666667 0.27291666666666664 0.029166666666666667 0.027083333333333334
0 0.6958333333333333 0.29583333333333334 0.020833333333333332 0.020833333333333332
0 0.21041666666666667 0.24583333333333332 0.015625 0.015625
0 0.3854166666666667 0.26458333333333334 0.021875 0.025
0 0.7114583333333333 0.2989583333333333 0.020833333333333332 0.020833333333333332
0 0.5135416666666667 0.28020833333333334 0.027083333333333334 0.034375
0 0.3625 0.26458333333333334 0.020833333333333332 0.020833333333333332
0 0.5760416666666667 0.28958333333333336 0.020833333333333332 0.020833333333333332
0 0.7854166666666667 0.3104166666666667 0.020833333333333332 0.020833333333333332
0 0.7666666666666667 0.30833333333333335 0.021875 0.025
0 0.7427083333333333 0.30833333333333335 0.020833333333333332 0.020833333333333332
0 0.8666666666666667 0.32395833333333335 0.029166666666666667 0.016666666666666666
0 0.31666666666666665 0.26666666666666666 0.016666666666666666 0.025
0 0.2875 0.2635416666666667 0.021875 0.034375
0 0.9916666666666667 0.33958333333333335 0.016666666666666666 0.025
0 0.07083333333333333 0.24270833333333333 0.015625 0.020833333333333332
0 0.2520833333333333 0.26458333333333334 0.016666666666666666 0.025
0 0.09166666666666666 0.24791666666666667 0.016666666666666666 0.025
0 0.234375 0.2625 0.03125 0.03125
0 0.6208333333333333 0.303125 0.021875 0.025
0 0.6895833333333333 0.3125 0.020833333333333332 0.020833333333333332
0 0.9041666666666667 0.33541666666666664 0.03125 0.03125
0 0.6510416666666666 0.30833333333333335 0.027083333333333334 0.029166666666666667
0 0.396875 0.284375 0.025 0.021875
0 0.8 0.32708333333333334 0.021875 0.025
0 0.109375 0.25416666666666665 0.016666666666666666 0.025
0 0.721875 0.3177083333333333 0.020833333333333332 0.015625
0 0.8458333333333333 0.3333333333333333 0.021875 0.025
0 0.4166666666666667 0.290625 0.025 0.025
0 0.7697916666666667 0.328125 0.020833333333333332 0.015625
0 0.20833333333333334 0.26875 0.020833333333333332 0.020833333333333332
0 0.5572916666666666 0.30520833333333336 0.029166666666666667 0.027083333333333334
0 0.14791666666666667 0.2625 0.021875 0.025
0 0.058333333333333334 0.2552083333333333 0.021875 0.025
0 0.3333333333333333 0.2864583333333333 0.03125 0.034375
0 0.48125 0.30416666666666664 0.025 0.025
0 0.9395833333333333 0.353125 0.034375 0.03125
0 0.3645833333333333 0.2916666666666667 0.025 0.025
0 0.59375 0.31666666666666665 0.021875 0.025
0 0.734375 0.33125 0.016666666666666666 0.025
0 0.17083333333333334 0.271875 0.025 0.025
0 0.715625 0.33229166666666665 0.020833333333333332 0.020833333333333332
0 0.6291666666666667 0.325 0.027083333333333334 0.029166666666666667
0 0.9729166666666667 0.36041666666666666 0.027083333333333334 0.03958333333333333
0 0.4322916666666667 0.30416666666666664 0.027083333333333334 0.029166666666666667
0 0.88125 0.35208333333333336 0.027083333333333334 0.029166666666666667
0 0.6875 0.3333333333333333 0.029166666666666667 0.021875
0 0.07916666666666666 0.271875 0.025 0.021875
0 0.834375 0.35208333333333336 0.020833333333333332 0.020833333333333332
0 0.815625 0.3489583333333333 0.021875 0.025
0 0.39895833333333336 0.30833333333333335 0.020833333333333332 0.020833333333333332
0 0.19166666666666668 0.290625 0.029166666666666667 0.021875
0 0.78125 0.353125 0.021875 0.034375
0 0.035416666666666666 0.27395833333333336 0.021875 0.029166666666666667
0 0.2552083333333333 0.29791666666666666 0.016666666666666666 0.029166666666666667
0 0.8572916666666667 0.36041666666666666 0.027083333333333334 0.029166666666666667
0 0.45416666666666666 0.32083333333333336 0.03125 0.03125
0 0.21145833333333333 0.29583333333333334 0.015625 0.020833333333333332
0 0.13333333333333333 0.28958333333333336 0.021875 0.025
0 0.23020833333333332 0.3 0.025 0.021875
0 0.11666666666666667 0.28958333333333336 0.021875 0.025
0 0.5604166666666667 0.33645833333333336 0.025 0.025
0 0.3416666666666667 0.31666666666666665 0.021875 0.025
0 0.5166666666666667 0.334375 0.034375 0.027083333333333334
0 0.7572916666666667 0.359375 0.03333333333333333 0.04375
0 0.05416666666666667 0.28854166666666664 0.021875 0.029166666666666667
0 0.996875 0.38958333333333334 0.00625 0.03958333333333333
0 0.5958333333333333 0.34791666666666665 0.03125 0.03125
0 0.284375 0.31666666666666665 0.025 0.021875
0 0.45 0.027083333333333334 0.010416666666666666 0.010416666666666666
0 0.9885416666666667 0.08333333333333333 0.015625 0.020833333333333332
0 0.15104166666666666 0.30520833333333336 0.0125 0.029166666666666667
0 0.08125 0.29791666666666666 0.025 0.021875
0 0.49583333333333335 0.3416666666666667 0.025 0.021875
0 0.40625 0.3333333333333333 0.021875 0.025
0 0.7302083333333333 0.3729166666666667 0.03333333333333333 0.04375
0 0.359375 0.3333333333333333 0.028125 0.04375
0 0.9395833333333333 0.39479166666666665 0.03333333333333333 0.04791666666666667
0 0.19270833333333334 0.31666666666666665 0.025 0.025
0 0.8979166666666667 0.38958333333333334 0.027083333333333334 0.03958333333333333
0 0.159375 0.3125 0.0125 0.025
0 0.38229166666666664 0.3385416666666667 0.03125 0.034375
0 0.546875 0.35833333333333334 0.03125 0.03125
0 0.8697916666666666 0.39166666666666666 0.035416666666666666 0.035416666666666666
0 0.33541666666666664 0.3385416666666667 0.025 0.021875
0 0.425 0.34791666666666665 0.025 0.025
0 0.6416666666666667 0.3729166666666667 0.03333333333333333 0.04791666666666667
0 0.8416666666666667 0.39375 0.03333333333333333 0.04375
0 0.215625 0.3302083333333333 0.027083333333333334 0.029166666666666667
0 0.25416666666666665 0.334375 0.027083333333333334 0.034375
0 0.125 0.32083333333333336 0.029166666666666667 0.021875
0 0.8041666666666667 0.39166666666666666 0.04583333333333333 0.05
0 0.16979166666666667 0.328125 0.021875 0.029166666666666667
0 0.7083333333333334 0.384375 0.027083333333333334 0.03958333333333333
0 0.28229166666666666 0.3416666666666667 0.029166666666666667 0.027083333333333334
0 0.44895833333333335 0.359375 0.025 0.025
0 0.3104166666666667 0.34791666666666665 0.027083333333333334 0.03958333333333333
0 0.5041666666666667 0.36770833333333336 0.025 0.025
0 0.7552083333333334 0.3958333333333333 0.025 0.025
0 0.03229166666666667 0.3229166666666667 0.025 0.025
0 0.6072916666666667 0.38333333333333336 0.035416666666666666 0.04375
0 0.08333333333333333 0.3302083333333333 0.03125 0.034375
0 0.19166666666666668 0.346875 0.021875 0.025
0 0.3645833333333333 0.3645833333333333 0.021875 0.025
0 0.3854166666666667 0.36666666666666664 0.03125 0.034375
0 0.4166666666666667 0.37083333333333335 0.025 0.025
0 0.23958333333333334 0.35625 0.020833333333333332 0.020833333333333332
0 0.042708333333333334 0.33541666666666664 0.020833333333333332 0.020833333333333332
0 0.12083333333333333 0.34375 0.025 0.021875
0 0.3458333333333333 0.37083333333333335 0.027083333333333334 0.029166666666666667
0 0.8645833333333334 0.4239583333333333 0.035416666666666666 0.040625
0 0.9916666666666667 0.43854166666666666 0.016666666666666666 0.04791666666666667
0 0.221875 0.3572916666666667 0.029166666666666667 0.027083333333333334
0 0.0625 0.33958333333333335 0.021875 0.025
0 0.5583333333333333 0.39166666666666666 0.03125 0.034375
0 0.5395833333333333 0.3958333333333333 0.03333333333333333 0.04791666666666667
0 0.13333333333333333 0.35208333333333336 0.025 0.025
0 0.48020833333333335 0.39166666666666666 0.021875 0.025
0 0.26458333333333334 0.36875 0.027083333333333334 0.03958333333333333
0 0.6229166666666667 0.4083333333333333 0.029166666666666667 0.016666666666666666
0 0.16354166666666667 0.36041666666666666 0.021875 0.029166666666666667
0 0.73125 0.4197916666666667 0.028125 0.04791666666666667
0 0.9395833333333333 0.08541666666666667 0.015625 0.020833333333333332
0 0.9645833333333333 0.0875 0.015625 0.020833333333333332
0 0.6635416666666667 0.41458333333333336 0.025 0.025
0 0.28541666666666665 0.3770833333333333 0.027083333333333334 0.03958333333333333
0 0.7020833333333333 0.42291666666666666 0.027083333333333334 0.034375
0 0.9520833333333333 0.45208333333333334 0.03125 0.03958333333333333
0 0.17604166666666668 0.3729166666666667 0.016666666666666666 0.025
0 0.37083333333333335 0.3927083333333333 0.027083333333333334 0.029166666666666667
0 0.11770833333333333 0.36666666666666664 0.025 0.021875
0 0.042708333333333334 0.35833333333333334 0.025 0.025
0 0.6270833333333333 0.421875 0.020833333333333332 0.020833333333333332
0 0.07395833333333333 0.3645833333333333 0.029166666666666667 0.027083333333333334
0 0.2520833333333333 0.3854166666666667 0.03125 0.03125
0 0.78125 0.440625 0.03333333333333333 0.053125
0 0.32083333333333336 0.39479166666666665 0.021875 0.025
0 0.68125 0.43333333333333335 0.04583333333333333 0.05
0 0.42083333333333334 0.030208333333333334 0.015625 0.010416666666666666
0 0.3614583333333333 0.023958333333333335 0.015625 0.015625
0 0.4166666666666667 0.40729166666666666 0.03958333333333333 0.03125
0 0.5833333333333334 0.425 0.03125 0.034375
0 0.5104166666666666 0.4197916666666667 0.035416666666666666 0.04791666666666667
0 0.19583333333333333 0.3885416666666667 0.035416666666666666 0.04375
0 0.3458333333333333 0.4041666666666667 0.027083333333333334 0.03958333333333333
0 0.7479166666666667 0.446875 0.041666666666666664 0.06458333333333334
0 0.8458333333333333 0.46458333333333335 0.027083333333333334 0.03958333333333333
0 0.37083333333333335 0.4166666666666667 0.025 0.025
0 0.8083333333333333 0.4625 0.035416666666666666 0.04791666666666667
0 0.16458333333333333 0.39479166666666665 0.034375 0.021875
0 0.603125 0.4427083333333333 0.027083333333333334 0.03958333333333333
0 0.9145833333333333 0.47604166666666664 0.028125 0.04791666666666667
0 0.99375 0.48333333333333334 0.0125 0.041666666666666664
0 0.022916666666666665 0.38229166666666664 0.029166666666666667 0.027083333333333334
0 0.6427083333333333 0.45 0.035416666666666666 0.04375
0 0.48125 0.4354166666666667 0.027083333333333334 0.03958333333333333
0 0.978125 0.4875 0.027083333333333334 0.029166666666666667
0 0.8770833333333333 0.47708333333333336 0.04583333333333333 0.04583333333333333
0 0.12395833333333334 0.39791666666666664 0.040625 0.035416666666666666
0 0.07291666666666667 0.39166666666666666 0.029166666666666667 0.027083333333333334
0 0.28958333333333336 0.4166666666666667 0.025 0.025
0 0.22916666666666666 0.41354166666666664 0.035416666666666666 0.04375
0 0.2708333333333333 0.41770833333333335 0.025 0.021875
0 0.7208333333333333 0.4666666666666667 0.035416666666666666 0.04791666666666667
0 0.38333333333333336 0.434375 0.028125 0.04375
0 0.42916666666666664 0.44166666666666665 0.04583333333333333 0.040625
0 0.10104166666666667 0.40729166666666666 0.034375 0.03125
0 0.5552083333333333 0.45729166666666665 0.035416666666666666 0.04791666666666667
0 0.51875 0.4552083333333333 0.034375 0.027083333333333334
0 0.1625 0.41770833333333335 0.0375 0.016666666666666666
0 0.34479166666666666 0.027083333333333334 0.009375 0.00625
0 0.4 0.03333333333333333 0.015625 0.010416666666666666
0 0.6354166666666666 0.058333333333333334 0.015625 0.020833333333333332
0 0.9177083333333333 0.0875 0.015625 0.015625
0 0.34791666666666665 0.44166666666666665 0.040625 0.05
0 0.6885416666666667 0.478125 0.0375 0.053125
0 0.022916666666666665 0.415625 0.028125 0.04375
0 0.940625 0.5177083333333333 0.034375 0.06666666666666667
0 0.7916666666666666 0.07395833333333333 0.010416666666666666 0.020833333333333332
0 0.784375 0.07604166666666666 0.010416666666666666 0.015625
0 0.25833333333333336 0.4479166666666667 0.04583333333333333 0.040625
0 0.16666666666666666 0.4395833333333333 0.03125 0.03125
0 0.23020833333333332 0.44583333333333336 0.035416666666666666 0.04375
0 0.4708333333333333 0.47291666666666665 0.040625 0.04583333333333333
0 0.9697916666666667 0.528125 0.0375 0.0625
0 0.2947916666666667 0.45729166666666665 0.03333333333333333 0.04375
0 0.31979166666666664 0.46458333333333335 0.021875 0.029166666666666667
0 0.8520833333333333 0.5208333333333334 0.029166666666666667 0.06666666666666667
0 0.5385416666666667 0.4875 0.0375 0.053125
0 0.096875 0.44375 0.035416666666666666 0.04791666666666667
0 0.19166666666666668 0.4583333333333333 0.0375 0.053125
0 0.7427083333333333 0.5166666666666667 0.040625 0.05
0 0.4041666666666667 0.48333333333333334 0.04583333333333333 0.05
0 0.590625 0.5020833333333333 0.046875 0.06458333333333334
0 0.5083333333333333 0.49375 0.046875 0.059375
0 0.8666666666666667 0.53125 0.035416666666666666 0.04375
0 0.134375 0.45729166666666665 0.035416666666666666 0.04791666666666667
0 0.215625 0.465625 0.028125 0.053125
0 0.0375 0.446875 0.03333333333333333 0.053125
0 0.9010416666666666 0.5395833333333333 0.046875 0.06458333333333334
0 0.6541666666666667 0.5166666666666667 0.040625 0.04583333333333333
0 0.8291666666666667 0.534375 0.035416666666666666 0.04791666666666667
0 0.33229166666666665 0.484375 0.03958333333333333 0.03125
0 0.015625 0.4583333333333333 0.03125 0.04791666666666667
0 0.4895833333333333 0.5083333333333333 0.041666666666666664 0.059375
0 0.06354166666666666 0.465625 0.040625 0.04583333333333333
0 0.984375 0.5645833333333333 0.022916666666666665 0.04791666666666667
0 0.246875 0.49166666666666664 0.040625 0.05
0 0.15416666666666667 0.4875 0.046875 0.05416666666666667
0 0.9604166666666667 0.5770833333333333 0.034375 0.03125
0 0.7635416666666667 0.078125 0.010416666666666666 0.015625
0 0.4395833333333333 0.5239583333333333 0.029166666666666667 0.058333333333333334
0 0.8666666666666667 0.5729166666666666 0.03125 0.03958333333333333
0 0.3260416666666667 0.5208333333333334 0.029166666666666667 0.058333333333333334
0 0.615625 0.5520833333333334 0.05625 0.06041666666666667
0 0.29791666666666666 0.5208333333333334 0.04375 0.06875
0 0.4635416666666667 0.5395833333333333 0.041666666666666664 0.06458333333333334
0 0.396875 0.5333333333333333 0.040625 0.05
0 0.271875 0.5229166666666667 0.028125 0.04791666666666667
0 0.35 0.5302083333333333 0.034375 0.06666666666666667
0 0.6041666666666666 0.06458333333333334 0.015625 0.020833333333333332
0 0.9010416666666666 0.09583333333333334 0.015625 0.020833333333333332
0 0.6645833333333333 0.56875 0.028125 0.04375
0 0.7614583333333333 0.5791666666666667 0.058333333333333334 0.07916666666666666
0 0.7979166666666667 0.5833333333333334 0.04791666666666667 0.07291666666666667
0 0.19270833333333334 0.51875 0.046875 0.05416666666666667
0 0.70625 0.5791666666666667 0.05625 0.065625
0 0.8302083333333333 0.5927083333333333 0.0375 0.0625
0 0.553125 0.56875 0.046875 0.06458333333333334
0 0.10625 0.521875 0.0375 0.0625
0 0.8791666666666667 0.6083333333333333 0.022916666666666665 0.04375
0 0.971875 0.6166666666666667 0.0375 0.058333333333333334
0 0.5875 0.06458333333333334 0.015625 0.015625
0 0.9229166666666667 0.6114583333333333 0.0625 0.07083333333333333
0 0.17291666666666666 0.5354166666666667 0.03958333333333333 0.03125
0 0.07916666666666666 0.5260416666666666 0.04791666666666667 0.07291666666666667
0 0.8958333333333334 0.6114583333333333 0.025 0.0625
0 0.6395833333333333 0.5864583333333333 0.05 0.04583333333333333
0 0.014583333333333334 0.5229166666666667 0.029166666666666667 0.071875
0 0.23541666666666666 0.5541666666666667 0.041666666666666664 0.06458333333333334
0 0.27291666666666664 0.5604166666666667 0.027083333333333334 0.029166666666666667
0 0.525 0.058333333333333334 0.015625 0.020833333333333332
0 0.75625 0.08229166666666667 0.010416666666666666 0.020833333333333332
0 0.8489583333333334 0.628125 0.046875 0.059375
0 0.396875 0.59375 0.04791666666666667 0.06875
0 0.8708333333333333 0.096875 0.015625 0.020833333333333332
0 0.503125 0.6072916666666667 0.058333333333333334 0.07083333333333333
0 0.6322916666666667 0.6208333333333333 0.058333333333333334 0.0375
0 0.036458333333333336 0.5625 0.04375 0.035416666666666666
0 0.9770833333333333 0.6614583333333334 0.015625 0.065625
0 0.15208333333333332 0.5770833333333333 0.053125 0.06875
0 0.55 0.6239583333333333 0.04583333333333333 0.04583333333333333
0 0.428125 0.052083333333333336 0.015625 0.015625
0 0.45 0.625 0.05625 0.06041666666666667
0 0.359375 0.6229166666666667 0.046875 0.06458333333333334
0 0.73125 0.6666666666666666 0.053125 0.07291666666666667
0 0.5020833333333333 0.0625 0.00625 0.009375
0 0.09791666666666667 0.6072916666666667 0.046875 0.05416666666666667
0 0.8895833333333333 0.6916666666666667 0.046875 0.06458333333333334
0 0.5166666666666667 0.653125 0.053125 0.03333333333333333
0 0.8135416666666667 0.6895833333333333 0.053125 0.07291666666666667
0 0.04791666666666667 0.6104166666666667 0.04791666666666667 0.06875
0 0.6541666666666667 0.6739583333333333 0.03958333333333333 0.06666666666666667
0 0.9614583333333333 0.7104166666666667 0.035416666666666666 0.04791666666666667
0 0.5541666666666667 0.6677083333333333 0.041666666666666664 0.06458333333333334
0 0.603125 0.6729166666666667 0.05625 0.05625
0 0.265625 0.6427083333333333 0.046875 0.059375
0 0.8552083333333333 0.7041666666666667 0.046875 0.05416666666666667
0 0.3020833333333333 0.6520833333333333 0.046875 0.06458333333333334
0 0.21770833333333334 0.6541666666666667 0.07083333333333333 0.06666666666666667
0 0.34479166666666666 0.6666666666666666 0.06666666666666667 0.034375
0 0.44166666666666665 0.6822916666666666 0.05 0.05
0 0.5145833333333333 0.6895833333333333 0.059375 0.041666666666666664
0 0.8572916666666667 0.7375 0.05416666666666667 0.046875
0 0.013541666666666667 0.6479166666666667 0.027083333333333334 0.078125
0 0.7208333333333333 0.7229166666666667 0.06458333333333334 0.041666666666666664
0 0.146875 0.6708333333333333 0.041666666666666664 0.059375
0 0.915625 0.7510416666666667 0.05 0.09166666666666666
0 0.546875 0.07395833333333333 0.015625 0.015625
0 0.7666666666666667 0.7479166666666667 0.05416666666666667 0.0875
0 0.041666666666666664 0.675 0.040625 0.040625
0 0.3020833333333333 0.7020833333333333 0.03333333333333333 0.04375
0 0.5145833333333333 0.7322916666666667 0.059375 0.052083333333333336
0 0.47604166666666664 0.7322916666666667 0.0375 0.0625
0 0.6114583333333333 0.746875 0.05 0.09166666666666666
0 0.153125 0.6979166666666666 0.027083333333333334 0.03958333333333333
0 0.4822916666666667 0.07083333333333333 0.010416666666666666 0.015625
0 0.3333333333333333 0.73125 0.06666666666666667 0.07083333333333333
0 0.5708333333333333 0.7583333333333333 0.059375 0.09375
0 0.95 0.7979166666666667 0.046875 0.096875
0 0.40625 0.7458333333333333 0.071875 0.071875
0 0.465625 0.07083333333333333 0.010416666666666666 0.015625
0 0.06770833333333333 0.715625 0.05 0.09166666666666666
0 0.6895833333333333 0.7875 0.06458333333333334 0.084375
0 0.8354166666666667 0.803125 0.05416666666666667 0.0875
0 0.17708333333333334 0.7385416666666667 0.0625 0.07916666666666666
0 0.40520833333333334 0.06666666666666667 0.016666666666666666 0.025
0 0.8833333333333333 0.821875 0.059375 0.041666666666666664
0 0.13229166666666667 0.7447916666666666 0.058333333333333334 0.07083333333333333
0 0.39166666666666666 0.06458333333333334 0.010416666666666666 0.010416666666666666
0 0.7541666666666667 0.103125 0.015625 0.010416666666666666
0 0.008333333333333333 0.7510416666666667 0.016666666666666666 0.08333333333333333
0 0.5072916666666667 0.8104166666666667 0.071875 0.08125
0 0.746875 0.8375 0.035416666666666666 0.035416666666666666
0 0.26979166666666665 0.057291666666666664 0.015625 0.015625
0 0.37083333333333335 0.06770833333333333 0.010416666666666666 0.015625
0 0.3104166666666667 0.8104166666666667 0.058333333333333334 0.07916666666666666
0 0.7802083333333333 0.8697916666666666 0.06458333333333334 0.09375
0 0.415625 0.8354166666666667 0.06666666666666667 0.07916666666666666
0 0.9135416666666667 0.8885416666666667 0.06875 0.084375
0 0.203125 0.8208333333333333 0.0625 0.075
0 0.33125 0.065625 0.015625 0.015625
0 0.5041666666666667 0.08645833333333333 0.015625 0.015625
0 0.2552083333333333 0.06041666666666667 0.015625 0.015625
0 0.6333333333333333 0.8916666666666667 0.03958333333333333 0.071875
0 0.83125 0.9145833333333333 0.06458333333333334 0.09375
0 0.6604166666666667 0.8979166666666667 0.06458333333333334 0.09375
0 0.7125 0.9177083333333333 0.06875 0.09375
0 0.35625 0.07291666666666667 0.015625 0.020833333333333332
0 0.5166666666666667 0.09166666666666666 0.010416666666666666 0.015625
0 0.9041666666666667 0.13333333333333333 0.015625 0.015625
0 0.5302083333333333 0.9166666666666666 0.06875 0.08958333333333333
0 0.23229166666666667 0.0625 0.021875 0.029166666666666667
0 0.9916666666666667 0.14166666666666666 0.016666666666666666 0.029166666666666667
0 0.010416666666666666 0.8875 0.020833333333333332 0.11666666666666667
0 0.6333333333333333 0.10625 0.015625 0.020833333333333332
0 0.8625 0.13020833333333334 0.020833333333333332 0.020833333333333332
0 0.6895833333333333 0.1125 0.016666666666666666 0.029166666666666667
0 0.27291666666666664 0.9333333333333333 0.08333333333333333 0.09583333333333334
0 0.44166666666666665 0.9604166666666667 0.08541666666666667 0.078125
0 0.27291666666666664 0.07083333333333333 0.010416666666666666 0.020833333333333332
0 0.26145833333333335 0.071875 0.015625 0.020833333333333332
0 0.290625 0.075 0.015625 0.020833333333333332
0 0.6666666666666666 0.11458333333333333 0.015625 0.015625
0 0.7395833333333334 0.121875 0.021875 0.025
0 0.9604166666666667 0.14583333333333334 0.020833333333333332 0.020833333333333332
0 0.21666666666666667 0.071875 0.020833333333333332 0.015625
0 0.6239583333333333 0.11458333333333333 0.016666666666666666 0.025
0 0.9166666666666666 0.14583333333333334 0.021875 0.025
0 0.43020833333333336 0.096875 0.010416666666666666 0.015625
0 0.5791666666666667 0.11458333333333333 0.015625 0.020833333333333332
0 0.6770833333333334 0.125 0.015625 0.020833333333333332
0 0.5614583333333333 0.11354166666666667 0.015625 0.020833333333333332
0 0.546875 0.11875 0.010416666666666666 0.015625
0 0.215625 0.08333333333333333 0.020833333333333332 0.020833333333333332
0 0.24375 0.08645833333333333 0.020833333333333332 0.020833333333333332
0 0.8364583333333333 0.15416666666666667 0.021875 0.025
0 0.45625 0.115625 0.015625 0.020833333333333332
0 0.9479166666666666 0.17083333333333334 0.015625 0.020833333333333332
0 0.35 0.11145833333333334 0.015625 0.020833333333333332
0 0.42083333333333334 0.121875 0.016666666666666666 0.025
0 0.3770833333333333 0.11666666666666667 0.015625 0.020833333333333332
0 0.8166666666666667 0.165625 0.015625 0.020833333333333332
0 0.871875 0.17291666666666666 0.020833333333333332 0.020833333333333332
0 0.7822916666666667 0.16458333333333333 0.021875 0.029166666666666667
0 0.3104166666666667 0.11666666666666667 0.015625 0.020833333333333332
0 0.5260416666666666 0.13958333333333334 0.020833333333333332 0.020833333333333332
0 0.27708333333333335 0.115625 0.016666666666666666 0.025
0 0.790625 0.17083333333333334 0.016666666666666666 0.029166666666666667
0 0.40208333333333335 0.12916666666666668 0.020833333333333332 0.020833333333333332
0 0.5635416666666667 0.14583333333333334 0.010416666666666666 0.020833333333333332
0 0.27291666666666664 0.11770833333333333 0.010416666666666666 0.020833333333333332
0 0.19166666666666668 0.11458333333333333 0.021875 0.025
0 0.8020833333333334 0.18020833333333333 0.015625 0.020833333333333332
0 0.24479166666666666 0.121875 0.021875 0.029166666666666667
0 0.9145833333333333 0.19166666666666668 0.020833333333333332 0.020833333333333332
0 0.6666666666666666 0.16875 0.020833333333333332 0.020833333333333332
0 0.5020833333333333 0.15208333333333332 0.021875 0.025
0 0.753125 0.178125 0.021875 0.025
0 0.53125 0.15729166666666666 0.015625 0.020833333333333332
0 0.09166666666666666 0.11041666666666666 0.027083333333333334 0.029166666666666667
0 0.734375 0.178125 0.015625 0.020833333333333332
0 0.7020833333333333 0.17708333333333334 0.020833333333333332 0.020833333333333332
0 0.3958333333333333 0.14375 0.015625 0.020833333333333332
0 0.6916666666666667 0.17708333333333334 0.015625 0.020833333333333332
0 0.871875 0.196875 0.021875 0.025
0 0.5604166666666667 0.16458333333333333 0.020833333333333332 0.020833333333333332
0 0.6458333333333334 0.175 0.021875 0.025
0 0.721875 0.18333333333333332 0.021875 0.025
0 0.43333333333333335 0.1625 0.021875 0.025
0 0.44583333333333336 0.16770833333333332 0.016666666666666666 0.025
0 0.471875 0.17083333333333334 0.016666666666666666 0.025
0 0.9760416666666667 0.22395833333333334 0.021875 0.029166666666666667
0 0.6291666666666667 0.18958333333333333 0.015625 0.020833333333333332
0 0.4552083333333333 0.171875 0.015625 0.020833333333333332
0 0.3770833333333333 0.16770833333333332 0.021875 0.029166666666666667
0 0.5583333333333333 0.1875 0.016666666666666666 0.025
0 0.11145833333333334 0.140625 0.016666666666666666 0.025
0 0.58125 0.18958333333333333 0.021875 0.025
0 0.6145833333333334 0.19270833333333334 0.021875 0.029166666666666667
0 0.3302083333333333 0.165625 0.015625 0.020833333333333332
0 0.5260416666666666 0.18541666666666667 0.021875 0.025
0 0.6875 0.20520833333333333 0.020833333333333332 0.020833333333333332