0 0.004026479978818601 0.2029734529779244 0.008052959957637202 0.13571976071081787
0 0.10784531601914198 0.2633932509898336 0.051018212120812714 0.05978818474525915
0 0.7399082500010984 0.1388060613186856 0.038336388527810544 0.04900780522561104
0 0.393934729979917 0.21654680751342387 0.010598490259668835 0.010719760710817875
0 0.6781953636375618 0.15517764951251103 0.02978486688287442 0.03626532999029
0 0.4544786731616853 0.2074971953906802 0.010707584415470232 0.016969760710817874
0 0.5704309556290893 0.1853828515006018 0.023425772727073024 0.029833473563799316
0 0.5233923143953874 0.19612177469928224 0.019113647186004574 0.02137890261280552
0 0.40524760443884855 0.2245467373981909 0.006431823593002288 0.010598523093157416
0 0.4501483652613166 0.21699343300834067 0.010598490259668953 0.010719760710817875
0 0.38012032792374695 0.23256582977082044 0.004239396103867558 0.0042879042843271264
0 0.6215635340922572 0.17868935735092753 0.023425772727073024 0.029833473563799374
0 0.3916150259756808 0.2301490929889208 0.010707584415470232 0.016969760710817874
0 0.697768841992626 0.16710177082862374 0.036143961038675815 0.042697186416780754
0 0.5054657927504513 0.20913703457433927 0.023425772727073024 0.029833473563799316
0 0.47509381818341595 0.2193910073023778 0.019113647186004574 0.02137890261280552
0 0.6548423203476899 0.1808444564096437 0.023462137445673412 0.031916806897132645
0 0.21062485119243768 0.2801842866194033 0.004239396103867558 0.0042879042843271264
0 0.43116199459041366 0.2310806689544795 0.029893961038675698 0.04251532999029006
0 0.713321112555425 0.17081379642906358 0.021451533549541088 0.03602285475496909
0 0.5763900378802856 0.20186766174077775 0.019186376623205586 0.02554556927947219
0 0.8951529480530322 0.13220662672749925 0.051163670995214496 0.06812151807859249
0 0.60354610065082 0.19691295055931796 0.01925910606040636 0.029712235946138855
0 0.19165666288083497 0.2932298558988755 0.010598490259668953 0.010719760710817875
0 0.6274498869062526 0.19934083425777016 0.02978486688287442 0.036265329990290064
0 0.25841424134400276 0.2860817206829745 0.029675772727073023 0.030015329990290003
0 0.3911604669931751 0.25619075965558746 0.019113647186004574 0.02137890261280546
0 0.40048091991527446 0.2590429750158514 0.02572729437200915 0.0423940923726296
0 0.37643167478543993 0.2649484246507325 0.019113647186004574 0.02137890261280552
0 0.4673657748935438 0.24460317313328364 0.01925910606040636 0.029712235946138855
0 0.41197561796720816 0.2566262382339517 0.017248502164273916 0.033818283803975294
0 0.18619377651729843 0.30796473625428444 0.010707584415470291 0.016969760710817874
0 0.35230970021840463 0.27502054095228023 0.010707584415470232 0.016969760710817874
0 0.17036877056499597 0.31987771065384457 0.019186376623205468 0.025545569279472127
0 0.3689036374478703 0.278702257148305 0.019113647186004574 0.02137890261280546
0 0.26227180790256555 0.30366881639864735 0.02956667857127163 0.023765329990290004
0 0.22151953138746397 0.3121425498375037 0.03212275324641093 0.050909282132453625
0 0.38769000216647076 0.2760733545354995 0.021087886363536514 0.01518952142163575
0 0.23712634902816376 0.31272957543794355 0.03840911796501132 0.05317447189227759
0 0.8265900438325882 0.18313507134781543 0.08716217315948853 0.1024853711620399
0 0.3614483295475016 0.28828942297921084 0.019186376623205468 0.025545569279472127
0 0.20880134307586126 0.3250062626904851 0.02346213744567347 0.03191680689713271
0 0.1679217900456581 0.34077166279600823 0.023316678571271628 0.023583473563799372
0 0.37586802164713284 0.29724009131739915 0.03811820021620775 0.03650780522561104
0 0.26813997835726083 0.3253619599721566 0.04031062770534248 0.042818424034441215
0 0.1959922429677574 0.3430783088767999 0.04049245129834465 0.05323509070110788
0 0.9211817045469525 0.19183524887937278 0.07005912986961628 0.077000420691398
0 0.1664619291150862 0.3647603055337566 0.04049245129834465 0.05323509070110788
0 0.2802036017340554 0.3499982471191751 0.04692427489134694 0.06383361379426541
0 0.3627861861495257 0.3309371375037139 0.046815180735545546 0.05758361379426529
0 0.40023163907162496 0.3329709989447696 0.04272124350607977 0.0616290428432715
0 0.6498809020583669 0.2861437179562224 0.05953336904714822 0.07044732664724679
0 0.6989665119068019 0.27742750928204507 0.06388185930681706 0.08098523093157392
0 0.7739846942661022 0.27420356549748964 0.09151066341915737 0.11302327544636696
0 0.1718209935093751 0.4156201157739326 0.05087275324641087 0.05145485141192575
0 0.3335338798729116 0.39633882475625554 0.04451365909060954 0.045022994985435126
0 0.2738861444834082 0.41369146080791735 0.04049245129834465 0.05323509070110788
0 0.8706415059544994 0.28388479088688345 0.09808794588656156 0.13195513187285784
0 0.6657475449158237 0.33149210081891384 0.0660379220773514 0.08521251640707088
0 0.5621498035740177 0.3615760651893441 0.04857123160147504 0.03889423260309546
0 0.37059750324970614 0.4202476861973112 0.0660379220773514 0.08521251640707088
0 0.19370126569592885 0.4743283088767999 0.05551216125488345 0.07865942236291966
0 0.9295255822533932 0.3102821548352216 0.11540917748803613 0.16994008234349967
0 0.2981406677520989 0.4556723684352878 0.03848184740221221 0.05734113855894438
0 0.2614277813885624 0.4713165309231504 0.06417277705562086 0.09765189759824058
0 0.14195048701655336 0.5164384696931408 0.09575005952302493 0.11731117973069422
0 0.5661762835528363 0.4291328515006018 0.09761520454475558 0.1048717985395245
0 0.7103626601760418 0.39995015369131515 0.10451976947956372 0.14255365496601513
0 0.4162361028172908 0.4897170963319641 0.097251557358751 0.08403846520619117
0 0.3132981985968468 0.5416457512979792 0.07696369480442442 0.11468227711788875
0 0.6226913809561468 0.5316021915200217 0.12568038528030126 0.16190984305431755
0 0.5084406022767715 0.5755309166012699 0.10667583225009783 0.14678094044151208
0 0.4162466471903983 0.6084064775231338 0.11504553030203178 0.14910674901016657