0 0.7555547317617595 0.34683521695251757 0.03410917527851846 0.03449735898305827
0 0.8962290928305097 0.38883585954429445 0.019380371580462945 0.02773809776130361
0 0.3043416077752317 0.26563818742225015 0.025678861702037044 0.030039685903960372
0 0.8869268280128708 0.3922882417582796 0.019380371580462945 0.02773809776130361
0 0.8743540928305097 0.38959975137692643 0.025775841945185125 0.034206352570627034
0 0.44169700835768544 0.2994146240853554 0.010659117274537049 0.01078042468220571
0 0.36730226393018545 0.2832473059956826 0.019380371580462945 0.02773809776130361
0 0.28040751950268544 0.2675164975246566 0.025678861702037044 0.030039685903960372
0 0.3485037738086113 0.2818187370903195 0.025581881458888962 0.025873019237293703
0 0.4836788608145836 0.3115012586898659 0.025678861702037044 0.030039685903960372
0 0.6198713694264355 0.3401057378211918 0.025775841945185125 0.034206352570627034
0 0.9761473563815743 0.41836296529286443 0.019283391337314982 0.023571431094636944
0 0.9856920718070836 0.425327249745546 0.019186411094166543 0.01940476442797028
0 0.9301443076227318 0.4126718338945696 0.019186411094166782 0.01940476442797028
0 0.20511657877324094 0.25763555523653764 0.019283391337314864 0.023571431094636944
0 0.454536439208704 0.31356144780004186 0.019186411094166782 0.01940476442797028
0 0.1717590003791206 0.25775791421959593 0.019380371580463004 0.02773809776130361
0 0.13321733371245392 0.2591038188770904 0.025678861702037044 0.030039685903960372
0 0.7978526409560652 0.41729156069191536 0.019283391337314746 0.023571431094636944
0 0.9674538309251394 0.582341141578178 0.012887920972592563 0.017103176285313517
0 0.9580788309251393 0.582668523792163 0.006492450607870381 0.010634921475990211
0 0.9666303698055561 0.5917525173797318 0.010659117274537049 0.010780424682205591
0 0.9700948006565746 0.6062267233084034 0.0128879209725928 0.017103176285313517
0 0.9324493302918524 0.601286252164344 0.010659117274537049 0.010780424682205591
0 0.9838789179311116 0.6161705045548694 0.012984901215740762 0.021269842951980186
0 0.8885781049879172 0.5976057024962746 0.019186411094166782 0.01940476442797016
0 0.809023517348658 0.5837035967477048 0.006492450607870381 0.010634921475990211
0 0.9054629772016672 0.6063986896714122 0.0128879209725928 0.017103176285313517
0 0.7587810667407875 0.5750329685556254 0.0128879209725928 0.017103176285313517
0 0.8573281049879172 0.5986969765428917 0.010659117274537049 0.010780424682205591
0 0.8270712815330098 0.5976685414546217 0.012887920972592563 0.017103176285313517
0 0.9286948296585654 0.619140088703893 0.012887920972592563 0.017103176285313517
0 0.959072878417408 0.6253768571254964 0.019186411094166543 0.01940476442797016
0 0.7726379191976858 0.5881017498020912 0.010659117274537049 0.010780424682205591
0 0.8449735753526395 0.6053834861615386 0.019186411094166543 0.01940476442797016
0 0.8869311827487505 0.6164284540993825 0.012887920972592563 0.017103176285313517
0 0.9540100154487968 0.6318087361332658 0.010659117274537049 0.010780424682205591
0 0.9217425938429173 0.6339780526481036 0.019186411094166543 0.01940476442797016
0 0.8096296438683339 0.6097452634143713 0.012984901215740762 0.021269842951980186
0 0.8360592315075931 0.6255025350421904 0.012887920972592563 0.017103176285313517
0 0.8475903000232876 0.6282274012250976 0.012887920972592563 0.01710317628531328
0 0.7858167808997227 0.6168319068501111 0.012887920972592563 0.017103176285313517
0 0.765976624111482 0.6154397137463019 0.010659117274537049 0.010780424682205591
0 0.9661957006057413 0.662658602316173 0.019283391337314746 0.023571431094636826
0 0.9379979654233802 0.6605157489581283 0.019380371580462945 0.027738097761303492
0 0.9118835635743525 0.6583001439969761 0.019283391337314982 0.023571431094636826
0 0.9265396320900469 0.6609158827752213 0.019283391337314982 0.023571431094636826
0 0.8742138481488432 0.65231800618625 0.019283391337314982 0.023571431094636826
0 0.7442955845977782 0.6245369389122672 0.019283391337314982 0.023571431094636826
0 0.8177213975409728 0.6438656328034941 0.019283391337314982 0.023571431094636826
0 0.7926486623586118 0.6416136520407877 0.0128879209725928 0.017103176285313517
0 0.885914632090047 0.6623345390358236 0.019186411094166543 0.01940476442797016
0 0.9058275240606487 0.6668517321396327 0.019186411094166543 0.01940476442797016
0 0.7801971524801857 0.644133494992768 0.01695760739611103 0.013082012824862469
0 0.7215243882958339 0.6315872065464532 0.012887920972592563 0.017103176285313517
0 0.8567964555449542 0.6654363948126663 0.019283391337314982 0.023571431094636826
0 0.9490450036705098 0.6872353242759227 0.019283391337314746 0.023571431094636826
0 0.680996368538982 0.6371725294737219 0.019283391337314982 0.023571431094636826
0 0.7585161129664821 0.6532307201587332 0.019186411094166543 0.01940476442797016
0 0.8790836215783339 0.6823808363133677 0.019283391337314982 0.023571431094636826
0 0.8058517691214357 0.6713854757554742 0.025581881458888962 0.025873019237293703
0 0.6518297018723154 0.6381910519172312 0.019283391337314982 0.023571431094636826
0 0.7817964555449542 0.6680554525245472 0.01695760739611103 0.013082012824862469
0 0.702241867905695 0.6541533467759774 0.019283391337314982 0.023571431094636826
0 0.7588555438175005 0.6678140534920665 0.019283391337314746 0.023571431094636826
0 0.686568377784121 0.6526156504659525 0.025678861702037162 0.030039685903960372
0 0.825982866639121 0.6852776688592833 0.019283391337314982 0.023571431094636826
0 0.9590261301901858 0.7129496087286042 0.019283391337314746 0.023571431094636826
0 0.7820873962743988 0.6805554525245474 0.019186411094166543 0.01940476442797016
0 0.49196980065657464 0.6229232162216453 0.019186411094166664 0.01940476442797016
0 0.8902761301901858 0.7153504116311619 0.025581881458888962 0.025873019237293703
0 0.9259594925255098 0.7255719677116625 0.019283391337314982 0.023571431094636826
0 0.6273388481488432 0.660939071154525 0.019283391337314982 0.023571431094636826
0 0.5257395450840746 0.6405091905719204 0.019283391337314864 0.023571431094636826
0 0.5750130642076395 0.6523411945655536 0.025581881458888962 0.025873019237293703
0 0.6043494462998155 0.658614338788711 0.019283391337314982 0.023571431094636826
0 0.5027986333566209 0.6402677915394397 0.019283391337314746 0.023571431094636826
0 0.9501845215275007 0.736193657609256 0.029748548125555628 0.026018522443509322
0 0.8590503752509728 0.7174833523444458 0.019283391337314982 0.023571431094636826
0 0.8119814147646767 0.710786930081038 0.025775841945185125 0.034206352570627034
0 0.6946843765175468 0.6877776865217419 0.025775841945185125 0.034206352570627034
0 0.35836977165458384 0.6161209854872117 0.019283391337314864 0.023571431094636826
0 0.48828803520564873 0.6439020527611944 0.025678861702037044 0.030039685903960372
0 0.5250615543292135 0.6561705663734743 0.025678861702037044 0.030039685903960372
0 0.7388465425509264 0.7039582361898112 0.025581881458888726 0.025873019237293703
0 0.8698307178294452 0.7327445943289066 0.019283391337314982 0.023571431094636826
0 0.5754252302410191 0.670049527898887 0.025775841945185125 0.034206352570627034
0 0.39737209447620425 0.634566747496384 0.019283391337314864 0.023571431094636826
0 0.942263354227547 0.7541929973550207 0.025775841945185125 0.034206352570627034
0 0.37237209447620423 0.6354397667336776 0.019283391337314864 0.023571431094636826
0 0.6008373962743987 0.6868848419949266 0.019380371580462945 0.027738097761303492
0 0.8324761881941674 0.7403041231848472 0.029748548125555628 0.026018522443509322
0 0.6293988073685653 0.7046526953529711 0.025775841945185125 0.034206352570627034
0 0.8044239233765285 0.7444112698268025 0.025678861702037162 0.030039685903960372
0 0.5634586215783339 0.6934027041842005 0.036337978976573974 0.04082011058616596
0 0.4524600734527784 0.6722585391489143 0.025775841945185125 0.034206352570627034
0 0.36241608396449126 0.6555951914158834 0.025581881458888962 0.025873019237293703
0 0.7322579826470841 0.734421200134022 0.025678861702037162 0.030039685903960372
0 0.7793754332549544 0.743200955730763 0.025678861702037162 0.030039685903960372
0 0.9062171869275933 0.7731744837427406 0.025678861702037162 0.030039685903960372
0 0.9366437258080099 0.7814945854976774 0.025775841945185125 0.034206352570627034
0 0.3813600444507876 0.6632737603212464 0.025581881458888962 0.025873019237293703
0 0.3332251722370376 0.6555720471927259 0.019380371580462945 0.027738097761303492
0 0.2745524080526857 0.6430257587464112 0.012984901215740762 0.021269842951980186
0 0.6926504042529636 0.7347618139264036 0.027907665400092676 0.03636243750706806
0 0.29870470187231535 0.6505224486440048 0.025775841945185125 0.034206352570627034
0 0.7158095215275007 0.7443782129588844 0.025775841945185125 0.034206352570627034
0 0.2559236333566209 0.648888856507715 0.019380371580462945 0.027738097761303492
0 0.5189094055195376 0.705383530317685 0.025775841945185125 0.034206352570627034
0 0.8196618733511118 0.7720270086050479 0.025581881458888726 0.025873019237293703
0 0.2811175938429172 0.6563491706037545 0.019283391337314746 0.023571431094636826
0 0.5786965715529173 0.7210184429624458 0.019283391337314746 0.023571431094636826
0 0.382862367272408 0.6830290511863593 0.019283391337314864 0.023571431094636826
0 0.40597299442537094 0.6905621168855066 0.019283391337314864 0.023571431094636826
0 0.4909298758842599 0.7126156769596403 0.025775841945185125 0.034206352570627034
0 0.8544975295060655 0.7906182738204357 0.025775841945185125 0.034206352570627034
0 0.461593493792084 0.7063425327364831 0.025775841945185125 0.034206352570627034
0 0.656628482013797 0.7547849669807902 0.025581881458888962 0.025873019237293703
0 0.93543321466301 0.8190673371007852 0.02994250861185179 0.03435185577684265
0 0.36757679812342653 0.698158021543001 0.019283391337314864 0.023571431094636826
0 0.8820657640551396 0.8105058363133676 0.029748548125555628 0.026018522443509322
0 0.8056604214766675 0.7975362698268025 0.02994250861185179 0.03435185577684265
0 0.6328156190451859 0.7618716104165301 0.02994250861185179 0.03435185577684265
0 0.38048896415680616 0.7154298452576876 0.025775841945185125 0.034206352570627034
0 0.5282852764667136 0.7498841905719205 0.025678861702037044 0.030039685903960372
0 0.3480760721862043 0.7113491617725252 0.027907665400092676 0.03636243750706806
0 0.9138491553924545 0.8323312289334172 0.025775841945185125 0.034206352570627034
0 0.24441768084888948 0.6920336994596951 0.025581881458888903 0.025873019237293703
0 0.27164648454694507 0.6973379286192934 0.03212282218833332 0.03859127404661725
0 0.23182070060574134 0.6883035424116752 0.012984901215740762 0.021269842951980186
0 0.8343188128139822 0.8194707898515138 0.02994250861185179 0.03435185577684265
0 0.7777536270237507 0.807893416468758 0.02994250861185179 0.03435185577684265
0 0.29596849379208395 0.7121262851835538 0.025775841945185125 0.034206352570627034
0 0.41578527646671365 0.753812777139742 0.025678861702037044 0.030039685903960372
0 0.5164156480471767 0.7774040335239006 0.02994250861185179 0.03435185577684265
0 0.7407385282394915 0.8300362786580319 0.025581881458888962 0.025873019237293703
0 0.571067215929584 0.7963458251764309 0.027907665400092676 0.03636243750706806
0 0.2389435227940747 0.7255852876023517 0.025678861702037044 0.030039685903960372
0 0.620389225174723 0.8102611625033975 0.025775841945185125 0.034206352570627034
0 0.8656181738827322 0.8652908916064507 0.03851829255305551 0.04505952885594032
0 0.6907627733002786 0.8328239837992858 0.025775841945185125 0.034206352570627034
0 0.4196618733511118 0.785995316401747 0.02994250861185179 0.03435185577684265
0 0.22281024746472286 0.7490839670938809 0.027907665400092617 0.03636243750706806
0 0.24485496289023215 0.7556117419279157 0.029942508611851913 0.03435185577684265
0 0.30674970731773216 0.7722155696362353 0.027907665400092676 0.03636243750706806
0 0.14025188512939876 0.740499322083306 0.038518292553055625 0.04505952885594032
0 0.39693916717074146 0.7951289173692663 0.03212282218833332 0.03859127404661725
0 0.8748243294043989 0.9024998851940195 0.03212282218833332 0.03859127404661725
0 0.4905203226924081 0.8293914710309688 0.025581881458888962 0.025873019237293703
0 0.41542334244926 0.8278438620761832 0.03212282218833332 0.03859127404661725
0 0.336062715296297 0.8222750896609465 0.038615272796203706 0.04922619552260722
0 0.6608947417651395 0.8932902578459031 0.036337978976573974 0.04082011058616596
0 0.22952177456685252 0.8134854214194448 0.034303135764814856 0.042830692316391604
0 0.5766167220082877 0.9004033644384359 0.03410917527851846 0.03449735898305827