0 0.49166666666666664 0.6270833333333333 0.00625 0.009375
0 0.4166666666666667 0.6385416666666667 0.010416666666666666 0.010416666666666666
0 0.4791666666666667 0.63125 0.00625 0.009375
0 0.48541666666666666 0.6302083333333334 0.00625 0.009375
0 0.46041666666666664 0.6354166666666666 0.00625 0.009375
0 0.4708333333333333 0.634375 0.00625 0.009375
0 0.24583333333333332 0.66875 0.010416666666666666 0.015625
0 0.4041666666666667 0.6520833333333333 0.00625 0.009375
0 0.5447916666666667 0.634375 0.010416666666666666 0.015625
0 0.7822916666666667 0.6083333333333333 0.015625 0.015625
0 0.3958333333333333 0.6552083333333333 0.00625 0.009375
0 0.35208333333333336 0.6635416666666667 0.010416666666666666 0.015625
0 0.2 0.68125 0.010416666666666666 0.015625
0 0.2791666666666667 0.671875 0.00625 0.009375
0 0.365625 0.6614583333333334 0.004166666666666667 0.004166666666666667
0 0.2552083333333333 0.6770833333333334 0.00625 0.009375
0 0.29791666666666666 0.671875 0.00625 0.014583333333333334
0 0.340625 0.6666666666666666 0.00625 0.009375
0 0.04895833333333333 0.7020833333333333 0.010416666666666666 0.015625
0 0.38958333333333334 0.6604166666666667 0.00625 0.009375
0 0.5229166666666667 0.646875 0.010416666666666666 0.015625
0 0.5572916666666666 0.6416666666666667 0.010416666666666666 0.015625
0 0.325 0.6708333333333333 0.00625 0.009375
0 0.6416666666666667 0.634375 0.010416666666666666 0.010416666666666666
0 0.171875 0.6916666666666667 0.00625 0.014583333333333334
0 0.27291666666666664 0.6791666666666667 0.00625 0.009375
0 0.03229166666666667 0.7114583333333333 0.010416666666666666 0.015625
0 0.17708333333333334 0.69375 0.004166666666666667 0.004166666666666667
0 0.6614583333333334 0.634375 0.010416666666666666 0.015625
0 0.38333333333333336 0.66875 0.010416666666666666 0.010416666666666666
0 0.5708333333333333 0.6458333333333334 0.010416666666666666 0.015625
0 0.65 0.6354166666666666 0.010416666666666666 0.010416666666666666
0 0.5833333333333334 0.6458333333333334 0.00625 0.014583333333333334
0 0.5583333333333333 0.6510416666666666 0.010416666666666666 0.015625
0 0.684375 0.6354166666666666 0.00625 0.009375
0 0.5354166666666667 0.6541666666666667 0.010416666666666666 0.020833333333333332
0 0.6791666666666667 0.6354166666666666 0.00625 0.009375
0 0.3489583333333333 0.6770833333333334 0.004166666666666667 0.004166666666666667
0 0.33541666666666664 0.6802083333333333 0.015625 0.020833333333333332
0 0.4510416666666667 0.6666666666666666 0.00625 0.014583333333333334
0 0.4666666666666667 0.6645833333333333 0.010416666666666666 0.015625
0 0.8510416666666667 0.6166666666666667 0.010416666666666666 0.015625
0 0.121875 0.709375 0.004166666666666667 0.004166666666666667
0 0.115625 0.7104166666666667 0.010416666666666666 0.015625
0 0.2875 0.6895833333333333 0.00625 0.014583333333333334
0 0.5270833333333333 0.659375 0.00625 0.014583333333333334
0 0.20833333333333334 0.7020833333333333 0.00625 0.009375
0 0.09583333333333334 0.7145833333333333 0.015625 0.015625
0 0.8166666666666667 0.6270833333333333 0.015625 0.020833333333333332
0 0.515625 0.665625 0.010416666666666666 0.010416666666666666
0 0.8739583333333333 0.621875 0.015625 0.020833333333333332
0 0.4395833333333333 0.675 0.00625 0.009375
0 0.13229166666666667 0.7145833333333333 0.016666666666666666 0.025
0 0.4270833333333333 0.6791666666666667 0.010416666666666666 0.015625
0 0.8447916666666667 0.6270833333333333 0.015625 0.020833333333333332
0 0.24479166666666666 0.7020833333333333 0.010416666666666666 0.015625
0 0.25625 0.7020833333333333 0.00625 0.01875
0 0.7208333333333333 0.6458333333333334 0.010416666666666666 0.015625
0 0.39895833333333336 0.6854166666666667 0.010416666666666666 0.015625
0 0.075 0.7239583333333334 0.010416666666666666 0.010416666666666666
0 0.15833333333333333 0.7145833333333333 0.010416666666666666 0.020833333333333332
0 0.415625 0.6833333333333333 0.010416666666666666 0.015625
0 0.75 0.6416666666666667 0.015625 0.015625
0 0.04791666666666667 0.7302083333333333 0.010416666666666666 0.010416666666666666
0 0.06770833333333333 0.728125 0.00625 0.014583333333333334
0 0.8677083333333333 0.6322916666666667 0.015625 0.015625
0 0.7645833333333333 0.6447916666666667 0.015625 0.015625
0 0.06145833333333333 0.73125 0.010416666666666666 0.010416666666666666
0 0.11458333333333333 0.7239583333333334 0.015625 0.020833333333333332
0 0.22083333333333333 0.7145833333333333 0.010416666666666666 0.015625
0 0.030208333333333334 0.7395833333333334 0.010416666666666666 0.020833333333333332
0 0.296875 0.7041666666666667 0.010416666666666666 0.020833333333333332
0 0.14791666666666667 0.7270833333333333 0.015625 0.020833333333333332
0 0.09583333333333334 0.7333333333333333 0.010416666666666666 0.015625
0 0.06041666666666667 0.7385416666666667 0.010416666666666666 0.015625
0 0.17916666666666667 0.728125 0.010416666666666666 0.020833333333333332
0 0.2125 0.7239583333333334 0.015625 0.020833333333333332
0 0.24479166666666666 0.7208333333333333 0.010416666666666666 0.020833333333333332
0 0.5395833333333333 0.6864583333333333 0.010416666666666666 0.010416666666666666
0 0.71875 0.6666666666666666 0.015625 0.020833333333333332
0 0.7479166666666667 0.665625 0.020833333333333332 0.020833333333333332
0 0.7104166666666667 0.6729166666666667 0.015625 0.020833333333333332
0 0.7625 0.6666666666666666 0.015625 0.015625
0 0.2989583333333333 0.7229166666666667 0.015625 0.020833333333333332
0 0.2552083333333333 0.7302083333333333 0.016666666666666666 0.025
0 0.39375 0.71875 0.015625 0.020833333333333332
0 0.8854166666666666 0.6583333333333333 0.016666666666666666 0.025
0 0.9177083333333333 0.6541666666666667 0.016666666666666666 0.025
0 0.8760416666666667 0.659375 0.016666666666666666 0.025
0 0.21979166666666666 0.7416666666666667 0.015625 0.020833333333333332
0 0.5416666666666666 0.7020833333333333 0.015625 0.020833333333333332
0 0.33645833333333336 0.7302083333333333 0.016666666666666666 0.025
0 0.35625 0.7354166666666667 0.021875 0.025
0 0.3958333333333333 0.7333333333333333 0.020833333333333332 0.020833333333333332
0 0.09479166666666666 0.7708333333333334 0.015625 0.020833333333333332
0 0.17083333333333334 0.7614583333333333 0.021875 0.025
0 0.6947916666666667 0.7 0.021875 0.029166666666666667
0 0.9020833333333333 0.6770833333333334 0.021875 0.029166666666666667
0 0.10520833333333333 0.7791666666666667 0.016666666666666666 0.029166666666666667
0 0.07083333333333333 0.7854166666666667 0.016666666666666666 0.025
0 0.9875 0.6770833333333334 0.025 0.035416666666666666
0 0.4 0.75 0.020833333333333332 0.020833333333333332
0 0.259375 0.7666666666666667 0.021875 0.034375
0 0.6510416666666666 0.7239583333333334 0.021875 0.034375
0 0.22604166666666667 0.7760416666666666 0.021875 0.029166666666666667
0 0.6770833333333334 0.7208333333333333 0.020833333333333332 0.020833333333333332
0 0.7645833333333333 0.7125 0.021875 0.034375
0 0.20416666666666666 0.7958333333333333 0.021875 0.034375
0 0.6895833333333333 0.7520833333333333 0.03333333333333333 0.04375
0 0.7791666666666667 0.7645833333333333 0.03333333333333333 0.04375
0 0.6354166666666666 0.7864583333333334 0.03333333333333333 0.04375
0 0.8770833333333333 0.796875 0.03958333333333333 0.059375
0 0.7 0.8416666666666667 0.041666666666666664 0.05
0 0.9072916666666667 0.8333333333333334 0.053125 0.07083333333333333
0 0.83125 0.9333333333333333 0.09791666666666667 0.065625