0 0.4378869905509892 0.6592819832645139 0.006613758015539043 0.010744215287185692
0 0.4326422814161019 0.6579673594140815 0.006613758015539043 0.010744215287185692
0 0.45164691202697926 0.6662416719423052 0.004312169872882284 0.00438503241367935
0 0.4631779969634204 0.6689255110799234 0.004312169872882284 0.00438503241367935
0 0.4695007485665282 0.6713363930337757 0.006613758015539043 0.010744215287185454
0 0.44532416042387146 0.6638307899884528 0.004312169872882284 0.00438503241367935
0 0.40976199055098916 0.6578080144721785 0.019550267634185894 0.02389931252822374
0 0.32785722612301893 0.6347998824054314 0.019550267634185776 0.02389931252822374
0 0.4802084216456261 0.6802156407346407 0.006613758015539043 0.010744215287185692
0 0.47711979744718 0.6810935330910478 0.004312169872882284 0.00438503241367935
0 0.390152202892092 0.6619791105072016 0.019550267634185894 0.023899312528223506
0 0.6169346171682333 0.7248125275125525 0.02623677725283263 0.03672686114874277
0 0.9689121420305408 0.8295589921581972 0.01640212341102843 0.05284761344787772
0 0.9425794689514428 0.8198608729060346 0.04176588142656759 0.06457447459662026
0 0.5163526043433708 0.7029050829175818 0.017248679491529136 0.0175401296547174
0 0.35778778462231753 0.65820344263452 0.01531084936441142 0.021597613447877726
0 0.5363625258193611 0.710192320215892 0.010780424682205591 0.010962581034198374
0 0.8745801292056783 0.8079790961837453 0.039173286871479716 0.049881958389780816
0 0.3432044512889842 0.6574391625199757 0.01531084936441142 0.021597613447877487
0 0.4871131860735964 0.6992931893551597 0.019695770840401514 0.028065979194890407
0 0.4975662285418169 0.700880770389358 0.013082012824862469 0.017321763907704717
0 0.4620040586689347 0.6948579948730838 0.017248679491529136 0.0175401296547174
0 0.5554399080333461 0.720549966077449 0.013082012824862469 0.017321763907704717
0 0.5176852774224687 0.7112930076876682 0.017248679491529136 0.0175401296547174
0 0.44630630706582686 0.6919557899884529 0.01078042468220571 0.010962581034198374
0 0.4714881860735964 0.6984743178038623 0.01078042468220571 0.010962581034198138
0 0.3507507485665282 0.6651129692439145 0.01531084936441142 0.021597613447877726
0 0.5367262838349 0.7206089868825586 0.010780424682205591 0.010962581034198374
0 0.5797256235806645 0.7311805691227719 0.013082012824862469 0.017321763907704717
0 0.5430854112395617 0.7240615355030776 0.013082012824862469 0.017321763907704717
0 0.5094610714937972 0.7139812761936428 0.013082012824862469 0.017321763907704717
0 0.41189493126427296 0.6891126059089316 0.013082012824862469 0.017321763907704717
0 0.7563989104521442 0.7882685971639707 0.04319445033193053 0.04593365747012683
0 0.4172487678038219 0.6935522297593641 0.017248679491529136 0.0175401296547174
0 0.5748446724613162 0.740282611939006 0.019695770840401396 0.028065979194890407
0 0.5160384537077822 0.7236838248141618 0.013082012824862469 0.017321763907704717
0 0.5297619993822185 0.7296018468252864 0.017248679491529136 0.0175401296547174
0 0.4542527381604638 0.711087930045725 0.015456352570627037 0.025764280114544392
0 0.560297714929537 0.7405599984911284 0.019841274046617247 0.03223264586155684
0 0.5392825025884341 0.7342598364227316 0.013082012824862469 0.017321763907704717
0 0.3565774705262779 0.6830942597610137 0.008842594555087993 0.0150200648273587
0 0.5487666299930958 0.7378761593535101 0.017248679491529136 0.0175401296547174
0 0.5887137213419681 0.7503673006167972 0.01531084936441142 0.021597613447877726
0 0.32001000978828287 0.6780585594746529 0.03270503206215617 0.04330440976926179
0 0.3903473134782581 0.6973411857371151 0.013082012824862469 0.017321763907704717
0 0.6497124008334973 0.7702002706151475 0.04319445033193053 0.04593365747012683
0 0.8062666388243251 0.8168760613580363 0.04319445033193053 0.04593365747012683
0 0.4660384537077823 0.7210634358500099 0.03255952885594056 0.03913774310259489
0 0.4336012838349 0.7152044346439951 0.0391732868714796 0.049881958389780816
0 0.4977249633264291 0.735201178952605 0.02609127404661713 0.0325601944820761
0 0.3981118655651255 0.7112649924610539 0.02609127404661713 0.0325601944820761
0 0.8675927005298393 0.8460840313563867 0.04837963944210652 0.07531868988380618
0 0.5085053880086349 0.7461637599868032 0.028538365395489505 0.04308604402224887
0 0.3679035322317922 0.7096818407952121 0.03270503206215617 0.04330440976926179
0 0.6273413711901392 0.7846242590065777 0.045787044887018645 0.06062617367696627
0 0.9067527558229223 0.8658122478495872 0.05477514264832214 0.07981290517099164
0 0.7703903183158543 0.8316320277383421 0.030767201935038457 0.04736189356242212
0 0.5204729825637228 0.7613475991244215 0.030767201935038457 0.04736189356242212
0 0.21595247052627792 0.675724415799336 0.04995371155368531 0.06084453942397895
0 0.2803307806286844 0.7030128267746126 0.035297626617244164 0.05799692597610147
0 0.5438989104521441 0.7771319440663245 0.05886905771188111 0.07794793758467099
0 0.44963964923038946 0.757635381425206 0.058650802902557565 0.07169793758467098
0 0.6797289425143004 0.8258409060741497 0.02609127404661725 0.0325601944820761
0 0.667301694117408 0.8272691421664451 0.019695770840401396 0.028065979194890407
0 0.11002985274026304 0.6795310892505129 0.045787044887018645 0.06062617367696627
0 0.8114683784465332 0.9553720514841278 0.07871033175849836 0.08925589703174429
0 0.6381515779627737 0.9453138828570105 0.04995371155368531 0.06084453942397895