0 0.2939551337386816 0.12415797516318271 0.013009335969555025 0.013228042093374803
0 0.15341502306694074 0.11805083494604961 0.013179114626073485 0.01739470876004147
0 0.24508168973360742 0.12338981029746475 0.013179114626073485 0.01739470876004147
0 0.438661911077089 0.1305077960781074 0.008757779974629306 0.01090202806224987
0 0.9206140204307189 0.15026475351415147 0.008757779974629187 0.01090202806224987
0 0.702076243751367 0.1427323502134259 0.008757779974629424 0.01090202806224987
0 0.6864936884154964 0.1428639642633741 0.013009335969555025 0.013228042093374744
0 0.34716502306694075 0.1293354873933589 0.004336445323185009 0.0044093473644582675
0 0.216999134397737 0.12279338225403814 0.013009335969555143 0.013228042093374803
0 0.23058324572853325 0.1246237611885275 0.013009335969555143 0.013228042093374803
0 0.9384072430923115 0.1533794798130991 0.0066744466412960906 0.010780687713354099
0 0.33566424506947784 0.12762644880776533 0.013179114626073603 0.01739470876004147
0 0.9332837990872372 0.15515946227419292 0.013009335969555025 0.013228042093374803
0 0.44404002306694074 0.13497781361701353 0.008757779974629306 0.01090202806224987
0 0.13287880238251457 0.1241290981237583 0.019514003954332684 0.019842063140062174
0 0.09854624704664415 0.12316864903364427 0.019514003954332716 0.019842063140062174
0 0.8698694664129595 0.15458358163287103 0.008757779974629424 0.01090202806224987
0 0.7595801337386816 0.1512775431413937 0.02193689460070279 0.02829673682229128
0 0.22450302438505165 0.12842640680850675 0.013009335969555143 0.013228042093374803
0 0.8573694664129595 0.15385553953949627 0.02193689460070279 0.02829673682229134
0 0.6804559117361445 0.14770827655002003 0.013179114626073367 0.01739470876004147
0 0.596123356400274 0.14383565908640683 0.019514003954332775 0.019842063140062174
0 0.7793293557412186 0.15138860978923716 0.008757779974629424 0.01090202806224987
0 0.3474621357158479 0.13662715406002554 0.013009335969555143 0.013228042093374744
0 0.4421689130542553 0.14006480660145107 0.008757779974629187 0.01090202806224987
0 0.923036911077089 0.15871942719638057 0.013009335969555025 0.013228042093374744
0 0.15496602570316256 0.13061150512049752 0.017600449277517784 0.02388738945783304
0 0.14454935903649588 0.13000480337601852 0.017600449277517784 0.023887389457833072
0 0.8003324677310704 0.1567686799448618 0.004336445323185009 0.0044093473644582675
0 0.7316673570593295 0.15484778176463376 0.017600449277517784 0.023887389457833072
0 0.8066673570593295 0.15921603432488254 0.008757779974629424 0.01090202806224987
0 0.08230402702127343 0.13261459290914457 0.013179114626073515 0.01739470876004147
0 0.7984189130542554 0.16081400626263267 0.004336445323185009 0.0044093473644582675
0 0.8098772463875886 0.16148137818155955 0.008757779974629424 0.01090202806224987
0 0.6932954690491812 0.15676965197672818 0.004336445323185009 0.0044093473644582675
0 0.8171689130542553 0.16190606940269484 0.008757779974629424 0.01090202806224987
0 0.33938347036729216 0.14239179266444238 0.013179114626073485 0.01739470876004147
0 0.2967175816980884 0.14094598217874518 0.013009335969555143 0.013228042093374744
0 0.1770956936879401 0.1381355787839034 0.013179114626073485 0.01739470876004147
0 0.3270108043596809 0.14478875057106758 0.013179114626073485 0.01739470876004147
0 0.5840902477056996 0.1545659503263654 0.02193689460070279 0.02829673682229134
0 0.24163658235714383 0.14085546293300646 0.013179114626073485 0.01739470876004141
0 0.8923386917107737 0.17044098862961027 0.008757779974629424 0.01090202806224987
0 0.5488009150314217 0.1556281643951368 0.013179114626073603 0.01739470876004147
0 0.2146805830161993 0.1424030383973611 0.013179114626073485 0.01739470876004141
0 0.8985462470466442 0.169763343009631 0.008757779974629424 0.01090202806224987
0 0.4457183596955513 0.15066348379146144 0.008757779974629306 0.01090202806224987
0 0.4385115823571438 0.15232212590365948 0.008757779974629187 0.01090202806224987
0 0.696760026362218 0.1652849958334052 0.01075622397970335 0.008940035077812306
0 0.16376625034192138 0.14255519984941403 0.017600449277517784 0.023887389457833072
0 0.6540516930288847 0.16279751868104134 0.013009335969555025 0.013228042093374803
0 0.23559880567779182 0.14569977521965244 0.02176711594418445 0.024130070155624614
0 0.7987160257031626 0.16810567292929932 0.004336445323185009 0.0044093473644582675
0 0.030517806336847263 0.13687275085341624 0.028356673257221163 0.032827424535645376
0 0.05256258499336564 0.1423134911834888 0.021767115944184418 0.024130070155624673
0 0.8061774710263475 0.17269703081710128 0.008757779974629187 0.01090202806224987
0 0.6750548050187365 0.16817758883666598 0.013009335969555025 0.013228042093374803
0 0.18476936233177313 0.1479352700050387 0.02193689460070279 0.02829673682229134
0 0.13064514032923605 0.14582208760041457 0.02193689460070279 0.02829673682229134
0 0.8176358043596809 0.17336440273602818 0.013009335969555025 0.013228042093374744
0 0.8874274710263476 0.17742930442403745 0.013009335969555025 0.013228042093374803
0 0.777010804359681 0.1709982659325601 0.008757779974629187 0.01090202806224987
0 0.8780949156904772 0.17792493952067304 0.004336445323185009 0.0044093473644582085
0 0.7261389163495325 0.1721920940512797 0.008927558631147766 0.015068694728916535
0 0.22647847366256937 0.15140374364962134 0.02176711594418439 0.024130070155624614
0 0.8135964716854029 0.1762467220382366 0.004336445323185009 0.0044093473644582675
0 0.7074313610136623 0.1721416975778842 0.013179114626073367 0.01739470876004147
0 0.9291365823571439 0.1808977780686201 0.013179114626073367 0.01739470876004147
0 0.7906798050187365 0.1749119782003828 0.008757779974629424 0.01090202806224987
0 0.34522847366256937 0.15832014353668186 0.02176711594418445 0.024130070155624673
0 0.9011389163495326 0.1823846833585268 0.008757779974629424 0.01090202806224987
0 0.29531336299082855 0.15749130849651602 0.013179114626073603 0.01739470876004141
0 0.3255216963241619 0.15925074355550511 0.013179114626073603 0.01739470876004147
0 0.8449313610136623 0.18015016060500688 0.030694674575332214 0.039198764884541146
0 0.7366404723444584 0.17488212912909204 0.013179114626073367 0.01739470876004141
0 0.33598080765495814 0.16089911196665077 0.02176711594418445 0.024130070155624673
0 0.11015136430893947 0.15294201744478994 0.028356673257221163 0.032827424535645376
0 0.9064321390111251 0.18477136756409962 0.01075622397970335 0.008940035077812306
0 0.936598027680329 0.18548913595642205 0.01075622397970335 0.008940035077812306
0 0.28810658565242103 0.1591499506087141 0.02176711594418445 0.024130070155624614
0 0.8002245836752547 0.17962467643708055 0.013009335969555025 0.013228042093374744
0 0.7325586950060509 0.17672278176463377 0.008757779974629424 0.01090202806224987
0 0.8908920283393843 0.18594464828071447 0.013009335969555025 0.013228042093374803
0 0.8981836950060509 0.18636933950184975 0.013179114626073367 0.01739470876004141
0 0.559896696324162 0.17290153280628248 0.013179114626073367 0.01739470876004147
0 0.45164825231908773 0.16867516799703428 0.013179114626073603 0.01739470876004147
0 0.2403172529781432 0.1594841225841107 0.01075622397970341 0.008940035077812306
0 0.6774776956651064 0.1766322625188951 0.013009335969555025 0.013228042093374803
0 0.17173703163466156 0.15964655773721598 0.02193689460070279 0.02829673682229128
0 0.07703025429625411 0.1562089051957905 0.021767115944184418 0.024130070155624673
0 0.8066868069959027 0.1851970308171013 0.008757779974629187 0.01090202806224987
0 0.786895140329236 0.1840442975025912 0.013009335969555025 0.013228042093374744
0 0.6869800296574952 0.18030329408892623 0.019514003954332775 0.019842063140062174
0 0.6557724743216248 0.17952485552215589 0.019514003954332775 0.019842063140062174
0 0.8837276956651064 0.18864495705957918 0.013009335969555025 0.013228042093374803
0 0.14777869830132823 0.1582511437249143 0.02193689460070279 0.02829673682229134
0 0.878646696324162 0.19146660618733968 0.013009335969555025 0.013228042093374744
0 0.03961514362451329 0.15610811224899945 0.02601867193911026 0.026456084186749607
0 0.010406032293717032 0.1533676806977916 0.009436894600702787 0.027568694728916536
0 0.4258188089730691 0.17236674696917015 0.017176002636221693 0.013470722791166404
0 0.1967794762987912 0.16214430859063225 0.02193689460070279 0.02829673682229134
0 0.7766058076549581 0.1865625957581122 0.008757779974629424 0.01090202806224987
0 0.43211125363719866 0.17377243468252418 0.013009335969555025 0.013228042093374803
0 0.5487354756397358 0.17952582755402222 0.02176711594418445 0.024130070155624614
0 0.5321112536371987 0.17959677142952252 0.004336445323185009 0.0044093473644582675
0 0.9068141409882915 0.19414636756409961 0.013009335969555025 0.013228042093374744
0 0.21261669961943916 0.16826269454068407 0.02176711594418445 0.024130070155624673
0 0.10645158894769834 0.16415767008033166 0.028356673257221163 0.032827424535645376
0 0.8913164749806803 0.19636131494738113 0.013009335969555025 0.013228042093374803
0 0.9141906969832173 0.19665439211856828 0.008757779974629424 0.01090202806224987
0 0.7861505863114765 0.19127529399480997 0.013009335969555025 0.013228042093374803
0 0.7059846976422729 0.1876453572289884 0.008927558631147766 0.015068694728916535
0 0.5905719209629208 0.1861193011986049 0.019514003954332775 0.019842063140062174
0 0.5249893656270503 0.1833387468750539 0.02176711594418445 0.024130070155624673
0 0.6728635876295874 0.1909122449799889 0.019514003954332775 0.019842063140062174
0 0.23570314494262418 0.17376410504520454 0.026018671939110286 0.026456084186749607
0 0.5625742549553095 0.18760620648851162 0.019514003954332775 0.019842063140062174
0 0.6947385876295874 0.1921863186433948 0.017176002636221693 0.013470722791166404
0 0.7978635876295874 0.19819266591373685 0.02176711594418445 0.024130070155624673
0 0.8144878096321245 0.19812172203823658 0.02176711594418445 0.024130070155624614
0 0.33466147827595755 0.17952777161775496 0.017600449277517784 0.023887389457833072
0 0.2940364782759576 0.1771616348142869 0.02176711594418445 0.024130070155624614
0 0.8989476989603837 0.20511933950184974 0.013179114626073603 0.01739470876004141
0 0.7271575882886429 0.19719209405127971 0.019514003954332775 0.019842063140062174
0 0.7115750329527726 0.19732370810122787 0.013009335969555025 0.013228042093374803
0 0.32224636760421677 0.1808830628577135 0.028356673257221132 0.032827424535645376
0 0.5326205896067537 0.19209677142952256 0.019514003954332657 0.019842063140062174
0 0.426455478935013 0.18799174696917015 0.01717600263622181 0.013470722791166404
0 0.9261159216219762 0.20878009737082845 0.019514003954332775 0.019842063140062174
0 0.6814515889476984 0.19764760637557213 0.02176711594418445 0.024130070155624614
0 0.6575357002784945 0.19729385902993712 0.02601867193911005 0.026456084186749607
0 0.35041381226834634 0.18356282423447345 0.028526451913739474 0.03699409120231204
0 0.08708436892232761 0.17342160343248825 0.032353561267369456 0.02890343856677031
0 0.7824508109502354 0.2024909466303517 0.019514003954332775 0.019842063140062174
0 0.8845341442835687 0.20843662372624586 0.02176711594418445 0.024130070155624673
0 0.40370859092486466 0.190823669797983 0.026018671939110286 0.026456084186749607
0 0.5682070349299388 0.19832622402741776 0.02176711594418445 0.024130070155624673
0 0.462041924258198 0.19422119956706538 0.02176711594418445 0.024130070155624614
0 0.937828922940087 0.2156974692897554 0.019514003954332775 0.019842063140062174
0 0.6973737015966055 0.2058493256589573 0.026018671939110286 0.026456084186749607
0 0.0457572595686977 0.1793281297879056 0.028526451913739547 0.03699409120231204
0 0.9212895902658093 0.217851746498589 0.013009335969555025 0.013228042093374744
0 0.18438381556362357 0.18948059632280956 0.028356673257221132 0.032827424535645376
0 0.600753369581383 0.20645699943530266 0.02193689460070279 0.02829673682229128
0 0.7351283695813832 0.21428345193908166 0.02176711594418445 0.024130070155624614
0 0.665379147578846 0.21126021691773908 0.019514003954332775 0.019842063140062174
0 0.7871692582505868 0.21627529399480996 0.013179114626073367 0.01739470876004147
0 0.5624239262353644 0.20942053631406368 0.02176711594418445 0.024130070155624614
0 0.89237759158392 0.22240298161404778 0.02176711594418445 0.024130070155624673
0 0.20330359422014194 0.1947393261295384 0.02359578129274015 0.0180014105045205
0 0.5375088155636235 0.21004778546064745 0.017600449277517784 0.023887389457833072
0 0.43030203822521607 0.20588209082584716 0.028356673257221132 0.032827424535645376
0 0.9080874809121793 0.22539636756409961 0.019514003954332775 0.019842063140062174
0 0.530302038225216 0.2117064275728455 0.024190006590554466 0.03258474383785378
0 0.8832148149045681 0.22706528337735005 0.02176711594418445 0.024130070155624673
0 0.8717564815712348 0.22639791145842317 0.013179114626073367 0.01739470876004147
0 0.7978830375661606 0.22417366240595563 0.02176711594418445 0.024130070155624614
0 0.3908884835484011 0.20774329086349363 0.024190006590554466 0.03258474383785378
0 0.9239247042328274 0.23151475351415146 0.017600449277517784 0.023887389457833072
0 0.9396345935610865 0.23450813946420326 0.02176711594418445 0.024130070155624614
0 0.6753059282125307 0.22534791515443683 0.02176711594418445 0.024130070155624673
0 0.7658884835484012 0.22958455366473743 0.019514003954332775 0.019842063140062174
0 0.6618067062099937 0.22560086955328082 0.019514003954332775 0.019842063140062174
0 0.2787280408614379 0.20952424535645384 0.02193689460070279 0.02829673682229134
0 0.9470960388842715 0.23909949735200525 0.013179114626073367 0.01739470876004141
0 0.5838090402023824 0.22417560646968837 0.028526451913739474 0.03699409120231204
0 0.7847658175407898 0.23380161680479958 0.02793222661592504 0.022410757868978712
0 0.4465212635230304 0.22137547677589897 0.028356673257221132 0.032827424535645376
0 0.696351484866512 0.23176965197672814 0.034946230570257815 0.041524778915666145
0 0.08219259817447463 0.20639091571913418 0.041450898555035476 0.04813879996235351
0 0.45902126352303035 0.2221035188692738 0.028526451913739474 0.03699409120231204
0 0.3413553748538266 0.2162894558233278 0.024190006590554466 0.032584743837853834
0 0.7411855961973083 0.2354201361446545 0.02176711594418445 0.024130070155624673
0 0.9306415955382529 0.24333710789417218 0.02176711594418445 0.024130070155624614
0 0.058361598833530086 0.2081205017068325 0.034946230570257905 0.041524778915666145
0 0.4831493755128821 0.22766559954824211 0.052207122534738915 0.05707883504016588
0 0.14169493216686344 0.21297411566266444 0.04145089855503545 0.04813879996235351
0 0.8047697075281045 0.24016268345264305 0.02176711594418445 0.024130070155624614
0 0.6445652641820859 0.23602780992099986 0.028356673257221132 0.032827424535645376
0 0.20219648816178928 0.21857631911397596 0.03953734387822051 0.05218412628012435
0 0.43115093150780803 0.2267154241591805 0.028356673257221132 0.032827424535645376
0 0.5603600428386043 0.23528019245738668 0.026018671939110286 0.026456084186749607
0 0.18153293348497432 0.22152958229168462 0.03494623057025793 0.041524778915666145
0 0.6281108208360672 0.24026542046316682 0.028356673257221132 0.032827424535645376
0 0.41065715548751136 0.23383535400355582 0.03303267589344306 0.04557010523343698
0 0.7843608208360672 0.2493659466303517 0.028356673257221132 0.032827424535645376
0 0.3108269341440298 0.23217768392322416 0.04336445323185044 0.04409347364458268
0 0.7271540434976597 0.24811242036905057 0.028356673257221132 0.032827424535645376
0 0.6096579334849743 0.24646502398977127 0.034946230570257815 0.04152477891566608
0 0.01733160212880733 0.22131869472891655 0.018704010544887194 0.050970722791166406
0 0.7470305994925855 0.251348487016894 0.028526451913739474 0.03699409120231204
0 0.9022389328259188 0.26038834300963104 0.028526451913739474 0.03699409120231204
0 0.7024936008106965 0.25498966951563434 0.02176711594418445 0.024130070155624673
0 0.2861240467929369 0.23801326640314124 0.02193689460070279 0.02829673682229134
0 0.7983269341440298 0.2605713255648411 0.036774895918813874 0.03539611926456191
0 0.44054538144438116 0.2532424522214303 0.03728423188836878 0.047896119264561915
0 0.3957961594418441 0.2516753013868373 0.03303267589344294 0.04557010523343704
0 0.3426711594418441 0.24858112248999445 0.028526451913739474 0.03699409120231204
0 0.0762167160958254 0.23825789116466556 0.041450898555035476 0.04813879996235351
0 0.23450760476502913 0.24643809101407962 0.05637378920140558 0.05732151573795742
0 0.559507604765029 0.2653671854418242 0.034946230570257815 0.041524778915666145
0 0.7189250494291587 0.2756913887990195 0.02193689460070279 0.02829673682229128
0 0.8751750494291587 0.2847919149662044 0.041450898555035566 0.048138799962353575
0 0.9261742714316957 0.28672308684748476 0.034946230570257815 0.041524778915666145
0 0.6608463840806029 0.2785438590299371 0.03477645191373947 0.03735811224899947
0 0.7983463840806029 0.28655232205705977 0.04094156258548054 0.03563879996235357
0 0.036440609378417275 0.25672508769453084 0.046211790519516474 0.06296481399347845
0 0.3799783860577693 0.2715379119290043 0.04395867852966475 0.05867680697791601
0 0.48727005272443596 0.27778693989713793 0.04378889987314641 0.054510140311249226
0 0.5789791640552323 0.28416758191521974 0.041196230570257814 0.041888799962353576
0 0.17532183335812068 0.27312755422943474 0.039537343878220575 0.05218412628012435
0 0.7686049420526951 0.2962512203314041 0.028356673257221132 0.032827424535645376
0 0.836270830721899 0.29915311500385094 0.034946230570257815 0.041524778915666145
0 0.6969846100374727 0.29831497829449904 0.03477645191373947 0.03735811224899947
0 0.9116528326990652 0.3128963675640996 0.041196230570257814 0.041888799962353576
0 0.6732385000247874 0.3021278976155307 0.0325233399238878 0.03307010523343692
0 0.1049978359943425 0.2815019823669776 0.05896645850429406 0.06994285608685319
0 0.32058039133021293 0.29301904181102606 0.04378889987314641 0.054510140311249226
0 0.6185395026610092 0.311412378369792 0.05922112648907169 0.0761928560868532
0 0.8539137246635462 0.3240821711283506 0.04336445323185056 0.04409347364458268
0 0.7488327253226017 0.32107948350911275 0.05463001318110893 0.06553350872239498
0 0.6584623933073793 0.3220511783321455 0.03962223320647951 0.054267459613457684
0 0.7969616153099163 0.3290786448670495 0.05020867852966499 0.05904082802460332
0 0.6815488386305643 0.327552588836666 0.04378889987314641 0.054510140311249344
0 0.4298050626102677 0.3212037399536076 0.05463001318110893 0.06553350872239498
0 0.918389173941064 0.3506997184363391 0.041450898555035566 0.048138799962353575
0 0.030206514524007258 0.3332623894578331 0.03698357444847845 0.09152477891566614
0 0.5423669572109705 0.3547787819528663 0.06147423847892337 0.08048086310241563
0 0.9451948445620634 0.3709664727975366 0.047955566539813074 0.054752821009040886
0 0.835160179872563 0.37391043430605925 0.05463001318110893 0.06553350872239498
0 0.871660957870026 0.37707555707840246 0.05020867852966475 0.05904082802460332
0 0.2608392944986366 0.3570871646774855 0.054969570494145734 0.07386684205572831
0 0.07680385181167329 0.3546818771335406 0.06797890646370087 0.08709488414910306
0 0.9868084786054853 0.4087492762676713 0.02638304278902955 0.05770608418674961
0 0.49512586037939416 0.41957494691270036 0.06797890646370087 0.08709488414910306
0 0.96570452572795 0.4407478657631509 0.05888156917603477 0.06785952275351997
0 0.2071784190105418 0.4173526419239656 0.07023201845355255 0.09138289116466562
0 0.7593890863362638 0.4526328343813522 0.05922112648907169 0.0761928560868533
0 0.19062145520901677 0.062022968241736455 0.019174446641295972 0.011508729806728842
0 0.1770797885423501 0.06123425597391376 0.004251555994925838 0.0023260140311249346
0 0.44250665155796604 0.4799010943336283 0.07290957708470032 0.1060875648468946
0 0.17403967787060934 0.0631355787839034 0.010756223979703468 0.008940035077812335
0 0.148167789860461 0.06578549108937257 0.0064197786565183415 0.004530687713354068
0 0.209456344537276 0.06519836471513198 0.013009335969555143 0.013228042093374803
0 0.35819354615866883 0.502009473362234 0.10292513703395881 0.1286196630647692
0 0.28554045586807225 0.0706689541164953 0.008757779974629306 0.01090202806224987
0 0.2813737892014056 0.07042627341870371 0.008757779974629306 0.01090202806224987
0 0.2397495671988685 0.06904113310745438 0.013009335969555143 0.013228042093374803
0 0.22520867852966475 0.06923341733185047 0.008757779974629306 0.01090202806224987
0 0.21895867852966475 0.06886939628516307 0.013009335969555143 0.013228042093374803
0 0.26579123386553516 0.07055788746865188 0.013009335969555143 0.013228042093374803
0 0.2563737892014056 0.06897018923195411 0.013009335969555143 0.013228042093374803
0 0.24391623386553515 0.069283813805246 0.008757779974629306 0.01090202806224987
0 0.3188737892014056 0.07261039969882808 0.008757779974629306 0.01090202806224987
0 0.2740821225347389 0.0700015821975684 0.008757779974629306 0.01090202806224987
0 0.9592529367802515 0.5589518341931199 0.08149412643949698 0.10473227360693613
0 0.7438843307466863 0.5566884344001755 0.07741580106440367 0.11466357887801971
0 0.23558290053220182 0.06879845240966279 0.008757779974629306 0.01090202806224987
0 0.31375034519633144 0.0743903821599219 0.013009335969555143 0.013228042093374803
0 0.28879278986046103 0.07397596463983899 0.013009335969555143 0.013228042093374803
0 0.10479979183762737 0.0726123437625608 0.01917444664129594 0.011508729806728842
0 0.7106553366781853 0.5828113186433949 0.06687534519633141 0.060011550815769726
0 0.3482102345245906 0.07847583125003593 0.008757779974629187 0.01090202806224987
0 0.3284610125220535 0.07836476460219251 0.013009335969555025 0.013228042093374803
0 0.15154745784523857 0.07221750161271627 0.008757779974629306 0.01090202806224987
0 0.17350734717349778 0.0755749086094555 0.004336445323185068 0.0044093473644582675
0 0.335880013181109 0.08191445582332779 0.013009335969555143 0.013228042093374803
0 0.3837542351836461 0.08366361718126451 0.019514003954332657 0.019842063140062174
0 0.2511264631672569 0.6287904278551941 0.09399757840281116 0.11355096833585279
0 0.3578823471734978 0.08631352948673368 0.008757779974629187 0.01090202806224987
0 0.08930212583001615 0.07482729114584231 0.012924446641295943 0.01114470876004147
0 0.4588391245119052 0.0901152030748466 0.004336445323185009 0.0044093473644582675
0 0.34121568050683115 0.0853428066955673 0.008757779974629187 0.01090202806224987
0 0.4504633465144423 0.08858817501259673 0.008757779974629306 0.01090202806224987
0 0.4203823471734978 0.08995373995360764 0.013009335969555025 0.013228042093374803
0 0.16434457049414572 0.08023721037275774 0.008757779974629306 0.01090202806224987
0 0.8949383577679597 0.6933072588228815 0.08991580106440367 0.11539162097139434
0 0.27988468116588655 0.08488826640314123 0.013009335969555143 0.013228042093374803
0 0.1716362371608124 0.08066190159389303 0.008757779974629306 0.01090202806224987
0 0.4370490138401645 0.09092446274477405 0.013009335969555025 0.013228042093374803
0 0.723445359745126 0.692671680038978 0.10118136101366228 0.13683165604920663
0 0.46209145850429406 0.09342221359819029 0.008757779974629187 0.01090202806224987
0 0.3112195704941457 0.08879170496991155 0.02176711594418445 0.024130070155624673
0 0.25397034849160866 0.08649651204194374 0.008757779974629306 0.01090202806224987
0 0.2726779038274791 0.08654690851533928 0.013009335969555143 0.013228042093374803
0 0.10197190448653454 0.07972199990588379 0.008757779974629277 0.01090202806224987
0 0.32371957049414574 0.08951974706328635 0.013009335969555143 0.013228042093374803
0 0.4695104591633495 0.09697190481932558 0.013009335969555143 0.013228042093374803
0 0.5371763478325532 0.09987379949177239 0.008757779974629187 0.01090202806224987
0 0.4049695704941457 0.09425202067022248 0.028526451913739474 0.03699409120231204
0 0.5737195704941459 0.10408058893078218 0.008757779974629424 0.01090202806224987
0 0.5237195704941457 0.10116842055728302 0.013009335969555143 0.013228042093374803
0 0.5102203484916087 0.101421374956127 0.013179114626073603 0.01739470876004147
0 0.16262015158275342 0.7265157823293311 0.14645936892232758 0.17687980337601844
0 0.5643445704941459 0.1035345573607511 0.008757779974629424 0.01090202806224987
0 0.5820529038274791 0.10456595032636538 0.004336445323185009 0.0044093473644582675
0 0.2895143491506641 0.09168429797317232 0.01075622397970335 0.008940035077812306
0 0.24164012714812705 0.08993513661523563 0.004336445323185068 0.0044093473644582675
0 0.5945529038274792 0.10529399241974019 0.013009335969555025 0.013228042093374803
0 0.4581370151582753 0.09838786623373202 0.008757779974629187 0.01090202806224987
0 0.17822579447384918 0.08935925597391377 0.013009335969555143 0.013228042093374803
0 0.16689479513290462 0.09181688405498688 0.004336445323185009 0.0044093473644582675
0 0.04197968446116381 0.08661979645457227 0.023765559949258552 0.02216807717118711
0 0.3500583498097196 0.0983281680911505 0.01075622397970335 0.008940035077812335
0 0.28968412780718256 0.09585096463983898 0.004336445323185009 0.0044093473644582675
0 0.1398114617995713 0.09023945951934148 0.01075622397970341 0.008940035077812335
0 0.08672890646370088 0.08818694728916528 0.01075622397970341 0.008940035077812335
0 0.5718060158173308 0.10812591524855306 0.004336445323185009 0.0044093473644582675
0 0.5586621634457515 0.8056991082706371 0.12486203163466172 0.15691639988706071
0 0.14514712912529337 0.09366781039158098 0.008757779974629306 0.01090202806224987
0 0.5448500164763862 0.10967349071290768 0.013009335969555025 0.013228042093374803
0 0.10248124045608967 0.09222199990588378 0.013009335969555143 0.013228042093374803
0 0.5771416831430528 0.11155426612079257 0.008757779974629424 0.01090202806224987
0 0.42618490580464546 0.10484042415918049 0.008757779974629187 0.01090202806224987
0 0.35747735046877505 0.1018778593122858 0.004336445323185009 0.0044093473644582675
0 0.15343801779449712 0.09311150512049753 0.013009335969555143 0.013228042093374803
0 0.6428091278071826 0.11641815377767688 0.013009335969555025 0.013228042093374803
0 0.6021841278071826 0.1140520169742088 0.008757779974629424 0.01090202806224987
0 0.5886849058046454 0.11430497137305279 0.008757779974629424 0.01090202806224987
0 0.6334341278071826 0.11587212220764578 0.008757779974629424 0.01090202806224987
0 0.0911926857792747 0.09572129465362354 0.013009335969555143 0.013228042093374803
0 0.7136849058046454 0.1215853923068007 0.008757779974629424 0.01090202806224987
0 0.6813932391379787 0.11970461689891583 0.008757779974629424 0.01090202806224987
0 0.18177524111514512 0.09995793316392412 0.013009335969555143 0.013228042093374803
0 0.0786926857792747 0.09499325256024876 0.013009335969555143 0.013228042093374803
0 0.5606447951329047 0.11475020999629283 0.013179114626073603 0.01739470876004147
0 0.2952320184535526 0.10448764884541183 0.013009335969555143 0.013228042093374803
0 0.702226572471312 0.12091802038787382 0.008757779974629424 0.01090202806224987
0 0.348314573789423 0.10654016107558803 0.008757779974629187 0.01090202806224987
0 0.2650236851202193 0.10272821378642275 0.02193689460070279 0.02829673682229134
0 0.6856872397970342 0.12307229759670743 0.008757779974629187 0.01090202806224987
0 0.662728128466238 0.12069588709218697 0.013179114626073603 0.01739470876004147
0 0.5368137957919601 0.11647979598399115 0.02193689460070279 0.02829673682229131
0 0.4868562404560896 0.11460929427715864 0.041450898555035566 0.04813879996235351
0 0.4638971291252934 0.11223288377263821 0.008757779974629187 0.01090202806224987
0 0.6908531284662379 0.12233398180228025 0.008757779974629187 0.01090202806224987
0 0.7095606838021083 0.12238437827567578 0.013179114626073367 0.01739470876004144
0 0.6741864617995713 0.12136325901111386 0.008757779974629187 0.01090202806224987
0 0.8615591278071826 0.12915889041173576 0.008757779974629424 0.01090202806224987
0 0.6950197951329046 0.12257666250007186 0.008757779974629187 0.01090202806224987
0 0.7845182391379788 0.12571096416925787 0.004336445323185009 0.0044093473644582675
0 0.7741440171354417 0.12614592909144556 0.004336445323185009 0.0044093473644582675
0 0.08927913110245973 0.09976662097139441 0.013009335969555143 0.013228042093374803
0 0.7461463511278305 0.12763283438135226 0.008757779974629187 0.01090202806224987
0 0.23711090844086724 0.10629845240966279 0.013009335969555143 0.013228042093374803
0 0.18927913110245978 0.10559095771839276 0.008757779974629306 0.01090202806224987
0 0.1632374644357931 0.10407420335719528 0.02176711594418445 0.024130070155624673
0 0.7929789064637008 0.12932132556484105 0.004336445323185009 0.0044093473644582675
0 0.009155687097385606 0.09717835087223949 0.011690006590554499 0.03185670174447897
0 0.7367713511278304 0.12708680281132118 0.008757779974629187 0.01090202806224987
0 0.7253130177944971 0.1264194308923943 0.008757779974629187 0.01090202806224987
0 0.7534804624586268 0.1290991922691542 0.008757779974629424 0.01090202806224987
0 0.13832235376405227 0.10470145250377903 0.013009335969555143 0.013228042093374803
0 0.566150241115145 0.12234522753519901 0.013179114626073367 0.01739470876004147
0 0.47452601911260806 0.1180479188504505 0.013179114626073485 0.01739470876004147
0 0.24969579776912643 0.10910982783637092 0.008757779974629306 0.01090202806224987
0 0.8034804624586267 0.1320113606426534 0.008757779974629424 0.01090202806224987
0 0.7784804624586267 0.13055527645590378 0.008757779974629424 0.01090202806224987
0 0.5806911297843489 0.12215294331080291 0.013009335969555025 0.013228042093374803
0 0.3412775751075339 0.11236546985445273 0.013009335969555025 0.013228042093374803
0 0.14561402043071894 0.10512614372491431 0.013179114626073485 0.01739470876004147
0 0.08211479842818187 0.10246692975025912 0.008757779974629277 0.01090202806224987
0 0.02694890975897813 0.10029307717118711 0.028356673257221163 0.032827424535645376
0 0.3454442417742006 0.11260815055224432 0.004336445323185009 0.0044093473644582675
0 0.7181062404560897 0.1280780730045923 0.008927558631147766 0.015068694728916535
0 0.524526019112608 0.1209600872239497 0.013009335969555143 0.013228042093374803
0 0.8160653517868859 0.13482273606936152 0.008757779974629424 0.01090202806224987
0 0.8201895737894229 0.13402375010048645 0.004336445323185009 0.0044093473644582675
0 0.7806486851202192 0.13275995013813294 0.008757779974629424 0.01090202806224987
0 0.22794813176151518 0.11096075417296504 0.013009335969555143 0.013228042093374803
0 0.15403224309231145 0.10769483845383085 0.013179114626073485 0.01739470876004147
0 0.09886635442310772 0.10552098587475885 0.013179114626073515 0.01739470876004147
0 0.8723153517868859 0.13809892548954808 0.008757779974629424 0.01090202806224987
0 0.7379827964510156 0.1313141396524357 0.008757779974629424 0.01090202806224987
0 0.8411077964510156 0.1373204869227778 0.008757779974629424 0.01090202806224987
0 0.6266942417742006 0.12898909765317718 0.028526451913739474 0.03699409120231204
0 0.5476124644357931 0.12646149772847012 0.019514003954332775 0.019842063140062174
0 0.43932157576658937 0.12119346625255527 0.013009335969555143 0.013228042093374803
0 0.7994835744484784 0.13593534661152845 0.008757779974629424 0.01090202806224987
0 0.5184457977691265 0.12476273284392896 0.013179114626073485 0.01739470876004147
0 0.462238242433256 0.12252821009040907 0.008757779974629306 0.01090202806224987
0 0.059367910418033576 0.105298852579072 0.019514003954332716 0.019842063140062174
0 0.7391093524459414 0.13345814316021698 0.008927558631147766 0.015068694728916535
0 0.32273979842818185 0.11648174004772388 0.013179114626073485 0.01739470876004147
0 0.8276085744484784 0.13757344132162175 0.008757779974629424 0.01090202806224987
0 0.58923668643833 0.12784663803971946 0.008927558631147766 0.015068694728916535
0 0.35086479842818186 0.11811983475781716 0.004336445323185009 0.0044093473644582675
0 0.8839010191126081 0.14189129740847498 0.008757779974629424 0.01090202806224987
0 0.7901934637767376 0.1374726483748307 0.013009335969555025 0.013228042093374803
0 0.369699687756441 0.12129523123121269 0.02193689460070279 0.02829673682229134
0 0.0896611330796261 0.10914162097139442 0.013009335969555143 0.013228042093374803
0 0.5955291311024598 0.12925232575307352 0.013179114626073367 0.01739470876004147
0 0.33740802108977436 0.1194144558233278 0.013009335969555025 0.013228042093374803
0 0.3301163544231077 0.1189897646021925 0.013009335969555025 0.013228042093374803
0 0.2832837990872373 0.11730127341870371 0.008757779974629187 0.01090202806224987
0 0.6383647984281818 0.1348648029054374 0.019514003954332775 0.019842063140062174
0 0.34374291041803356 0.12186181020334853 0.008757779974629306 0.01090202806224987
0 0.9027359084408673 0.14506669388187052 0.008757779974629424 0.01090202806224987
0 0.18236946641295942 0.11454126649725745 0.013179114626073485 0.01739470876004147
0 0.46553302108977435 0.12687688728041943 0.008757779974629187 0.01090202806224987
0 0.4249080210897744 0.12451075047695136 0.008757779974629187 0.01090202806224987
0 0.43545202174882985 0.12824245222143033 0.013009335969555143 0.013228042093374803
0 0.08362335640027409 0.11398593325804036 0.013009335969555143 0.013228042093374803
0 0.8934457977691265 0.14660399564517274 0.013009335969555025 0.013228042093374803
0 0.8882374644357931 0.14630064477293325 0.008757779974629424 0.01090202806224987
0 0.8767791311024598 0.14563327285400635 0.008757779974629424 0.01090202806224987
0 0.9152783531049967 0.14683640264191195 0.008757779974629424 0.01090202806224987
0 0.9080291311024598 0.14745337808744333 0.008757779974629424 0.01090202806224987
0 0.840363242433256 0.14455148341499652 0.008757779974629187 0.01090202806224987
0 0.6779481317615151 0.13717026953445757 0.008757779974629187 0.01090202806224987
0 0.9246533531049967 0.14738243421194305 0.013009335969555025 0.013228042093374803
0 0.3512043557412186 0.12645316809115048 0.013009335969555143 0.013228042093374803