0 0.9239583333333333 0.375 0.040625 0.035416666666666666
0 0.628125 0.34791666666666665 0.027083333333333334 0.027083333333333334
0 0.996875 0.3958333333333333 0.00625 0.06041666666666667
0 0.9666666666666667 0.39895833333333336 0.058333333333333334 0.07083333333333333
0 0.5354166666666667 0.34791666666666665 0.046875 0.05416666666666667
0 0.5666666666666667 0.35833333333333334 0.027083333333333334 0.034375
0 0.6083333333333333 0.3645833333333333 0.027083333333333334 0.027083333333333334
0 0.8395833333333333 0.39479166666666665 0.041666666666666664 0.04583333333333333
0 0.2604166666666667 0.3229166666666667 0.0375 0.05
0 0.4395833333333333 0.359375 0.03333333333333333 0.04791666666666667
0 0.7541666666666667 0.39791666666666664 0.040625 0.035416666666666666
0 0.3802083333333333 0.3541666666666667 0.0375 0.05
0 0.42291666666666666 0.3625 0.022916666666666665 0.03958333333333333
0 0.33645833333333336 0.35208333333333336 0.0375 0.04583333333333333
0 0.4895833333333333 0.37083333333333335 0.053125 0.065625
0 0.9041666666666667 0.42291666666666666 0.053125 0.07083333333333333
0 0.4625 0.3697916666666667 0.028125 0.03958333333333333
0 0.8708333333333333 0.4239583333333333 0.0375 0.04583333333333333
0 0.5697916666666667 0.3875 0.041666666666666664 0.05416666666666667
0 0.9333333333333333 0.4322916666666667 0.03333333333333333 0.04791666666666667
0 0.6270833333333333 0.39895833333333336 0.053125 0.07083333333333333
0 0.7041666666666667 0.4083333333333333 0.03125 0.035416666666666666
0 0.41354166666666664 0.375 0.027083333333333334 0.034375
0 0.5947916666666667 0.39791666666666664 0.03333333333333333 0.04375
0 0.290625 0.36666666666666664 0.041666666666666664 0.05
0 0.05416666666666667 0.34791666666666665 0.07291666666666667 0.08541666666666667
0 0.8197916666666667 0.44375 0.06875 0.08125
0 0.721875 0.4427083333333333 0.034375 0.053125
0 0.7635416666666667 0.4625 0.04791666666666667 0.06458333333333334
0 0.3177083333333333 0.4270833333333333 0.07083333333333333 0.090625
0 0.4010416666666667 0.4395833333333333 0.05416666666666667 0.07916666666666666
0 0.36041666666666666 0.44166666666666665 0.052083333333333336 0.05625
0 0.246875 0.434375 0.07083333333333333 0.090625
0 0.17291666666666666 0.46041666666666664 0.07916666666666666 0.096875