0 0.6215310672739826 0.11459538513365689 0.012936509618646851 0.012790940729444452
0 0.6946163813700222 0.13787398581777718 0.012936509618646851 0.012790940729444481
0 0.6090674430755365 0.11384465919643466 0.013082012824862469 0.016957607396111147
0 0.6862102964335811 0.1401512796374068 0.012936509618646851 0.012790940729444481
0 0.5719312010910755 0.10430081471810136 0.012936509618646851 0.012790940729444452
0 0.6017757764088697 0.11401437462194394 0.008697091348872258 0.010610627152962978
0 0.5553736618290706 0.10156373569069398 0.013082012824862469 0.01695760739611112
0 0.7036639991560371 0.14703078027069386 0.008697091348872258 0.010610627152962949
0 0.8116930944985427 0.18302671555472153 0.013082012824862469 0.016957607396111147
0 0.6756845023622527 0.1435187302452772 0.013082012824862469 0.016957607396111147
0 0.5829894006073159 0.11549245238277729 0.012936509618646851 0.012790940729444452
0 0.6920965384180421 0.1504224759393513 0.012936509618646851 0.012790940729444481
0 0.6168915151871152 0.1282340320434717 0.012936509618646851 0.012790940729444452
0 0.6405952179095711 0.1349680623120365 0.008697091348872258 0.010610627152962949
0 0.48702379564616355 0.09170557636930514 0.013082012824862469 0.01695760739611112
0 0.604464266790223 0.12644163943958284 0.004312169872882284 0.004263646909814807
0 0.6115740544491202 0.1314802573474069 0.012936509618646851 0.012790940729444452
0 0.6342360905049095 0.1382385326767587 0.012936509618646851 0.012790940729444481
0 0.6506117507591449 0.14618394503749943 0.012936509618646851 0.012790940729444481
0 0.5970634727188947 0.1297363548650921 0.004312169872882284 0.004263646909814807
0 0.5877976001235563 0.12682956041217544 0.012936509618646851 0.012790940729444452
0 0.6433200840924782 0.1463536604630087 0.012936509618646851 0.012790940729444481
0 0.6144444238382428 0.13869918883171242 0.013082012824862469 0.016957607396111147
0 0.6845138653389442 0.15892552469819385 0.012936509618646851 0.012790940729444481
0 0.7832770880861114 0.1920146655293049 0.019550267634186012 0.02335307776083333
0 0.6185383389018017 0.1406855419218976 0.010707673079097901 0.008575783941203714
0 0.6525132050847088 0.1513437882492587 0.012936509618646851 0.012790940729444481
0 0.6740608228707236 0.1602096419727309 0.010707673079097901 0.008575783941203714
0 0.5998610905049094 0.13903861968273099 0.004312169872882284 0.004263646909814807
0 0.6471957443467138 0.1545900135531939 0.008697091348872258 0.010610627152962949
0 0.8407737779837049 0.2146152754585641 0.013082012824862469 0.016957607396111147
0 0.6553835744738313 0.15856271973356423 0.013082012824862469 0.016957607396111147
0 0.8500760263805971 0.2164804032448141 0.013082012824862469 0.016957607396111147
0 0.6234920416242578 0.1478559832846291 0.013082012824862469 0.016957607396111147
0 0.6624206105296208 0.16568467097472167 0.013082012824862469 0.016957607396111147
0 0.6727645255931797 0.16752555370018463 0.012936509618646851 0.012790940729444481
0 0.6798743132520767 0.17256417160800866 0.008697091348872258 0.010610627152962949
0 0.6479464046009491 0.1628991018257402 0.010707673079097901 0.008575783941203714
0 0.6334358228707235 0.16115519934342537 0.013082012824862469 0.016957607396111147
0 0.8033829053883667 0.21236309764689748 0.019550267634186012 0.02335307776083333
0 0.826977480706161 0.22222212791546228 0.013082012824862469 0.016957607396111147
0 0.6197850287993952 0.1645953851336569 0.012936509618646851 0.012790940729444481
0 0.6527546041171896 0.17423620985513832 0.012936509618646851 0.012790940729444481
0 0.6711408461016505 0.18421646542763834 0.012936509618646851 0.012790940729444481
0 0.42706678282130106 0.10975421150083298 0.019550267634185894 0.02335307776083333
0 0.6617658461016505 0.18443467097472166 0.012936509618646851 0.012790940729444481
0 0.44861440060731594 0.11862006522430517 0.015383600967519229 0.02325609751768519
0 0.6401818525140818 0.17661048391791614 0.013082012824862469 0.016957607396111147
0 0.6926157122845574 0.19516565248444387 0.013082012824862469 0.016957607396111147
0 0.39079032849573725 0.10539445529504596 0.013082012824862469 0.01695760739611112
0 0.48553238778245345 0.13441390970263847 0.019550267634185894 0.02335307776083333
0 0.8314946738099701 0.24189256927819378 0.013082012824862469 0.016957607396111147
0 0.6563756337605475 0.1897642296119902 0.012936509618646851 0.012790940729444481
0 0.5760350287993952 0.16561367768671248 0.019550267634186012 0.02335307776083333
0 0.4967724663064634 0.14039721403398103 0.017248679491529136 0.01705458763925923
0 0.675912669816337 0.19659524012370314 0.004312169872882284 0.004263646909814867
0 0.8252082980084162 0.24307970630958262 0.013082012824862469 0.016957607396111147
0 0.6613657122845574 0.195893004308055 0.012936509618646851 0.012790940729444481
0 0.7869940135557346 0.23460177355870304 0.013082012824862469 0.016957607396111147
0 0.8611573701199949 0.2568144625153696 0.013082012824862469 0.016957607396111147
0 0.635651427831876 0.18712413082773097 0.013082012824862469 0.016957607396111147
0 0.5439252411404981 0.16115694123777732 0.019550267634186012 0.02335307776083333
0 0.8837830303742303 0.2646144045113881 0.017248679491529136 0.01705458763925923
0 0.8672618669137793 0.2608356588173141 0.017248679491529136 0.01705458763925923
0 0.9074139814935785 0.27343176811328623 0.015383600967519347 0.02325609751768525
0 0.7786970560239552 0.23375406737833265 0.017248679491529136 0.01705458763925923
0 0.687043620935685 0.2057035444550457 0.012936509618646851 0.012790940729444481
0 0.7137995720550333 0.2144481728745827 0.012936509618646851 0.012790940729444481
0 0.664308833276788 0.20102860245902723 0.012936509618646851 0.012790940729444481
0 0.6539649182132291 0.19918771973356422 0.012936509618646851 0.012790940729444481
0 0.6775958693325773 0.2080050833354624 0.013082012824862469 0.016957607396111147
0 0.6683299967372389 0.20509828888254572 0.008697091348872258 0.010610627152962949
0 0.5828538100458611 0.17898562892786987 0.017248679491529136 0.017054587639259287
0 0.9195138476764856 0.2845991607171751 0.013082012824862469 0.016957607396111147
0 0.8350429518502204 0.25950392236837894 0.017103176285313517 0.012887920972592622
0 0.6908829053883667 0.21498156421189757 0.012936509618646851 0.012790940729444481
0 0.6794609478565872 0.21420659321388832 0.008697091348872258 0.010610627152962949
0 0.9554265439865104 0.2993755835896288 0.013082012824862469 0.016957607396111147
0 0.7452909710875141 0.2366132426568512 0.017248679491529136 0.017054587639259287
0 0.6845237779837049 0.21825203457661982 0.012936509618646851 0.012790940729444481
0 0.861689775564907 0.271373550787916 0.008697091348872258 0.010610627152962949
0 0.7010085656426022 0.22307244693736053 0.012936509618646851 0.012790940729444481
0 0.6433299967372391 0.20568017034143463 0.012936509618646851 0.012790940729444481
0 0.6906282747774893 0.22227323087856424 0.013082012824862469 0.016957607396111147
0 0.8873313084144807 0.2822257576015733 0.013082012824862469 0.016957607396111147
0 0.7122850199681658 0.22801408460203643 0.017103176285313517 0.012887920972592563
0 0.8213557819773383 0.2639857748252771 0.010925927888421446 0.014825783941203714
0 0.8295799879060098 0.26691681433898073 0.013082012824862469 0.016957607396111147
0 0.676044941444156 0.22261266172958277 0.008697091348872258 0.010610627152962949
0 0.6843055231743815 0.22450203457661982 0.012936509618646851 0.012790940729444481
0 0.7799437459215487 0.2576639105900919 0.017248679491529136 0.017054587639259287
0 0.7490938797386417 0.24693292908036973 0.017248679491529136 0.017054587639259287
0 0.9478438709074125 0.3078786323484714 0.013082012824862469 0.016957607396111147
0 0.7294840920797445 0.2421852519019901 0.010707673079097901 0.008575783941203714
0 0.76647483085799 0.2558957630469901 0.017248679491529136 0.017054587639259287
0 0.7376355464053084 0.24719962474902715 0.012936509618646851 0.012790940729444481
0 0.9847982338841039 0.32263081016013806 0.006832012824862469 0.016812137031388848
0 0.8714516778036033 0.2898811001800456 0.013082012824862469 0.01695760739611103
0 0.6879993044208474 0.23794672100013828 0.013082012824862469 0.016957607396111147
0 0.7549437459215488 0.25824579204898085 0.008697091348872258 0.010610627152962949
0 0.7075363404766368 0.24477773151185123 0.008697091348872258 0.010610627152962949
0 0.7744080303742303 0.2671601358940271 0.017248679491529136 0.01705458763925923
0 0.7279695399928772 0.25575116362944383 0.004312169872882284 0.004263646909814807
0 0.7331051217231027 0.25771327165884195 0.013082012824862469 0.016957607396111147
0 0.7166203340642056 0.25289285929810124 0.004312169872882284 0.004263646909814867
0 0.7041930856673133 0.2511004666942124 0.004312169872882284 0.004263646909814867
0 0.7659655696362353 0.2704790963803234 0.012936509618646851 0.012790940729444481
0 0.756699697040897 0.2675723019274068 0.012936509618646851 0.012790940729444481
0 0.8595932106531771 0.3016061291820363 0.017248679491529136 0.01705458763925923
0 0.747361072842451 0.2667488408078234 0.013082012824862469 0.016957607396111147
0 0.709255915794431 0.25514590805694387 0.010707673079097901 0.008575783941203714
0 0.9748412210592414 0.33951568237388813 0.013082012824862469 0.01695760739611103
0 0.877046913375633 0.30848562981532335 0.013082012824862469 0.016957607396111147
0 0.7142823701199948 0.26023301608634203 0.008697091348872258 0.010610627152962949
0 0.38469574434671366 0.16069976887152745 0.017248679491529136 0.017054587639259287
0 0.9541170151305699 0.3368755835896288 0.012936509618646851 0.012790940729444481
0 0.7069543276517744 0.2614443981785179 0.012936509618646615 0.012790940729444481
0 0.9653570936545798 0.34285888792097136 0.013082012824862469 0.01695760739611103
0 0.7161474486440048 0.2664345259647679 0.013082012824862469 0.016957607396111147
0 0.924054185003452 0.3334120236857862 0.015383600967519347 0.02325609751768525
0 0.45023476116520933 0.1914397516478237 0.025873019237293703 0.025581881458888903
0 0.7231844846997942 0.27355647720592535 0.010925927888421446 0.014825783941203714
0 0.8539847435027508 0.3131856878193048 0.013082012824862469 0.01695760739611103
0 0.32255950236225267 0.15173780585208305 0.017248679491529136 0.01705458763925923
0 0.949659342051472 0.34530589716611026 0.013082012824862469 0.01695760739611103
0 0.7467063084144807 0.28549884080782345 0.013082012824862469 0.016957607396111147
0 0.7383729750811473 0.2856928012941198 0.013082012824862469 0.01695760739611103
0 0.7506547202718239 0.2916518605646753 0.013082012824862469 0.016957607396111147
0 0.7155654358191423 0.2831011926314346 0.010707673079097901 0.008575783941203714
0 0.9296494205754818 0.3520165533210641 0.017248679491529136 0.01705458763925923
0 0.9235085479801435 0.3490370236857862 0.017248679491529136 0.01705458763925923
0 0.7451553805260593 0.3001064192019438 0.017248679491529136 0.01705458763925923
0 0.9643385712110705 0.37202555458763803 0.015383600967519347 0.02325609751768525
0 0.5008266866348327 0.23293583194180514 0.025873019237293703 0.025581881458888962
0 0.9055455840359329 0.3567408563858326 0.019550267634186012 0.02335307776083333
0 0.3185251073234051 0.17785220770111085 0.013082012824862469 0.016957607396111147
0 0.4502579053883667 0.22058217325370333 0.017248679491529136 0.01705458763925923
0 0.7436772042407458 0.3126306642627308 0.017248679491529136 0.01705458763925923
0 0.7549172827647558 0.3186139685940734 0.012936509618646851 0.012790940729444481
0 0.7507142402965352 0.3197526155038882 0.008697091348872258 0.010610627152962949
0 0.925724152941296 0.37500595517009183 0.017248679491529136 0.01705458763925923
0 0.7402611978283146 0.32103673277842526 0.012936509618646851 0.012790940729444481
0 0.75976185808255 0.3289094099568049 0.012936509618646851 0.012790940729444481
0 0.5349702002471126 0.2685698332083792 0.02177910417373473 0.027568234549074096
0 0.7583564334003443 0.3393503216842586 0.010707673079097901 0.008575783941203714
0 0.7500958516701188 0.33746094883722155 0.010707673079097901 0.008575783941203714
0 0.7520336817972365 0.3415791253823142 0.012936509618646851 0.012790940729444363
0 0.3143452090783419 0.20813327621680527 0.017248679491529136 0.017054587639259287
0 0.7704926753848053 0.3494760476214809 0.013082012824862469 0.01695760739611103
0 0.9094080127117719 0.39516129774856407 0.019550267634186012 0.02335307776083333
0 0.7651752146468102 0.3527222729254161 0.017103176285313517 0.012887920972592563
0 0.8454066922033009 0.3799978248506937 0.013082012824862469 0.016957607396111147
0 0.9164450487675612 0.4022832489897214 0.012936509618646851 0.012790940729444363
0 0.31197086933257734 0.21651509967171273 0.019550267634185894 0.02335307776083333
0 0.743372966249918 0.35114808586861046 0.019550267634186012 0.02335307776083333
0 0.43644837653242613 0.2583731139831478 0.021779104173734846 0.027568234549074096
0 0.9483002058155809 0.4140316521053233 0.019550267634186012 0.023353077760833448
0 0.9357638300140271 0.41536425950143446 0.017248679491529136 0.01705458763925923
0 0.7554364566312711 0.363357145139166 0.013082012824862469 0.01695760739611103
0 0.49182535729513244 0.2820638807006477 0.019550267634185894 0.02335307776083333
0 0.7594939958932762 0.36638516489601786 0.013082012824862469 0.016957607396111147
0 0.16105156164896892 0.1867215452132869 0.025873019237293703 0.025581881458888903
0 0.3525462619526269 0.2467952972402312 0.019695770840401514 0.027519744427499996
0 0.9817294349751795 0.4403148984326844 0.0049669343008526805 0.023013646909814868
0 0.8457572186404434 0.39976524645657335 0.012936509618646851 0.012790940729444363
0 0.8260746793784385 0.3971009026115271 0.017248679491529136 0.01705458763925923
0 0.40591266098510764 0.26845122074597183 0.019550267634185894 0.023353077760833448
0 0.8374238853071101 0.3999592069428697 0.013082012824862469 0.016957607396111147
0 0.8084390976482129 0.3954297353115734 0.01710317628531328 0.012887920972592563
0 0.7600264013381881 0.3809442531685641 0.012936509618646851 0.012790940729444363
0 0.9248015263240518 0.4312317101093048 0.019550267634186012 0.02335307776083333
0 0.9390938532449539 0.4392256125916196 0.013082012824862469 0.016957607396111147
0 0.8307737514900172 0.41156301064092526 0.013082012824862469 0.01695760739611103
0 0.8154033821008945 0.40463501988606415 0.017248679491529136 0.01705458763925923
0 0.802721503093125 0.4101342939488419 0.019550267634186012 0.02335307776083333
0 0.792450339632674 0.4062100778900456 0.02177910417373473 0.027568234549074096
0 0.7677413460451051 0.39845862601560117 0.025873019237293703 0.025581881458888962
0 0.47424929558961815 0.308493468339907 0.026018522443509322 0.029748548125555628
0 0.9591996705472091 0.45957404470921215 0.02177910417373473 0.027568234549074096
0 0.2856249646750829 0.2556386477972683 0.019550267634185894 0.02335307776083333
0 0.9405951737534247 0.45584378913671214 0.019550267634186012 0.023353077760833448
0 0.7315012675210951 0.3930572031431475 0.025873019237293703 0.025581881458888962
0 0.841650071998488 0.4279629816389345 0.019550267634186012 0.02335307776083333
0 0.8128107875458065 0.4192668433409716 0.025873019237293703 0.025581881458888962
0 0.8301917386651547 0.4282296773075919 0.012936509618646851 0.012790940729444363
0 0.5149338156143294 0.3356486659084255 0.026018522443509322 0.029748548125555628
0 0.7765343332202427 0.41490708713518454 0.019550267634186012 0.02335307776083333
0 0.8588855199116205 0.4410924822722215 0.010925927888421446 0.014825783941203714
0 0.4252545864547309 0.31067465286356444 0.026018522443509322 0.029748548125555628
0 0.7948841994031497 0.42592900937435113 0.017248679491529136 0.01705458763925923
0 0.8638392226340766 0.448262923634953 0.017248679491529136 0.01705458763925923
0 0.8174734838558313 0.43477061803703637 0.017103176285313517 0.012887920972592563
0 0.8297188532449539 0.4417713439742586 0.015383600967519347 0.02325609751768525
0 0.7977909445938263 0.43210627419199005 0.013082012824862469 0.01695760739611103
0 0.9295237426587878 0.4748362397445825 0.013082012824862469 0.01695760739611103
0 0.8129794349751794 0.4442425982801845 0.017248679491529136 0.01705458763925923
0 0.7748015263240517 0.43472299886263827 0.026018522443509322 0.029748548125555628
0 0.5574106625599426 0.37108870668870325 0.019550267634186012 0.02335307776083333
0 0.8353868404200914 0.458292540276203 0.019550267634186012 0.02335307776083333
0 0.9311705663734744 0.4872877496230084 0.015383600967519347 0.02325609751768525
0 0.8508299614123219 0.4631371976977307 0.017248679491529136 0.01705458763925923
0 0.8168550952294148 0.4524789513703697 0.017248679491529136 0.01705458763925923
0 0.7921461016418461 0.4447274994959252 0.017248679491529136 0.01705458763925923
0 0.9145402755083616 0.4866340039289344 0.02177910417373473 0.027568234549074096
0 0.7991831376976355 0.4518494507370826 0.012936509618646851 0.012790940729444363
0 0.8061474221503171 0.46105473531157337 0.023571431094636826 0.019283391337314864
0 0.8348775791983367 0.4728758736095363 0.013082012824862469 0.016957607396111147
0 0.7925693796820963 0.4624115877684716 0.023571431094636826 0.019283391337314746
0 0.8418418636510182 0.4820811581840271 0.015383600967519347 0.02325609751768525
0 0.8037003308014445 0.4715198920998141 0.017103176285313517 0.012887920972592563
0 0.8181381609285623 0.4753471279154623 0.019550267634186012 0.023353077760833448
0 0.8870568083579352 0.49872270884273073 0.012936509618646851 0.012790940729444481
0 0.4730720383614967 0.3720108899457866 0.019550267634185894 0.02335307776083333
0 0.35771490055077054 0.3372263367539349 0.02177910417373473 0.027568234549074096
0 0.8982968868819452 0.5047060131740734 0.017248679491529136 0.01705458763925923
0 0.8571031056354793 0.4921341489388882 0.017248679491529136 0.01705458763925923
0 0.80132599105568 0.4799017155547215 0.013082012824862469 0.01695760739611103
0 0.8115244029130232 0.48590926494685116 0.017248679491529136 0.01705458763925923
0 0.8372386873657047 0.4946781384271752 0.023571431094636826 0.019283391337314746
0 0.8249205663734744 0.4897607458232863 0.019550267634186012 0.02335307776083333
0 0.5898577450775859 0.4254969530160643 0.026018522443509322 0.029748548125555628
0 0.4590938620761832 0.38482607573601807 0.026018522443509322 0.029748548125555628
0 0.8760945046679601 0.514590159450601 0.013082012824862469 0.016957607396111147
0 0.8811573347950777 0.5186356008133326 0.017248679491529136 0.01705458763925923
0 0.805915935762597 0.49748882358411967 0.025873019237293703 0.025581881458888962
0 0.8357605110803913 0.5072023834879623 0.017248679491529136 0.01705458763925923
0 0.8807935767795387 0.5290522674799992 0.017248679491529136 0.01705458763925923
0 0.8478603772632983 0.5183697760918512 0.013082012824862469 0.01695760739611103
0 0.8282142138028472 0.5146637655801382 0.026018522443509322 0.029748548125555628
0 0.35640537169483005 0.37472633675393485 0.021779104173734846 0.027568234549074096
0 0.8146361713346267 0.5160206180370364 0.017248679491529136 0.01705458763925923
0 0.8475329950493132 0.5277447760918511 0.017248679491529136 0.01705458763925923
0 0.8420336553035487 0.5361993347291196 0.013082012824862469 0.01695760739611103
0 0.8151685767795388 0.5305797063095826 0.017248679491529136 0.01705458763925923
0 0.8274139461686614 0.537580432246805 0.019550267634186012 0.023353077760833212
0 0.05187826594626007 0.30271196301944436 0.017248679491529136 0.01705458763925923
0 0.054566756327613215 0.3151392278370833 0.013082012824862469 0.016957607396111147
0 0.8886044173127209 0.5736257285995826 0.017248679491529136 0.017054587639259468
0 0.8050296849469069 0.5526729118566659 0.019550267634186012 0.023353077760833212
0 0.8780786232413925 0.576993179207453 0.017248679491529136 0.017054587639259468
0 0.8316401328600395 0.5655842069428696 0.02177910417373473 0.027568234549074096
0 0.8130356360662551 0.5618539513703698 0.02177910417373473 0.027568234549074096
0 0.37516528433959084 0.4336164355381941 0.026018522443509322 0.029748548125555628
0 0.8456414533685103 0.5819114427585177 0.024007940713283916 0.03178339133731498
0 0.1741864566312712 0.37688588905833315 0.026018522443509322 0.029748548125555628
0 0.8597882770831968 0.5940720119074993 0.02177910417373473 0.027568234549074096
0 0.040042943018991146 0.34357941362731476 0.026018522443509308 0.029748548125555628
0 0.8329595743607408 0.5874107168212956 0.026018522443509322 0.029748548125555392
0 0.7021593155577842 0.547781506207916 0.02177910417373473 0.027568234549074096
0 0.407443719427861 0.46304892692634225 0.026018522443509322 0.029748548125555628
0 0.8487532217901137 0.6120227958487029 0.017248679491529136 0.01705458763925923
0 0.01129955439257478 0.36194236360189813 0.015383600967519222 0.02325609751768525
0 0.20082004876756113 0.41893960575041655 0.025873019237293703 0.025581881458888962
0 0.18534055197377672 0.41513661499555543 0.025873019237293703 0.025581881458888962
0 0.4376751969843517 0.49148824176939776 0.025873019237293703 0.025581881458888962
0 0.8390872153776824 0.6205743347291197 0.019550267634186012 0.023353077760833212
0 0.022357753908815173 0.373134001266574 0.026018522443509308 0.029748548125555628
0 0.8575098331636972 0.6295129236349529 0.019550267634186012 0.023353077760833212
0 0.3636077362463566 0.4963346410852774 0.025873019237293703 0.025581881458888962
0 0.8526156504659526 0.6504432372114344 0.025873019237293703 0.025581881458888962
0 0.9181910430860022 0.6801415533210641 0.03234127404661725 0.031977351823611146
0 0.9191103507696106 0.7134263965328232 0.013082012824862469 0.01695760739611103
0 0.014821369276031988 0.4399218932371759 0.02400794071328378 0.031783391337314865
0 0.12784054314254745 0.48204660321726844 0.017248679491529136 0.01705458763925923
0 0.8765111448409388 0.7112954440250918 0.02824735898305827 0.03396370491379628
0 0.9113457986827432 0.7271377786249993 0.019550267634186012 0.023353077760833212
0 0.325366988636882 0.5482248848794904 0.02824735898305827 0.03396370491379628
0 0.6816004381248497 0.6596277605138421 0.02824735898305827 0.03396370491379628
0 0.40854158718560313 0.5806360349557403 0.02824735898305827 0.03396370491379628
0 0.9068881256036452 0.7355680922014808 0.025873019237293703 0.025581881458888726
0 0.888247253008307 0.7328795032956473 0.026018522443509322 0.029748548125555392
0 0.1342955663734743 0.5058352211250925 0.019550267634185894 0.02335307776083333
0 0.11777440291302327 0.5020564754310184 0.021779104173734846 0.027568234549074096
0 0.5233530879730207 0.6310455881475922 0.02824735898305827 0.03396370491379628
0 0.10282731156415091 0.5128125729487036 0.021779104173734846 0.027568234549074096
0 0.8986870638981308 0.7617794742936567 0.02177910417373473 0.027568234549074096
0 0.15259582517643094 0.548082898303472 0.03888228045904837 0.04045615552166666
0 0.09890204392996503 0.5358019747977314 0.03248677725283275 0.03614401849027781
0 0.22241063606625494 0.5756009008366202 0.02824735898305827 0.03396370491379628
0 0.8882571656530677 0.7922060131740734 0.02177910417373473 0.027568234549074096
0 0.06875323062134295 0.5646058364997685 0.02824735898305827 0.03396370491379628
0 0.0745303452011422 0.5780020328017129 0.017248679491529136 0.01705458763925923
0 0.3099436929341731 0.6620332472148146 0.03248677725283275 0.03614401849027781
0 0.06974528990805919 0.5958073463781943 0.026018522443509322 0.029748548125555392
0 0.06923602868630452 0.6103906797115276 0.026018522443509322 0.029748548125555392
0 0.6792228677577422 0.10180357345703646 0.012936509618646851 0.012790940729444452
0 0.27211299178655224 0.76179166755412 0.0347156137923817 0.04035917527851846
0 0.6955621522104238 0.11079065248444385 0.008697091348872258 0.010610627152962978
0 0.10169302384870843 0.7241254359173148 0.026018522443509322 0.029748548125555392
0 0.6173841375845447 0.8890619937963421 0.02839286218927389 0.038130371580462945
0 0.6064153284957372 0.10037572771212912 0.012936509618646851 0.012790940729444452
0 0.6290046129484188 0.10921733637481429 0.012936509618646851 0.012790940729444452