0 0.26875 0.05171791552717584 0.11666666666666667 0.10343583105435168
0 0.19270833333333334 0.839264663754398 0.17916666666666667 0.2312534837887038
0 0.59375 0.8986803153513884 0.1625 0.17878222948277792
0 0.023958333333333335 0.8077756969352314 0.04791666666666667 0.18861527279620371
0 0.38333333333333336 0.8994111509637034 0.14583333333333334 0.17422764184351866
0 0.4875 0.9292783115516663 0.14166666666666666 0.12204732826703714
0 0.7833333333333333 0.9546843809548142 0.1625 0.05794889614944457
0 0.6552083333333333 0.11287485676495314 0.07708333333333334 0.1580441344982408
0 0.12395833333333334 0.05428702102342589 0.08958333333333333 0.10857404204685178
0 0.5802083333333333 0.15316216780828654 0.14375 0.16167915172194458
0 0.28229166666666666 0.10592958852671272 0.12291666666666666 0.19036091717287046
0 0.7854166666666667 0.2296358908332401 0.13541666666666666 0.17190185790231496
0 0.3385416666666667 0.175453688577546 0.12291666666666666 0.19661091717287046
0 0.4270833333333333 0.1973511917439811 0.11666666666666667 0.18396544680814825
0 0.8927083333333333 0.29693031623884186 0.09375 0.1313487221375001
0 0.115625 0.1691837982526388 0.11875 0.16734727026305568
0 0.5322916666666667 0.3313607739378236 0.12708333333333333 0.21337456408268535
0 0.20208333333333334 0.29425479154064793 0.16458333333333333 0.19966405293768533
0 0.7239583333333334 0.39460801608634194 0.11666666666666667 0.1985487801414815
0 0.35208333333333336 0.33034683612064786 0.12291666666666666 0.1903609171728705
0 0.8427083333333333 0.46476074582328636 0.12291666666666666 0.19661091717287035
0 0.9385416666666667 0.48857186689754545 0.10416666666666667 0.12117450607870381
0 0.9052083333333333 0.09872270884273072 0.07916666666666666 0.10184262461981489
0 0.6114583333333333 0.4441014826513421 0.14375 0.2262624850552779
0 0.05625 0.3538991000508333 0.11041666666666666 0.246319976443426
0 0.4 0.4844398966577774 0.14375 0.25334581838861137
0 0.9291666666666667 0.5887900724446289 0.10416666666666667 0.14825783941203716
0 0.19583333333333333 0.45794192857203686 0.16041666666666668 0.20998373936120393
0 0.43645833333333334 0.040257840299490574 0.09375 0.08051568059898115
0 0.9510416666666667 0.12265592616810105 0.09791666666666667 0.1335290357139816
0 0.678125 0.625883132094305 0.15833333333333333 0.23285191590629636
0 0.53125 0.6074266856652774 0.14791666666666667 0.21385946529842598
0 0.60625 0.06620122030224515 0.14791666666666667 0.1324024406044903
0 0.07395833333333333 0.5357786006841203 0.14791666666666667 0.170109465298426
0 0.8145833333333333 0.10187369579786969 0.12708333333333333 0.15295789741601862
0 0.26458333333333334 0.5959250878934257 0.13125 0.1926382109925001
0 0.8864583333333333 0.7752007866035641 0.14375 0.25334581838861114
0 0.00625 0.6540211963019444 0.0125 0.12529094072944436
0 0.28125 0.7215788335874997 0.1375 0.26778368135722225
0 0.8104166666666667 0.8353040093743511 0.09583333333333334 0.14806387892574074
0 0.378125 0.7755740429343052 0.15416666666666667 0.21817160232981508
0 0.0625 0.7558369630194444 0.125 0.24665940729444458