0 0.9916666666666667 0.17708333333333334 0.015625 0.13541666666666666
0 0.875 0.246875 0.04791666666666667 0.05625
0 0.23958333333333334 0.17395833333333333 0.034375 0.04583333333333333
0 0.5875 0.22291666666666668 0.010416666666666666 0.010416666666666666
0 0.3020833333333333 0.18541666666666667 0.028125 0.034375
0 0.5270833333333333 0.21875 0.010416666666666666 0.015625
0 0.41041666666666665 0.20625 0.021875 0.027083333333333334
0 0.4583333333333333 0.21354166666666666 0.016666666666666666 0.020833333333333332
0 0.5770833333333333 0.23229166666666667 0.00625 0.009375
0 0.53125 0.228125 0.010416666666666666 0.010416666666666666
0 0.6020833333333333 0.23854166666666668 0.004166666666666667 0.004166666666666667
0 0.359375 0.20416666666666666 0.021875 0.027083333333333334
0 0.590625 0.23645833333333333 0.010416666666666666 0.015625
0 0.2833333333333333 0.19791666666666666 0.03333333333333333 0.040625
0 0.47604166666666664 0.225 0.021875 0.027083333333333334
0 0.5072916666666667 0.23229166666666667 0.016666666666666666 0.020833333333333332
0 0.3260416666666667 0.20833333333333334 0.021875 0.029166666666666667
0 0.7729166666666667 0.271875 0.004166666666666667 0.004166666666666667
0 0.5510416666666667 0.240625 0.028125 0.03958333333333333
0 0.2677083333333333 0.203125 0.01875 0.034375
0 0.40520833333333334 0.22291666666666668 0.016666666666666666 0.025
0 0.084375 0.17916666666666667 0.04583333333333333 0.06458333333333334
0 0.378125 0.22083333333333333 0.016666666666666666 0.029166666666666667
0 0.7916666666666666 0.2833333333333333 0.010416666666666666 0.010416666666666666
0 0.3541666666666667 0.225 0.028125 0.034375
0 0.725 0.28125 0.027083333333333334 0.027083333333333334
0 0.5916666666666667 0.2625 0.016666666666666666 0.020833333333333332
0 0.5822916666666667 0.26666666666666666 0.022916666666666665 0.03958333333333333
0 0.6072916666666667 0.26979166666666665 0.016666666666666666 0.020833333333333332
0 0.515625 0.25729166666666664 0.016666666666666666 0.029166666666666667
0 0.5708333333333333 0.26458333333333334 0.014583333333333334 0.03333333333333333
0 0.7979166666666667 0.29791666666666666 0.010416666666666666 0.015625
0 0.63125 0.278125 0.010416666666666666 0.015625
0 0.8145833333333333 0.30833333333333335 0.016666666666666666 0.025
0 0.6145833333333334 0.2833333333333333 0.016666666666666666 0.020833333333333332
0 0.721875 0.3 0.027083333333333334 0.021875
0 0.7635416666666667 0.30520833333333336 0.029166666666666667 0.04791666666666667
0 0.5958333333333333 0.28229166666666666 0.020833333333333332 0.0125
0 0.7479166666666667 0.30625 0.034375 0.05
0 0.15520833333333334 0.225 0.08125 0.096875
0 0.6229166666666667 0.29270833333333335 0.016666666666666666 0.025
0 0.7760416666666666 0.31666666666666665 0.021875 0.029166666666666667
0 0.8177083333333334 0.32916666666666666 0.021875 0.021875
0 0.6083333333333333 0.3020833333333333 0.035416666666666666 0.03333333333333333
0 0.7166666666666667 0.321875 0.0375 0.040625
0 0.7895833333333333 0.3333333333333333 0.0375 0.05
0 0.06041666666666667 0.24166666666666667 0.06458333333333334 0.071875
0 0.8197916666666667 0.353125 0.0375 0.05
0 0.70625 0.346875 0.04375 0.059375
0 0.6229166666666667 0.33541666666666664 0.04375 0.05416666666666667
0 0.5854166666666667 0.33958333333333335 0.03958333333333333 0.059375
0 0.334375 0.31354166666666666 0.05416666666666667 0.065625
0 0.28541666666666665 0.309375 0.059375 0.07708333333333334
0 0.21041666666666667 0.31145833333333334 0.08333333333333333 0.10625
0 0.8166666666666667 0.4041666666666667 0.046875 0.046875
0 0.6541666666666667 0.39791666666666664 0.041666666666666664 0.041666666666666664
0 0.7145833333333333 0.41041666666666665 0.0375 0.05
0 0.11458333333333333 0.32916666666666666 0.08958333333333333 0.125
0 0.32083333333333336 0.36041666666666666 0.06041666666666667 0.08125
0 0.425 0.38229166666666664 0.04583333333333333 0.034375
0 0.6177083333333333 0.425 0.06041666666666667 0.08125
0 0.796875 0.46458333333333335 0.05 0.075
0 0.05625 0.36041666666666666 0.103125 0.1625
0 0.6916666666666667 0.45416666666666666 0.034375 0.05416666666666667
0 0.7291666666666666 0.4666666666666667 0.058333333333333334 0.09375
0 0.85 0.5020833333333333 0.0875 0.11041666666666666
0 0.42291666666666666 0.45 0.090625 0.09791666666666667
0 0.278125 0.4322916666666667 0.09583333333333334 0.134375
0 0.575 0.4979166666666667 0.09166666666666666 0.07708333333333334
0 0.6791666666666667 0.5416666666666666 0.06875 0.10833333333333334
0 0.37083333333333335 0.5572916666666666 0.115625 0.15208333333333332
0 0.4864583333333333 0.5916666666666667 0.096875 0.13958333333333334
0 0.5791666666666667 0.6166666666666667 0.10625 0.140625