0 0.909375 0.12916666666666668 0.03125 0.046875
0 0.43645833333333334 0.10729166666666666 0.04375 0.0625
0 0.471875 0.11041666666666666 0.029166666666666667 0.041666666666666664
0 0.878125 0.13541666666666666 0.034375 0.0625
0 0.74375 0.128125 0.029166666666666667 0.0375
0 0.6635416666666667 0.128125 0.029166666666666667 0.041666666666666664
0 0.7 0.1375 0.034375 0.04791666666666667
0 0.12395833333333334 0.109375 0.03958333333333333 0.053125
0 0.30625 0.11875 0.03958333333333333 0.058333333333333334
0 0.16770833333333332 0.11458333333333333 0.04375 0.0625
0 0.9354166666666667 0.15729166666666666 0.034375 0.034375
0 0.36875 0.12916666666666668 0.034375 0.058333333333333334
0 0.3333333333333333 0.13229166666666667 0.040625 0.071875
0 0.8072916666666666 0.16145833333333334 0.03958333333333333 0.053125
0 0.8416666666666667 0.17083333333333334 0.05416666666666667 0.071875
0 0.06666666666666667 0.12916666666666668 0.09791666666666667 0.052083333333333336
0 0.24791666666666667 0.14166666666666666 0.058333333333333334 0.0625
0 0.19270833333333334 0.16458333333333333 0.06458333333333334 0.071875
0 0.7104166666666667 0.19375 0.058333333333333334 0.058333333333333334
0 0.984375 0.209375 0.03125 0.159375
0 0.5770833333333333 0.21458333333333332 0.125 0.17708333333333334
0 0.21041666666666667 0.2 0.058333333333333334 0.058333333333333334
0 0.425 0.24375 0.065625 0.109375
0 0.5239583333333333 0.2604166666666667 0.11875 0.14583333333333334
0 0.10416666666666667 0.240625 0.090625 0.14375
0 0.9010416666666666 0.2916666666666667 0.08125 0.128125
0 0.26979166666666665 0.3020833333333333 0.115625 0.18125
0 0.3541666666666667 0.3229166666666667 0.08125 0.15208333333333332
0 0.715625 0.3697916666666667 0.09583333333333334 0.12916666666666668
0 0.5666666666666667 0.4239583333333333 0.11458333333333333 0.1625
0 0.5197916666666667 0.08229166666666667 0.025 0.03333333333333333
0 0.678125 0.09479166666666666 0.029166666666666667 0.03333333333333333
0 0.9520833333333333 0.11666666666666667 0.034375 0.04375
0 0.24583333333333332 0.07916666666666666 0.05 0.071875
0 0.6208333333333333 0.10208333333333333 0.03125 0.046875
0 0.775 0.115625 0.029166666666666667 0.041666666666666664
0 0.053125 0.07916666666666666 0.03333333333333333 0.029166666666666667