0 0.3572916666666667 0.3395967840933556 0.0125 0.01688485497826946
0 0.446875 0.32136643452686947 0.0125 0.01688485497826946
0 0.340625 0.35134603517549257 0.016666666666666666 0.016957584415470232
0 0.29583333333333334 0.368794543292069 0.010416666666666666 0.010598490259668835
0 0.2125 0.39212413203608704 0.0125 0.01688485497826946
0 0.28020833333333334 0.3774006120149057 0.0125 0.01688485497826946
0 0.546875 0.31441259470071437 0.016666666666666666 0.016957584415470232
0 0.6020833333333333 0.31344892965780236 0.0125 0.01688485497826946
0 0.4010416666666667 0.36695812500274605 0.00625 0.010525760822468063
0 0.5677083333333334 0.33071561418137646 0.0125 0.01688485497826946
0 0.5875 0.3293284826880055 0.016666666666666666 0.016957584415470232
0 0.6083333333333333 0.33208983550200094 0.00625 0.01469242748913473
0 0.196875 0.4455218674255905 0.00625 0.010525760822468063
0 0.225 0.4450309437244844 0.016666666666666666 0.016957584415470232
0 0.20416666666666666 0.46101959091048894 0.0125 0.01688485497826946
0 0.18541666666666667 0.467596873377893 0.0125 0.01688485497826946
0 0.24166666666666667 0.46557335930901406 0.016666666666666666 0.01695758441547035
0 0.6489583333333333 0.38346405682262547 0.01875 0.02532728246740407
0 0.24270833333333333 0.4843051769497138 0.016666666666666666 0.016957584415470232
0 0.6208333333333333 0.3943716471903983 0.016666666666666666 0.016957584415470232
0 0.9072916666666667 0.3352048317161692 0.025 0.029603043289872132
0 0.9645833333333333 0.3206631352879901 0.01875 0.021160615800737404
0 0.4875 0.4394073225141606 0.027083333333333334 0.03588940800847264
0 0.665625 0.3977564724071552 0.0125 0.01688485497826946
0 0.8447916666666667 0.3540041066075162 0.01875 0.02532728246740407
0 0.14791666666666667 0.5286681049793678 0.00625 0.010525760822468063
0 0.5520833333333334 0.4278633495708799 0.010416666666666666 0.010598490259668953
0 0.41041666666666665 0.4647111504357107 0.025 0.029603043289872014
0 0.4708333333333333 0.4480315735962976 0.010416666666666666 0.010598490259668953
0 0.32708333333333334 0.4849157391797288 0.016666666666666666 0.016957584415470232
0 0.5270833333333333 0.4345497261940853 0.016666666666666666 0.016957584415470232
0 0.8125 0.36602609307915657 0.025 0.033769709956538684
0 0.4739583333333333 0.4500603598517302 0.0125 0.016884854978269342
0 0.5364583333333334 0.43542775162705 0.0125 0.01688485497826946
0 0.35 0.48139072727512383 0.0125 0.01688485497826946
0 0.5125 0.4431376125576218 0.01875 0.021160615800737404
0 0.27395833333333336 0.5025097061707071 0.016666666666666666 0.016957584415470232
0 0.9458333333333333 0.3366154177553942 0.016666666666666666 0.016957584415470232
0 0.5010416666666667 0.44542095184325764 0.0125 0.01688485497826946
0 0.6395833333333333 0.4117526980563275 0.010416666666666666 0.010598490259668835
0 0.8916666666666667 0.35110256710567267 0.025 0.029603043289872132
0 0.30416666666666664 0.49781575108433385 0.0125 0.021051521644936125
0 0.5760416666666667 0.429528488640308 0.01875 0.021160615800737404
0 0.36354166666666665 0.4832376899375542 0.01875 0.021160615800737404
0 0.56875 0.4348640984887429 0.01875 0.021160615800737404
0 0.31145833333333334 0.4987301412358989 0.0125 0.01688485497826946
0 0.4947916666666667 0.451780045999059 0.01875 0.021160615800737404
0 0.7354166666666667 0.39237158766737334 0.016666666666666666 0.016957584415470232
0 0.784375 0.38318368344692927 0.016666666666666666 0.016957584415470232
0 0.9270833333333334 0.34735936688946495 0.01875 0.025327282467404188
0 0.715625 0.4010503858274109 0.01875 0.02532728246740407
0 0.7020833333333333 0.4033700898316473 0.0125 0.01688485497826946
0 0.746875 0.3921715817150708 0.025 0.029603043289872132
0 0.39166666666666666 0.48483009956978146 0.025 0.029603043289872014
0 0.5291666666666667 0.4522216948088182 0.025 0.029603043289872132
0 0.55625 0.44445728680034563 0.025 0.029603043289872014
0 0.875 0.36597681818780964 0.025 0.029603043289872132
0 0.059375 0.5687552721865538 0.014583333333333334 0.02525455303020318
0 0.36354166666666665 0.4967793566042209 0.01875 0.021160615800737404
0 0.403125 0.4867134269508123 0.01875 0.021160615800737522
0 0.6114583333333333 0.43516028842410026 0.025 0.029603043289872014
0 0.428125 0.4810687169942735 0.01875 0.02532728246740407
0 0.6364583333333333 0.42847391180089484 0.01875 0.02532728246740407
0 0.16875 0.5470544577933633 0.01875 0.025327282467404188
0 0.22291666666666668 0.5346506417764182 0.025 0.02960304328987225
0 0.4708333333333333 0.47303157359629755 0.029166666666666667 0.029675772727073023
0 0.5041666666666667 0.4661997380986903 0.025 0.029603043289872132
0 0.27291666666666664 0.525444555196674 0.01875 0.021160615800737522
0 0.8375 0.38538138312261777 0.01875 0.021160615800737404
0 0.43645833333333334 0.5017565914532051 0.025 0.033769709956538684
0 0.30520833333333336 0.5373809020583669 0.025 0.02960304328987225
0 0.3729166666666667 0.5278657153705189 0.03125 0.04221213744567341
0 0.20416666666666666 0.5714362575771555 0.041666666666666664 0.05072729437200915
0 0.3333333333333333 0.5452233116905941 0.035416666666666666 0.03811820021620775
0 0.28125 0.5721740963222721 0.035416666666666666 0.04645153354954109
0 0.14791666666666667 0.6078347716460345 0.04375 0.05909699242394287
0 0.8239583333333333 0.44499275379352077 0.04375 0.06326365909060953
0 0.8604166666666667 0.4537313712180128 0.058333333333333334 0.08435154545414605
0 0.946875 0.449097235396094 0.05625 0.061398514068878876
0 0.9166666666666666 0.4589995238158006 0.035416666666666666 0.04645153354954109
0 0.346875 0.6054036076863578 0.06875 0.09495003571381488
0 0.15104166666666666 0.6640302245681338 0.041666666666666664 0.05072729437200915
0 0.5020833333333333 0.5901944361506241 0.06875 0.10745003571381488
0 0.7614583333333333 0.5398336953515342 0.05625 0.07389851406887876
0 0.6895833333333333 0.5775466114765834 0.0625 0.08650760822468015