0 0.06458333333333334 0.18020833333333333 0.05 0.058333333333333334
0 0.6864583333333333 0.18020833333333333 0.052083333333333336 0.08541666666666667
0 0.7666666666666667 0.19375 0.025 0.03333333333333333
0 0.7895833333333333 0.20104166666666667 0.029166666666666667 0.034375
0 0.22291666666666668 0.24791666666666667 0.040625 0.058333333333333334
0 0.33229166666666665 0.2635416666666667 0.035416666666666666 0.04791666666666667
0 0.175 0.29583333333333334 0.03958333333333333 0.04375
0 0.5083333333333333 0.27708333333333335 0.029166666666666667 0.034375
0 0.4395833333333333 0.28541666666666665 0.035416666666666666 0.04791666666666667
0 0.9197916666666667 0.259375 0.020833333333333332 0.03333333333333333
0 0.828125 0.275 0.04375 0.04791666666666667
0 0.5604166666666667 0.303125 0.06041666666666667 0.0875
0 0.9375 0.2833333333333333 0.020833333333333332 0.03333333333333333
0 0.9791666666666666 0.28125 0.015625 0.029166666666666667
0 0.17291666666666666 0.33958333333333335 0.03958333333333333 0.034375
0 0.9708333333333333 0.290625 0.020833333333333332 0.03333333333333333
0 0.403125 0.34479166666666666 0.040625 0.04791666666666667
0 0.27395833333333336 0.36041666666666666 0.03333333333333333 0.025
0 0.27291666666666664 0.37916666666666665 0.029166666666666667 0.034375
0 0.3020833333333333 0.4114583333333333 0.04583333333333333 0.0625
0 0.22708333333333333 0.5072916666666667 0.07708333333333334 0.115625
0 0.403125 0.5041666666666667 0.06041666666666667 0.09166666666666666
0 0.7260416666666667 0.04583333333333333 0.00625 0.014583333333333334