0 0.7104166666666667 0.2708333333333333 0.025 0.046875
0 0.675 0.28958333333333336 0.025 0.046875
0 0.5770833333333333 0.32083333333333336 0.022916666666666665 0.041666666666666664
0 0.546875 0.325 0.029166666666666667 0.05625
0 0.6114583333333333 0.33541666666666664 0.025 0.046875
0 0.9489583333333333 0.3572916666666667 0.03333333333333333 0.065625
0 0.678125 0.35208333333333336 0.025 0.052083333333333336
0 0.625 0.3541666666666667 0.014583333333333334 0.028125
0 0.6458333333333334 0.3541666666666667 0.029166666666666667 0.05625
0 0.44895833333333335 0.35520833333333335 0.025 0.052083333333333336
0 0.16875 0.353125 0.028125 0.041666666666666664
0 0.259375 0.3541666666666667 0.025 0.046875
0 0.37083333333333335 0.35625 0.020833333333333332 0.046875
0 0.5072916666666667 0.35833333333333334 0.029166666666666667 0.052083333333333336
0 0.36354166666666665 0.35833333333333334 0.025 0.046875
0 0.7458333333333333 0.3645833333333333 0.025 0.052083333333333336
0 0.79375 0.36666666666666664 0.029166666666666667 0.052083333333333336
0 0.8979166666666667 0.36770833333333336 0.03333333333333333 0.052083333333333336
0 0.28020833333333334 0.359375 0.022916666666666665 0.041666666666666664
0 0.471875 0.3645833333333333 0.025 0.046875
0 0.384375 0.36354166666666665 0.025 0.046875
0 0.33125 0.3645833333333333 0.029166666666666667 0.046875
0 0.4083333333333333 0.36666666666666664 0.01875 0.0375
0 0.240625 0.36770833333333336 0.025 0.052083333333333336
0 0.7177083333333333 0.3770833333333333 0.025 0.046875
0 0.42083333333333334 0.37083333333333335 0.022916666666666665 0.041666666666666664
0 0.196875 0.3697916666666667 0.03333333333333333 0.052083333333333336
0 0.3145833333333333 0.371875 0.025 0.052083333333333336
0 0.865625 0.38125 0.029166666666666667 0.05625
0 0.159375 0.3729166666666667 0.029166666666666667 0.046875
0 0.8291666666666667 0.38958333333333334 0.020833333333333332 0.046875
0 0.2677083333333333 0.39479166666666665 0.028125 0.022916666666666665
0 0.8479166666666667 0.409375 0.025 0.052083333333333336
0 0.11041666666666666 0.4 0.022916666666666665 0.0375
0 0.0875 0.4 0.025 0.052083333333333336
0 0.09791666666666667 0.4583333333333333 0.025 0.06041666666666667
0 0.051041666666666666 0.4875 0.03333333333333333 0.052083333333333336
0 0.5041666666666667 0.4979166666666667 0.029166666666666667 0.052083333333333336
0 0.5604166666666667 0.503125 0.029166666666666667 0.052083333333333336
0 0.43020833333333336 0.5010416666666667 0.025 0.06041666666666667
0 0.6041666666666666 0.50625 0.0375 0.06041666666666667
0 0.365625 0.5072916666666667 0.025 0.05625
0 0.7458333333333333 0.5208333333333334 0.029166666666666667 0.046875
0 0.6510416666666666 0.51875 0.029166666666666667 0.052083333333333336
0 0.7020833333333333 0.5197916666666667 0.03333333333333333 0.052083333333333336
0 0.24583333333333332 0.5145833333333333 0.029166666666666667 0.052083333333333336
0 0.30833333333333335 0.5177083333333333 0.03333333333333333 0.06041666666666667
0 0.8072916666666666 0.5270833333333333 0.03333333333333333 0.046875
0 0.13541666666666666 0.5239583333333333 0.025 0.052083333333333336
0 0.20520833333333333 0.525 0.03333333333333333 0.052083333333333336
0 0.16354166666666667 0.528125 0.025 0.05625
0 0.8833333333333333 0.5458333333333333 0.029166666666666667 0.06041666666666667
0 0.6020833333333333 0.5854166666666667 0.029166666666666667 0.06041666666666667
0 0.4708333333333333 0.6864583333333333 0.03333333333333333 0.065625
0 0.3625 0.696875 0.03333333333333333 0.052083333333333336
0 0.7677083333333333 0.26145833333333335 0.03333333333333333 0.05625