0 0.8504139079277315 0.1122247015272059 0.04530168389037049 0.06692119672089596
0 0.7029336523552315 0.1301141475343354 0.04287891970601857 0.0523257429087898
0 0.18563835600245385 0.18959614831990232 0.03236527279620371 0.04809847384825901
0 0.40802163133180563 0.1679763728819278 0.034594076494259225 0.054360594327031816
0 0.6282973282670371 0.14530281029851375 0.038809233282500105 0.05646816861791084
0 0.3322224152730094 0.1779506420733864 0.038809233282500105 0.05646816861791084
0 0.7772799066611575 0.1472110911974373 0.036386469098148196 0.04187271480580464
0 0.9333117011140742 0.1387451271053991 0.038615272796203706 0.048134835284577446
0 0.4781769739102779 0.18400740892081738 0.038712253039351906 0.052301501951244174
0 0.5053087973651853 0.18624830847819743 0.03236527279620371 0.04809847384825901
0 0.5606383560024538 0.19177783449901056 0.04297589994916677 0.05649240957545647
0 0.10673925595162057 0.24537950988714863 0.03890621352564819 0.060634835284577505
0 0.3823445115241205 0.22823547332454774 0.04530168389037049 0.06692119672089596
0 0.4146846683123613 0.23050667407885986 0.03890621352564819 0.06063483528457745
0 0.7814959343965742 0.19410427191559657 0.038809233282500105 0.056468168617910784
0 0.1663324614987039 0.2550999435321741 0.045156213525648185 0.06067119672089595
0 0.2515794127398613 0.2483052164951932 0.03880923328250005 0.056468168617910784
0 0.642518727582917 0.21933386650448403 0.03890621352564807 0.060634835284577505
0 0.3225824614987039 0.25600897944013584 0.043218350557037155 0.0669090762421232
0 0.46390969731435205 0.24224983866335453 0.03459407649425934 0.05436059432703188
0 0.1885711374105095 0.2708522085592887 0.03880923328250005 0.0564681686179109
0 0.843220963398565 0.20592015937272817 0.03890621352564807 0.06063483528457745
0 0.6935846393103706 0.22067248490108488 0.03628948885499999 0.037706048139137964
0 0.14082418616935208 0.2778651042141805 0.04287891970601857 0.052325742908789746
0 0.6145158238340279 0.26916417980166446 0.04515621352564807 0.060671196720895895
0 0.5313764509869909 0.27701269398408485 0.045156213525648185 0.06067119672089601
0 0.7809642849536114 0.2607588181034904 0.04287891970601857 0.0523257429087898
0 0.7033241861693521 0.2811376334828429 0.04297589994916677 0.05649240957545641
0 0.9715650398928243 0.2608261752445371 0.03241376291777793 0.05018180718159234
0 0.9186097553183336 0.26780876970249673 0.04515621352564807 0.060671196720895895
0 0.4786402429067595 0.3381558948693248 0.038615272796203706 0.048134835284577564
0 0.612748547238102 0.32747933241683863 0.04515621352564807 0.060671196720895895
0 0.4021145459715281 0.3616657704880637 0.03473954685898152 0.06061059432703182
0 0.04479950519125034 0.40333104813913795 0.04937137031388894 0.06277877101177486
0 0.6871675367263893 0.34770127607994056 0.04530168389037025 0.06692119672089589
0 0.7642993601812965 0.35023306712786834 0.04287891970601857 0.052325742908789864
0 0.1554101323442133 0.41230676684743095 0.042975899949166715 0.05649240957545653
0 0.8422788898165744 0.3444375850818492 0.03890621352564807 0.06063483528457757
0 0.32900478976574105 0.39769382682496174 0.038712253039351906 0.052301501951244236
0 0.25528890704027807 0.4076802164951932 0.038712253039351906 0.05230150195124412
0 0.9121675367263893 0.34901028778740545 0.038809233282500105 0.056468168617910784
0 0.9776713114224539 0.3441837495354161 0.0347395468589814 0.06061059432703182
0 0.1090442786207411 0.43390905607504243 0.03880923328250005 0.0564681686179109
0 0.4699449755559726 0.41205362580879407 0.038712253039351906 0.052301501951244236
0 0.19874883725800963 0.43963856999560724 0.028150116007963 0.04599089955738004
0 0.9775591603337965 0.39522541620208274 0.04488167933240703 0.0710999838663355
0 0.9228760150696762 0.40635649660854983 0.04297589994916677 0.05649240957545653
0 0.8335593774050004 0.41729364935465174 0.038615272796203706 0.048134835284577446
0 0.7692427397403244 0.4283762478460275 0.04515621352564831 0.060671196720895895
0 0.5970776699580559 0.4596619147745499 0.038372822188333565 0.0377181686179109
0 0.3866861192993523 0.5042650195124416 0.04069860612953704 0.04814695576335026
0 0.4698497372071763 0.4974581719966879 0.04297589994916677 0.05649240957545653
0 0.5978777569640281 0.49403691477454986 0.04530168389037025 0.06692119672089589
0 0.8463996792031948 0.47673531198790225 0.05160017401194447 0.06904089149054779
0 0.9774314736561115 0.46812390215059013 0.036386469098148196 0.04187271480580464
0 0.7540792668424542 0.4928626173491783 0.05160017401194447 0.06904089149054779
0 0.6826164328758338 0.5101527941648493 0.03241376291777793 0.05018180718159234
0 0.3979271180327782 0.5397422885729724 0.04297589994916677 0.05649240957545653
0 0.31190519579361164 0.5579892887039002 0.038809233282500105 0.0564681686179109
0 0.8993558347248616 0.5145383239572229 0.03628948885500023 0.03770604813913809
0 0.9764876581797689 0.5170701150051507 0.038712253039351906 0.052301501951244236
0 0.5300014500995375 0.5759225454023269 0.04331533080018512 0.07107574290878986
0 0.11226974265259311 0.6172363291689894 0.032365272796203735 0.04809847384825901
0 0.2598227334074542 0.6024718831618598 0.03861527279620377 0.048134835284577564
0 0.8937362063053246 0.5415852958542379 0.04883797897657421 0.03986210434510819
0 0.8148119902465283 0.5515413843275371 0.04719105673740742 0.05859998386633549
0 0.15296747783495424 0.6205976785050595 0.038615272796203706 0.048134835284577564
0 0.45863559637606527 0.5973793888846646 0.038809233282500105 0.0564681686179109
0 0.6124143420701393 0.5816096376471869 0.038615272796203706 0.048134835284577564
0 0.22489096795652827 0.623099168356055 0.04287891970601857 0.05232574290878963
0 0.38608260562120417 0.6125801721276157 0.038712253039351906 0.052301501951244236
0 0.744706008736806 0.5823792880492611 0.04297589994916677 0.056492409575456294
0 0.8955294698563895 0.5738830227602908 0.04515621352564807 0.06067119672089613
0 0.4856955555957876 0.6412808948693248 0.04719105673740742 0.05859998386633549
0 0.17089488766254685 0.6748613090019087 0.038615272796203706 0.048134835284577564
0 0.7227348994408338 0.6228709627827601 0.04297589994916677 0.05649240957545653
0 0.33523577038800983 0.6654021601582951 0.03890621352564819 0.06063483528457757
0 0.10975174011944502 0.688045421544777 0.032413762917777804 0.05018180718159234
0 0.09531387715083392 0.6942105781933673 0.032365272796203735 0.04809847384825901
0 0.24197067160375058 0.6856900719468514 0.03236527279620376 0.04809847384825901
0 0.40430095617824136 0.6793438026244648 0.043218350557037155 0.06690907624212296
0 0.9562137031388894 0.6304784564053162 0.049371370313888954 0.06277877101177486
0 0.5644994172978246 0.6709020794899724 0.04719105673740742 0.05859998386633549
0 0.6393297018723153 0.6640467500591273 0.038712253039351906 0.052301501951244236
0 0.8245039179311117 0.654708806003242 0.04515621352564807 0.060671196720895895
0 0.33029500367050985 0.7216157987219767 0.038809233282500105 0.0564681686179109
0 0.17075115919217657 0.7581825218564692 0.03890621352564819 0.06063483528457757
0 0.4711624542783802 0.7328505977058088 0.032413762917777804 0.05018180718159234
0 0.18265708447282414 0.10625675474718259 0.0475789777100001 0.07526665053300213
0 0.4111103344706951 0.7929097102486773 0.03890621352564819 0.06063483528457757
0 0.3286358881708797 0.11335518826128024 0.032413762917777804 0.05018180718159234
0 0.029387485055277898 0.1439015059846603 0.02001074316092596 0.05427575097562206
0 0.5948418986825926 0.09511494287753498 0.038615272796203706 0.04813483528457751
0 0.4192366431100927 0.1128407624212314 0.03221980243148152 0.041848473848259
0 0.48997299620027784 0.10908619203284073 0.038712253039351906 0.052301501951244174
0 0.0878905338141205 0.151532546056966 0.03880923328250005 0.05646816861791084
0 0.7217555165904167 0.08856262541601057 0.036386469098148196 0.041872714805804664