0 0.19447966017164803 0.2286007068690491 0.02971213744567347 0.03243845059562863
0 0.31710540908951107 0.21694251056967456 0.01922274134180597 0.027847337287666047
0 0.8291379399342589 0.15140939665223122 0.006431823593002169 0.010671334651444238
0 0.6474281087651995 0.17731491376288552 0.010598490259668835 0.01084111330796264
0 0.6629803793279987 0.17378491705816282 0.01706667857127163 0.02359578129274015
0 0.8187940027047932 0.15515161667760194 0.006431823593002169 0.01067133465144418
0 0.17806754653518458 0.2425049255763089 0.010598490259668953 0.01084111330796264
0 0.3348682895007451 0.22078906985987767 0.023389408008472636 0.02801711594418439
0 0.14800467207625304 0.24960736364988403 0.025690929653408644 0.04060200527244362
0 0.3692251071414449 0.2211480771094876 0.01706667857127163 0.02359578129274015
0 0.6849099264058992 0.1778012550048843 0.019222741341805735 0.027847337287665988
0 0.10860316233592197 0.2584111330796261 0.025545470779006804 0.03226867193911029
0 0.8428068831160273 0.15925284395258263 0.01706667857127163 0.02359578129274015
0 0.6994932597392327 0.1783954803026986 0.012754553030203179 0.015092669302888476
0 0.06399331926225757 0.2670026791887202 0.02982123160147482 0.03868845059562863
0 0.7182432597392326 0.17915948425703132 0.01706667857127163 0.02359578129274015
0 0.3246516287863809 0.23182295655191504 0.01706667857127163 0.02359578129274015
0 0.5957447873364712 0.19810934722307252 0.012754553030203179 0.015092669302888476
0 0.6944485676396013 0.18755825698205061 0.01706667857127163 0.02359578129274015
0 0.8221917380942967 0.17090395066999076 0.012827282467404189 0.019259335969555143
0 0.30297663473868336 0.2423899519385269 0.023389408008472636 0.028017115944184448
0 0.6446303912326036 0.19593757977049678 0.01706667857127163 0.02359578129274015
0 0.6197031206698045 0.19908557449805317 0.019295470779006743 0.032014003954332654
0 0.10359483495489114 0.2696572430923114 0.025545470779006804 0.03226867193911029
0 0.18360316233592197 0.2614671488969569 0.019295470779006743 0.032014003954332654
0 0.31962511904604984 0.24202739989793376 0.023389408008472636 0.028017115944184448
0 0.6104008501070055 0.2028702391875535 0.019222741341805735 0.027847337287665988
0 0.7516311401504666 0.18364271350917832 0.019295470779006983 0.032014003954332716
0 0.8035690146093981 0.17743161338232472 0.023316678571271628 0.023850449277517782
0 0.7682978068171332 0.18432182813525183 0.01706667857127163 0.02359578129274015
0 0.7028728127694357 0.1931061476284207 0.01706667857127163 0.02359578129274015
0 0.2760933073576526 0.2527447240044908 0.025545470779006745 0.03226867193911029
0 0.12460999188122672 0.2809228030415701 0.01706667857127163 0.02359578129274027
0 0.7819485676396013 0.19112360876893658 0.019222741341805735 0.027847337287665988
0 0.13809711146999273 0.2783495836752547 0.025618200216207695 0.036435338605776954
0 0.5337538933968775 0.22472933404196352 0.025545470779006745 0.03226867193911029
0 0.7934069009729346 0.1915905000743621 0.019295470779006743 0.032014003954332716
0 0.7477917559512041 0.20222293485265996 0.02554547077900698 0.03226867193911029
0 0.8267220519469678 0.19190706265984242 0.01922274134180597 0.027847337287665988
0 0.8828084107132658 0.18482407452284053 0.02554547077900698 0.03226867193911029
0 0.09463802921879634 0.2932335744484785 0.02971213744567347 0.03243845059562863
0 0.05101530573389793 0.2987425652217021 0.036143961038675725 0.043109785247072804
0 0.11336984685949612 0.2929559117361445 0.025545470779006804 0.03226867193911029
0 0.7271220638515727 0.21074904157006807 0.025545470779006745 0.03226867193911029
0 0.8102553912326036 0.2026862813671023 0.023316678571271628 0.023850449277517782
0 0.1311145449114299 0.2957608043596809 0.029821231601474808 0.03868845059562863
0 0.6025766228340785 0.23169734854118343 0.0233894080084724 0.028017115944184448
0 0.9244932597392326 0.18756352775469096 0.016957584415470232 0.017345781292740153
0 0.6202667738081116 0.23137724116471983 0.023389408008472636 0.028017115944184448
0 0.6690796482670431 0.22503880704547743 0.019222741341805735 0.027847337287665988
0 0.9058341715357339 0.19200785713369165 0.012827282467404189 0.019259335969555143
0 0.7802834285701733 0.21499705277401068 0.01706667857127163 0.02359578129274015
0 0.8986697813841686 0.19900241115145112 0.019295470779006743 0.032014003954332716
0 0.26631302326649386 0.28877861069652816 0.01706667857127163 0.02359578129274015
0 0.9433887186136345 0.196660865042357 0.01706667857127163 0.02359578129274015
0 0.08460319209743444 0.3146841278071825 0.025763659090609535 0.044768671939110286
0 0.8219319128775396 0.21565317267252784 0.016957584415470232 0.017345781292740153
0 0.7368243463189769 0.2298810435472344 0.01706667857127163 0.02359578129274015
0 0.923851604977171 0.21043774975722804 0.016957584415470232 0.017345781292740153
0 0.7732463149337098 0.22928327345843688 0.019222741341805735 0.027847337287666047
0 0.7846864659077428 0.22870849809719573 0.019222741341805735 0.027847337287666047
0 0.8574576737000077 0.223346291252934 0.01922274134180597 0.027847337287666047
0 0.6798599621197143 0.24629658702010673 0.027556074675139066 0.02818689460070279
0 0.7162273836565465 0.24257381693130917 0.023389408008472636 0.028017115944184448
0 0.8387622207779084 0.22570728729860132 0.01922274134180597 0.027847337287665988
0 0.9042235795442063 0.21900630113876576 0.0233894080084724 0.02801711594418439
0 0.056878204002039426 0.33645478854235017 0.031759106060406356 0.030440006590554465
0 0.7402402640677804 0.24667504420628986 0.0233894080084724 0.02801711594418439
0 0.94070009523684 0.22153353104996826 0.019222741341805735 0.027847337287665988
0 0.8867334345224758 0.23078474184856265 0.025545470779006745 0.03226867193911029
0 0.6977501190460499 0.25743481297697646 0.027556074675139305 0.02818689460070279
0 0.25015546266023353 0.3172661627371214 0.025545470779006804 0.03226867193911029
0 0.9512076737000077 0.2271663110245975 0.012900011904604962 0.02342600263622181
0 0.5441289231583899 0.28240300268579654 0.0233894080084724 0.028017115944184448
0 0.2917857646082998 0.3168806159689718 0.03398789826814148 0.03885822925214697
0 0.725966030842551 0.2637891522418089 0.0233894080084724 0.02801711594418439
0 0.9336447992410761 0.23477808506772777 0.025618200216207754 0.036435338605776954
0 0.8121698111456811 0.25272872603123187 0.01706667857127163 0.02359578129274015
0 0.02403579436981221 0.36322155929020306 0.03175910606040634 0.030440006590554465
0 0.7603773955611515 0.26727315949141883 0.023389408008472636 0.028017115944184448
0 0.09678881980277684 0.3568176857792747 0.031759106060406356 0.030440006590554465
0 0.8549508739162154 0.2586356239272119 0.02554547077900698 0.03226867193911029
0 0.06679867478104622 0.3680867905195164 0.03398789826814148 0.03885822925214697
0 0.011753982681414928 0.37521222332064796 0.010998502164273916 0.0337577799746293
0 0.24852668830940589 0.3432229400755288 0.023316678571271628 0.023850449277517782
0 0.7428872505394207 0.2790516002012157 0.027556074675139066 0.02818689460070279
0 0.8851592072495488 0.2598665191869701 0.019222741341805735 0.027847337287666047
0 0.9038728425309482 0.2585471898079695 0.025545470779006745 0.03226867193911029
0 0.5570471174222952 0.306870671988685 0.025690929653408526 0.04060200527244362
0 0.6661311996734917 0.29466069505562575 0.036143961038675815 0.043109785247072804
0 0.7627334642839881 0.282983048819678 0.019222741341805735 0.027847337287666106
0 0.8406220936130853 0.2726247319627309 0.025618200216207754 0.036435338605776954
0 0.6069743879850943 0.30474134920023893 0.023316678571271628 0.023850449277517782
0 0.8073978544355533 0.27751650271058387 0.036143961038675815 0.04310978524707292
0 0.7170819545436571 0.2915321502646425 0.03197729437200915 0.04294000659055446
0 0.9425054209941162 0.26532597571409783 0.02152426298674186 0.04043222661592516
0 0.9321796661239505 0.2701098624061352 0.019295470779006743 0.03201400395433277
0 0.5303274312749664 0.3266004440546489 0.029821231601474808 0.03868845059562863
0 0.5854630351710988 0.3246833445868507 0.019222741341805735 0.027847337287665988
0 0.5159077391753351 0.3353812187568346 0.023316678571271628 0.023850449277517782
0 0.881465281924688 0.28678007386378507 0.03197729437200915 0.04294000659055446
0 0.7755789291106924 0.3032840514558998 0.029712137445673647 0.03243845059562863
0 0.3020335178547106 0.36726261794613807 0.036143961038675815 0.043109785247072804
0 0.10477141612285212 0.3966981317615152 0.040456086579744206 0.0516128972369246
0 0.016502484845688847 0.4087153353104997 0.01947729437200907 0.04243067062099944
0 0.33856458062524486 0.3729148478573406 0.029821231601474808 0.03868845059562863
0 0.28563958657754734 0.38220850332006456 0.03197729437200903 0.04294000659055446
0 0.464242600105907 0.35721731888368813 0.032050023809209925 0.047106673257221135
0 0.6065145568160349 0.3380322378694426 0.025545470779006745 0.03226867193911029
0 0.6283168273788339 0.3347569091494974 0.03197729437200915 0.04294000659055446
0 0.9305690741324231 0.29710830641120933 0.032050023809209925 0.047106673257221135
0 0.6761971293269001 0.3346260303661254 0.03621669047587659 0.047276451913739595
0 0.5600577510799402 0.36008056131694416 0.03621669047587659 0.04727645191373948
0 0.5206198766210085 0.3668009974133529 0.0361439610386757 0.043109785247072804
0 0.842718337119165 0.33308384329352714 0.038372753246410936 0.05152800790866543
0 0.7119228961016707 0.35377748227986494 0.036143961038675815 0.043109785247072804
0 0.049466898806463905 0.4485727865651838 0.06603792207735146 0.08596490250936822
0 0.681018360928375 0.3722958090226438 0.031759106060406356 0.030440006590554465
0 0.8650297137423705 0.35897518124024863 0.025545470779006745 0.03226867193911029
0 0.6896971590884126 0.39242703300234716 0.033915168830940465 0.034691562585480305
0 0.600404743503883 0.40544345855386876 0.03815456493480814 0.03902800790866543
0 0.3740487045425587 0.4378571884402839 0.04232123160147481 0.03919778656518377
0 0.4322002142828898 0.4298174229648745 0.046815180735545664 0.05811756522170223
0 0.26712068506189657 0.454318721368269 0.08306823593002263 0.10747735046877503
0 0.5423259632007528 0.4176498906959448 0.036143961038675815 0.043109785247072804
0 0.4675986985902562 0.43021887487861404 0.05694092965340865 0.04187534519633142
0 0.13016615584090335 0.47996602570316255 0.0934849025966893 0.10790179711007089
0 0.14887979112230287 0.4786466963241619 0.025763659090609535 0.044768671939110286
0 0.8542623100624458 0.3980916232681564 0.05953336904714822 0.07112690119125725
0 0.9009736688287437 0.3906266331539882 0.053356098484349225 0.07503889987314641
0 0.42459417532156546 0.4711445323185044 0.03621669047587659 0.04727645191373948
0 0.18162601677147522 0.506004147578846 0.046815180735545546 0.05811756522170211
0 0.5171388674211967 0.46554710742603833 0.03661670238048167 0.07019311858040614
0 0.5433987223994662 0.47910822402927816 0.055584890692084346 0.08345712253473891
0 0.9401517180709184 0.4286554190601165 0.055584890692084346 0.08345712253473891
0 0.6421206850618966 0.46959880045492297 0.1024364361462304 0.1436580210897745
0 0.5891775086548988 0.4778507892509803 0.07294248701215954 0.12371957049414585
0 0.4918244951265392 0.5061526574894651 0.0771091536788262 0.1238893491506642
0 0.7441676536766295 0.47167504420628986 0.10049856168729884 0.15190646509484854
0 0.8949911320316933 0.46532952050508103 0.06384549458821691 0.07963001318110893
0 0.40081239339468067 0.5399175270460608 0.12618949134070748 0.19250847036729227
0 0.28099727218216003 0.5933272793403612 0.09191067532376233 0.1369835744484784