0 0.8794195686406486 0.5176519997738186 0.012790940729444363 0.012936509618646851
0 0.8023604803681024 0.5213854757554742 0.004263646909814867 0.004312169872882284
0 0.8066483723387042 0.526448305882592 0.004263646909814867 0.004312169872882284
0 0.7972491272779171 0.5257340214299104 0.00426364690981463 0.004312169872882284
0 0.7889157939445838 0.5260250278423416 0.00426364690981463 0.004312169872882284
0 0.7848218624602783 0.5292955310485572 0.008575783941203714 0.010707673079097901
0 0.7286445976426393 0.534384824332468 0.008575783941203714 0.010707673079097901
0 0.7328597544308801 0.5363226544595857 0.00426364690981463 0.004312169872882284
0 0.7151271760367597 0.5358993764193355 0.004263646909814867 0.004312169872882284
0 0.7120506661583338 0.5380918371573304 0.004263646909814867 0.004312169872882284
0 0.4441726173994912 0.5401487514900172 0.004263646909814867 0.004312169872882284
0 0.4118567056720375 0.5402347346715215 0.004263646909814867 0.004312169872882284
0 0.3973218624602783 0.5428273292266095 0.004263646909814867 0.004312169872882284
0 0.5276271760367597 0.5424470206990382 0.004263646909814867 0.004312169872882284
0 0.45987035258185227 0.5427281144667085 0.004263646909814867 0.004312169872882284
0 0.48593626430930603 0.5428603860945277 0.004263646909814867 0.004312169872882284
0 0.3879953525818523 0.5452380447739279 0.004263646909814867 0.004312169872882284
0 0.5203839994916671 0.5447849846432488 0.004263646909814867 0.004312169872882284
0 0.37341201924851897 0.5457473059956826 0.004263646909814867 0.004312169872882284
0 0.5777241562799079 0.5448676488911174 0.004263646909814867 0.004312169872882284
0 0.3859120192485189 0.5453107963770357 0.004263646909814867 0.004312169872882284
0 0.6454809797348152 0.544586555123447 0.00426364690981463 0.004312169872882284
0 0.5527241562799079 0.5457406681284112 0.008575783941203714 0.010707673079097901
0 0.5756408229465746 0.5449404004942252 0.004263646909814867 0.004312169872882284
0 0.6142794698563895 0.5477611625033975 0.00426364690981463 0.004312169872882284
0 0.4943908229465746 0.5477777130154298 0.004263646909814867 0.004312169872882284
0 0.621546891462269 0.5464648652258535 0.004263646909814867 0.004312169872882284
0 0.6497203815838432 0.5475660519172314 0.004263646909814867 0.004312169872882284
0 0.6549529599779634 0.5484258395761284 0.004263646909814867 0.004312169872882284
0 0.3348945976426394 0.5481348773198438 0.004263646909814867 0.004312169872882284
0 0.5152241562799079 0.5470501969843516 0.004263646909814867 0.004312169872882284
0 0.3599430877642134 0.5493451914158833 0.004263646909814867 0.004312169872882284
0 0.5976370482505098 0.5493848419949267 0.004263646909814867 0.004312169872882284
0 0.6425499402211117 0.553029015861442 0.004263646909814867 0.004312169872882284
0 0.5872688717054172 0.551831933343799 0.00426364690981463 0.004312169872882284
0 0.6373658519485653 0.5542525615358783 0.004263646909814867 0.004312169872882284
0 0.49872720503875045 0.5549238764758808 0.004263646909814867 0.004312169872882284
0 0.6238241852818986 0.554725446956079 0.004263646909814867 0.004312169872882284
0 0.5112272050387505 0.554487366857234 0.004263646909814867 0.004312169872882284
0 0.4874628321917135 0.563657343626307 0.004263646909814867 0.004312169872882284
0 0.5198272340407413 0.565654693778136 0.004263646909814867 0.004312169872882284
0 0.5105249692231023 0.5691070759921212 0.004263646909814867 0.004312169872882284
0 0.5323999692231023 0.5683431841594893 0.004263646909814867 0.004312169872882284
0 0.517865126011343 0.5709357787145772 0.004263646909814867 0.004312169872882284
0 0.5387711945270375 0.5733332626834992 0.004263646909814867 0.004312169872882284
0 0.4545416648917598 0.5825297026093653 0.008575783941203714 0.010707673079097901
0 0.5545901550133338 0.5811209589935238 0.004263646909814867 0.004312169872882284
0 0.43789924328588015 0.5841533821008944 0.004263646909814867 0.004312169872882284
0 0.564037890195695 0.5839185767795387 0.008575783941203714 0.010707673079097901
0 0.6038879191976857 0.5939946296538238 0.004263646909814867 0.004312169872882284
0 0.4100166938937505 0.5955521954095164 0.004263646909814867 0.004312169872882284
0 0.5914364093192598 0.5965144726058039 0.00426364690981463 0.004312169872882284
0 0.6040091445016209 0.599202962987157 0.004263646909814867 0.004312169872882284
0 0.6092174778349543 0.5990210839793876 0.004263646909814867 0.004312169872882284
0 0.6123182327741671 0.5978702899080591 0.00426364690981463 0.004312169872882284
0 0.42258942907611163 0.5982406857908698 0.008575783941203714 0.010707673079097901
0 0.5935682327741671 0.5985250543360294 0.00426364690981463 0.004312169872882284
0 0.38506518401532464 0.5985085479801435 0.004263646909814867 0.004312169872882284
0 0.5988250562290746 0.6004265086615933 0.004263646909814867 0.004312169872882284
0 0.4080545858643524 0.6008332803459576 0.004263646909814867 0.004312169872882284
0 0.6071583895624079 0.600135502249162 0.004263646909814867 0.004312169872882284
0 0.4320371642584727 0.6010383035768846 0.008575783941203714 0.010707673079097901
0 0.4007629191976857 0.601087910956835 0.004263646909814867 0.004312169872882284
0 0.6113735463506487 0.6020733323762798 0.004263646909814867 0.004312169872882284
0 0.5967902130173154 0.6025825935980345 0.004263646909814867 0.004312169872882284
0 0.37370383092513937 0.6030753484639032 0.004263646909814867 0.004312169872882284
0 0.6332970364722228 0.6033927738769811 0.004263646909814867 0.004312169872882284
0 0.6239462815330098 0.6047618227576329 0.004263646909814867 0.004312169872882284
0 0.3841932327741671 0.6058365904483641 0.004263646909814867 0.004312169872882284
0 0.6010538599271302 0.6066037570584855 0.00426364690981463 0.004312169872882284
0 0.6073765951094913 0.609510502249162 0.008575783941203714 0.010707673079097901
0 0.4113977914114357 0.6100991529412959 0.004263646909814867 0.004312169872882284
0 0.6116159969585191 0.6124899990429464 0.004263646909814867 0.004312169872882284
0 0.6377303988075468 0.6147056040040988 0.004263646909814867 0.004312169872882284
0 0.6450220654742135 0.6144509733932215 0.004263646909814867 0.004312169872882284
0 0.37813719326046347 0.6143881785910209 0.008575783941203714 0.010707673079097901
0 0.6638448006565746 0.6169212089652513 0.00426364690981463 0.004312169872882284
0 0.34589401671537084 0.6175991617725252 0.004263646909814867 0.004312169872882284
0 0.36360235004870417 0.6169807731461089 0.004263646909814867 0.004312169872882284
0 0.3437864383212505 0.6166302467089664 0.004263646909814867 0.004312169872882284
0 0.6721781339899079 0.61663020255282 0.00426364690981463 0.004312169872882284
0 0.678476624111482 0.6184952810768299 0.004263646909814867 0.004312169872882284
0 0.6889175358389357 0.6191731897279575 0.00426364690981463 0.004312169872882284
0 0.3563591735036116 0.6193187370903195 0.004263646909814867 0.004312169872882284
0 0.36885917350361164 0.6188822274716727 0.004263646909814867 0.004312169872882284
0 0.6138690457173617 0.6197089141065053 0.004263646909814867 0.004312169872882284
0 0.33552584017027826 0.6200462531213976 0.004263646909814867 0.004312169872882284
0 0.3897167518977321 0.6191963781072612 0.004263646909814867 0.004312169872882284
0 0.625375869172269 0.6213921136227456 0.00426364690981463 0.004312169872882284
0 0.3876819086859727 0.6213524630437024 0.004263646909814867 0.004312169872882284
0 0.6399834475663895 0.6219245190676577 0.004263646909814867 0.004312169872882284
0 0.6514417808997227 0.6215243852505647 0.004263646909814867 0.004312169872882284
0 0.6670667808997227 0.6209787482272561 0.004263646909814867 0.004312169872882284
0 0.5649592025056023 0.623501910112872 0.00426364690981463 0.004312169872882284
0 0.6744311827487505 0.6238491176163788 0.004263646909814867 0.004312169872882284
0 0.4596781339899079 0.6240508660698164 0.004263646909814867 0.004312169872882284
0 0.6087819376879635 0.6250991264476081 0.008575783941203714 0.010707673079097901
0 0.6567228494154171 0.6244675062427951 0.004263646909814867 0.004312169872882284
0 0.40129631053500053 0.6240045776235017 0.008575783941203714 0.010707673079097901
0 0.5336849574448154 0.6235515174928226 0.008575783941203714 0.010707673079097901
0 0.5451675358389357 0.6241930503423962 0.008575783941203714 0.010707673079097901
0 0.6202160259605097 0.6236573259638486 0.008575783941203714 0.010707673079097901
0 0.41699404571736165 0.6265839406001931 0.004263646909814867 0.004312169872882284
0 0.447226624111482 0.6265707090217966 0.008575783941203714 0.010707673079097901
0 0.632788761142871 0.6263458163452017 0.00426364690981463 0.004312169872882284
0 0.6651046728703246 0.6262598331636973 0.004263646909814867 0.004312169872882284
0 0.6494796728703246 0.6268054701870059 0.004263646909814867 0.004312169872882284
0 0.42428571238402835 0.6263293099893158 0.004263646909814867 0.004312169872882284
0 0.5848478494154172 0.6269774365500146 0.004263646909814867 0.004312169872882284
0 0.5254001142330561 0.6259258572385871 0.008575783941203714 0.010707673079097901
0 0.43368495744481533 0.6270435944419973 0.004263646909814867 0.004312169872882284
0 0.6307539179311116 0.6285019012816428 0.00426364690981463 0.004312169872882284
0 0.5932296728703246 0.6287697634709167 0.008575783941203714 0.010707673079097901
0 0.387851624111482 0.628644129710369 0.008575783941203714 0.010707673079097901
0 0.7308508981742599 0.6291764909991346 0.008575783941203714 0.010707673079097901
0 0.37951829077814864 0.6289351361228003 0.004263646909814867 0.004312169872882284
0 0.576538761142871 0.6283101096291125 0.00426364690981463 0.004312169872882284
0 0.7558508981742598 0.628303471761841 0.004263646909814867 0.004312169872882284
0 0.32326829077814867 0.6308994294067111 0.008575783941203714 0.010707673079097901
0 0.4129243592938431 0.6308961104730754 0.004263646909814867 0.004312169872882284
0 0.35454253583893575 0.6308498220267607 0.004263646909814867 0.004312169872882284
0 0.309726624111482 0.6313723148269119 0.004263646909814867 0.004312169872882284
0 0.6693925648409265 0.631322663290815 0.004263646909814867 0.004312169872882284
0 0.7142084765683803 0.6308001704906638 0.00426364690981463 0.004312169872882284
0 0.7455069666899542 0.63179222977738 0.008575783941203714 0.010707673079097901
0 0.6860834765683802 0.6317823171326192 0.00426364690981463 0.004312169872882284
0 0.517236496325232 0.6335085303176851 0.008575783941203714 0.010707673079097901
0 0.6881910549625005 0.632751232196178 0.004263646909814867 0.004312169872882284
0 0.4192228494154172 0.6327611889970852 0.004263646909814867 0.004312169872882284
0 0.7069653000232876 0.6331381344348745 0.004263646909814867 0.004312169872882284
0 0.39628193768796355 0.6325197899646045 0.008575783941203714 0.010707673079097901
0 0.5693440747193523 0.6327314069066564 0.008575783941203714 0.010707673079097901
0 0.37334102596050983 0.6322783909321237 0.008575783941203714 0.010707673079097901
0 0.2972751142330561 0.6338921577788921 0.008575783941203714 0.010707673079097901
0 0.7237047018723153 0.6356811216100121 0.008575783941203714 0.010707673079097901
0 0.938457750631158 0.6354793731565744 0.012790940729444363 0.012936509618646851
0 0.4568198296585654 0.6356183268078115 0.004263646909814867 0.004312169872882284
0 0.46413574138601904 0.6364053628636007 0.008575783941203714 0.010707673079097901
0 0.48913574138601906 0.6355323436263071 0.008575783941203714 0.010707673079097901
0 0.3160978494154172 0.6363623933509218 0.008575783941203714 0.010707673079097901
0 0.4401289179311117 0.6351586729660073 0.008575783941203714 0.010707673079097901
0 0.6924547018723153 0.6367723956566291 0.008575783941203714 0.010707673079097901
0 0.6444895450840746 0.6363623491947753 0.008575783941203714 0.010707673079097901
0 0.32755618274875054 0.6359622595338288 0.004263646909814867 0.004312169872882284
0 0.42658725126444497 0.635631558386208 0.004263646909814867 0.004312169872882284
0 0.5193683197801395 0.6355191120479106 0.004263646909814867 0.004312169872882284
0 0.6945622802664357 0.6377413107201879 0.004263646909814867 0.004312169872882284
0 0.5298577216291672 0.6382803540323715 0.004263646909814867 0.004312169872882284
0 0.43499331978013944 0.6384655519737767 0.012790940729444481 0.012936509618646851
0 0.7112774370546765 0.6392426312286588 0.008575783941203714 0.010707673079097901
0 0.7363016821154635 0.6394112786580319 0.008575783941203714 0.010707673079097901
0 0.3380698296585654 0.6397651681849564 0.008575783941203714 0.010707673079097901
0 0.6560448586605561 0.6401288820443491 0.004263646909814867 0.004312169872882284
0 0.28802133953699127 0.6394278733262105 0.008575783941203714 0.010707673079097901
0 0.5382395450840747 0.6400726809532736 0.008575783941203714 0.010707673079097901
0 0.6351872802664358 0.6398147314087606 0.004263646909814867 0.004312169872882284
0 0.41936831978013944 0.6390111889970852 0.008575783941203714 0.010707673079097901
0 0.7457009271762505 0.6401255631107133 0.008575783941203714 0.010707673079097901
0 0.562197878417408 0.6392360375175339 0.008575783941203714 0.010707673079097901
0 0.7019266821154635 0.6406116801093107 0.004263646909814867 0.004312169872882284
0 0.46420847656838016 0.6395303628636008 0.004263646909814867 0.004312169872882284
0 0.2943198296585654 0.6412929518502204 0.004263646909814867 0.004312169872882284
0 0.750957750631158 0.6420270174362772 0.008575783941203714 0.010707673079097901
0 0.6790342605095838 0.6424536144101632 0.008575783941203714 0.010707673079097901
0 0.6175031919938895 0.6414747867018435 0.008575783941203714 0.010707673079097901
0 0.6467183487821302 0.6425395975916676 0.008575783941203714 0.010707673079097901
0 0.7551729074193987 0.6439648475633949 0.008575783941203714 0.010707673079097901
0 0.39448954508407463 0.6450925415677122 0.012790940729444481 0.012936509618646851
0 0.5696350154487969 0.6452314069066565 0.008575783941203714 0.010707673079097901
0 0.5289857703880099 0.645608396500592 0.004263646909814867 0.004312169872882284
0 0.33608347656838017 0.6440045864547309 0.008575783941203714 0.010707673079097901
0 0.48206228026643577 0.6451619742371845 0.008575783941203714 0.010707673079097901
0 0.6738744172978246 0.644718826751266 0.008575783941203714 0.010707673079097901
0 0.5238016821154635 0.6468319421750283 0.008575783941203714 0.010707673079097901
0 0.3851387901448617 0.6464615904483642 0.008575783941203714 0.010707673079097901
0 0.6874645740860654 0.6463292746643987 0.008575783941203714 0.010707673079097901
0 0.7740198876625469 0.6474767498020914 0.008575783941203714 0.010707673079097901
0 0.47590926050958393 0.6495468957131745 0.008575783941203714 0.010707673079097901
0 0.532183505570371 0.6486242690959304 0.008575783941203714 0.010707673079097901
0 0.46861759384291723 0.6498015263240517 0.008575783941203714 0.010707673079097901
0 0.3226387901448617 0.6486441385415984 0.008575783941203714 0.010707673079097901
0 0.47901001544879684 0.6483961016418461 0.008575783941203714 0.010707673079097901
0 0.6041797308743061 0.6513226721220443 0.008575783941203714 0.010707673079097901
0 0.4123433487821302 0.6507241529412959 0.008575783941203714 0.010707673079097901
0 0.7428183777841209 0.6506513571820418 0.008575783941203714 0.010707673079097901
0 0.16532287841740795 0.6530952179095713 0.008575783941203714 0.010707673079097901
0 0.8273388481488432 0.6539549172561755 0.012887920972592563 0.017103176285313517
0 0.5656623092684264 0.6537102434462054 0.008672764184351915 0.014874339745764568
0 0.6083948876625469 0.6532605022491621 0.008575783941203714 0.010707673079097901
0 0.5750373092684264 0.6533828612322203 0.008575783941203714 0.010707673079097901
0 0.5980267111174542 0.6557075935980344 0.008575783941203714 0.010707673079097901
0 0.7543979364213894 0.6554595566982822 0.008575783941203714 0.010707673079097901
0 0.43019715248018575 0.6563557643148795 0.008575783941203714 0.010707673079097901
0 0.627217622844908 0.6557307378211917 0.008575783941203714 0.010707673079097901
0 0.8315540049370839 0.6558927473832932 0.012790940729444363 0.012936509618646851
0 0.2039857703880098 0.65695764658541 0.012790940729444481 0.012936509618646851
0 0.21757592717625054 0.6585680944985427 0.008575783941203714 0.010707673079097901
0 0.10393728026643574 0.6583663902012515 0.012790940729444452 0.012936509618646851
0 0.4135547308743061 0.6579794438064087 0.008575783941203714 0.010707673079097901
0 0.649165358027269 0.6580918459885597 0.008575783941203714 0.010707673079097901
0 0.4511517111174542 0.6608365816171349 0.012790940729444363 0.012936509618646851
0 0.42300246605666725 0.6607770615924236 0.012790940729444481 0.012936509618646851
0 0.7962100734527784 0.660254524636126 0.008575783941203714 0.010707673079097901
0 0.7764668969076858 0.6630289981989835 0.012790940729444363 0.012936509618646851
0 0.7097517401194451 0.6632737161651001 0.008575783941203714 0.010707673079097901
0 0.24589488766254686 0.6659192811899205 0.008672764184351856 0.014874339745764568
0 0.5764184067861117 0.6679298187639997 0.008575783941203714 0.010707673079097901
0 0.7589040339390747 0.6698973868253998 0.008575783941203714 0.010707673079097901
0 0.4159290049370839 0.6704066922033008 0.008575783941203714 0.010707673079097901
0 0.6421403870292598 0.6698048099327705 0.008575783941203714 0.010707673079097901
0 0.6160744753018061 0.6696725383049513 0.012887920972592563 0.017103176285313517
0 0.447203249997871 0.6703570848233505 0.012790940729444481 0.012936509618646851
0 0.6432547888782876 0.6728934341312165 0.00426364690981463 0.004312169872882284
0 0.3638456716037506 0.6722254822809961 0.012887920972592563 0.017103176285313517
0 0.11365171111745427 0.6726223413205996 0.012790940729444452 0.012936509618646851
0 0.16263428951157463 0.6719543453142329 0.008575783941203714 0.010707673079097901
0 0.43787674011944505 0.672767800370669 0.012790940729444363 0.012936509618646851
0 0.27629718148217647 0.6731977162781907 0.008575783941203714 0.010707673079097901
0 0.40449491666453763 0.6718484926870605 0.012790940729444481 0.012936509618646851
0 0.21483884814884316 0.675343888569871 0.008672764184351856 0.014874339745764568
0 0.3962343185135654 0.6752644990994917 0.012790940729444481 0.012936509618646851
0 0.7194661709704635 0.6775296672844482 0.008575783941203714 0.010707673079097901
0 0.6756676808488895 0.6769741176163788 0.012790940729444363 0.012936509618646851
0 0.6037926808488895 0.6794840479235982 0.008672764184351915 0.014874339745764568
0 0.45262978887828764 0.6795502058155809 0.008672764184351915 0.014874339745764568
0 0.45471312221162097 0.6794774542124731 0.008575783941203714 0.010707673079097901
0 0.9603336215783339 0.679543523792163 0.012887920972592563 0.017103176285313517
0 0.3702653870292598 0.6792988941383393 0.012790940729444363 0.012936509618646851
0 0.5652752592430098 0.6818716192477593 0.008575783941203714 0.010707673079097901
0 0.42140403393907466 0.6816831465288647 0.012790940729444481 0.012936509618646851
0 0.3171646320900469 0.6821957266842552 0.012790940729444363 0.012936509618646851
0 0.36614721048416726 0.6815277306778883 0.008575783941203714 0.010707673079097901
0 0.37971312221162096 0.6820965119243543 0.012887920972592563 0.017103176285313517
0 0.24313356357435242 0.6816534085945823 0.008575783941203714 0.010707673079097901
0 0.2306820536959265 0.6841732515465625 0.008672764184351856 0.014874339745764568
0 0.4152025240606487 0.6839847346715214 0.008575783941203714 0.010707673079097901
0 0.11600174011944503 0.6840079230508251 0.012887920972592622 0.017103176285313517
0 0.25153963209004687 0.6844874021821511 0.008575783941203714 0.010707673079097901
0 0.8749411999724543 0.6835680061862498 0.008575783941203714 0.010707673079097901
0 0.8957987783665746 0.6838821568218384 0.008575783941203714 0.010707673079097901
0 0.3057547888782876 0.6846791938346813 0.012887920972592563 0.017103176285313517
0 0.19000856357435242 0.6835085744738314 0.012790940729444481 0.012936509618646851
0 0.20669947530180616 0.6839682283156355 0.008575783941203714 0.010707673079097901
0 0.804107866639121 0.6860415606919154 0.0128879209725928 0.017103176285313517
0 0.5330563277587043 0.6861242690959304 0.012790940729444363 0.012936509618646851
0 0.5925040629410654 0.6871758484073579 0.008575783941203714 0.010707673079097901
0 0.44652525924300984 0.6860184606249043 0.008575783941203714 0.010707673079097901
0 0.36835176912143575 0.6866633124081137 0.012790940729444481 0.012936509618646851
0 0.21307070060574135 0.6889583068396454 0.008575783941203714 0.010707673079097901
0 0.39344874936458396 0.6899569598374867 0.012790940729444363 0.012936509618646851
0 0.2934002592430099 0.6913657034533283 0.008575783941203714 0.010707673079097901
0 0.6582745333057877 0.6911341729094619 0.0128879209725928 0.017103176285313517
0 0.17147676912143575 0.6935383389018016 0.012887920972592563 0.017103176285313517
0 0.2819904160312506 0.6938491706037545 0.008575783941203714 0.010707673079097901
0 0.4935942197293061 0.6927148828883121 0.012790940729444481 0.012936509618646851
0 0.13082752406064874 0.6939153284957372 0.012790940729444452 0.012936509618646851
0 0.8501594055195376 0.6938160254235436 0.012887920972592563 0.017103176285313517
0 0.8981003172469914 0.6931844052187306 0.0128879209725928 0.017103176285313517
0 0.3998684647900932 0.69703037169483 0.008575783941203714 0.010707673079097901
0 0.268497239486158 0.6964053893572886 0.008672764184351915 0.014874339745764568
0 0.5082502882450005 0.6953306216665573 0.012790940729444363 0.012936509618646851
0 0.42382679812342655 0.6961937282590902 0.012887920972592563 0.017103176285313517
0 0.39364270985088023 0.69829029317082 0.008575783941203714 0.010707673079097901
0 0.09032374936458393 0.7005423180896728 0.012790940729444481 0.012936509618646851
0 0.2519275530626395 0.7011540688488177 0.012790940729444481 0.012936509618646851
0 0.21333739627439874 0.7004166401729788 0.008672764184351856 0.014874339745764568
0 0.23315330800185247 0.7007671666101214 0.008575783941203714 0.010707673079097901
0 0.8420200326725007 0.7024403651693081 0.0128879209725928 0.017103176285313517
0 0.2592434647900932 0.701941104904607 0.012887920972592622 0.017103176285313517
0 0.24783362157833394 0.7044245720550334 0.008575783941203714 0.010707673079097901
0 0.1936184647900932 0.704232780402503 0.008672764184351856 0.014874339745764568
0 0.22389953330578766 0.7063028821574397 0.008575783941203714 0.010707673079097901
0 0.6273639641568062 0.7068087802894123 0.012887920972592563 0.017103176285313517
0 0.6388465425509264 0.7074503131389861 0.0128879209725928 0.017103176285313517
0 0.5575722974901395 0.7092459589935238 0.012887920972592563 0.01710317628531328
0 0.28652075860972287 0.709328667397539 0.008672764184351915 0.014874339745764568
0 0.7181344345215285 0.7098940855542227 0.0128879209725928 0.017103176285313517
0 0.0895002882450006 0.7099536938912266 0.0172000580039815 0.023498679491529135
0 0.8234155030372229 0.7093451295972784 0.012887920972592563 0.017103176285313517
0 0.46791622897444507 0.7092492779271596 0.012790940729444481 0.012936509618646851
0 0.23334726848814874 0.7091004999434547 0.008575783941203714 0.010707673079097901
0 0.38451016045875064 0.709034342051472 0.012887920972592563 0.017103176285313517
0 0.8787208166137044 0.7115838787815882 0.01720005800398165 0.023498679491529135
0 0.8933041499470378 0.7110746175598336 0.0128879209725928 0.017103176285313517
0 0.4950965425509265 0.7124701737534248 0.012790940729444481 0.012936509618646851
0 0.17816318021560246 0.7120700840924782 0.012790940729444481 0.012936509618646851
0 0.24909349379208393 0.7137631962534794 0.008575783941203714 0.010707673079097901
0 0.7495056598254635 0.7140111448409389 0.012790940729444363 0.012936509618646851
0 0.6442245913097691 0.7145601007978831 0.012790940729444363 0.012936509618646851
0 0.30439880736856545 0.7160019454377892 0.012887920972592563 0.017103176285313517
0 0.5837836795823155 0.715628230621343 0.012887920972592563 0.017103176285313517
0 0.13346849379208392 0.7178009102259627 0.012887920972592622 0.017103176285313517
0 0.6526549048862507 0.7184357610521186 0.012887920972592563 0.017103176285313517
0 0.49313443452152844 0.7177512586898659 0.012887920972592563 0.017103176285313517
0 0.617262483280371 0.720714204971618 0.0128879209725928 0.017103176285313517
0 0.16374956230777837 0.7198710119808995 0.008672764184351856 0.014874339745764568
0 0.30037761106662103 0.7223974486440048 0.008672764184351915 0.014874339745764568
0 0.7444912869784266 0.7225263571820418 0.012887920972592563 0.017103176285313517
0 0.8883867573431488 0.723756496567603 0.012790940729444363 0.012936509618646851
0 0.44848823821958395 0.7255654181566839 0.012887920972592563 0.017103176285313517
0 0.13579427773328764 0.7281448252895216 0.012887920972592622 0.017103176285313517
0 0.4850677968568525 0.7295005984356304 0.012887920972592563 0.017103176285313517
0 0.7123450906764821 0.7299040070302127 0.012887920972592563 0.017103176285313517
0 0.524772355494121 0.7333266513099155 0.012887920972592563 0.017103176285313517
0 0.6779943357372692 0.7321460751481582 0.0128879209725928 0.017103176285313517
0 0.8604314727686581 0.7320303098762252 0.012887920972592563 0.017103176285313517
0 0.17765490488625063 0.7350231265606989 0.012887920972592622 0.017103176285313517
0 0.9157367863451396 0.7342690590605349 0.021366724670648315 0.023644182697744754
0 0.8480042079510192 0.735591819494872 0.012887920972592563 0.017103176285313517
0 0.7417057178294452 0.7372188179200367 0.012790940729444363 0.012936509618646851
0 0.7052231394353247 0.7374503043077567 0.012887920972592563 0.01710317628531328
0 0.02038748328037099 0.7415575392620049 0.006637920972592607 0.01688492147599021
0 0.8533580116490747 0.7416599404871024 0.0128879209725928 0.017103176285313517
0 0.7220595215275006 0.744159958149561 0.012887920972592563 0.017103176285313517
0 0.3561435807980562 0.7444278644949812 0.012887920972592563 0.017103176285313517
0 0.7450246783157414 0.7454430238487084 0.0128879209725928 0.017103176285313517
0 0.05381779685685248 0.7445601802789468 0.012790940729444452 0.012936509618646851
0 0.8284549918922228 0.7466996263910628 0.012887920972592563 0.017103176285313517
0 0.8097534820137969 0.7494377241523664 0.012887920972592563 0.017103176285313517
0 0.2718170709196303 0.7494576377541808 0.012887920972592563 0.017103176285313517
0 0.7680383252255562 0.7488094228811892 0.012887920972592563 0.017103176285313517
0 0.13749056104120433 0.7562334494879678 0.012887920972592622 0.017103176285313517
0 0.7348504622569451 0.7562234485309142 0.01720005800398165 0.023498679491529135
0 0.6817981974393061 0.7612036144101633 0.012790940729444363 0.012936509618646851
0 0.8183535110157877 0.7606050510732684 0.019186411094166543 0.01940476442797016
0 0.11263603140592657 0.7633564687252614 0.021366724670648166 0.023644182697744754
0 0.21379892337652842 0.7650363493078661 0.012887920972592622 0.017103176285313517
0 0.5756451776824544 0.7690806128353281 0.0128879209725928 0.017103176285313517
0 0.25779137398439883 0.7739252323092688 0.019186411094166664 0.01940476442797016
0 0.9240225005040748 0.7767227617829909 0.01720005800398141 0.023498679491529135
0 0.2871035110157877 0.7791567098657595 0.01720005800398141 0.023498679491529135
0 0.30902700113736176 0.7804761513664609 0.021366724670648197 0.023644182697744754
0 0.9689353924746766 0.7803669356495063 0.008818234549074096 0.021124339745764567
0 0.4113770301393525 0.7883696561475115 0.01720005800398153 0.023498679491529135
0 0.8138967745668526 0.7930785967477046 0.021366724670648315 0.023644182697744754
0 0.022617157925602517 0.7925628301271177 0.008866724670648167 0.0232076730790979
0 0.205442215929584 0.8091137315218513 0.019186411094166664 0.01940476442797016
0 0.931096832570834 0.8119211736403341 0.0128879209725928 0.017103176285313517
0 0.312927843082547 0.8137003572951325 0.02146370491379628 0.02781084936441142
0 0.8905445677531951 0.8164648299009364 0.021366724670648315 0.023644182697744754
0 0.5893089406002322 0.8186441032166812 0.0128879209725928 0.017103176285313517
0 0.45929456775319516 0.8315244117442526 0.021366724670648197 0.023644182697744754
0 0.6158355084826397 0.8385680415111669 0.021366724670648315 0.023644182697744754
0 0.5908355084826397 0.8394410607484607 0.021366724670648315 0.023644182697744754
0 0.34696428317870437 0.8427446649787408 0.02146370491379628 0.02781084936441142
0 0.6764461356356025 0.8447915783543738 0.01720005800398165 0.023498679491529135
0 0.9558310078493526 0.8444178635379276 0.015310685156944477 0.03175926122175478
0 0.24383928317870443 0.8463458693325773 0.02146370491379628 0.02781084936441142
0 0.48366506711990814 0.8483961016418461 0.021366724670648197 0.023644182697744754
0 0.4576961356356026 0.8524304966806937 0.02146370491379628 0.02781084936441142
0 0.5516643411826859 0.8585316745408423 0.02146370491379628 0.02781084936441142
0 0.5173620763650469 0.8628570759921211 0.02136672467064808 0.023644182697744754
0 0.8584719775807879 0.8717955222173279 0.021366724670648315 0.023644182697744754
0 0.9460447127631489 0.8718649548868 0.02781068515694424 0.03219577084040139
0 0.7179924479455101 0.882956255427105 0.021366724670648315 0.023644182697744754
0 0.43875304609648225 0.8895799702435512 0.021560685156944478 0.03197751603107809
0 0.8351440158279175 0.899715498986401 0.021366724670648315 0.023644182697744518
0 0.059707604733750766 0.9080290953425056 0.021463704913796306 0.02781084936441142
0 0.36523112385731565 0.9109126521538784 0.02146370491379628 0.02781084936441142
0 0.4132932608887045 0.9154893652823988 0.021366724670648197 0.023644182697744754
0 0.3028038590396767 0.9162202002471126 0.027859175278518458 0.034279104173734726
0 0.10059930040240818 0.9180687724152367 0.021463704913796306 0.02781084936441142
0 0.3309773491612508 0.9173213869384906 0.02136672467064808 0.023644182697744754
0 0.7745585046829174 0.9393616712780815 0.027859175278518458 0.034279104173734726
0 0.5693986614711583 0.9486110375175338 0.030039488854999994 0.03851852244350908
0 0.19388951519463044 0.9398313260769392 0.02320760739611115 0.013300267634186014
0 0.7408138762633805 0.9676454060626936 0.02325609751768525 0.015383600967519347
0 0.7929699447790749 0.9689516159849985 0.023110627152963067 0.009133600967519346