0 0.0375 0.071875 0.021875 0.027083333333333334
0 0.23333333333333334 0.04479166666666667 0.027083333333333334 0.027083333333333334
0 0.09479166666666666 0.06458333333333334 0.03125 0.027083333333333334
0 0.33229166666666665 0.03333333333333333 0.03125 0.03125
0 0.5229166666666667 0.11770833333333333 0.025 0.04375
0 0.8020833333333334 0.08333333333333333 0.022916666666666665 0.034375
0 0.6 0.11145833333333334 0.028125 0.03958333333333333
0 0.4125 0.140625 0.022916666666666665 0.034375
0 0.8520833333333333 0.07916666666666666 0.028125 0.034375
0 0.3614583333333333 0.14791666666666667 0.03333333333333333 0.035416666666666666
0 0.9375 0.06979166666666667 0.01875 0.034375
0 0.21770833333333334 0.17083333333333334 0.028125 0.034375
0 0.70625 0.10416666666666667 0.028125 0.03958333333333333
0 0.6520833333333333 0.11145833333333334 0.028125 0.03958333333333333
0 0.31145833333333334 0.16145833333333334 0.029166666666666667 0.04375
0 0.9020833333333333 0.07916666666666666 0.03333333333333333 0.040625
0 0.17395833333333333 0.18125 0.022916666666666665 0.034375
0 0.12708333333333333 0.190625 0.028125 0.034375
0 0.07708333333333334 0.2 0.028125 0.034375
0 0.029166666666666667 0.20833333333333334 0.028125 0.034375
0 0.46041666666666664 0.14791666666666667 0.028125 0.034375
0 0.55625 0.134375 0.029166666666666667 0.04375
0 0.7479166666666667 0.10833333333333334 0.027083333333333334 0.03125
0 0.26458333333333334 0.17604166666666668 0.022916666666666665 0.034375
0 0.5083333333333333 0.14791666666666667 0.028125 0.03958333333333333
0 0.94375 0.11458333333333333 0.009375 0.0375
0 0.7052083333333333 0.14583333333333334 0.028125 0.03958333333333333
0 0.6479166666666667 0.15416666666666667 0.029166666666666667 0.04375
0 0.7989583333333333 0.13541666666666666 0.028125 0.03958333333333333
0 0.36666666666666664 0.19791666666666666 0.029166666666666667 0.04375
0 0.315625 0.20520833333333333 0.028125 0.03958333333333333
0 0.8510416666666667 0.13020833333333334 0.03333333333333333 0.040625
0 0.75625 0.14375 0.03333333333333333 0.035416666666666666
0 0.9020833333333333 0.128125 0.028125 0.03958333333333333
0 0.5614583333333333 0.17604166666666668 0.028125 0.03958333333333333
0 0.26145833333333335 0.22083333333333333 0.027083333333333334 0.03125
0 0.4083333333333333 0.19895833333333332 0.028125 0.03958333333333333
0 0.21458333333333332 0.22916666666666666 0.028125 0.034375
0 0.4979166666666667 0.19375 0.022916666666666665 0.034375
0 0.11666666666666667 0.24791666666666667 0.03333333333333333 0.035416666666666666
0 0.6052083333333333 0.18541666666666667 0.028125 0.034375
0 0.17604166666666668 0.25416666666666665 0.028125 0.034375
0 0.3885416666666667 0.034375 0.022916666666666665 0.034375
0 0.209375 0.2604166666666667 0.03333333333333333 0.040625
0 0.3104166666666667 0.25104166666666666 0.025 0.04375
0 0.021875 0.2916666666666667 0.03333333333333333 0.040625
0 0.8020833333333334 0.18125 0.028125 0.03958333333333333
0 0.4041666666666667 0.2375 0.029166666666666667 0.04375
0 0.06041666666666667 0.28854166666666664 0.028125 0.03958333333333333
0 0.9479166666666666 0.165625 0.022916666666666665 0.03958333333333333
0 0.89375 0.17604166666666668 0.0375 0.040625
0 0.2635416666666667 0.26458333333333334 0.029166666666666667 0.04375
0 0.6510416666666666 0.209375 0.022916666666666665 0.034375
0 0.15833333333333333 0.2791666666666667 0.029166666666666667 0.04375
0 0.47708333333333336 0.234375 0.029166666666666667 0.04375
0 0.5541666666666667 0.22291666666666668 0.029166666666666667 0.04375
0 0.10833333333333334 0.28854166666666664 0.028125 0.034375
0 0.36041666666666666 0.2552083333333333 0.028125 0.03958333333333333
0 0.846875 0.18645833333333334 0.028125 0.034375
0 0.6958333333333333 0.21041666666666667 0.028125 0.034375
0 0.7510416666666667 0.221875 0.029166666666666667 0.04375
0 0.3 0.28958333333333336 0.028125 0.03958333333333333
0 0.8010416666666667 0.22395833333333334 0.022916666666666665 0.03958333333333333
0 0.20208333333333334 0.3104166666666667 0.034375 0.04583333333333333
0 0.9447916666666667 0.20625 0.021875 0.029166666666666667
0 0.15625 0.31666666666666665 0.034375 0.04583333333333333
0 0.3416666666666667 0.2916666666666667 0.029166666666666667 0.04375
0 0.6947916666666667 0.24166666666666667 0.022916666666666665 0.034375
0 0.45416666666666666 0.27708333333333335 0.029166666666666667 0.04375
0 0.646875 0.25104166666666666 0.034375 0.04583333333333333
0 0.058333333333333334 0.33541666666666664 0.03333333333333333 0.040625
0 0.5010416666666667 0.27291666666666664 0.03333333333333333 0.035416666666666666
0 0.3958333333333333 0.28854166666666664 0.0375 0.040625
0 0.253125 0.30833333333333335 0.028125 0.03958333333333333
0 0.8479166666666667 0.22708333333333333 0.03125 0.03125
0 0.010416666666666666 0.34479166666666666 0.020833333333333332 0.035416666666666666
0 0.8791666666666667 0.225 0.028125 0.03958333333333333
0 0.5916666666666667 0.271875 0.027083333333333334 0.03125
0 0.5510416666666667 0.2791666666666667 0.022916666666666665 0.034375
0 0.6927083333333334 0.27708333333333335 0.034375 0.04583333333333333
0 0.925 0.24791666666666667 0.01875 0.03958333333333333
0 0.5416666666666666 0.3020833333333333 0.028125 0.03958333333333333
0 0.7479166666666667 0.278125 0.03333333333333333 0.040625
0 0.14895833333333333 0.3645833333333333 0.022916666666666665 0.03958333333333333
0 0.8458333333333333 0.26875 0.03125 0.03125
0 0.4864583333333333 0.31979166666666664 0.03125 0.03125
0 0.59375 0.30416666666666664 0.022916666666666665 0.034375
0 0.6395833333333333 0.29791666666666666 0.034375 0.05
0 0.052083333333333336 0.38333333333333336 0.029166666666666667 0.04791666666666667
0 0.24583333333333332 0.35520833333333335 0.029166666666666667 0.04375
0 0.20208333333333334 0.3614583333333333 0.028125 0.034375
0 0.44375 0.3302083333333333 0.028125 0.03958333333333333
0 0.10208333333333333 0.378125 0.01875 0.03958333333333333
0 0.3541666666666667 0.34270833333333334 0.028125 0.03958333333333333
0 0.2875 0.3541666666666667 0.028125 0.03958333333333333
0 0.3958333333333333 0.33958333333333335 0.029166666666666667 0.04375
0 0.796875 0.2833333333333333 0.022916666666666665 0.03958333333333333
0 0.00625 0.4083333333333333 0.0125 0.03958333333333333
0 0.7895833333333333 0.3145833333333333 0.028125 0.03958333333333333
0 0.63125 0.33645833333333336 0.028125 0.03958333333333333
0 0.6895833333333333 0.3302083333333333 0.028125 0.03958333333333333
0 0.9322916666666666 0.29583333333333334 0.028125 0.034375
0 0.19375 0.4 0.028125 0.034375
0 0.2833333333333333 0.3875 0.022916666666666665 0.03958333333333333
0 0.04791666666666667 0.42291666666666666 0.028125 0.03958333333333333
0 0.8479166666666667 0.31354166666666666 0.03333333333333333 0.040625
0 0.33958333333333335 0.38645833333333335 0.028125 0.034375
0 0.89375 0.30833333333333335 0.022916666666666665 0.034375
0 0.5822916666666667 0.35520833333333335 0.022916666666666665 0.03958333333333333
0 0.4979166666666667 0.36666666666666664 0.025 0.04375
0 0.38958333333333334 0.384375 0.028125 0.034375
0 0.7364583333333333 0.33541666666666664 0.034375 0.04583333333333333
0 0.44375 0.37916666666666665 0.029166666666666667 0.04791666666666667
0 0.096875 0.428125 0.028125 0.03958333333333333
0 0.5447916666666667 0.36666666666666664 0.025 0.04375
0 0.007291666666666667 0.446875 0.014583333333333334 0.04375
0 0.13020833333333334 0.428125 0.027083333333333334 0.027083333333333334
0 0.24166666666666667 0.4125 0.028125 0.03958333333333333
0 0.13125 0.08645833333333333 0.034375 0.04583333333333333
0 0.8354166666666667 0.35 0.0375 0.040625
0 0.9333333333333333 0.3416666666666667 0.022916666666666665 0.03958333333333333
0 0.3375 0.425 0.029166666666666667 0.04375
0 0.4822916666666667 0.4041666666666667 0.029166666666666667 0.04375
0 0.28229166666666666 0.43333333333333335 0.022916666666666665 0.034375
0 0.8885416666666667 0.35 0.03333333333333333 0.040625
0 0.028125 0.47291666666666665 0.028125 0.034375
0 0.6864583333333333 0.37916666666666665 0.03333333333333333 0.040625
0 0.7833333333333333 0.36875 0.029166666666666667 0.04375
0 0.5791666666666667 0.39791666666666664 0.022916666666666665 0.034375
0 0.634375 0.38958333333333334 0.03333333333333333 0.040625
0 0.07916666666666666 0.4666666666666667 0.034375 0.05
0 0.134375 0.46041666666666664 0.028125 0.03958333333333333
0 0.428125 0.42083333333333334 0.029166666666666667 0.04375
0 0.53125 0.40625 0.022916666666666665 0.03958333333333333
0 0.7354166666666667 0.3802083333333333 0.028125 0.034375
0 0.18333333333333332 0.46041666666666664 0.028125 0.034375
0 0.240625 0.45208333333333334 0.028125 0.03958333333333333
0 0.421875 0.04791666666666667 0.022916666666666665 0.034375
0 0.3770833333333333 0.4354166666666667 0.028125 0.034375
0 0.7979166666666667 0.008333333333333333 0.03333333333333333 0.015625
0 0.22708333333333333 0.07708333333333334 0.022916666666666665 0.034375
0 0.28541666666666665 0.06979166666666667 0.022916666666666665 0.034375
0 0.98125 0.38333333333333336 0.010416666666666666 0.041666666666666664
0 0.7333333333333333 0.415625 0.029166666666666667 0.04375
0 0.7927083333333333 0.4083333333333333 0.034375 0.05
0 0.6354166666666666 0.4322916666666667 0.028125 0.034375
0 0.534375 0.44583333333333336 0.034375 0.04583333333333333
0 0.68125 0.42604166666666665 0.034375 0.04583333333333333
0 0.22708333333333333 0.4895833333333333 0.029166666666666667 0.04375
0 0.8364583333333333 0.40625 0.034375 0.04583333333333333
0 0.027083333333333334 0.5229166666666667 0.029166666666666667 0.04375
0 0.12083333333333333 0.5114583333333333 0.028125 0.03958333333333333
0 0.5770833333333333 0.4479166666666667 0.029166666666666667 0.04375
0 0.478125 0.46041666666666664 0.028125 0.03958333333333333
0 0.753125 0.0125 0.028125 0.025
0 0.4666666666666667 0.04583333333333333 0.029166666666666667 0.04791666666666667
0 0.5697916666666667 0.03229166666666667 0.03333333333333333 0.040625
0 0.428125 0.4708333333333333 0.029166666666666667 0.04791666666666667
0 0.2833333333333333 0.49270833333333336 0.028125 0.034375
0 0.378125 0.4791666666666667 0.029166666666666667 0.04375
0 0.18125 0.5104166666666666 0.03333333333333333 0.035416666666666666
0 0.33541666666666664 0.48854166666666665 0.028125 0.034375
0 0.08020833333333334 0.5416666666666666 0.022916666666666665 0.034375
0 0.9010416666666666 0.42916666666666664 0.034375 0.05
0 0.7072916666666667 0.015625 0.022916666666666665 0.03125
0 0.9625 0.42604166666666665 0.03333333333333333 0.040625
0 0.7520833333333333 0.4625 0.029166666666666667 0.04791666666666667
0 0.7020833333333333 0.471875 0.028125 0.03958333333333333
0 0.24270833333333333 0.5354166666666667 0.029166666666666667 0.04375
0 0.09270833333333334 0.559375 0.029166666666666667 0.04791666666666667
0 0.3125 0.5291666666666667 0.028125 0.03958333333333333
0 0.04375 0.5666666666666667 0.028125 0.03958333333333333
0 0.6166666666666667 0.029166666666666667 0.028125 0.03958333333333333
0 0.60625 0.4895833333333333 0.028125 0.03958333333333333
0 0.6541666666666667 0.48333333333333334 0.022916666666666665 0.03958333333333333
0 0.8541666666666666 0.45729166666666665 0.034375 0.05
0 0.453125 0.5145833333333333 0.034375 0.05
0 0.8083333333333333 0.46875 0.028125 0.03958333333333333
0 0.19479166666666667 0.5541666666666667 0.021875 0.029166666666666667
0 0.32708333333333334 0.07083333333333333 0.028125 0.03958333333333333
0 0.3729166666666667 0.06458333333333334 0.028125 0.034375
0 0.14479166666666668 0.5666666666666667 0.034375 0.05
0 0.5177083333333333 0.04583333333333333 0.034375 0.04583333333333333
0 0.8666666666666667 0.009375 0.029166666666666667 0.01875
0 0.5541666666666667 0.5270833333333333 0.022916666666666665 0.03958333333333333
0 0.509375 0.5354166666666667 0.028125 0.034375
0 0.7322916666666667 0.5072916666666667 0.025 0.04375
0 0.8791666666666667 0.48541666666666666 0.03333333333333333 0.040625
0 0.9875 0.47604166666666664 0.025 0.04375
0 0.21041666666666667 0.5833333333333334 0.028125 0.034375
0 0.2625 0.575 0.028125 0.034375
0 0.11041666666666666 0.5958333333333333 0.03333333333333333 0.035416666666666666
0 0.6270833333333333 0.5270833333333333 0.022916666666666665 0.034375
0 0.6760416666666667 0.5197916666666667 0.028125 0.03958333333333333
0 0.9229166666666667 0.4895833333333333 0.028125 0.034375
0 0.057291666666666664 0.6104166666666667 0.029166666666666667 0.04375
0 0.31875 0.5770833333333333 0.028125 0.034375
0 0.371875 0.5697916666666667 0.028125 0.03958333333333333
0 0.7666666666666667 0.5145833333333333 0.03333333333333333 0.040625
0 0.42916666666666664 0.5635416666666667 0.034375 0.04583333333333333
0 0.04583333333333333 0.11666666666666667 0.022916666666666665 0.034375
0 0.24270833333333333 0.6208333333333333 0.029166666666666667 0.04375
0 0.17916666666666667 0.6322916666666667 0.022916666666666665 0.034375
0 0.95 0.5229166666666667 0.034375 0.04583333333333333
0 0.07708333333333334 0.11354166666666667 0.027083333333333334 0.027083333333333334
0 0.54375 0.5833333333333334 0.029166666666666667 0.04375
0 0.2791666666666667 0.6208333333333333 0.028125 0.034375
0 0.33541666666666664 0.6125 0.028125 0.03958333333333333
0 0.7510416666666667 0.5541666666666667 0.03333333333333333 0.035416666666666666
0 0.13645833333333332 0.6427083333333333 0.028125 0.03958333333333333
0 0.44583333333333336 0.5989583333333334 0.0375 0.04583333333333333
0 0.8541666666666666 0.5416666666666666 0.029166666666666667 0.04375
0 0.8020833333333334 0.5489583333333333 0.034375 0.04583333333333333
0 0.6958333333333333 0.5645833333333333 0.025 0.04375
0 0.49895833333333334 0.59375 0.034375 0.05
0 0.38333333333333336 0.6145833333333334 0.029166666666666667 0.04791666666666667
0 0.653125 0.5770833333333333 0.03333333333333333 0.040625
0 0.03333333333333333 0.6677083333333333 0.03333333333333333 0.035416666666666666
0 0.07916666666666666 0.6614583333333334 0.028125 0.034375
0 0.5947916666666667 0.5895833333333333 0.03333333333333333 0.040625
0 0.9114583333333334 0.5489583333333333 0.03333333333333333 0.040625
0 0.9770833333333333 0.5614583333333333 0.034375 0.04583333333333333
0 0.28229166666666666 0.03333333333333333 0.025 0.016666666666666666
0 0.5645833333333333 0.621875 0.03333333333333333 0.040625
0 0.30104166666666665 0.6583333333333333 0.028125 0.03958333333333333
0 0.8229166666666666 0.5885416666666666 0.034375 0.04583333333333333
0 0.2 0.6760416666666667 0.03333333333333333 0.035416666666666666
0 0.465625 0.6385416666666667 0.029166666666666667 0.04375
0 0.6677083333333333 0.6114583333333333 0.022916666666666665 0.034375
0 0.36041666666666666 0.6583333333333333 0.03333333333333333 0.040625
0 0.5114583333333333 0.6364583333333333 0.03333333333333333 0.035416666666666666
0 0.090625 0.6979166666666666 0.028125 0.03958333333333333
0 0.8770833333333333 0.5875 0.03333333333333333 0.035416666666666666
0 0.04583333333333333 0.7041666666666667 0.03333333333333333 0.035416666666666666
0 0.6177083333333333 0.6270833333333333 0.028125 0.03958333333333333
0 0.7625 0.60625 0.03333333333333333 0.040625
0 0.41458333333333336 0.6572916666666667 0.028125 0.03958333333333333
0 0.9260416666666667 0.5854166666666667 0.028125 0.034375
0 0.14166666666666666 0.7 0.022916666666666665 0.03958333333333333
0 0.7166666666666667 0.6239583333333333 0.022916666666666665 0.03958333333333333
0 0.24583333333333332 0.6947916666666667 0.022916666666666665 0.03958333333333333
0 0.73125 0.6458333333333334 0.03333333333333333 0.040625
0 0.53125 0.6729166666666667 0.029166666666666667 0.04375
0 0.121875 0.7333333333333333 0.029166666666666667 0.04375
0 0.275 0.7114583333333333 0.028125 0.034375
0 0.8010416666666667 0.6395833333333333 0.028125 0.034375
0 0.5864583333333333 0.6708333333333333 0.022916666666666665 0.034375
0 0.9916666666666667 0.6114583333333333 0.015625 0.04791666666666667
0 0.17291666666666666 0.728125 0.028125 0.03958333333333333
0 0.65625 0.6625 0.028125 0.03958333333333333
0 0.225 0.7229166666666667 0.022916666666666665 0.03958333333333333
0 0.058333333333333334 0.746875 0.027083333333333334 0.03125
0 0.37916666666666665 0.7041666666666667 0.021875 0.029166666666666667
0 0.48020833333333335 0.6895833333333333 0.029166666666666667 0.04375
0 0.32916666666666666 0.7135416666666666 0.029166666666666667 0.04791666666666667
0 0.9395833333333333 0.6291666666666667 0.03333333333333333 0.035416666666666666
0 0.17916666666666667 0.11041666666666666 0.027083333333333334 0.03125
0 0.44166666666666665 0.7020833333333333 0.028125 0.03958333333333333
0 0.8125 0.6833333333333333 0.028125 0.034375
0 0.07708333333333334 0.7854166666666667 0.029166666666666667 0.04375
0 0.12916666666666668 0.778125 0.028125 0.03958333333333333
0 0.403125 0.7395833333333334 0.029166666666666667 0.04375
0 0.24583333333333332 0.7645833333333333 0.029166666666666667 0.04375
0 0.7625 0.6916666666666667 0.03333333333333333 0.040625
0 0.6510416666666666 0.7104166666666667 0.022916666666666665 0.034375
0 0.33958333333333335 0.7541666666666667 0.022916666666666665 0.03958333333333333
0 0.921875 0.671875 0.028125 0.03958333333333333
0 0.19270833333333334 0.7791666666666667 0.034375 0.04583333333333333
0 0.5760416666666667 0.725 0.022916666666666665 0.034375
0 0.865625 0.6895833333333333 0.0375 0.04583333333333333
0 0.28854166666666664 0.7708333333333334 0.028125 0.034375
0 0.7114583333333333 0.7104166666666667 0.028125 0.034375
0 0.21458333333333332 0.11041666666666666 0.028125 0.034375
0 0.9770833333333333 0.6854166666666667 0.022916666666666665 0.034375
0 0.8197916666666667 0.7291666666666666 0.034375 0.04583333333333333
0 0.7583333333333333 0.7375 0.028125 0.03958333333333333
0 0.5927083333333333 0.7604166666666666 0.028125 0.034375
0 0.128125 0.828125 0.028125 0.034375
0 0.4395833333333333 0.784375 0.029166666666666667 0.04375
0 0.29270833333333335 0.8083333333333333 0.028125 0.03958333333333333
0 0.49270833333333336 0.7791666666666667 0.029166666666666667 0.04375
0 0.17708333333333334 0.8239583333333333 0.022916666666666665 0.03958333333333333
0 0.08020833333333334 0.8416666666666667 0.034375 0.04583333333333333
0 0.70625 0.7541666666666667 0.03333333333333333 0.040625
0 0.23958333333333334 0.8208333333333333 0.034375 0.05
0 0.6583333333333333 0.7625 0.034375 0.04583333333333333
0 0.9666666666666667 0.7239583333333334 0.022916666666666665 0.034375
0 0.5447916666666667 0.7833333333333333 0.028125 0.034375
0 0.9125 0.7427083333333333 0.028125 0.034375
0 0.22708333333333333 0.8520833333333333 0.034375 0.04583333333333333
0 0.6395833333333333 0.7958333333333333 0.027083333333333334 0.03125
0 0.8760416666666667 0.7625 0.028125 0.034375
0 0.6989583333333333 0.7895833333333333 0.021875 0.029166666666666667
0 0.89375 0.021875 0.022916666666666665 0.034375
0 0.315625 0.103125 0.028125 0.03958333333333333
0 0.3302083333333333 0.8416666666666667 0.029166666666666667 0.04375
0 0.5395833333333333 0.8145833333333333 0.022916666666666665 0.03958333333333333
0 0.38645833333333335 0.8385416666666666 0.028125 0.034375
0 0.12291666666666666 0.8760416666666667 0.029166666666666667 0.04375
0 0.06354166666666666 0.884375 0.034375 0.04583333333333333
0 0.80625 0.7822916666666667 0.03333333333333333 0.035416666666666666
0 0.4395833333333333 0.8354166666666667 0.028125 0.03958333333333333
0 0.275 0.8645833333333334 0.025 0.04375
0 0.17291666666666666 0.8854166666666666 0.029166666666666667 0.04375
0 0.7552083333333334 0.803125 0.03333333333333333 0.035416666666666666
0 0.15416666666666667 0.9041666666666667 0.028125 0.034375
0 0.49166666666666664 0.85625 0.028125 0.03958333333333333
0 0.6958333333333333 0.8270833333333333 0.03333333333333333 0.035416666666666666
0 0.796875 0.815625 0.027083333333333334 0.03125
0 0.325 0.8822916666666667 0.028125 0.034375
0 0.70625 0.053125 0.028125 0.034375
0 0.8541666666666666 0.8125 0.028125 0.03958333333333333
0 0.5729166666666666 0.8541666666666666 0.029166666666666667 0.04375
0 0.36666666666666664 0.8875 0.022916666666666665 0.034375
0 0.9635416666666666 0.80625 0.028125 0.034375
0 0.7395833333333334 0.840625 0.034375 0.04583333333333333
0 0.6416666666666667 0.8541666666666666 0.028125 0.03958333333333333
0 0.9114583333333334 0.8208333333333333 0.028125 0.034375
0 0.22708333333333333 0.9166666666666666 0.028125 0.034375
0 0.2677083333333333 0.9104166666666667 0.022916666666666665 0.034375
0 0.759375 0.04791666666666667 0.028125 0.03958333333333333
0 0.7989583333333333 0.8479166666666667 0.03333333333333333 0.035416666666666666
0 0.35208333333333336 0.9114583333333334 0.035416666666666666 0.03333333333333333
0 0.4322916666666667 0.9 0.035416666666666666 0.035416666666666666
0 0.309375 0.921875 0.035416666666666666 0.035416666666666666
0 0.6395833333333333 0.8760416666666667 0.034375 0.028125
0 0.6875 0.86875 0.03125 0.03125
0 0.19270833333333334 0.940625 0.035416666666666666 0.03333333333333333
0 0.5833333333333334 0.8885416666666667 0.029166666666666667 0.021875
0 0.8583333333333333 0.85 0.034375 0.022916666666666665
0 0.9166666666666666 0.8416666666666667 0.029166666666666667 0.021875
0 0.25 0.9354166666666667 0.029166666666666667 0.021875
0 0.15833333333333333 0.95 0.027083333333333334 0.021875
0 0.4895833333333333 0.9041666666666667 0.021875 0.021875
0 0.5364583333333334 0.896875 0.020833333333333332 0.016666666666666666
0 0.421875 0.09791666666666667 0.028125 0.03958333333333333
0 0.4708333333333333 0.090625 0.029166666666666667 0.04375
0 0.08333333333333333 0.14791666666666667 0.034375 0.04583333333333333
0 0.18645833333333334 0.04791666666666667 0.021875 0.021875
0 0.029166666666666667 0.15729166666666666 0.03333333333333333 0.035416666666666666
0 0.36770833333333336 0.109375 0.028125 0.034375
0 0.5645833333333333 0.08125 0.028125 0.034375
0 0.6135416666666667 0.07708333333333334 0.029166666666666667 0.04375
0 0.27395833333333336 0.125 0.027083333333333334 0.03125
0 0.6666666666666666 0.07395833333333333 0.03333333333333333 0.040625