0 0.644975624487118 0.1924002025780041 0.03987690119125726 0.058769685338423965
0 0.38670418575448734 0.16833497061321456 0.04672112648907157 0.07342574400593911
0 0.7331352891766182 0.20074492701042884 0.04387378920140558 0.054651502227878505
0 0.6053922911537846 0.19286079636115533 0.04804045586807225 0.05469998578399971
0 0.9601142832451192 0.2262154523127939 0.03745401054488724 0.050412110227030085
0 0.49484829049472906 0.19727061059836679 0.03987690119125726 0.058769685338423965
0 0.8546088372628786 0.23473132877152056 0.04387378920140558 0.054651502227878505
0 0.4153880559701385 0.25650088971994206 0.0462966798477756 0.06300907733927244
0 0.004500953207063075 0.46750227821981827 0.00900190641412615 0.04813484266921198
0 0.2556717726754446 0.5478053892955775 0.024274895918813696 0.03359999289199986
0 0.01768188664246266 0.5370394062168488 0.03303267589344296 0.044113626670908936
0 0.23569087741568637 0.5782318986314562 0.022021783928961963 0.029409084447272468
0 0.1962154281381686 0.6015970381922439 0.02452956390359127 0.03984999289199986
0 0.2159487449951157 0.6794553786335773 0.028441562585480303 0.03364847644812083
0 0.2632941810915244 0.7184690301824866 0.028696230570257934 0.03989847644812106
0 0.05538529439948707 0.7104765413218793 0.035370677211553875 0.050387868448969426
0 0.0123435375165859 0.7246242524400608 0.0246870750331718 0.054651502227878505
0 0.052668835895193035 0.777143207988546 0.04387378920140557 0.054651502227878505
0 0.11370272258723042 0.7868447422024251 0.04621179051951645 0.06092574400593899
0 0.17373738727673077 0.795516730638668 0.02920556653981308 0.05239847644812106
0 0.03836316527419368 0.7960507795459398 0.03753889987314638 0.05249544356036348
0 0.085751046034732 0.8340227644281825 0.03545556653981305 0.052471201782302995
0 0.19398004010323297 0.8608750710800014 0.05169778656518377 0.04224846934012092