0 0.16327514471741572 0.22593403824527164 0.05009894378455536 0.07555756089539364
0 0.9092551408467572 0.4086315325694488 0.04354584974040421 0.06506816889454517
0 0.060607917128885073 0.31643709956502986 0.043545849740404145 0.06506816889454517
0 0.8399100996750074 0.46409367478247954 0.048258085686543 0.08386665245066638
0 0.9417621046895722 0.5090436427964788 0.057015750681687884 0.09854695289624213
0 0.8608151987337235 0.49768154678544907 0.04753065998058001 0.05886665245066638
0 0.46368657658185 0.46596803384254243 0.04330337450508317 0.05673483556121184
0 0.11811488097170016 0.41714011112878707 0.04330337450508317 0.05673483556121184
0 0.7798794396944273 0.5217482383301163 0.04605351473554909 0.07967574400593923
0 0.5316485320670569 0.4938513458518754 0.04605351473554909 0.0796757440059391
0 0.8541520139884644 0.5476209423402977 0.056652037828706626 0.08604695289624213
0 0.698538511481182 0.5239278089857532 0.03986413354437938 0.08168635200509063
0 0.6040802482630816 0.5113664747506628 0.056652037828706626 0.08604695289624213
0 0.6610991302900121 0.5214081236473291 0.052606608779700297 0.09016513600678759
0 0.019241213161127056 0.4284886266709089 0.03848242632225411 0.06501968533842396
0 0.06726621764807678 0.4457249751219995 0.03937918307373748 0.06501968533842396
0 0.36283791325822656 0.49397109516230064 0.04605351473554921 0.0796757440059391
0 0.3076598893293083 0.4922870213770283 0.047712516407070873 0.06511665245066638
0 0.2546561269469689 0.48750218936981654 0.047712516407070756 0.06511665245066638
0 0.43677708410369737 0.5313021325058153 0.051939801882567714 0.06724846934012092
0 0.15352353206705682 0.4894514631338777 0.04771251640707082 0.06511665245066638
0 0.5019474430374706 0.547690748514724 0.056955131872857834 0.09646361956290879
0 0.33016337125071593 0.5425658018247251 0.05242475235320967 0.08391513600678759
0 0.027239390165069193 0.49631816889454516 0.05009894378455536 0.07555756089539377
0 0.756318259963733 0.6152558205495103 0.05432622926005237 0.07768937778484807
0 0.19088313196153378 0.5305249360279987 0.04771251640707082 0.06511665245066638
0 0.2581368242286403 0.546937793814968 0.047712516407070756 0.06511665245066638
0 0.6798219522308396 0.6299959956502987 0.052606608779700297 0.09016513600678759
0 0.5957803556794059 0.6175558703055113 0.06553094044151209 0.10489392000848455
0 0.006237100202622566 0.5397409048907272 0.012474200405245132 0.07531514311478774
0 0.0503602070913317 0.5611924035646056 0.056652037828706564 0.08604695289624213
0 0.4217007847284121 0.6196983485041184 0.06124303615718496 0.10067876978569666
0 0.31744318984850006 0.6216112596010888 0.07546265663753679 0.08834846223212053
0 0.24467807020390897 0.6155544640356346 0.054326229260052254 0.07768937778484807
0 0.1777083094930911 0.6251953938043625 0.050220181402215874 0.07972422756206043
0 0.017858127474584064 0.6055113555590907 0.03571625494916813 0.08602271111818141
0 0.10225366842686431 0.6399476897941809 0.0499777061668949 0.0713908942287271
0 0.6034803228652642 0.7468558667515113 0.07196279686800296 0.11121664534266623
0 0.4517910117893275 0.7315445502864212 0.07196279686800283 0.11121664534266623
0 0.3584653434511392 0.7158703369403613 0.07600822591700904 0.10709846223212054
0 0.12172307856151722 0.687065107574787 0.06148551139250588 0.10901210311903001
0 0.22938960499771788 0.7112423467006046 0.050220181402215874 0.07972422756206043
0 0.6540481859778416 0.7995452445363594 0.07208403448566329 0.1153833120093329
0 0.02191470344014281 0.7024469600042422 0.04382940688028562 0.12156058667515121
0 0.9873021124308893 0.1615390863568423 0.019091419019876335 0.08352726755781804
0 0.465153953374746 0.8452801511775727 0.07600822591700904 0.10709846223212077
0 0.16312009193369034 0.8042529724697564 0.0808416994808083 0.13006361245490866
0 0.08318454324009311 0.7939446640144235 0.05695513187285777 0.09646361956290879
0 0.21894576027187865 0.8194908338107257 0.07196279686800283 0.11121664534266623
0 0.7129110574480271 0.9252724978781771 0.09328108067197813 0.1281257297899387
0 0.9439987379258061 0.21730425079563043 0.056652037828706626 0.08604695289624206