0 0.45770580093363444 0.8039116660503755 0.1131393294726878 0.15100822591700905
0 0.9014558009336344 0.8168234723312169 0.10243156437759779 0.14445513187285783
0 0.7396407747406916 0.9126118435819328 0.10001148828147184 0.17477631283613443
0 0.6704569991684243 0.9430339084187932 0.141141602425661 0.1139321831624135
0 0.485719562168079 0.9514102637457156 0.12171237275933938 0.0971794725085689
0 0.8523377124300084 0.9683117644928003 0.10073061814142648 0.06326575068168812
0 0.78441792665976 0.314095625933856 0.03280252495159175 0.03424261546578696
0 0.7402084568499402 0.32529232154400584 0.03139842128457957 0.048765329990290006
0 0.3059818781345199 0.3605093477607369 0.030428093189834846 0.02793199665695667
0 0.4697889489920574 0.3486315669916593 0.022191792665975995 0.029772854754969085
0 0.6833049214211715 0.3319586376345075 0.028441792665976115 0.02995471118145983
0 0.38386429611083367 0.3575742197585376 0.037357322856156235 0.042697186416780754
0 0.08437515439575864 0.382148135215901 0.03309362338001506 0.04049261546578696
0 0.1839385067531235 0.37568283803975266 0.033093623380015084 0.04049261546578696
0 0.8473060578976579 0.32424752353209657 0.03735732285615635 0.04269718641678087
0 0.5582335828492496 0.3491245330336112 0.03139842128457957 0.048765329990290006
0 0.5137330146110063 0.35407122864376106 0.028926956713348297 0.0403713778481265
0 0.7210475034448576 0.33825810952678526 0.03280252495159175 0.03424261546578696
0 0.48987171408714747 0.3554574456755466 0.03139842128457957 0.048765329990290006
0 0.6185532167064418 0.3487991451563549 0.026164393713693813 0.025727425705962877
0 0.6363585828492496 0.35139773836474525 0.028635858284925084 0.03412137784812638
0 0.16368737027663702 0.38757664995145025 0.028635858284924966 0.03412137784812638
0 0.5783163479443397 0.3559504117174985 0.021997727047027144 0.025606188088302416
0 0.14295106975277816 0.38905379519648114 0.022676956713348417 0.04018952142163575
0 0.353487591396104 0.37541493762608397 0.022385858284924964 0.03393952142163575
0 0.12231180203839379 0.3926142737748454 0.035371022332297324 0.04471990094128391
0 0.0614356655619073 0.4033260189143533 0.03764842128457963 0.04894718641678087
0 0.6657193151348653 0.35641306835503533 0.025970328094744845 0.02156075903929621
0 0.2853683046576881 0.38695618360135264 0.03556508795124624 0.048886567607950585
0 0.21388143589558598 0.39319816803004265 0.028441792665975997 0.029954711181459714
0 0.4378140749913667 0.37682833271704214 0.025439519713003022 0.054833473563799376
0 0.32802812158628414 0.38715720251570596 0.024954355665630718 0.044416806897132705
0 0.09903269837138179 0.406500490806631 0.03556508795124629 0.048886567607950585
0 0.8900400854685439 0.34837656637536807 0.03556508795124624 0.048886567607950585
0 0.3945492390387391 0.38597200439827367 0.030428093189834846 0.02793199665695667
0 0.6122318781345197 0.3694203126587824 0.030428093189834728 0.02793199665695667
0 0.6951770802299553 0.36351173167865874 0.031204355665630602 0.04459866332362334
0 0.4662301734197901 0.3838966866362503 0.03556508795124624 0.048886567607950585
0 0.23922105072874664 0.4012172604026722 0.03556508795124629 0.048886567607950585
0 0.4186046051815469 0.3887524540331549 0.0249543556656306 0.044416806897132705
0 0.3181936517764644 0.3993541084715548 0.03537102233229727 0.04471990094128391
0 0.717391695063116 0.371439895838043 0.028635858284925084 0.03412137784812638
0 0.7681907797060964 0.36771672332105054 0.040022853046336355 0.055257805225611044
0 0.534035539562598 0.3879501312565665 0.03537102233229727 0.04471990094128391
0 0.8181422633013592 0.36812990806630963 0.021803661428078176 0.02143952142163575
0 0.7953711458489042 0.37058810116917695 0.032802524951591513 0.03424261546578696
0 0.043850059275601025 0.42778044963488104 0.03585618637966972 0.05513656760795058
0 0.571535539562598 0.3890412698155109 0.028441792665976115 0.02995471118145983
0 0.6827998072769823 0.38811770942126217 0.018413257237207385 0.03798495047064196
0 0.8414955776106611 0.3781717149634423 0.03585618637966969 0.05513656760795058
0 0.5990555205385665 0.39920431433030407 0.0374543556656306 0.04478051975011409
0 0.8665926104201355 0.38098247400273855 0.04438358533195199 0.05954570950993817
0 0.19811375875174217 0.4343495748216523 0.040022853046336355 0.055257805225611044
0 0.17345337358490284 0.44091381578235606 0.02495435566563066 0.044416806897132705
0 0.6658192200147076 0.4032274495462051 0.040216918665285324 0.05942447189227771
0 0.7282707036099704 0.4040043471444457 0.03270549214211703 0.03215928213245363
0 0.27524560848981267 0.4376341374150379 0.0249543556656306 0.044416806897132705
0 0.30034264129928717 0.44044489645433416 0.0249543556656306 0.044416806897132705
0 0.41746877777577374 0.4313698591532428 0.03188358533195199 0.05918199665695667
0 0.9108277744675078 0.3926721356548403 0.03478882547545036 0.032219900941283915
0 0.816618304657688 0.4024139798530643 0.0249543556656306 0.044416806897132705
0 0.07968055141771817 0.4600306599805801 0.04438358533195202 0.05954570950993817
0 0.36388430796595383 0.4422937701236565 0.04399545409405405 0.05121237617660483
0 0.3920093079659539 0.44311212404286476 0.04041098428423429 0.06359113855894426
0 0.6284419470617346 0.42710600158284556 0.03188358533195199 0.05918199665695667
0 0.48655839260893435 0.4406619465113074 0.05111874937932441 0.07014423260309559
0 0.2554796360606986 0.4599446159934022 0.042688383236516594 0.06781842403444122
0 0.8008249332762917 0.42067902938242235 0.040216918665285324 0.05942447189227771
0 0.9845919649840129 0.4085173170570561 0.030816070031974143 0.07198509070110788
0 0.5751970920850754 0.44532157921992604 0.042688383236516594 0.06781842403444122
0 0.989945847531558 0.4180741734835468 0.020108304936884026 0.07799261546578697
0 0.5350087397277107 0.45351451244773633 0.046952082712657744 0.07002299498543513
0 0.9291925152999778 0.4296154194588155 0.03585618637966969 0.05513656760795058
0 0.6079739227991146 0.4566778374234614 0.048550251998618656 0.05966694712759863
0 0.4112701662508788 0.47696071725125516 0.028926956713348297 0.04037137784812638
0 0.7290983545608714 0.4664437283356154 0.04714614833160671 0.0741896616521018
0 0.1914813716545801 0.5152964807775011 0.040022853046336355 0.055257805225610926
0 0.2998632213926507 0.5194903255033404 0.05630138847510509 0.047409422362919666
0 0.9055281524654359 0.4798993510151042 0.06618724676002993 0.08098523093157392
0 0.42888433884510563 0.5201236916508153 0.04884135042704211 0.06591694712759863
0 0.6193152732261566 0.5215036459921157 0.05111874937932441 0.07014423260309546
0 0.5811617377973879 0.5287155313620896 0.04971464571231223 0.08466694712759863
0 0.7376771419882587 0.5166255847621062 0.03410959580912921 0.01763656760795058
0 0.9668666308221101 0.5014489631378478 0.04884135042704211 0.06591694712759863
0 0.27372739398687745 0.5613803049174654 0.03207765095090096 0.06334866332362334
0 0.21631587234355162 0.5794746449368854 0.053881312378979015 0.08478818474525933
0 0.7357650521066896 0.5425763232155275 0.06405252495159175 0.03515189759824058
0 0.2528227220816222 0.5815771407580812 0.054075377997927984 0.088954851411926
0 0.31914977391512817 0.5762252759739823 0.07413244885546556 0.07289437283356175
0 0.8558478172017797 0.5523119047232664 0.06352171656984992 0.06842461212274363
0 0.8877285304633639 0.5667628535223866 0.04796805514177175 0.047166947127598745
0 0.6544694077723203 0.5839015708623178 0.05111874937932441 0.0701442326030957
0 0.9924815476966706 0.5702181256257105 0.015036904606658652 0.11984113855894425
0 0.49812524703321387 0.6220028747245528 0.058242044664594775 0.0890760890295861
0 0.6973489845574181 0.6111556137055894 0.04743724676002993 0.08043966165210178
0 0.2766155561039271 0.6457249955130503 0.057562814998273384 0.07449275569625276
0 0.19078793603217784 0.656750981613262 0.07757424152144156 0.10212165830905846
0 0.436886673556382 0.647267643792979 0.06846464571231246 0.08521251640707088
0 0.7512017306284766 0.6283263933307605 0.08004570609267271 0.11051561045122185
0 0.9608906512240847 0.6188238930226149 0.04835618637966969 0.055500280460932076
0 0.0741726578406163 0.6991290428432715 0.05916672842497013 0.15359880355408936
0 0.8976172608186569 0.6450697099488774 0.054269443616876835 0.09312151807859266
0 0.33732619326938507 0.6984639888269638 0.08251717066390399 0.11890956259338546
0 0.6781937752930712 0.7135834974040416 0.10582196856846858 0.1279097028238515