0 0.4463632408819443 0.16672386626000038 0.047142566615833444 0.05731678267462967
0 0.3119397507603702 0.1656795867518058 0.0599335073452778 0.07010772340407409
0 0.4837420155780091 0.17280502178166707 0.0688487221375001 0.09530168389037043
0 0.686794280395648 0.18065780863513947 0.08575783941203714 0.10610627152962972
0 0.8187950063328702 0.1962369313550933 0.058674506078703816 0.10547589994916672
0 0.3809313304210647 0.20167900582453738 0.04520470364722229 0.06351829255305562
0 0.4233487230249536 0.2151730533168059 0.05596080116490754 0.07834407649425934
0 0.9114054884758793 0.24737732015926003 0.13004123074935212 0.13004123074935195
0 0.5666138218092127 0.2393522050387505 0.06642595795314842 0.08066986043546305
0 0.23279384536578676 0.3420589423751391 0.1089169566865742 0.11705632953361113
0 0.6451483750010645 0.3579099864468061 0.06700783941203715 0.10566986043546306
0 0.9010831892108331 0.3774159380670841 0.1288792097259261 0.16957607396111124
0 0.27828600595374964 0.44734088183800946 0.14060336778074087 0.13653368135722227
0 0.6745384728978703 0.08031837778412095 0.04704558637268524 0.053150116007963
0 0.3363734048905087 0.6383789188185651 0.213861207192778 0.24234901215740762
0 0.5661324043821758 0.080921891462269 0.038712253039351906 0.05295615552166672
0 0.6781569421252307 0.8652025240606487 0.2017006380437967 0.2566414047612966
0 0.4425126309526851 0.10826930762273185 0.049371370313888954 0.06361527279620374
0 0.5913488680349074 0.1617605963760653 0.05397444807472217 0.08246225303935191