0 0.23020833333333332 0.4904914418863191 0.025 0.03478941752008294
0 0.471875 0.4847752556915651 0.010416666666666666 0.01727336841114564
0 0.8875 0.46731598862961027 0.035416666666666666 0.04372945259789525
0 0.43125 0.4876174522214304 0.014583333333333334 0.021682715775603847
0 0.6635416666666667 0.4823969011233119 0.01875 0.02192539647339551
0 0.6770833333333334 0.482143946724468 0.01875 0.026092063140062176
0 0.4479166666666667 0.4937965083459301 0.010416666666666666 0.01727336841114564
0 0.46041666666666664 0.4945245504393049 0.010416666666666666 0.01102336841114564
0 0.6989583333333333 0.4855013537212071 0.016666666666666666 0.01763738945783307
0 0.790625 0.4804236624059557 0.00625 0.010780687713354099
0 0.49895833333333334 0.4946860135605438 0.020833333333333332 0.019963403488957945
0 0.7291666666666666 0.4862191221135295 0.010416666666666666 0.01727336841114564
0 0.9270833333333334 0.4769131219252971 0.010416666666666666 0.01727336841114564
0 0.6885416666666667 0.48801965197672814 0.016666666666666666 0.01763738945783307
0 0.8125 0.4827394027360282 0.00625 0.014947354380020764
0 0.8239583333333333 0.48132344132162175 0.01875 0.02192539647339551
0 0.578125 0.4951302801519175 0.010416666666666666 0.01727336841114564
0 0.7135416666666666 0.48843406949681106 0.022916666666666665 0.0305014105045205
0 0.7333333333333333 0.4885451361446545 0.01875 0.02192539647339551
0 0.7635416666666667 0.4861379045369769 0.010416666666666666 0.01727336841114564
0 0.8364583333333333 0.4830931500816632 0.022916666666666665 0.0305014105045205
0 0.7760416666666666 0.48790761329701837 0.010416666666666666 0.01727336841114564
0 0.9479166666666666 0.4802098587475884 0.00625 0.010780687713354099
0 0.7572916666666667 0.48889888349028954 0.010416666666666666 0.01102336841114564
0 0.7989583333333333 0.48924235713487213 0.010416666666666666 0.01727336841114564
0 0.7864583333333334 0.489555981708164 0.014583333333333334 0.021682715775603847
0 0.85 0.4870068623494859 0.01875 0.026092063140062294
0 0.7604166666666666 0.4932475606802999 0.00625 0.010780687713354099
0 0.9708333333333333 0.4857112692521089 0.010416666666666666 0.01102336841114564
0 0.37395833333333334 0.5186555926267958 0.01875 0.02192539647339551
0 0.4239583333333333 0.518442761000295 0.016666666666666666 0.011387389457833071
0 0.4479166666666667 0.5167131750125967 0.022916666666666665 0.024251410504520503
0 0.821875 0.5020354343060592 0.010416666666666666 0.01727336841114564
0 0.4 0.5222556803213266 0.01875 0.02192539647339551
0 0.46458333333333335 0.5187255644704297 0.022916666666666665 0.0305014105045205
0 0.5895833333333333 0.5176726520708443 0.01875 0.02192539647339551
0 0.6552083333333333 0.5173282063943954 0.01875 0.026092063140062176
0 0.44166666666666665 0.529890820632576 0.022916666666666665 0.0305014105045205
0 0.6427083333333333 0.5197251643010206 0.016666666666666666 0.01763738945783307
0 0.5583333333333333 0.5241858801707407 0.01875 0.026092063140062058
0 0.56875 0.5258342485818864 0.010416666666666666 0.01727336841114564
0 0.609375 0.5261170520520211 0.01875 0.026092063140062294
0 0.8 0.5205530273093201 0.025 0.03478941752008294
0 0.7885416666666667 0.5219689887237264 0.022916666666666665 0.0305014105045205
0 0.40729166666666666 0.5424720382091287 0.025 0.034789417520083056
0 0.384375 0.5432206277046082 0.020833333333333332 0.030380070155624612
0 0.4322916666666667 0.5428864557292116 0.022916666666666665 0.0305014105045205
0 0.328125 0.5461944382844216 0.029166666666666667 0.03503209821787436
0 0.5208333333333334 0.5397100872239496 0.01875 0.021925396473395628
0 0.778125 0.5276122869792476 0.025 0.03478941752008294
0 0.47604166666666664 0.5475179363893566 0.029166666666666667 0.030865431551207932
0 0.6416666666666667 0.5384144941265726 0.025 0.034789417520083056
0 0.703125 0.5430357010856655 0.025 0.03687275085341615
0 0.60625 0.5519767081953441 0.029166666666666667 0.039198764884541264
0 0.68125 0.5532199607555929 0.025 0.034789417520083056