0 0.4676641979476391 0.23263980698944484 0.04089256661583344 0.05717131230990743
0 0.426409697314352 0.24937833789129665 0.034497096251111144 0.05077584194518518
0 0.5512408528360188 0.28976350012495417 0.04079558637268524 0.05300464564324076
0 0.3608574324967132 0.25097589906171325 0.045059233282500104 0.057268292553055565
0 0.32459305964967616 0.2584606552675003 0.045059233282500104 0.057268292553055565
0 0.45228251950268544 0.28746021935018556 0.04103803698055562 0.06342131230990743
0 0.698286439208704 0.34524114196847283 0.05344105673740742 0.05954558637268524
0 0.27328469731435207 0.24581431395560208 0.0474819974668519 0.071900116007963
0 0.7674486052420837 0.3645496493137506 0.04321835055703692 0.06763646909814819
0 0.9373381230990744 0.4174356824945841 0.04951684067861114 0.0698652727962037
0 0.8275024669441208 0.3950982844452785 0.049274390070740755 0.05944860612953704
0 0.39009770529291693 0.29954718236962996 0.04103803698055562 0.06342131230990743
0 0.18912790286143538 0.253225464031852 0.04520470364722229 0.06351829255305562
0 0.47917276329689845 0.3245246792031948 0.04520470364722229 0.06351829255305551
0 0.5703796447557873 0.3516339994916671 0.04951684067861114 0.0698652727962037
0 0.7180304867009725 0.3883858863959728 0.045059233282500104 0.05726829255305563
0 0.6469062126381947 0.37423722226245426 0.05576684067861114 0.07001074316092601
0 0.5338485762400929 0.3476604223641208 0.043218350557037155 0.06763646909814819
0 0.6798524959461114 0.40311381914685246 0.043218350557037155 0.06763646909814819
0 0.3459121651459262 0.32454631142245394 0.045059233282500104 0.05726829255305551
0 0.6129433786715743 0.39114546858981536 0.04520470364722229 0.06351829255305551
0 0.7835836224657874 0.4315557468314359 0.04530168389037049 0.06768495921972217
0 0.9040299057737041 0.4624689288219452 0.04530168389037049 0.0676849592197223
0 0.441431183636204 0.3580026119540744 0.049274390070740755 0.05944860612953704
0 0.23249172378319471 0.3271119331300002 0.04103803698055562 0.06342131230990743
0 0.5104262470856022 0.5043217174503245 0.04951684067861114 0.0698652727962037
0 0.6839984013406949 0.5812388191468524 0.04530168389037049 0.06768495921972241