0 0.8322355538878838 0.8020768279345011 0.004530424682205591 0.010562169872882284
0 0.24435856429394834 0.7409722516596531 0.010562169872882284 0.004530424682205591
0 0.2704729825637228 0.7439649800318341 0.004312169872882284 0.004312169872882284
0 0.2944676916986101 0.7458432901342406 0.004312169872882284 0.004312169872882284
0 0.25901464923038947 0.7435648462147412 0.004312169872882284 0.004312169872882284
0 0.8521727237607661 0.8069346348306918 0.010780424682205591 0.010780424682205591
0 0.8041469296894379 0.8021363479592123 0.010780424682205591 0.010780424682205591
0 0.8177249721576584 0.8036509000460798 0.004312169872882284 0.004312169872882284
0 0.8114749721576584 0.8034326452367563 0.004530424682205591 0.010562169872882284
0 0.28002986157149234 0.7495006955791526 0.004312169872882284 0.004312169872882284
0 0.2538790675001639 0.7454663005403048 0.01078042468220571 0.010780424682205591
0 0.22571769169861003 0.7434424872316828 0.004312169872882284 0.004312169872882284
0 0.3865344921823697 0.7605026940043175 0.015092594555087994 0.015092594555088112
0 0.7896363479592122 0.8037104200707911 0.010780424682205591 0.010780424682205591
0 0.23728515243660508 0.7469676210487758 0.010562169872882284 0.004530424682205591
0 0.5891998383405654 0.7842262661724414 0.021706352570627037 0.025727516031078087
0 0.30201398897615406 0.7533895874117846 0.014947091348872376 0.010925927888421446
0 0.36997695292036475 0.7630456811794549 0.015092594555087876 0.015092594555088112
0 0.841974311903423 0.8128208768151528 0.010780424682205591 0.010780424682205591
0 0.7814121420305408 0.8065444136583598 0.010925927888421446 0.014947091348872258
0 0.24475869811104128 0.7524305849929864 0.014728836539548951 0.004675927888421446
0 0.28861782551570303 0.7570833686582505 0.015092594555087994 0.015092594555088112
0 0.35762245612658033 0.7667758382274747 0.014947091348872258 0.010925927888421446
0 0.607235553887884 0.7942196547988577 0.021706352570627037 0.025727516031078087
0 0.12377986157149232 0.744044325346067 0.033697091348872374 0.011580692316391606
0 0.51032417808633 0.7897950385876781 0.02156084936441142 0.02156084936441142
0 0.5677977237607662 0.7970040410064761 0.030185189110175988 0.03018518911017575
0 0.7317031484429719 0.8131317085171058 0.025873019237293703 0.025873019237293703
0 0.7139220635065308 0.810429986557356 0.02156084936441142 0.02156084936441142
0 0.9385351612678344 0.8370007838914454 0.025727516031078087 0.021706352570627037
0 0.7506714032522954 0.8200364729450759 0.021706352570627037 0.025727516031078087
0 0.11889891045214412 0.7532374463382975 0.023498679491529135 0.01746693430085268
0 0.1637997045234725 0.7579266058051154 0.03406084936441142 0.021997358983058272
0 0.6901092333794131 0.8137600097882829 0.030039685903960372 0.026018522443509322
0 0.5303340995623201 0.7967361788172023 0.02156084936441142 0.02156084936441142
0 0.813316906458511 0.8263856877049769 0.029748679491529137 0.017685189110175987
0 0.2055754985948009 0.7625066378672716 0.023498679491529135 0.01746693430085268
0 0.7716138639902904 0.823888988976154 0.01933201282486247 0.017321431094636828
0 0.6442395242445258 0.8111178078532445 0.025873019237293703 0.025873019237293703
0 0.4886674328956534 0.7952811467550461 0.017321431094636946 0.01933201282486247
0 0.10754970452347251 0.7559623125212045 0.025727516031078087 0.021706352570627037
0 0.04917999538858527 0.7528836009675193 0.026018522443509308 0.030039685903960372
0 0.26427258994367325 0.7749603494209567 0.021706352570627037 0.025727516031078087
0 0.40325076622898676 0.7922983310276259 0.025727516031078087 0.021706352570627037
0 0.4377348936336485 0.7966237324789048 0.029894182697744753 0.021851855776842417
0 0.09207020772968813 0.7595833421645626 0.030185189110175988 0.030185189110175988
0 0.2445900506816683 0.7773942091914327 0.025873019237293703 0.025873019237293703
0 0.9588360891562556 0.8522752574543028 0.025873019237293703 0.025873019237293703
0 0.7229829128709422 0.8315543263031205 0.025727516031078087 0.021706352570627037
0 0.6134624096647266 0.823568200473294 0.030185189110175988 0.030185189110175988
0 0.15504309314988887 0.7753075569244635 0.025873019237293703 0.025873019237293703
0 0.8692891316244763 0.8501886051873337 0.021851855776842656 0.029894182697744753
0 0.8150860891562556 0.8472553968398642 0.03851852244350908 0.030476195522607222
0 0.3305887301731974 0.7970436915855194 0.03435185577684265 0.030330692316391607
0 0.2053340995623201 0.7853869287323842 0.026164025649724938 0.034206352570627034
0 0.8978870170446771 0.8647124184959558 0.07107805129944987 0.06906746956922423
0 0.45096240966472656 0.817893575430885 0.06158069231639161 0.035443129823459665
0 0.5303837069422705 0.8279498030156485 0.04929894712571491 0.04125662020481305
0 0.7586310659253288 0.8692130610877327 0.06863095995057739 0.05857805129944988
0 0.9734772388913361 0.903862561144278 0.05304552221732782 0.06863095995057762
0 0.46890222938577986 0.8549339215890809 0.07890212341102855 0.05477514264832214
0 0.6881019705828232 0.90524479744718 0.09651456091809672 0.08244048880651794
0 0.17257286640908845 0.8601918181462181 0.09702382213985133 0.09702382213985127
0 0.23540024862307354 0.8717493662394524 0.09205688783899876 0.07396165226696923
0 0.37064826786036725 0.9014418446399061 0.13869048880651794 0.09847885420200744
0 0.5379333231534502 0.9249703062218639 0.13093916829804708 0.11485451445624288