0 0.7248775290214243 0.03208323618981127 0.024772775516274236 0.036216934300852564
0 0.2127875719863806 0.91404429002115 0.038473787124844054 0.059570110586165965
0 0.846520762850412 0.8199072994701607 0.029157807929953587 0.040529104173734724
0 0.9205515174128546 0.008637505089941523 0.02444522689575545 0.017275010179883046
0 0.35644621890523026 0.09086635487633439 0.02444522689575533 0.029966934300852562
0 0.13756477687101146 0.9323247235345848 0.038473787124844054 0.059570110586165965
0 0.8849532466435723 0.816478061479333 0.03562617367696627 0.04491402564972494
0 0.5528710869872054 0.8719046937781361 0.03562617367696627 0.04491402564972494
0 0.4124054319291084 0.8997684694561336 0.031459507010299724 0.044768522443509325
0 0.7045176888265134 0.8582604934179326 0.03584453942397895 0.0490806923163916
0 0.6455248288837855 0.867625580773172 0.036172088044498216 0.05533069231639161
0 0.484116657618849 0.8941335391489142 0.040338754711164646 0.05547619552260722
0 0.9748095371606716 0.8185580758790304 0.025427872757312286 0.04871693430085268
0 0.3684326368137392 0.9169576289229515 0.03617208804449798 0.05533069231639161
0 0.9521658276777707 0.8245666768465497 0.03847378712484399 0.059570110586165965
0 0.9903682089542545 0.8188358507130651 0.019263582091491097 0.05518518911017575
0 0.1812557560659018 0.9495833156708748 0.044832969998350396 0.06187169872882284
0 0.2961710673881106 0.9320039350317247 0.03562617367696639 0.04491402564972494
0 0.9286988172752157 0.8347783202822895 0.04055712045817757 0.059642862189273886
0 0.4349901206068996 0.9125462442901683 0.031459507010299724 0.044768522443509325
0 0.12259044474369298 0.965198403026114 0.038801335745363076 0.06582011058616596
0 0.904080957332488 0.8429430061862498 0.04033875471116488 0.05547619552260722
0 0.766598787124844 0.031669870794321785 0.024772775516274236 0.03621693430085256
0 0.7479357108376379 0.8703107522208894 0.04285881953852334 0.06388228045904824
0 0.41036783129581533 0.9405389726623492 0.031677872757312285 0.04893518911017599
0 0.32667461706592227 0.10025458645473094 0.018195226895755447 0.029748679491529137
0 0.4302407779283041 0.08515867296600721 0.024772775516274357 0.036216934300852564
0 0.859667001354737 0.871626874787955 0.037709507010299605 0.04498677725283263
0 0.038124091662542686 0.14998676842160344 0.01819522689575536 0.029748679491529137
0 0.892094539423979 0.01748009964502951 0.024772775516274236 0.03496019929005902
0 0.4637924770086501 0.08816131398294896 0.01819522689575533 0.029748679491529137
0 0.5082565950547978 0.08034715451613109 0.02444522689575545 0.029966934300852562
0 0.3902708751693421 0.09907732922660947 0.02444522689575545 0.029966934300852562
0 0.18474828132055923 0.04050923472806681 0.02422686114874265 0.025800267634185896
0 0.3203331516658418 0.019077338057838743 0.024226861148742767 0.02580026763418589
0 0.14410113447877684 0.14106810332977193 0.017976861148742647 0.025582012824862468
0 0.9337612060906456 0.016752583613951436 0.024772775516274236 0.03350516722790287
0 0.621306938790686 0.06700719214675557 0.02444522689575545 0.029966934300852562
0 0.08730079074288868 0.15244377241523663 0.02444522689575536 0.029966934300852562
0 0.18883820970869034 0.13846227719628737 0.02499114126328704 0.04038360096751923
0 0.6514060892505129 0.06386896056835902 0.017758495401730082 0.021415346158195788
0 0.5470712189052302 0.08420958319196999 0.018195226895755447 0.029748679491529137
0 0.2416578079299537 0.03121689897593544 0.017976861148742706 0.025582012824862468
0 0.243004876375357 0.13657073551548438 0.02499114126328704 0.04038360096751923
0 0.28664569350185065 0.1329596185168871 0.029157807929953705 0.04052910417373485
0 0.5713571008590825 0.08962293975623019 0.02444522689575545 0.029966934300852562
0 0.1227941956880909 0.05310844948796772 0.02444522689575536 0.02996693430085255
0 0.323104026835184 0.13168646546250043 0.018195226895755447 0.029748679491529137
0 0.4475035210308992 0.11586303594269864 0.029157807929953705 0.04052910417373485
0 0.3792448439616777 0.1276388388452563 0.02893944218294114 0.03636243750706818
0 0.5956429828129349 0.09503629632049042 0.018413592642768133 0.0339153461581958
0 0.4238181448813317 0.12190801271177178 0.024772775516274475 0.036216934300852564
0 0.3701147859188291 0.01316463291658469 0.021925162068396748 0.021560849364411414
0 0.2956061088496077 0.02515869062846577 0.018195226895755447 0.02974867949152912
0 0.08756931855829804 0.17748014821679053 0.018413592642768043 0.0339153461581958
0 0.14985095281128538 0.17113093345688965 0.01819522689575533 0.029748679491529137
0 0.5432276714907261 0.11043312886640617 0.018195226895755447 0.029748679491529137
0 0.6642837999394285 0.09055216008459942 0.02444522689575545 0.029966934300852562
0 0.506000628674492 0.11695099105568003 0.024772775516274357 0.036216934300852564
0 0.930354390170167 0.049953579085246114 0.02444522689575545 0.029966934300852562
0 0.5661443381573928 0.10963286123222028 0.02444522689575545 0.029966934300852562
0 0.6334159399967009 0.09893510079788319 0.02444522689575545 0.029966934300852562
0 0.8974577883308589 0.05945093806830437 0.024772775516274236 0.036216934300852564
0 0.12430060907539724 0.18141532849573724 0.024772775516274357 0.036216934300852564
0 0.8126962189052302 0.07493375379572449 0.018413592642768133 0.0339153461581958
0 0.7836933265488232 0.07907727623923379 0.02499114126328692 0.04038360096751923
0 0.7092392409163549 0.09211300061778153 0.024772775516274236 0.036216934300852564
0 0.8478399283881312 0.06848864320955841 0.017976861148742765 0.025582012824862468
0 0.20220724332838455 0.1745204767125278 0.02444522689575539 0.029966934300852562
0 0.14571086235475755 0.05230818185378183 0.017976861148742647 0.025582012824862468
0 0.39198978591882916 0.012650437450522826 0.024226861148742767 0.025300874901045652
0 0.28641846901812507 0.16844903678666157 0.017976861148742765 0.025582012824862468
0 0.020457061660893085 0.21113095111934818 0.02082447459662038 0.04023809776130361
0 0.24623020051215036 0.17820102638059718 0.024772775516274357 0.036216934300852564
0 0.43066422131726 0.15297613370400226 0.02444522689575533 0.029966934300852562
0 0.4649300384437537 0.14969239891939007 0.018413592642768015 0.0339153461581958
0 0.4906987479266545 0.14357467054720915 0.024991141263287157 0.04038360096751923
0 0.07078461028141209 0.2156349126447608 0.025209507010299722 0.044550267634185896
0 0.5357087803403339 0.146177177747058 0.024772775516274475 0.036216934300852564
0 0.8576472305138 0.09632263679712719 0.024772775516274475 0.036216934300852564
0 0.1486912445343994 0.20874006086155136 0.031459507010299724 0.044768522443509325
0 0.11557627694807877 0.21407075317794297 0.02444522689575539 0.029966934300852562
0 0.5669041889035807 0.14404423703377417 0.018195226895755447 0.029748679491529137
0 0.6155349736163951 0.1360845743607407 0.02444522689575545 0.029966934300852562
0 0.5153476134478777 0.005744013555734689 0.018195226895755447 0.011488027111469378
0 0.9396659399967009 0.08824061514103547 0.029157807929953587 0.04052910417373485
0 0.8992593057437135 0.09382593806830437 0.02444522689575545 0.029966934300852562
0 0.7575882097086903 0.11860108954785588 0.025209507010299604 0.044550267634185896
0 0.7928956935018507 0.11528097896168979 0.02499114126328692 0.04038360096751923
0 0.6574200060300744 0.1387962089652512 0.018195226895755447 0.029748679491529137
0 0.8273252849386038 0.11512224417707764 0.024772775516274236 0.036216934300852564
0 0.30982202924721375 0.19685181162069623 0.018413592642768133 0.0339153461581958
0 0.19709923413184463 0.21644177399007178 0.018413592642768015 0.0339153461581958
0 0.40620570631643527 0.1840938620761832 0.029157807929953705 0.04052910417373485
0 0.4323019644198551 0.18422613370400226 0.02499114126328704 0.04038360096751923
0 0.44089352781540936 0.01601683648300361 0.031459507010299724 0.03203367296600722
0 0.33514957786773275 0.20222879238340258 0.018413592642768015 0.0339153461581958
0 0.4969944806266947 0.18405416734099356 0.018413592642768133 0.0339153461581958
0 0.47215825493695424 0.18805218657828726 0.018195226895755447 0.029748679491529137
0 0.6286856414890766 0.16797610721031442 0.024772775516274236 0.036216934300852564
0 0.2214795718376584 0.04444441500701352 0.024772775516274357 0.03621693430085255
0 0.538155097241038 0.0033151101076392686 0.024226861148742767 0.006630220215278537
0 0.5725300972410381 0.0027149093819998547 0.024226861148742767 0.005429818763999709
0 0.01451102442315426 0.07776124198446095 0.02268944218294104 0.036144182697744755
0 0.09281452585495865 0.25765210574856995 0.028939442182941023 0.03636243750706818
0 0.814215920397606 0.1437565053988323 0.024772775516274475 0.036216934300852564
0 0.9293495974668275 0.13034379142634894 0.024772775516274236 0.036216934300852564
0 0.8465075870642728 0.14262885555066127 0.024772775516274475 0.036216934300852564
0 0.6592761148796821 0.1742128756319179 0.02444522689575545 0.029966934300852562
0 0.9584070812599879 0.12724193564950634 0.02126120609064562 0.04857143109463694
0 0.46572975350514983 0.010262866126361715 0.01819522689575533 0.02052573225272343
0 0.31891521332673495 0.23097218100981892 0.024772775516274357 0.036216934300852564
0 0.6926640396497686 0.17409051664885963 0.017976861148742765 0.025582012824862468
0 0.14204581637205782 0.2611507764088698 0.02499114126328704 0.04038360096751923
0 0.28179735338400713 0.23957337653242614 0.024772775516274475 0.036216934300852564
0 0.3939152133267349 0.22835312329793786 0.018195226895755447 0.029748679491529137
0 0.03206145183106002 0.29316798717513753 0.024991141263287053 0.04038360096751923
0 0.43580024574041426 0.23106475790244835 0.024991141263287157 0.04038360096751923
0 0.6492917503386841 0.20273800944901083 0.02444522689575545 0.029966934300852562
0 0.47955024574041427 0.2295369742371844 0.018413592642768133 0.0339153461581958
0 0.5800459980395493 0.21559185481978904 0.024772775516274236 0.036216934300852564
0 0.5127743962002412 0.22628961525412614 0.024772775516274475 0.036216934300852564
0 0.6173822237292899 0.2111573259638485 0.024772775516274236 0.036216934300852564
0 0.7055963417754375 0.20181538283176667 0.02444522689575545 0.029966934300852562
0 0.12504274234815918 0.2951388741701734 0.02499114126328704 0.04038360096751923
0 0.7916179436147455 0.19046285796945933 0.024772775516274236 0.036216934300852564
0 0.7595992341318445 0.1967988411509637 0.02444522689575545 0.029966934300852562
0 0.8600949864309796 0.18285372173356831 0.024226861148742767 0.025800267634185896
0 0.8332846102814121 0.18900782590730317 0.03562617367696627 0.04491402564972494
0 0.1668185918883322 0.2957671754413506 0.024772775516274357 0.036216934300852564
0 0.2041548175780727 0.29133264658541 0.01819522689575533 0.029748679491529137
0 0.5053130868384832 0.006446725896837543 0.0175401296547174 0.012893451793675086
0 0.2490556671182457 0.29185182045192554 0.024772775516274357 0.036216934300852564
0 0.8620101160856969 0.1994840125986811 0.024226861148742767 0.025800267634185896
0 0.3000427423481592 0.2890277395091176 0.02499114126328704 0.04038360096751923
0 0.4709350964866022 0.26427573225272344 0.02499114126328704 0.04038360096751923
0 0.3435743766011465 0.2833332891771869 0.028939442182941023 0.03636243750706818
0 0.4222497203370347 0.27119372825909027 0.025209507010299722 0.044550267634185896
0 0.06730548545075422 0.32846229485874595 0.031459507010299724 0.044768522443509325
0 0.28606290517099175 0.042189115310671474 0.02444522689575545 0.029966934300852562
0 0.3810743766011465 0.28202376032124643 0.028939442182941023 0.03636243750706818
0 0.5115600964866022 0.2628570759921212 0.018631958389780698 0.03808201282486247
0 0.0913730016575939 0.32970898475633953 0.031459507010299724 0.044768522443509325
0 0.5709350964866021 0.26078365530354863 0.02499114126328692 0.04038360096751923
0 0.5989509136130958 0.2577181753282599 0.02444522689575545 0.029966934300852562
0 0.8940243962002412 0.21297607188539733 0.031459507010299606 0.044768522443509325
0 0.9427643637865619 0.20709974254569719 0.025209507010299604 0.044550267634185896
0 0.9748376647062159 0.20180542603085946 0.024772775516274236 0.036216934300852564
0 0.6520213221763427 0.25482134278234414 0.031459507010299606 0.04476852244350926
0 0.8010932677515388 0.2318748940252487 0.018413592642768133 0.0339153461581958
0 0.6183634305743714 0.0008184113788164471 0.017758495401730082 0.0016368227576328942
0 0.05842479873341376 0.07935845831919701 0.02477277551627437 0.036216934300852564
0 0.7576162249353047 0.23861101102384596 0.024772775516274236 0.036216934300852564
0 0.8612369772344396 0.22455676420178888 0.02444522689575545 0.029966934300852562
0 0.14603099125503907 0.3371924430755365 0.024772775516274357 0.036216934300852564
0 0.19076806648495256 0.33458661694205194 0.024772775516274357 0.036216934300852564
0 0.3513057651137196 0.032605773146108866 0.02444522689575533 0.029966934300852555
0 0.6775126451071212 0.26332332354505045 0.029157807929953587 0.04052910417373485
0 0.3531588836114462 0.3268286585663096 0.02444522689575533 0.029966934300852444
0 0.038730465851659464 0.38059523557202973 0.02499114126328704 0.04038360096751923
0 0.9321750640729227 0.24399458549767736 0.024226861148742767 0.025800267634185896
0 0.8628201289002815 0.2547650975351222 0.024772775516274236 0.036216934300852564
0 0.31829998040090524 0.04001979879583379 0.018195226895755447 0.029748679491529137
0 0.13768879918499277 0.3771395344244089 0.024772775516274357 0.036216934300852564
0 0.07260971355252446 0.38984787658897146 0.024772775516274357 0.036216934300852564
0 0.7266849148191106 0.2856083700069042 0.02499114126328692 0.04038360096751923
0 0.19481669154139994 0.37201386533894415 0.043522775516274356 0.03687169872882284
0 0.24459832579438728 0.3661011601976901 0.028939442182941023 0.03636243750706818
0 0.27590291723114047 0.36605155281773966 0.02499114126328704 0.04038360096751923
0 0.3261212829781531 0.36847218100981893 0.02499114126328704 0.04038360096751923
0 0.43478659430036193 0.35111105517999236 0.029157807929953705 0.04052910417373485
0 0.6430697655652986 0.3229661857343243 0.024226861148742767 0.02580026763418578
0 0.4870337019439548 0.35241726510229715 0.028939442182941023 0.03636243750706806
0 0.3700350572884126 0.3700693973445549 0.02499114126328704 0.04038360096751911
0 0.5462995190704485 0.3482605110803913 0.028939442182940905 0.03636243750706818
0 0.05154915573546551 0.426064810889824 0.031459507010299724 0.044768522443509325
0 0.9428012377498892 0.2874535790852461 0.029157807929953587 0.04052910417373485
0 0.7204260560823977 0.3254827097526688 0.018413592642768133 0.0339153461581958
0 0.6056199276336952 0.3451454237251521 0.024772775516274236 0.036216934300852564
0 0.8188384750481994 0.3116103419383813 0.029157807929953587 0.04052910417373485
0 0.9803558291866423 0.2871857168959722 0.025209507010299604 0.044550267634185896
0 0.7373110884960771 0.329067363594473 0.031459507010299606 0.044768522443509325
0 0.025339285390182865 0.4436772483968922 0.006131958389780712 0.03764550320621562
0 0.3838703889641521 0.03668645663127117 0.024226861148742767 0.025800267634185896
0 0.09781922056282417 0.43279760895478553 0.029157807929953705 0.040529104173734724
0 0.8969634750481994 0.30888215682183845 0.031459507010299606 0.044768522443509325
0 0.8619835398755581 0.31845226740800453 0.029157807929953587 0.04052910417373485
0 0.2678882737816132 0.41224864416661205 0.03562617367696639 0.04491402564972494
0 0.14894061585990742 0.07411043025067403 0.02499114126328704 0.04038360096751923
0 0.1637717691833432 0.4367559334568896 0.031459507010299724 0.044768522443509325
0 0.3480420156781933 0.40840604078029474 0.029157807929953705 0.04052910417373485
0 0.20319132820641703 0.43224865299784127 0.028939442182941023 0.03636243750706818
0 0.304837930045725 0.4203504911122254 0.02499114126328704 0.04038360096751923
0 0.39606786521836634 0.4088160872421485 0.0316778727573124 0.04893518911017599
0 0.5485673345393481 0.014088919000646702 0.02444522689575545 0.028177838001293403
0 0.6384530792995371 0.3742624830118684 0.024772775516274236 0.036216934300852446
0 0.43565119855169965 0.40743380678310015 0.029157807929953705 0.04052910417373485
0 0.713398487862784 0.37060175863332057 0.028939442182940905 0.03636243750706818
0 0.5726598756209211 0.39325720097798483 0.02499114126328692 0.04038360096751923
0 0.6710177031499697 0.37834316649703065 0.02499114126328692 0.04038360096751923
0 0.7871384554491047 0.3638524100563268 0.02499114126328692 0.04038360096751911
0 0.9200350572884126 0.3508629741240937 0.029157807929953587 0.040529104173734724
0 0.8641671973456847 0.36011893407467116 0.029157807929953587 0.04052910417373485
0 0.13366375998680324 0.47955024997172735 0.031459507010299724 0.044768522443509325
0 0.5890285602290888 0.012804193834681387 0.018413592642768133 0.025608387669362773
0 0.6542168287350634 0.00654096225628484 0.028611893562422115 0.01308192451256968
0 0.8323668536097967 0.3706215839228422 0.02499114126328692 0.04038360096751923
0 0.5218115498265339 0.020390141691268626 0.018195226895755447 0.029748679491529137
0 0.34265661992953106 0.46494704719272595 0.029157807929953705 0.04052910417373485
0 0.49911324890687986 0.02535707599212118 0.02444522689575533 0.02996693430085255
0 0.7123317963213841 0.0034027306778882938 0.02444522689575545 0.0068054613557765875
0 0.1793834810782738 0.4956944238382428 0.028611893562421997 0.030112437507068178
0 0.39473995326286443 0.4631282571150308 0.031459507010299724 0.044768522443509325
0 0.45269114653892556 0.4537995455613455 0.02499114126328704 0.04038360096751923
0 0.5644814578611344 0.43632929232685724 0.02499114126328692 0.04038360096751923
0 0.27795967435433494 0.48494705602395527 0.0316778727573124 0.04893518911017599
0 0.11406986356077245 0.08576387417017343 0.02444522689575539 0.029966934300852562
0 0.2242297391816936 0.49517193103809165 0.029157807929953705 0.040529104173734724
0 0.6133851997577147 0.43357796298715706 0.02499114126328692 0.04038360096751923
0 0.7946396291260709 0.40742053104855724 0.024772775516274236 0.036216934300852564
0 0.9665736499311808 0.3826321479906092 0.02444522689575545 0.029966934300852562
0 0.7545059520568496 0.41821418730915944 0.03562617367696627 0.04491402564972494
0 0.17733857304367326 0.07833661694205195 0.02444522689575539 0.029966934300852562
0 0.4185183461479179 0.04069438851332568 0.02499114126328704 0.04038360096751923
0 0.4806362060906457 0.031220173753424785 0.02444522689575545 0.02996693430085255
0 0.8792875863098369 0.4096824244560243 0.02499114126328692 0.04038360096751923
0 0.92621717774659 0.40908718005276534 0.024772775516274236 0.036216934300852446
0 0.04033720337575916 0.5506415328495737 0.02312617367696639 0.044477516031078086
0 0.09252971958259883 0.5509060761052119 0.0316778727573124 0.04893518911017599
0 0.1435167948125123 0.548081995162404 0.02499114126328704 0.04038360096751935
0 0.287325815617622 0.5242757587464113 0.028939442182941023 0.03636243750706818
0 0.5594207327000402 0.02116394616866142 0.018195226895755447 0.02974867949152913
0 0.4435183461479179 0.03982136927603199 0.024772775516274475 0.036216934300852564
0 0.41726119176718945 0.5145204502188399 0.031459507010299724 0.044768522443509325
0 0.17509434343303135 0.5532407211157867 0.0316778727573124 0.04893518911017599
0 0.33557003090480764 0.5288524718749317 0.029157807929953705 0.04052910417373485
0 0.5013086431466705 0.5053240102929737 0.031459507010299724 0.044768522443509325
0 0.2614952072966606 0.07122351034951908 0.018413592642768015 0.0339153461581958
0 0.46879418136463463 0.5221130359426986 0.02499114126328704 0.04038360096751935
0 0.6195644421829412 0.014360078045483114 0.018195226895755447 0.028720156090966228
0 0.5951678260201767 0.5041335214864557 0.036172088044498216 0.05533069231639161
0 0.6314623850432507 0.49973536843206906 0.02499114126328692 0.04038360096751911
0 0.6689077936064973 0.4973841729094619 0.024772775516274236 0.036216934300852564
0 0.9732470933201365 0.4502313539192808 0.025209507010299604 0.044550267634185896
0 0.6911118935624221 0.012638843260870952 0.02499114126328692 0.025277686521741904
0 0.7573418287350634 0.004703984277812695 0.02444522689575545 0.00940796855562539
0 0.9288921581474952 0.46012884671943205 0.029157807929953587 0.040529104173734724
0 0.5501533642381411 0.5213590567548274 0.03200542137783155 0.05518518911017599
0 0.7965414706757189 0.48353494931833174 0.03332447459662025 0.04067460737995046
0 0.01735420850267547 0.11209986618290706 0.018195226895755368 0.029748679491529137
0 0.2533196675698247 0.5922519542690184 0.03562617367696639 0.04491402564972494
0 0.09284398009804841 0.6166402035098737 0.03332447459662037 0.04067460737995058
0 0.051504862051900746 0.6243452355720297 0.01863195838978071 0.03808201282486247
0 0.1954776571672699 0.6036639991560371 0.03562617367696639 0.04491402564972494
0 0.2989346351561454 0.58648475233398 0.031459507010299724 0.04476852244350908
0 0.3748125275125525 0.5807043188205451 0.031459507010299724 0.044768522443509325
0 0.1555623458450611 0.6186243220833061 0.029157807929953705 0.040529104173734724
0 0.46401372078861375 0.5702843332202427 0.031459507010299724 0.044768522443509325
0 0.5197133770527256 0.5777314157378858 0.02499114126328704 0.04038360096751935
0 0.7133586235475756 0.5490541408473056 0.031459507010299606 0.044768522443509325
0 0.6679620217082677 0.5589880094490108 0.025209507010299604 0.044550267634186014
0 0.43199058193735634 0.5964483588699675 0.031459507010299724 0.044768522443509325
0 0.5934533446390463 0.570982067160892 0.031459507010299606 0.044768522443509325
0 0.8564535263065376 0.531534280232867 0.028939442182940905 0.03636243750706806
0 0.9041518272261917 0.5256943266947207 0.03562617367696627 0.04491402564972494
0 0.33337020729666056 0.06871358004229972 0.018195226895755447 0.029748679491529137
0 0.27715552992458226 0.6488161049046071 0.031459507010299724 0.044768522443509325
0 0.23071726141860763 0.6587863493078661 0.031459507010299724 0.044768522443509325
0 0.3792388632579156 0.6452512763523245 0.025209507010299722 0.044550267634186014
0 0.2972394225838463 0.07623673309668634 0.017976861148742647 0.025582012824862468
0 0.11119412256735033 0.6880059422881188 0.03617208804449807 0.05533069231639161
0 0.18466113296990513 0.6760482603777918 0.0361720880444981 0.05533069231639161
0 0.32775603572886713 0.6585283997633531 0.0316778727573124 0.04893518911017599
0 0.5125176051544957 0.6395535070867581 0.029157807929953705 0.040529104173734724
0 0.6091196479707299 0.6309622242089117 0.025209507010299604 0.044550267634186014
0 0.6453050241202973 0.6244807378211917 0.031459507010299606 0.044768522443509325
0 0.7001858088331119 0.6163028203388348 0.031459507010299606 0.044768522443509325
0 0.4009147663197344 0.06322415294129595 0.018195226895755447 0.02974867949152912
0 0.8710781629715548 0.5915508130824407 0.031459507010299606 0.044768522443509325
0 0.7646053678561856 0.6109225206424929 0.031459507010299606 0.044768522443509325
0 0.9231069048681348 0.5886903563380789 0.02499114126328692 0.04038360096751935
0 0.8392778192356666 0.6020534629306117 0.028939442182940905 0.03636243750706806
0 0.5733710033151878 0.645777043929965 0.036172088044498216 0.05533069231639161
0 0.3636331320667471 0.06870034846390315 0.017976861148742765 0.025582012824862468
0 0.9681169372818142 0.5912928635379276 0.02499114126328692 0.04038360096751935
0 0.8802584954017301 0.002557811986132365 0.02444522689575545 0.00511562397226473
0 0.04998671189493057 0.05773808893007432 0.017540129654717355 0.017248679491529136
0 0.13426127543920707 0.7498148020585947 0.031459507010299724 0.044768522443509325
0 0.570874636665017 0.040591854819789046 0.02444522689575545 0.02996693430085255
0 0.6430446283716352 0.6809126168289612 0.03562617367696627 0.04491402564972494
0 0.08842351273751727 0.7712433797951871 0.03584453942397907 0.0490806923163916
0 0.3451736944050088 0.7320138476764856 0.032005421377831314 0.05518518911017599
0 0.25229715739305936 0.7519543364830036 0.03584453942397907 0.0490806923163916
0 0.39100702773834206 0.7304133124081138 0.0316778727573124 0.04893518911017599
0 0.9302761005562258 0.64583651979853 0.03584453942397895 0.0490806923163916
0 0.4396924038879096 0.723495316401747 0.031459507010299606 0.044768522443509325
0 0.5442456399802048 0.7073213604448028 0.03145950701029984 0.044768522443509325
0 0.8786294987169179 0.6559886432095584 0.03617208804449798 0.05533069231639161
0 0.2825054907263927 0.7508994382379404 0.031459507010299606 0.044768522443509325
0 0.6967701341759199 0.6905157842830455 0.031459507010299606 0.044768522443509325
0 0.8313133378545359 0.6691202634143713 0.031459507010299606 0.044768522443509325
0 0.5094294791178231 0.7200164710309688 0.031459507010299724 0.044768522443509325
0 0.5388559271821163 0.0469278380012934 0.018195226895755447 0.02974867949152912
0 0.7943046607853146 0.6798047922703119 0.036172088044498216 0.05533069231639161
0 0.734543091359686 0.6944145887604383 0.031459507010299606 0.044768522443509325
0 0.5999452962443167 0.7147684429624459 0.031459507010299606 0.044768522443509325
0 0.2304723194614561 0.7735879374505229 0.031459507010299724 0.044768522443509325
0 0.9823550045212026 0.6638457721890553 0.031459507010299606 0.044768522443509325
0 0.48211017488298125 0.05934517375342478 0.018195226895755447 0.029748679491529137
0 0.45524520729666057 0.06445761126049294 0.017976861148742765 0.025582012824862468
0 0.2775568264717558 0.8157737779837049 0.04033875471116476 0.05547619552260722
0 0.7885873993667069 0.014072368488614422 0.02444522689575545 0.028144736977228843
0 0.6168171528718567 0.041074652884750616 0.018195226895755447 0.029748679491529137
0 0.3493226435982495 0.8111805143431522 0.03222378712484399 0.059351855776842655
0 0.8234580393469119 0.7382703972314643 0.03562617367696627 0.04491402564972494
0 0.4644017292307178 0.7967261337040022 0.03562617367696639 0.04491402564972494
0 0.8456061088496079 0.010467867279215398 0.02444522689575545 0.020935734558430796
0 0.19032535428716515 0.8438657211157867 0.0361720880444981 0.05533069231639161
0 0.09849048394188253 0.8637698341207508 0.03452548620519007 0.06359127404661725
0 0.4027206007820153 0.8145336817972365 0.0316778727573124 0.04893518911017599
0 0.5156617616443971 0.7991103860945277 0.03562617367696627 0.04491402564972494
0 0.655195045228264 0.03660374822725617 0.018195226895755447 0.029748679491529137
0 0.6824420405529267 0.7755455487110158 0.03562617367696627 0.04491402564972494
0 0.9794896735998991 0.728647360331712 0.03562617367696627 0.04491402564972494
0 0.89692062038111 0.7461407577893576 0.031459507010299606 0.044768522443509325
0 0.7852394919324077 0.7656943443571793 0.031459507010299606 0.044768522443509325
0 0.8135873993667069 0.015198358869967574 0.024772775516274475 0.030396717739935148
0 0.9499364375076037 0.7422022585767752 0.031459507010299606 0.044768522443509325
0 0.7454333634837051 0.7827380006177815 0.04483296999835033 0.06187169872882284
0 0.5756372674486819 0.8084952987392884 0.04033875471116488 0.055476195522606984
0 0.011645693501850669 0.1425628301271177 0.010189442182941044 0.035707673079097904
0 0.7403387547111646 0.028412599166502718 0.018413592642768133 0.03391534615819579
0 0.29438295039925566 0.10138223630290195 0.018413592642768015 0.0339153461581958