0 0.6291666666666667 0.14166666666666666 0.03958333333333333 0.058333333333333334
0 0.7125 0.14166666666666666 0.034375 0.058333333333333334
0 0.340625 0.16354166666666667 0.035416666666666666 0.06666666666666667
0 0.6791666666666667 0.146875 0.040625 0.06666666666666667
0 0.11666666666666667 0.17916666666666667 0.034375 0.053125
0 0.41458333333333336 0.165625 0.03958333333333333 0.058333333333333334
0 0.9583333333333334 0.146875 0.03125 0.065625
0 0.8270833333333333 0.153125 0.034375 0.0625
0 0.5760416666666667 0.16875 0.029166666666666667 0.041666666666666664
0 0.07604166666666666 0.22291666666666668 0.034375 0.058333333333333334
0 0.5145833333333333 0.20208333333333334 0.029166666666666667 0.041666666666666664
0 0.884375 0.18333333333333332 0.034375 0.053125
0 0.28854166666666664 0.221875 0.03125 0.052083333333333336
0 0.013541666666666667 0.24375 0.027083333333333334 0.046875
0 0.15208333333333332 0.2375 0.034375 0.058333333333333334
0 0.7447916666666666 0.21041666666666667 0.04583333333333333 0.06666666666666667
0 0.22916666666666666 0.240625 0.035416666666666666 0.06666666666666667
0 0.33125 0.24479166666666666 0.027083333333333334 0.046875
0 0.38958333333333334 0.24791666666666667 0.034375 0.053125
0 0.909375 0.22083333333333333 0.03958333333333333 0.0625
0 0.85625 0.22916666666666666 0.040625 0.071875
0 0.45 0.2520833333333333 0.03958333333333333 0.04375
0 0.6 0.24479166666666666 0.03125 0.052083333333333336
0 0.6739583333333333 0.240625 0.034375 0.058333333333333334
0 0.9770833333333333 0.22708333333333333 0.016666666666666666 0.065625
0 0.5270833333333333 0.2552083333333333 0.034375 0.053125
0 0.8135416666666667 0.240625 0.03958333333333333 0.04791666666666667
0 0.18125 0.296875 0.03958333333333333 0.053125
0 0.022916666666666665 0.3072916666666667 0.025 0.041666666666666664
0 0.28958333333333336 0.3 0.03958333333333333 0.053125
0 0.23958333333333334 0.309375 0.03125 0.052083333333333336
0 0.37395833333333334 0.30416666666666664 0.034375 0.053125
0 0.04791666666666667 0.32395833333333335 0.034375 0.0625
0 0.41041666666666665 0.3104166666666667 0.03958333333333333 0.058333333333333334
0 0.10416666666666667 0.33958333333333335 0.03958333333333333 0.058333333333333334
0 0.6520833333333333 0.3104166666666667 0.04375 0.058333333333333334
0 0.8260416666666667 0.3020833333333333 0.034375 0.0625
0 0.153125 0.33958333333333335 0.035416666666666666 0.06666666666666667
0 0.5625 0.3229166666666667 0.034375 0.0625
0 0.5 0.32708333333333334 0.03958333333333333 0.053125
0 0.9447916666666667 0.30520833333333336 0.034375 0.053125
0 0.017708333333333333 0.35625 0.03125 0.052083333333333336
0 0.21354166666666666 0.34791666666666665 0.040625 0.071875
0 0.715625 0.32395833333333335 0.03125 0.052083333333333336
0 0.771875 0.32083333333333336 0.034375 0.058333333333333334
0 0.6791666666666667 0.33541666666666664 0.034375 0.04791666666666667
0 0.890625 0.33541666666666664 0.034375 0.053125
0 0.27708333333333335 0.375 0.040625 0.06666666666666667
0 0.375 0.371875 0.040625 0.06666666666666667
0 0.5145833333333333 0.0375 0.034375 0.053125
0 0.475 0.3854166666666667 0.03958333333333333 0.0625
0 0.08958333333333333 0.41041666666666665 0.034375 0.058333333333333334
0 0.5458333333333333 0.39791666666666664 0.04375 0.058333333333333334
0 0.03229166666666667 0.425 0.034375 0.058333333333333334
0 0.9666666666666667 0.37916666666666665 0.03125 0.05625
0 0.6270833333333333 0.40208333333333335 0.034375 0.0625
0 0.8416666666666667 0.39375 0.03125 0.046875
0 0.20729166666666668 0.4322916666666667 0.040625 0.06666666666666667
0 0.6989583333333333 0.4083333333333333 0.034375 0.058333333333333334
0 0.7614583333333333 0.40729166666666666 0.034375 0.053125
0 0.16770833333333332 0.4479166666666667 0.034375 0.058333333333333334
0 0.9104166666666667 0.41354166666666664 0.035416666666666666 0.06666666666666667
0 0.14166666666666666 0.47708333333333336 0.03958333333333333 0.0625
0 0.06875 0.490625 0.034375 0.058333333333333334
0 0.014583333333333334 0.4979166666666667 0.028125 0.06041666666666667
0 0.5354166666666667 0.4708333333333333 0.035416666666666666 0.06666666666666667
0 0.9833333333333333 0.4479166666666667 0.03125 0.052083333333333336
0 0.7947916666666667 0.4635416666666667 0.035416666666666666 0.06666666666666667
0 0.453125 0.48333333333333334 0.034375 0.058333333333333334
0 0.59375 0.4791666666666667 0.040625 0.06666666666666667
0 0.290625 0.4947916666666667 0.040625 0.06666666666666667
0 0.8833333333333333 0.465625 0.035416666666666666 0.06666666666666667
0 0.22708333333333333 0.5020833333333333 0.034375 0.0625
0 0.415625 0.49270833333333336 0.034375 0.0625
0 0.35625 0.4979166666666667 0.034375 0.058333333333333334
0 0.65625 0.484375 0.035416666666666666 0.06666666666666667
0 0.721875 0.48854166666666665 0.040625 0.06666666666666667
0 0.010416666666666666 0.5458333333333333 0.020833333333333332 0.04583333333333333
0 0.6895833333333333 0.5270833333333333 0.034375 0.058333333333333334
0 0.9416666666666667 0.029166666666666667 0.029166666666666667 0.025
0 0.18958333333333333 0.5604166666666667 0.034375 0.058333333333333334
0 0.2552083333333333 0.5645833333333333 0.040625 0.06666666666666667
0 0.5333333333333333 0.5520833333333334 0.040625 0.071875
0 0.8520833333333333 0.5354166666666667 0.03125 0.052083333333333336
0 0.12395833333333334 0.584375 0.035416666666666666 0.06666666666666667
0 0.9666666666666667 0.540625 0.029166666666666667 0.041666666666666664
0 0.9354166666666667 0.5447916666666667 0.04791666666666667 0.053125
0 0.41770833333333335 0.571875 0.040625 0.06666666666666667
0 0.7583333333333333 0.55625 0.034375 0.0625
0 0.6260416666666667 0.5635416666666667 0.034375 0.0625
0 0.7854166666666667 0.559375 0.03125 0.052083333333333336
0 0.016666666666666666 0.6020833333333333 0.027083333333333334 0.065625
0 0.3489583333333333 0.5895833333333333 0.03125 0.05625
0 0.06041666666666667 0.6072916666666667 0.034375 0.058333333333333334
0 0.8739583333333333 0.5645833333333333 0.03333333333333333 0.029166666666666667
0 0.48333333333333334 0.5958333333333333 0.03958333333333333 0.053125
0 0.7020833333333333 0.59375 0.035416666666666666 0.06666666666666667
0 0.020833333333333332 0.640625 0.03125 0.046875
0 0.09166666666666666 0.6375 0.04375 0.03958333333333333
0 0.76875 0.6208333333333333 0.03125 0.05625
0 0.6083333333333333 0.6385416666666667 0.034375 0.058333333333333334
0 0.26979166666666665 0.6583333333333333 0.03958333333333333 0.0625
0 0.9635416666666666 0.621875 0.03958333333333333 0.0625
0 0.41354166666666664 0.653125 0.03125 0.052083333333333336
0 0.17708333333333334 0.6677083333333333 0.03958333333333333 0.053125
0 0.47604166666666664 0.6520833333333333 0.03958333333333333 0.0625
0 0.6333333333333333 0.64375 0.03125 0.065625
0 0.5520833333333334 0.6510416666666666 0.034375 0.058333333333333334
0 0.036458333333333336 0.6791666666666667 0.03125 0.065625
0 0.8020833333333334 0.6395833333333333 0.034375 0.0625
0 0.5135416666666667 0.6583333333333333 0.03125 0.06041666666666667
0 0.753125 0.6458333333333334 0.035416666666666666 0.06666666666666667
0 0.228125 0.6770833333333334 0.034375 0.0625
0 0.3229166666666667 0.6729166666666667 0.03958333333333333 0.0625
0 0.10625 0.6875 0.04791666666666667 0.058333333333333334
0 0.020833333333333332 0.69375 0.027083333333333334 0.052083333333333336
0 0.38958333333333334 0.6770833333333334 0.03958333333333333 0.0625
0 0.21354166666666666 0.08125 0.034375 0.053125
0 0.6625 0.6791666666666667 0.03958333333333333 0.058333333333333334
0 0.778125 0.057291666666666664 0.034375 0.058333333333333334
0 0.121875 0.09166666666666666 0.03958333333333333 0.0625
0 0.023958333333333335 0.746875 0.027083333333333334 0.065625
0 0.20416666666666666 0.7375 0.040625 0.06666666666666667
0 0.42083333333333334 0.078125 0.034375 0.053125
0 0.9145833333333333 0.052083333333333336 0.020833333333333332 0.03333333333333333
0 0.07083333333333333 0.7635416666666667 0.035416666666666666 0.071875
0 0.8104166666666667 0.7270833333333333 0.034375 0.053125
0 0.3541666666666667 0.7552083333333334 0.034375 0.058333333333333334
0 0.5958333333333333 0.7427083333333333 0.04583333333333333 0.071875
0 0.42916666666666664 0.7520833333333333 0.03958333333333333 0.0625
0 0.7625 0.734375 0.03958333333333333 0.058333333333333334
0 0.284375 0.7614583333333333 0.05 0.07708333333333334
0 0.8479166666666667 0.7322916666666667 0.03958333333333333 0.0625
0 0.5135416666666667 0.7541666666666667 0.04583333333333333 0.06666666666666667
0 0.13229166666666667 0.78125 0.040625 0.06666666666666667
0 0.16041666666666668 0.7864583333333334 0.035416666666666666 0.07708333333333334
0 0.9010416666666666 0.753125 0.034375 0.04375
0 0.753125 0.06458333333333334 0.03125 0.052083333333333336
0 0.946875 0.7552083333333334 0.034375 0.0625
0 0.8083333333333333 0.0625 0.034375 0.0625
0 0.7395833333333334 0.7979166666666667 0.040625 0.06666666666666667
0 0.371875 0.08958333333333333 0.03125 0.052083333333333336
0 0.4270833333333333 0.8270833333333333 0.05 0.071875
0 0.59375 0.8197916666666667 0.04583333333333333 0.071875
0 0.228125 0.8416666666666667 0.035416666666666666 0.06666666666666667
0 0.9125 0.8052083333333333 0.04583333333333333 0.07708333333333334
0 0.5125 0.8291666666666667 0.040625 0.06666666666666667
0 0.35833333333333334 0.8364583333333333 0.040625 0.071875
0 0.975 0.8041666666666667 0.035416666666666666 0.06666666666666667
0 0.08541666666666667 0.853125 0.04583333333333333 0.07708333333333334
0 0.3020833333333333 0.8552083333333333 0.04583333333333333 0.06666666666666667
0 0.6197916666666666 0.07916666666666666 0.034375 0.053125
0 0.8791666666666667 0.065625 0.03125 0.052083333333333336
0 0.9875 0.8333333333333334 0.025 0.058333333333333334
0 0.18541666666666667 0.878125 0.03958333333333333 0.0625
0 0.1875 0.10208333333333333 0.03125 0.052083333333333336
0 0.30104166666666665 0.09583333333333334 0.034375 0.04791666666666667
0 0.5729166666666666 0.08125 0.034375 0.058333333333333334
0 0.5541666666666667 0.865625 0.040625 0.06666666666666667
0 0.03229166666666667 0.8979166666666667 0.027083333333333334 0.065625
0 0.946875 0.8520833333333333 0.035416666666666666 0.06666666666666667
0 0.13541666666666666 0.896875 0.035416666666666666 0.06666666666666667
0 0.30416666666666664 0.9291666666666667 0.03958333333333333 0.053125
0 0.6520833333333333 0.9114583333333334 0.040625 0.06666666666666667
0 0.7 0.9083333333333333 0.04583333333333333 0.06666666666666667
0 0.046875 0.9541666666666667 0.035416666666666666 0.071875
0 0.5135416666666667 0.9302083333333333 0.035416666666666666 0.06666666666666667
0 0.22708333333333333 0.9479166666666666 0.040625 0.06666666666666667
0 0.16458333333333333 0.9552083333333333 0.034375 0.0625
0 0.6229166666666667 0.9395833333333333 0.03958333333333333 0.0625
0 0.9114583333333334 0.9260416666666667 0.03958333333333333 0.0625
0 0.9520833333333333 0.07083333333333333 0.027083333333333334 0.05625
0 0.38229166666666664 0.9583333333333334 0.03958333333333333 0.058333333333333334
0 0.4708333333333333 0.9541666666666667 0.03958333333333333 0.0625
0 0.7854166666666667 0.9395833333333333 0.034375 0.0625
0 0.546875 0.9520833333333333 0.03958333333333333 0.0625
0 0.840625 0.9458333333333333 0.04583333333333333 0.06666666666666667
0 0.9708333333333333 0.9395833333333333 0.034375 0.0625
0 0.41458333333333336 0.971875 0.04375 0.05625
0 0.146875 0.9791666666666666 0.0625 0.040625
0 0.30416666666666664 0.9802083333333333 0.053125 0.03958333333333333
0 0.47708333333333336 0.10416666666666667 0.034375 0.053125
0 0.6895833333333333 0.09583333333333334 0.035416666666666666 0.06666666666666667
0 0.73125 0.09375 0.03125 0.05625
0 0.5520833333333334 0.13125 0.03125 0.052083333333333336
0 0.7520833333333333 0.12291666666666666 0.034375 0.053125
0 0.5177083333333333 0.1375 0.034375 0.058333333333333334
0 0.2635416666666667 0.153125 0.034375 0.053125
0 0.04895833333333333 0.16666666666666666 0.034375 0.0625
0 0.17395833333333333 0.1625 0.03958333333333333 0.058333333333333334