0 0.1900745464944604 0.19791666666666666 0.07337932330420346 0.0875
0 0.5863019020851904 0.184375 0.08850822591700905 0.10625
0 0.43045707125913946 0.20625 0.08850822591700905 0.10625
0 0.6687865720949003 0.21354166666666666 0.07105351473554909 0.07916666666666666
0 0.8491767618547243 0.20729166666666668 0.07105351473554909 0.07916666666666666
0 0.503960763526246 0.221875 0.07797032163268179 0.10208333333333333
0 0.24343400615847136 0.26145833333333335 0.07962932330420346 0.0875
0 0.911718218175692 0.24166666666666667 0.073258085686543 0.08333333333333333
0 0.7615363617492013 0.24791666666666667 0.06921265663753691 0.0875
0 0.07000207961674763 0.2791666666666667 0.07742475235320967 0.08333333333333333
0 0.86188091211432 0.271875 0.073258085686543 0.08333333333333333
0 0.025499228732437054 0.309375 0.05099845746487411 0.11458333333333333
0 0.2982594641509607 0.3104166666666667 0.05438684806888254 0.07916666666666666
0 0.944577747954936 0.29375 0.05481117973069421 0.09375
0 0.5472784162931242 0.30833333333333335 0.08850822591700905 0.10625
0 0.439592727369061 0.321875 0.09279613020133605 0.11041666666666666
0 0.4747972282048219 0.32916666666666666 0.09267489258367571 0.10625
0 0.8439109410578033 0.31666666666666665 0.1014325575788206 0.12083333333333333
0 0.6832517991558156 0.325 0.09267489258367571 0.10625
0 0.6630054914229222 0.340625 0.09690217805917266 0.10833333333333334
0 0.34168720761894694 0.3572916666666667 0.07337932330420346 0.0875
0 0.04280395856444254 0.371875 0.08560791712888507 0.1125
0 0.27769089988605344 0.3729166666666667 0.08250070115232996 0.11458333333333333
0 0.2262552109619902 0.38645833333333335 0.07981117973069421 0.09375
0 0.09053545025117234 0.396875 0.08225822591700899 0.10625
0 0.3766300707315242 0.409375 0.1123947935249595 0.13958333333333334
0 0.7216339032290968 0.40208333333333335 0.11852355590729904 0.13541666666666666
0 0.888209641682518 0.40520833333333334 0.09690217805917266 0.10833333333333334
0 0.1557472655059132 0.446875 0.10155379519648117 0.125
0 0.552591956101498 0.4479166666666667 0.10106884472583934 0.10833333333333334
0 0.9445617168123159 0.4375 0.08941750804946243 0.1375
0 0.7744477936136356 0.484375 0.13371307732893456 0.15625
0 0.6103717045840492 0.5385416666666667 0.12323579185343785 0.15416666666666667
0 0.27416699340258943 0.565625 0.1123947935249595 0.13958333333333334