0 0.4586976897941811 0.11817288824269853 0.008503025779757442 0.014631815248424652
0 0.42572798313175664 0.14961681590306372 0.021099992891999857 0.023037871454394933
0 0.40908555824315057 0.15179711306657964 0.021099992891999857 0.023037871454394933
0 0.4351878293549687 0.1568539404152527 0.01269393422448471 0.016739389539303613
0 0.5894757049119383 0.1663736916527304 0.021148476448121064 0.0272045381210616
0 0.6125257013579383 0.17769869971956267 0.018968176002545314 0.01885908430895539
0 0.6375984266921201 0.18380325397428882 0.021148476448121064 0.0272045381210616
0 0.3885552471355746 0.17795998452097456 0.021099992891999857 0.023037871454394933
0 0.8158809982495139 0.19630861970587907 0.021099992891999857 0.023037871454394933
0 0.9159173609166048 0.1988518367247835 0.021148476448121064 0.0272045381210616
0 0.8784779653617563 0.20427833867602765 0.021099992891999857 0.023037871454394933
0 0.6951567529174533 0.20638660747470278 0.021099992891999857 0.023037871454394933
0 0.35340524002757445 0.2010826993267792 0.021099992891999857 0.023037871454394933
0 0.947421899586241 0.22054502954319113 0.016933326225333188 0.023013630496849243
0 0.8609272035858168 0.2179230294122633 0.021099992891999857 0.023037871454394933
0 0.6786234160301199 0.21794190463821875 0.016933326225333188 0.0230136304968493
0 0.7369809911415138 0.21968586456591296 0.021099992891999857 0.023037871454394933
0 0.36185978225121074 0.2114508840783546 0.021099992891999857 0.023037871454394933
0 0.24625902402927138 0.2142069039835796 0.021099992891999857 0.023037871454394933
0 0.2859393244748471 0.2223099482202293 0.018968176002545314 0.01885908430895545
0 0.16505750758539256 0.2188462693223864 0.021099992891999857 0.023037871454394933
0 0.2932552329195744 0.22435085987785777 0.012645450668363622 0.012572722872636947
0 0.12236129514108954 0.22013640580389596 0.018968176002545314 0.01885908430895545
0 0.21307114136430158 0.22690083164394484 0.021099992891999857 0.023037871454394933
0 0.04945674936345316 0.22160228922761147 0.014849992891999857 0.02300151001807643
0 0.22461432092084702 0.23412583567736095 0.021148476448121064 0.0272045381210616
0 0.3434128044769682 0.23760163505397666 0.016933326225333188 0.0230136304968493
0 0.30071659203266515 0.2388917715354862 0.021148476448121064 0.0272045381210616
0 0.3361332586993318 0.23868572339634825 0.010513633778909081 0.008393935727197406
0 0.18206355914490754 0.2479159721588705 0.021099992891999857 0.023037871454394933
0 0.43151884892848297 0.2891759082788514 0.01269393422448483 0.016739389539303554
0 0.41385899915127083 0.2934455990150871 0.01269393422448483 0.016739389539303554
0 0.42218021159557395 0.29235545043332917 0.012645450668363622 0.012572722872636888
0 0.40877187470824056 0.3038925668786858 0.01269393422448483 0.016739389539303554
0 0.429653691597695 0.3079380287576242 0.008503025779757442 0.014631815248424591
0 0.5609521751538161 0.31134110526160297 0.021148476448121064 0.02720453812106148
0 0.45166202137702827 0.31926909706384293 0.018968176002545314 0.01885908430895545
0 0.45696732182260397 0.3275721292002442 0.01269393422448483 0.016739389539303554
0 0.4664150471567858 0.3337675870457665 0.016933326225333188 0.023013630496849184
0 0.576465897782727 0.0331070209526476 0.01269393422448483 0.016739389539303613
0 0.492602164491816 0.34611608106110625 0.01269393422448483 0.016739389539303554
0 0.513750640939937 0.3730782096067113 0.01269393422448483 0.016739389539303554
0 0.5273407911627249 0.37716609316135463 0.021099992891999857 0.023037871454394933
0 0.4526922969446035 0.4078107637305096 0.021099992891999857 0.02303787145439481
0 0.59670895650327 0.4298911173618514 0.018968176002545314 0.01885908430895545
0 0.4144294107256337 0.4319933259211402 0.01269393422448483 0.016739389539303554
0 0.6135453156163609 0.44437748686500217 0.01269393422448483 0.016739389539303554
0 0.6200013707298758 0.4620494587620171 0.016933326225333188 0.023013630496849184
0 0.6336278836197545 0.46926234231666036 0.016933326225333188 0.023013630496849184
0 0.3616680373965425 0.46355239812984717 0.01269393422448483 0.016739389539303554
0 0.652474850731997 0.47748659134103827 0.018968176002545314 0.01885908430895545
0 0.3555392462868455 0.47400542623283226 0.021099992891999857 0.02303787145439481
0 0.7371165102906635 0.4999123786174055 0.01269393422448483 0.016739389539303554
0 0.16920212184381517 0.4855068757496667 0.01269393422448471 0.016739389539303554
0 0.9455589316252695 0.5080753307401232 0.008454542223636233 0.010465148581757925
0 0.12127333428811819 0.48474398009477493 0.012645450668363563 0.012572722872636888
0 0.02955818406533033 0.4811106144941126 0.018968176002545332 0.01885908430895545
0 0.9059877191809665 0.5093472865034735 0.018968176002545314 0.01885908430895545
0 0.852838477402906 0.5075730253788472 0.01269393422448483 0.016739389539303554
0 0.8205346898472089 0.5067192261331592 0.016812117335030054 0.012596963830182517
0 0.7934392356248452 0.5058351256905393 0.01269393422448483 0.016739389539303554
0 0.6767362062910877 0.5033888725018174 0.018968176002545554 0.01885908430895545
0 0.9341248400699967 0.5102253267067071 0.01269393422448483 0.016739389539303554
0 0.806980902291512 0.505756342578516 0.021099992891999857 0.02303787145439481
0 0.2973998471779969 0.491011466305138 0.01269393422448483 0.016739389539303554
0 0.6537952978463605 0.5014388644349852 0.021099992891999857 0.023037871454394933
0 0.8820172649586028 0.5084450053426943 0.016933326225333188 0.0230136304968493
0 0.7694687814024818 0.5049328445297602 0.01269393422448483 0.016739389539303554
0 0.8622498400699967 0.5106434832243695 0.008503025779757442 0.014631815248424591
0 0.32348999740078477 0.4950266269871444 0.021099992891999857 0.023037871454394933
0 0.9258036276256938 0.511315475288465 0.01269393422448483 0.016739389539303554
0 0.9154112027370876 0.5134594110156624 0.016933326225333188 0.023013630496849184
0 0.8903990818480574 0.5125631900942696 0.018968176002545314 0.01885908430895545
0 0.9477149902927846 0.5143132102613504 0.004215150222787874 0.004190907624212296
0 0.2578649974007848 0.49540842206848834 0.018968176002545314 0.01885908430895545
0 0.8466612027370876 0.5138593868151656 0.008503025779757442 0.014631815248424591
0 0.2672521182898151 0.4963955465806773 0.012645450668363504 0.012572722872636888
0 0.15679908895605751 0.49391293195563696 0.01269393422448471 0.016739389539303554
0 0.16304908895605752 0.4938765705193185 0.01269393422448471 0.016739389539303554
0 0.8299824151813907 0.5129146839786816 0.01681211733503029 0.012596963830182635
0 0.1880612098450878 0.4947727914407113 0.008454542223636292 0.010465148581757925
0 0.18076954317842114 0.4948152131164162 0.008454542223636292 0.010465148581757925
0 0.839369536070421 0.5139018084908706 0.008503025779757442 0.014631815248424591
0 0.7695536276256938 0.5122245111964269 0.01269393422448483 0.016739389539303554
0 0.3318718142902393 0.49914481173871983 0.018968176002545314 0.01885908430895545
0 0.7789528694037543 0.5142533023752824 0.01269393422448483 0.016739389539303554
0 0.9560968071822392 0.5184313950129257 0.012645450668363386 0.012572722872636888
0 0.29125893517926954 0.5004228277414565 0.01681211733503029 0.012596963830182517
0 0.34232484362399684 0.5022092093448556 0.018968176002545314 0.01885908430895545
0 0.3048006018459362 0.5003440446294332 0.01269393422448483 0.016739389539303554
0 0.7268452942923604 0.5124729810112697 0.008454542223636471 0.010465148581757925
0 0.7039165067366634 0.5115646396111041 0.021099992891999857 0.023037871454394933
0 0.1985142391788454 0.49783718904684715 0.018968176002545314 0.01885908430895545
0 0.11826954317842114 0.49517882747960085 0.012693934224484742 0.016739389539303554
0 0.7581437778484815 0.516457840496344 0.021099992891999857 0.023037871454394933
0 0.27669984362399686 0.5025910044261995 0.012645450668363622 0.012572722872636888
0 0.23188393517926956 0.5007682613864819 0.018968176002545314 0.01885908430895545
0 0.133930905845512 0.4982129238888047 0.021099992891999857 0.02303787145439481
0 0.741477111181815 0.5165548043265266 0.008454542223636471 0.010465148581757925
0 0.7477513529598755 0.5186017762235414 0.018968176002545314 0.01885908430895545
0 0.02464075206872411 0.5061409156910446 0.01896817600254534 0.01885908430895545
0 0.6739142285168451 0.5294487198866433 0.018968176002545314 0.01885908430895545
0 0.7802490747400572 0.536122242135896 0.01269393422448483 0.016739389539303793
0 0.648018012518542 0.5421002258713036 0.018968176002545314 0.018859084308955214
0 0.5371249822299996 0.05417064338266458 0.01269393422448483 0.016739389539303613
0 0.6627467965202389 0.5545153825198939 0.018968176002545314 0.01885908430895545
0 0.650331642743451 0.5618797720591976 0.018968176002545314 0.018859084308955214
0 0.6191180054105418 0.5651865792407899 0.018968176002545314 0.01885908430895545
0 0.6306611849670873 0.572411583274206 0.021099992891999857 0.02303787145439505
0 0.603699060524057 0.5829858161649194 0.018968176002545314 0.01885908430895545
0 0.5953778480797538 0.5840759647466773 0.01269393422448483 0.016739389539303554
0 0.4422286063016933 0.5828834866031465 0.018968176002545314 0.01885908430895545
0 0.4663081485253296 0.5931607677639257 0.021099992891999857 0.02303787145439505
0 0.568561174305087 0.6071501976373906 0.018968176002545554 0.01885908430895545
0 0.5446998080839961 0.6156229164766115 0.021099992891999857 0.02303787145439505
0 0.4832778374177537 0.6191054706004098 0.018968176002545314 0.01885908430895545
0 0.5000414711966628 0.6273418401035606 0.018968176002545314 0.018859084308955214
0 0.5188763174198747 0.6345244224612718 0.01269393422448483 0.016739389539303554
0 0.5303346507532081 0.6344577598280213 0.016933326225333188 0.023013630496849184
0 0.7099134276469049 0.6688320653202252 0.012645450668363622 0.012572722872637125
0 0.5067399440907837 0.6658471453339087 0.021148476448121064 0.027204538121061717
0 0.4859550943135716 0.6701350167883037 0.021099992891999857 0.02303787145439481
0 0.6818975156481776 0.6783706917836583 0.01269393422448483 0.016739389539303554
0 0.7205603912051473 0.6885631295930277 0.008454542223636471 0.010465148581757925
0 0.306873273870117 0.6784690446294331 0.012645450668363504 0.012572722872637125
0 0.21206948631442 0.6779788597469298 0.021099992891999857 0.02303787145439505
0 0.7414906916507229 0.6967752581386327 0.012645450668363622 0.012572722872636888
0 0.4476194827604199 0.6880675789789342 0.01269393422448471 0.016739389539303554
0 0.6883656916507229 0.6970843303473397 0.008454542223636233 0.010465148581757925
0 0.695717962762541 0.7022502420049682 0.008503025779757442 0.014631815248424591
0 0.29973917876084416 0.6920531329718048 0.01681211733503029 0.012596963830182517
0 0.2538937245384805 0.6912781168381401 0.01269393422448471 0.016739389539303554
0 0.25076872453848054 0.6912962975562993 0.01269393422448471 0.016739389539303793
0 0.7103619005410259 0.7073737319868918 0.01269393422448483 0.016739389539303793
0 0.29248387476126836 0.6952205546475095 0.01269393422448483 0.016739389539303554
0 0.3424959956502987 0.6959713298236284 0.018968176002545314 0.01885908430895545
0 0.44048538765114714 0.7016516673213057 0.021099992891999857 0.02303787145439505
0 0.16019220809460172 0.695990205049584 0.016933326225333188 0.023013630496849184
0 0.2633778125397532 0.7005985746836624 0.012645450668363622 0.012572722872636888
0 0.17479978320599562 0.6979886950315074 0.01269393422448471 0.016739389539303554
0 0.42907553787393493 0.705884996621223 0.027446960004242273 0.03140756622404671
0 0.22484826676211683 0.7018644702076263 0.004215150222787874 0.004190907624212296
0 0.8980679556545409 0.7239912222306709 0.012645450668363386 0.012572722872637125
0 0.4187073547633895 0.7101122656817538 0.021148476448121064 0.02720453812106148
0 0.28114675031823805 0.7057038839474268 0.012645450668363622 0.012572722872636888
0 0.25300962942920774 0.7048258437441933 0.008454542223636351 0.010465148581757925
0 0.29678387120726835 0.7066546470232973 0.016933326225333188 0.023013630496849184
0 0.23321796276254106 0.704940988292535 0.008454542223636351 0.010465148581757925
0 0.3249331129853289 0.7085743538931975 0.016933326225333188 0.023013630496849184
0 0.18427175031823803 0.7062674862103631 0.018968176002545314 0.01885908430895545
0 0.21243311298532888 0.7092288597469298 0.008503025779757442 0.014631815248424591
0 0.8824914392106621 0.7282487924881338 0.016933326225333188 0.023013630496849184
0 0.7001149263207833 0.7220176677140892 0.021099992891999857 0.02303787145439505
0 0.7178232596541166 0.7219146436445203 0.018968176002545314 0.018859084308955214
0 0.34166038409714705 0.7136857233963483 0.021099992891999857 0.02303787145439505
0 0.7898194685444195 0.7319131537935244 0.008454542223636471 0.010465148581757925
0 0.6137656809887226 0.7318956675831615 0.01269393422448483 0.016739389539303793
0 0.20632856365369243 0.7217652211832485 0.01269393422448471 0.016739389539303554
0 0.7221717396562378 0.7375154026869747 0.01269393422448483 0.016739389539303793
0 0.2959482596541167 0.724369040596017 0.016933326225333188 0.023013630496849184
0 0.39392553076593484 0.7290077114270276 0.021099992891999857 0.02303787145439481
0 0.7159944649904195 0.7438017641232929 0.012645450668363386 0.012572722872637125
0 0.7691437067684802 0.7455760252479193 0.01269393422448483 0.016739389539303554
0 0.7295361316570862 0.7437229810112698 0.01269393422448483 0.016739389539303793
0 0.17205053076593485 0.7302985424163334 0.01269393422448471 0.016739389539303793
0 0.6899770401018136 0.7460366034412866 0.01269393422448483 0.016739389539303554
0 0.222099014322056 0.7341743175924523 0.01269393422448471 0.016739389539303793
0 0.7587755236579348 0.74980329430845 0.01269393422448483 0.016739389539303793
0 0.15546871032248025 0.7376871729131825 0.01269393422448471 0.016739389539303554
0 0.8130149156587831 0.7557381618603567 0.012645450668363622 0.012572722872637125
0 0.21068916454484388 0.7384076468923695 0.021099992891999857 0.02303787145439505
0 0.7974141574368437 0.7579123987844862 0.01269393422448483 0.016739389539303554
0 0.6369368863250257 0.7536373423166604 0.01269393422448483 0.016739389539303793
0 0.36599446499041954 0.7458380045571275 0.018968176002545314 0.018859084308955214
0 0.13883840632290445 0.7409091367433652 0.012693934224484772 0.016739389539303554
0 0.16905886054526809 0.741775056467826 0.021099992891999857 0.02303787145439505
0 0.18472022321235895 0.7448091528770298 0.012645450668363504 0.012572722872636888
0 0.15658310232332867 0.7439311126737962 0.01269393422448471 0.016739389539303793
0 0.8308808205495103 0.7691768044574545 0.01269393422448483 0.016739389539303793
0 0.650587640992965 0.7629335592046369 0.018968176002545314 0.018859084308955214
0 0.17539370676848018 0.7490303616981742 0.01269393422448471 0.016739389539303554
0 0.2587634027689044 0.7516705425472612 0.01269393422448471 0.016739389539303554
0 0.24522173610223771 0.7517493256592845 0.016933326225333188 0.023013630496849184
0 0.019107344101389274 0.7468143976061358 0.012693934224484742 0.016739389539303793
0 0.8246550623275709 0.7712964992271062 0.01269393422448483 0.016739389539303554
0 0.8559414249946617 0.7742396920455138 0.012645450668363622 0.012572722872637125
0 0.11087097788029832 0.754614429873465 0.021099992891999857 0.02303787145439505
0 0.6642141538828437 0.7701464427592803 0.021148476448121064 0.027204538121061717
0 0.20051491565878313 0.7593015826195669 0.018968176002545314 0.01885908430895545
0 0.8059777876617528 0.7776555835360616 0.021099992891999857 0.02303787145439505
0 0.2172179449925407 0.7623296187893842 0.01269393422448471 0.016739389539303793
0 0.02963309876932861 0.7561287952122718 0.021099992891999857 0.02303787145439505
0 0.21303915743684373 0.7613121930802632 0.012645450668363563 0.012572722872637125
0 0.043211128103086166 0.7591750121002484 0.021099992891999857 0.02303787145439505
0 0.35167779121575277 0.7688395145752038 0.021099992891999857 0.02303787145439481
0 0.33708233699338913 0.7678826912599469 0.016933326225333188 0.023013630496849184
0 0.23078385343726796 0.7643341690106944 0.012645450668363563 0.012572722872637125
0 0.739395967218298 0.7853351055234586 0.01269393422448483 0.016739389539303554
0 0.25899369966048 0.7714622092139278 0.021099992891999857 0.02303787145439481
0 0.29547627477187394 0.7733334341687368 0.021099992891999857 0.02303787145439481
0 0.03599218677060128 0.7654674337759533 0.012693934224484742 0.016739389539303554
0 0.6758300587735708 0.7836214467926965 0.01269393422448483 0.016739389539303793
0 0.23297627477187396 0.7736970485319214 0.012645450668363504 0.012572722872637125
0 0.6841876338849647 0.7856562982109385 0.01269393422448483 0.016739389539303793
0 0.20483915388284366 0.7728190083286879 0.016933326225333188 0.023013630496849184
0 0.3309535458836921 0.7783357193629321 0.021099992891999857 0.02303787145439505
0 0.1934050623275709 0.7749690042952717 0.021099992891999857 0.02303787145439505
0 0.22573309166132843 0.777906136874293 0.01269393422448471 0.016739389539303554
0 0.8259755094419344 0.7952487723210531 0.012645450668363386 0.012572722872636888
0 0.13409066677272238 0.7805227712736307 0.021099992891999857 0.02303787145439505
0 0.15183536277314663 0.7835447472040615 0.021099992891999857 0.02303787145439505
0 0.07054900010605573 0.7808924458762017 0.018968176002545346 0.01885908430895545
0 0.2654255129959345 0.7870508477776094 0.018968176002545314 0.018859084308955214
0 0.7197739929980556 0.8000335834051338 0.01269393422448483 0.016739389539303554
0 0.3091876338849648 0.7878379843900467 0.018968176002545314 0.01885908430895545
0 0.8062565681094495 0.8016139168693949 0.01269393422448483 0.016739389539303793
0 0.7947982347761162 0.8016805795026455 0.01269393422448483 0.016739389539303793
0 0.08722778766175268 0.7818371487126858 0.016933326225333188 0.023013630496849184
0 0.7135239929980556 0.8000699448414522 0.01269393422448483 0.016739389539303793
0 0.9084126267769647 0.8072700134095266 0.018968176002545314 0.01885908430895545
0 0.7458399014427829 0.8019654107538069 0.01269393422448483 0.016739389539303793
0 0.7625429307765403 0.8049934469236243 0.01269393422448483 0.016739389539303554
0 0.8449073227773888 0.8107646880120977 0.01269393422448483 0.016739389539303793
0 0.8344785352216919 0.8097836237392951 0.012645450668363386 0.012572722872636888
0 0.9272474730001767 0.8144525957672378 0.021099992891999857 0.02303787145439481
0 0.02896717966260114 0.7884265221183249 0.021099992891999857 0.02303787145439505
0 0.8689020187778131 0.8137503025062103 0.01269393422448483 0.016739389539303554
0 0.790728535221692 0.8100381537935244 0.016933326225333188 0.023013630496849184
0 0.24367172188623745 0.7975947794713907 0.018968176002545314 0.01885908430895545
0 0.29473763033096473 0.7993811610747897 0.018968176002545314 0.018859084308955214
0 0.8106414107786615 0.8203396759118493 0.01269393422448483 0.016739389539303793
0 0.05827929699763136 0.8007568354155052 0.016933326225333188 0.023013630496849184
0 0.7273080774453281 0.8208244950627623 0.021099992891999857 0.02303787145439505
0 0.8200891361128433 0.8265351337573716 0.018968176002545314 0.018859084308955214
0 0.7961186818904796 0.8256328525965925 0.016933326225333188 0.023013630496849184
0 0.71175580277951 0.8271653986535585 0.01269393422448483 0.016739389539303793
0 0.6825891361128433 0.8273350853563779 0.018968176002545314 0.018859084308955214
0 0.013560355665146472 0.807267425709121 0.008599992891999857 0.022965148581757924
0 0.02820429344363129 0.8123909156910446 0.016933326225333188 0.023013630496849184
0 0.6994982205601159 0.8480714548595287 0.021099992891999857 0.02303787145439505
0 0.6546823121153886 0.8462487118198111 0.01269393422448483 0.016739389539303554
0 0.48120224623381763 0.08262289630953082 0.01269393422448483 0.016739389539303613
0 0.4327951912263584 0.8464978761424502 0.027446960004242273 0.03140756622404671
0 0.6245709458942977 0.8547577920953503 0.018968176002545314 0.018859084308955214
0 0.8746921547846006 0.8637200013092783 0.018968176002545314 0.018859084308955214
0 0.6038709423402976 0.866337330216412 0.018968176002545314 0.018859084308955214
0 0.46438457611920664 0.8754827356275245 0.018968176002545314 0.018859084308955214
0 0.5728512392318732 0.886310804064671 0.018968176002545314 0.018859084308955214
0 0.5937451770103581 0.891397932610276 0.021099992891999857 0.02303787145439505
0 0.5843580561213277 0.8904108080980871 0.008454542223636233 0.010465148581757925
0 0.48440653967744896 0.8951592577458493 0.018968176002545314 0.01885908430895545
0 0.504258810789267 0.9002524465308408 0.012645450668363622 0.012572722872636888
0 0.5177696675684237 0.09178578793100642 0.018968176002545314 0.01885908430895539
0 0.5032105760131509 0.09395396461574951 0.021099992891999857 0.023037871454394933
0 0.4876098177912115 0.09612820153987901 0.018968176002545314 0.018859084308955422