0 0.13548354816598204 0.2190982310442644 0.025969900941283857 0.03449772704702703
0 0.22926385757039716 0.22242304080394917 0.030015329990290062 0.03052512599930933
0 0.16946452590858546 0.23424093906725993 0.029833473563799374 0.024275125999309328
0 0.1993394557933525 0.2471062481379732 0.036447186416780755 0.03706622442773278
0 0.11990000448694974 0.25279400137794306 0.03668966165210173 0.04539955776106611
0 0.35641895662911327 0.2617238919199628 0.04073509070110788 0.041426956713348416
0 0.007143250989833625 0.25569349738070574 0.01428650197966725 0.06138699476141145
0 0.5428469805580315 0.2714499950345951 0.04532608902958633 0.05620435566563072
0 0.46977876686928927 0.2732621800363218 0.03264423260309558 0.04937215880878381
0 0.053971910442798504 0.2601541345461637 0.032644232603095555 0.04937215880878381
0 0.22682795830063493 0.2702911910658786 0.026212376176604834 0.04283106038036036
0 0.15893776854081088 0.2733876247579581 0.03681089926976225 0.04956622442773278
0 0.5820059822295531 0.28787695174794353 0.030257805225610925 0.03885845933264266
0 0.4920589360432384 0.296204540940541 0.04085632831876846 0.045593623380014964
0 0.3376497941412507 0.2973574463727631 0.03276547022075604 0.05353882547545048
0 0.1948202231902569 0.29487736559042815 0.04532608902958627 0.056204355665630604
0 0.030024724026017736 0.2945034403086112 0.032765470220756036 0.05353882547545048
0 0.4281535565235902 0.30574504025156946 0.021924471892277708 0.03847032809474484
0 0.6739868898569236 0.31719491176955766 0.04532608902958633 0.056204355665630604
0 0.38627472402601776 0.31109605072874663 0.03668966165210179 0.04539955776106611
0 0.09237317700394214 0.3026227579261788 0.04544732664724676 0.06037102233229727
0 0.13600193938628163 0.3088271135918094 0.0449017573677746 0.04162102233229727
0 0.2942746539107847 0.31828494044520295 0.04973523093157392 0.0647317546179129
0 0.5423125581951119 0.32566517810599904 0.04532608902958633 0.05620435566563072
0 0.6401382966485332 0.33335072015129946 0.04097756593642903 0.04976029004668175
0 0.7391269393862816 0.33691811193467036 0.045568564264907255 0.06453768899896394
0 0.45352841629312424 0.32987461703666715 0.026212376176604834 0.04283106038036036
0 0.8190018692710486 0.35211220843277113 0.05628832497572489 0.07543951971300303
0 0.9573919889156398 0.3637732235961571 0.045447326647246676 0.06037102233229739
0 0.6008388948714886 0.35759727984268835 0.04085632831876846 0.045593623380014964
0 0.7007479666582431 0.36537985469746315 0.04085632831876846 0.04559362338001508
0 0.9039942042759037 0.37067388695455794 0.03644718641678064 0.03706622442773278
0 0.7251114691655256 0.38841924841115694 0.045144232603095705 0.0499543556656306
0 0.9366001119032741 0.3972264119061496 0.049492755696253 0.05639842128457957
0 0.14873639905029262 0.3730480099247975 0.06057622926005225 0.07980025199861866
0 0.22992578024146237 0.3789156228276354 0.06486413354437938 0.0841609842842343
0 0.5467439939302047 0.3884562765344225 0.06498537116203996 0.08832765095090096
0 0.3673045426238019 0.3894864549196175 0.06957636949051818 0.10310504990318327
0 0.6381984947659655 0.4000173868179661 0.07087165830905846 0.07611874937932442
0 0.9206417084547077 0.4079569991684243 0.04073509070110788 0.041426956713348416
0 0.017976233747001982 0.3864840275708859 0.035952467494003965 0.09380138847510508
0 0.3180128058419022 0.3986645172303006 0.06975822591700905 0.10935504990318326
0 0.7806946622683929 0.41395580093363443 0.045144232603095705 0.0499543556656306
0 0.44491428274874484 0.4108335186082437 0.07528080021104605 0.08464614833160672
0 0.09669452203792697 0.40504570609267276 0.07362179853952444 0.09913244885546556
0 0.8813726160820783 0.43116189219314655 0.05586399331391334 0.06085618637966969
0 0.7672550707315242 0.4456652707434542 0.05224289592671904 0.07941212076072073
0 0.8204103801359393 0.44709794071838677 0.05556089926976237 0.05043951971300302
0 0.5024898809717001 0.4395921039401957 0.05193980188256783 0.06899545409405405
0 0.9723724758516122 0.45834800247669016 0.024856468549234498 0.067734027570886
0 0.2771564775231338 0.4405708938502856 0.08917503281414163 0.1331450118551203
0 0.5906375253809703 0.45725766500952764 0.08434155925034238 0.11003427956950465
0 0.6435806689544795 0.46598200165112674 0.056833894255197255 0.09418951971300302
0 0.39348974074123416 0.45746306451418955 0.045447326647246794 0.06037102233229727
0 0.6925086928833977 0.4693039393404437 0.07483417471612934 0.14079911552213223
0 0.04294417146176199 0.4599115525224775 0.03834866332362338 0.03091325723720715
0 0.021941881499315367 0.45978882547545047 0.04388376299863073 0.06899545409405405
0 0.43050479027059224 0.4758763217513968 0.0651672275885306 0.09457765095090095
0 0.18317514920436545 0.4800029338286714 0.07099289592671892 0.08028541604599108
0 0.8177623150352713 0.5022577576469829 0.07111413354437938 0.08445208271265775
0 0.856091815871032 0.5113445312889273 0.04128065998058001 0.06017695671334842
0 0.5366750089738994 0.5194151781059991 0.056409562593385705 0.0796061863796697
0 0.9158416756405662 0.5370751494303538 0.11269788756911084 0.1550457060926727
0 0.7507430824321756 0.5471178908152035 0.06975822591700905 0.10935504990318326
0 0.4900536311257729 0.5443637896308939 0.08434155925034238 0.11003427956950465
0 0.3687656567262128 0.5543608866813742 0.09291736781899664 0.11875574414073592
0 0.8144171336330553 0.5813759079089121 0.08084169948080841 0.13275688061722235
0 0.5707692087628533 0.6023632522718024 0.07111413354437938 0.08445208271265775
0 0.20906840019419903 0.593861393161314 0.10681160042209221 0.16725460766424927
0 0.0543164608079174 0.6279595006889716 0.1086329216158348 0.1307249357589941
0 0.9275072905787378 0.7097264119061496 0.11019022257396571 0.1403653399498649
0 0.7446397452281839 0.7210277077437995 0.11140259875057054 0.1820320066165318
0 0.04564571624036274 0.7652169186652853 0.09129143248072548 0.2152683071403904
0 0.7575895020683433 0.8853941532909992 0.19518255757882058 0.12976035180498519