0 0.16122380144830034 0.4240082764693322 0.011180946781211058 0.014704542223636234
0 0.36024115558674336 0.44508548716314916 0.00438503241367935 0.004215150222787874
0 0.3659452412192116 0.4555748791639976 0.0087700648273587 0.008430300445575748
0 0.3452210907593846 0.4532491280500583 0.0087700648273587 0.008430300445575748
0 0.40942228403544584 0.4612922898366033 0.004603398160692033 0.008381816889454542
0 0.392701025932026 0.4621400222787853 0.004603398160692033 0.008381816889454542
0 0.44357891828843315 0.4658589458412698 0.0087700648273587 0.008430300445575748
0 0.35223980024228546 0.4585423076066037 0.0087700648273587 0.008430300445575748
0 0.45289932685168 0.4670097005092091 0.004603398160692033 0.008381816889454542
0 0.43628725162176646 0.4657740996180577 0.0087700648273587 0.008430300445575748
0 0.385300176391853 0.46413850938890655 0.00438503241367935 0.004215150222787874
0 0.3624381011619395 0.4628301831635734 0.004603398160692033 0.008381816889454542
0 0.3435789182884331 0.46469534049436134 0.008551699080346016 0.0042636337789090815
0 0.37680306874826014 0.46716654227666415 0.0087700648273587 0.008430300445575748
0 0.14319234886280446 0.4498560089115141 0.004603398160692033 0.008381816889454542
0 0.5135387886337157 0.48334983296199663 0.004603398160692033 0.008381816889454542
0 0.46688215438072844 0.47863772628896667 0.004603398160692033 0.008381816889454542
0 0.48343963817388874 0.4809149938467847 0.004603398160692033 0.008381816889454542
0 0.4044367458174816 0.4768688062804821 0.0087700648273587 0.008430300445575748
0 0.5175962724268761 0.48548164985145115 0.004603398160692033 0.008381816889454542
0 0.5393620895533697 0.48781952185442073 0.004603398160692033 0.008381816889454542
0 0.5549324981166166 0.4890430018565418 0.00438503241367935 0.004215150222787874
0 0.16145102593202595 0.45944918491405945 0.00438503241367935 0.004215150222787874
0 0.24242806874826014 0.4656029475917559 0.004603398160692033 0.008381816889454542
0 0.14072687547219895 0.4571234338001202 0.004603398160692033 0.008381816889454542
0 0.1656176925986926 0.45949766847018064 0.004603398160692033 0.008381816889454542
0 0.44166378863371575 0.4825134916189062 0.0087700648273587 0.008430300445575748
0 0.7478636265653191 0.5069224872161769 0.00438503241367935 0.004215150222787874
0 0.7530719598986525 0.5069830916613285 0.00438503241367935 0.004215150222787874
0 0.1345314669089521 0.4560090417992717 0.004603398160692033 0.008381816889454542
0 0.15936769259869263 0.45942494313599885 0.00438503241367935 0.004215150222787874
0 0.21117806874826012 0.465239320920847 0.00438503241367935 0.004215150222787874
0 0.5495057990362705 0.49314906407805703 0.008551699080346016 0.0042636337789090815
0 0.18003725162176645 0.46279236091660475 0.00438503241367935 0.004215150222787874
0 0.17274558495509978 0.4627075146933927 0.00438503241367935 0.004215150222787874
0 0.24851429443800063 0.4688006729259377 0.00438503241367935 0.004215150222787874
0 0.5120603904730238 0.4916710454062997 0.00438503241367935 0.004215150222787874
0 0.5286178742661841 0.49394831296411773 0.00438503241367935 0.004215150222787874
0 0.1985688858747538 0.46717720358581677 0.004603398160692033 0.008381816889454542
0 0.7382702608183064 0.510980065881571 0.0087700648273587 0.008430300445575748
0 0.1923188858747538 0.467104478251635 0.004603398160692033 0.008381816889454542
0 0.523464132369604 0.49284604185229963 0.0087700648273587 0.008430300445575748
0 0.5836078418525048 0.49875738674939013 0.0087700648273587 0.008430300445575748
0 0.6002745085191715 0.49895132097387485 0.0087700648273587 0.008430300445575748
0 0.14346973541492677 0.4644514631338777 0.00438503241367935 0.004215150222787874
0 0.7578981531747135 0.5143353627731466 0.004603398160692033 0.008381816889454542
0 0.26074133725423476 0.4741544569276346 0.004603398160692033 0.008381816889454542
0 0.5638161751858382 0.4985270898578145 0.004603398160692033 0.008381816889454542
0 0.5762615837490849 0.49971420719284476 0.0087700648273587 0.008430300445575748
0 0.5907903256456651 0.5009255663059355 0.00438503241367935 0.004215150222787874
0 0.7101452608183064 0.510652801877753 0.004603398160692033 0.008381816889454542
0 0.4870057990362706 0.49242181073623925 0.004603398160692033 0.008381816889454542
0 0.5326753580593444 0.4960801298535723 0.004603398160692033 0.008381816889454542
0 0.5565245085191715 0.4984422436346024 0.007014280114544154 0.014656058667515025
0 0.6933694112781335 0.5125422009866015 0.0087700648273587 0.008430300445575748
0 0.15783470300124744 0.4687878222469685 0.004603398160692033 0.008381816889454542
0 0.4702299494960976 0.4943112098450878 0.0087700648273587 0.008430300445575748
0 0.8044456045541946 0.52113080277951 0.0087700648273587 0.008430300445575748
0 0.13294388587475378 0.46641358757690815 0.004603398160692004 0.008381816889454542
0 0.1692930363345808 0.4689211520263018 0.004603398160692033 0.008381816889454542
0 0.23365800392090144 0.4738393138128469 0.00438503241367935 0.004215150222787874
0 0.5034540999559246 0.4967824116273906 0.0087700648273587 0.008430300445575748
0 0.5190245085191714 0.49800589162951175 0.004603398160692033 0.008381816889454542
0 0.5512069923123318 0.5004649725227843 0.0087700648273587 0.008430300445575748
0 0.48256617518583805 0.4975816605134514 0.004603398160692033 0.008381816889454542
0 0.13908470300124745 0.46856964624442315 0.0087700648273587 0.008430300445575748
0 0.21688215438072841 0.47572871292169544 0.00438503241367935 0.004215150222787874
0 0.7275260455311208 0.517108856991268 0.004603398160692033 0.008381816889454542
0 0.7949614216806882 0.5231050481115707 0.0087700648273587 0.008430300445575748
0 0.5448478094388255 0.5024755805219357 0.004603398160692033 0.008381816889454542
0 0.7190835293242811 0.519095223212359 0.00438503241367935 0.004215150222787874
0 0.20021548771406175 0.47553477869721067 0.0087700648273587 0.008430300445575748
0 0.7440289378875279 0.5204277912157528 0.0087700648273587 0.008430300445575748
0 0.7626697550140216 0.5227293005516315 0.0087700648273587 0.008430300445575748
0 0.821880980703762 0.5265451912263583 0.011180946781211058 0.014704542223636234
0 0.7211668626576144 0.5191194649904196 0.00438503241367935 0.004215150222787874
0 0.2488462724268761 0.48235446048163466 0.00438503241367935 0.004215150222787874
0 0.27373708955336973 0.4847286951516951 0.0087700648273587 0.008430300445575748
0 0.4553736589789984 0.499349850731997 0.004603398160692033 0.008381816889454542
0 0.48338947610549204 0.5017604480691483 0.004603398160692033 0.008381816889454542
0 0.775005980703762 0.525999751219995 0.011180946781211058 0.014704542223636234
0 0.8061467978302557 0.5284467112242373 0.0087700648273587 0.008430300445575748
0 0.5840490027148866 0.5102278409717538 0.004603398160692033 0.008381816889454542
0 0.8122876149567494 0.5306027698917524 0.011180946781211058 0.014704542223636234
0 0.14495256294397527 0.47593403824527164 0.011180946781211058 0.014704542223636234
0 0.5589944112781334 0.5109786063016933 0.0087700648273587 0.008430300445575748
0 0.15218963817388875 0.4770605511351504 0.0087700648273587 0.008430300445575748
0 0.19577586386362925 0.48069462847442285 0.007014280114544391 0.014656058667515145
0 0.17488793909354275 0.48149387736048355 0.0087700648273587 0.008430300445575748
0 0.7011022388071819 0.5240975014321773 0.004603398160692033 0.008381816889454542
0 0.6917272388071819 0.5239884134309046 0.0087700648273587 0.008430300445575748
0 0.7291180559336755 0.5265080987693286 0.0087700648273587 0.008430300445575748
0 0.6647530883473549 0.5215899369827836 0.01139931252822374 0.01887120889030302
0 0.13130171340380226 0.47785980002121115 0.004603398160692004 0.008381816889454542
0 0.13738793909354274 0.4810575253553929 0.0087700648273587 0.008430300445575748
0 0.1893074981166166 0.48478856980690777 0.011180946781211 0.014704542223636234
0 0.5930418626576144 0.5176285956396931 0.008551699080346016 0.0042636337789090815
0 0.7123967978302557 0.5273558312115105 0.011180946781211058 0.014704542223636234
0 0.16748708955336974 0.48349236447060484 0.011180946781211 0.014704542223636234
0 0.2588262075995174 0.49080900270527095 0.0087700648273587 0.008430300445575748
0 0.12176293909354277 0.48087571201993845 0.0087700648273587 0.008430300445575748
0 0.3013161751858381 0.4954726258221798 0.0087700648273587 0.008430300445575748
0 0.29610784185250477 0.4954120213770283 0.0087700648273587 0.008430300445575748
0 0.11238793909354276 0.4807666240186658 0.004603398160692033 0.008381816889454542
0 0.19643539047302377 0.48799841603011984 0.004603398160692033 0.008381816889454542
0 0.22242246570293728 0.4893431049225439 0.0087700648273587 0.008430300445575748
0 0.2078937238063571 0.4881317458094531 0.007014280114544391 0.014656058667515025
0 0.8574112596122916 0.5446777556757519 0.0087700648273587 0.008430300445575748
0 0.15065664857644362 0.4864234302461201 0.0087700648273587 0.008430300445575748
0 0.23371702472601108 0.4926014347018771 0.011180946781211058 0.014704542223636234
0 0.25027450851917143 0.49487870225969527 0.011180946781211 0.014704542223636352
0 0.3634340351285659 0.5034915458306642 0.011180946781211058 0.014704542223636234
0 0.0863462724268761 0.4804636017929084 0.011180946781211 0.014704542223636234
0 0.09358334765678959 0.4815901146827872 0.01754012965471734 0.016860600891151496
0 0.17143539047302378 0.48770751469339274 0.007014280114544391 0.014656058667515145
0 0.21288369139267777 0.4923590169212712 0.004603398160692033 0.008381816889454542
0 0.8758883024285257 0.5501042650116308 0.011399312528223505 0.0188712088903029
0 0.10372705713969041 0.48691965690642347 0.007014280114544332 0.014656058667515145
0 0.19610784185250474 0.4942484160301198 0.004603398160692033 0.008381816889454542
0 0.12965954093285076 0.4893060124655142 0.011180946781211 0.014704542223636234
0 0.15975869139267776 0.4917408515807261 0.007014280114544391 0.014656058667515145
0 0.14106328282943092 0.49048100891151414 0.011180946781211058 0.014704542223636234
0 0.15235784185250476 0.4937393386908474 0.011180946781211 0.014704542223636234
0 0.2665044436918127 0.5034059698175134 0.011180946781211058 0.014704542223636234
0 0.2810331855883929 0.5046173289306041 0.0087700648273587 0.008430300445575748
0 0.33180189507129376 0.510419585826422 0.011180946781211058 0.014704542223636234
0 0.3131064865080469 0.50915974315721 0.004603398160692033 0.008381816889454542
0 0.1792228094388254 0.49822114847230176 0.017758495401730023 0.021027267557818044
0 0.5081209482900827 0.5270634702949057 0.017758495401730082 0.021027267557818044
0 0.2527990027148866 0.5063733982601195 0.01754012965471734 0.016860600891151496
0 0.3399714540943676 0.5136415529386643 0.01139931252822374 0.0188712088903029
0 0.34309645409436756 0.5136779156057553 0.011180946781211058 0.014704542223636234
0 0.9106498718541544 0.5630163752386608 0.017758495401730082 0.021027267557818162
0 0.38344849691060173 0.5193589636112701 0.0175401296547174 0.016860600891151496
0 0.36990683024393506 0.5192013920538763 0.011180946781211058 0.014704542223636234
0 0.22039815317471356 0.5080809840335136 0.01754012965471734 0.016860600891151496
0 0.12176736846189923 0.5006794995756354 0.017758495401730023 0.021027267557818044
0 0.08234780943882541 0.49709390579248414 0.017758495401730023 0.021027267557818162
0 0.20153897030120724 0.5099461413643016 0.01139931252822374 0.0188712088903029
0 0.3188651635772684 0.5186074684913918 0.026091828735063417 0.02112423467006046
0 0.24309645409436756 0.5125143102588469 0.011180946781211058 0.014704542223636234
0 0.3302689054738485 0.5197824649373917 0.017758495401730082 0.021027267557818044
0 0.4338896577729835 0.531411220507088 0.017758495401730082 0.021027267557818044
0 0.3622876149567494 0.5253665458306642 0.0175401296547174 0.016860600891151496
0 0.15252604553112073 0.5104181262465443 0.017758495401730023 0.021027267557818162
0 0.301980131163589 0.5225802009335737 0.022143527815409434 0.02524241778060592
0 0.28827469018666285 0.5255476293761798 0.017758495401730082 0.021027267557818044
0 0.1127789378875279 0.5130825324633931 0.017758495401730023 0.021027267557818044
0 0.363825033922551 0.5358074542753914 0.021925162068396748 0.021075751113939372
0 0.2662359158764034 0.5284180907065436 0.01754012965471734 0.016860600891151496
0 0.3980908510490447 0.5382907769467246 0.022361893562422 0.029409084447272704
0 0.3946928938652789 0.543462747612967 0.017758495401730082 0.021027267557818162
0 0.18613676541657637 0.5254014489178774 0.02631019448207604 0.025290901336727126
0 0.27539255012939073 0.5326938453744829 0.017976861148742647 0.02519393422448483
0 0.2449658510490447 0.536509006259271 0.017758495401730023 0.021027267557818162
0 0.34348745288835275 0.5459938240504826 0.0263101944820761 0.025290901336727244
0 0.09748591587640337 0.5264545066836356 0.011399312528223682 0.0188712088903029
0 0.19803625961229152 0.5370052329195744 0.01819522689575539 0.029360600891151497
0 0.6840667201883124 0.5906065965414501 0.022361893562422117 0.029409084447272704
0 0.179290688980648 0.556590844472726 0.029048625056447362 0.03781514311478773
0 0.3619689250729433 0.5712241209420582 0.0225802593094348 0.03357575111393937
0 0.23395310794644963 0.5676499182579984 0.026746925976101347 0.03362423467006058
0 0.305282193578918 0.5789029262677554 0.026746925976101347 0.03362423467006058
0 0.44437420398147276 0.5899021253978152 0.029048625056447362 0.03781514311478773
0 0.15237555932593064 0.5729544889136352 0.03562617367696639 0.04413786844896966
0 0.7542493856489643 0.6237346045512072 0.04450542137783155 0.054651502227878505
0 0.6027119666831626 0.6115482880861173 0.03354284034363294 0.044113626670908936
0 0.6789218370284452 0.629111900541026 0.04417787275731229 0.04840150222787851
0 0.26987438564896427 0.6180983911521193 0.026528560229088664 0.02945756800339391
0 0.07025652570623644 0.6084795137916358 0.04889045379151072 0.05886665245066638
0 0.2816145349027764 0.6526309627095132 0.03825542137783143 0.05457877689369681
0 0.6615631991574134 0.7216747832059957 0.06039894919324074 0.07982119467430261
0 0.527079016283907 0.7221945218544207 0.049873099653067736 0.07761665245066637
0 0.31466018393079903 0.8375029191597553 0.08736424091635478 0.11761209601102962