0 0.5602479750811473 0.2831910607484607 0.010998679491529136 0.01703042468220571
0 0.4720568348516231 0.3060382947456553 0.010998679491529136 0.017030424682205593
0 0.5799305143431522 0.28562492051893645 0.017248679491529136 0.017248679491529136
0 0.6279199326129269 0.28186830031412363 0.010780424682205591 0.01078042468220571
0 0.7137731088982402 0.26638548458670347 0.010998679491529136 0.01703042468220571
0 0.6455918901447062 0.2822915783543739 0.010998679491529136 0.01703042468220571
0 0.3750594758685649 0.3427182018219478 0.017248679491529136 0.017248679491529136
0 0.32325391736926623 0.366375616098089 0.010998679491529136 0.01703042468220571
0 0.5285846096856578 0.3259126256601906 0.006613758015538925 0.010634921475990093
0 0.36276449909949177 0.36707666897237407 0.010998679491529136 0.01703042468220571
0 0.3438326200917222 0.3729397667336777 0.017248679491529136 0.017248679491529136
0 0.3246824862746293 0.3850528644949812 0.0067592612217546606 0.014801588142656759
0 0.7476983677011968 0.3078570406672041 0.006613758015538925 0.010634921475990093
0 0.7222982338841039 0.32018839323783105 0.017248679491529136 0.017248679491529136
0 0.7470799790747804 0.3255653740005374 0.010998679491529136 0.01703042468220571
0 0.7669443973445549 0.32279090043767994 0.010998679491529136 0.01703042468220571
0 0.7130918813134769 0.3454793996502623 0.017248679491529136 0.017248679491529136
0 0.3057968957131745 0.44917654398651036 0.019623019237293704 0.025654764427970277
0 0.7187234926870605 0.3629694781742722 0.017248679491529136 0.017248679491529136
0 0.334999938181395 0.44711635487633444 0.017248679491529136 0.017248679491529136
0 0.04844239008816082 0.5195469487005501 0.02378968590396037 0.02580026763418578
0 0.0002446738099701247 0.5329695753177943 0.0004893476199402494 0.021415346158195802
0 0.4749834053318213 0.4307836641347779 0.026236777252832747 0.036289685903960374
0 0.2946527130154298 0.47037363533538273 0.010998679491529136 0.01703042468220571
0 0.11335310563547929 0.5079166490042081 0.019623019237293704 0.025654764427970277
0 0.8227810319490655 0.36245689801888187 0.006613758015538925 0.010634921475990093
0 0.4108961016418461 0.4486275880295661 0.01078042468220571 0.01078042468220571
0 0.5555554966806937 0.41756606074846064 0.02378968590396037 0.025800267634185896
0 0.4936970295302674 0.43117056637347434 0.01078042468220571 0.01078042468220571
0 0.6404033821008944 0.4010779541559278 0.017248679491529136 0.017248679491529136
0 0.43708327151472837 0.4435515263240518 0.017248679491529136 0.017248679491529136
0 0.1477281056354793 0.5067162475529293 0.02609127404661713 0.0321230192372937
0 0.4925826112604929 0.4332902755083616 0.010998679491529136 0.01703042468220571
0 0.42759914411006666 0.44700390853803695 0.010998679491529136 0.01703042468220571
0 0.618310127291571 0.4080918459885598 0.010998679491529136 0.01703042468220571
0 0.4536771865782872 0.44505284683252266 0.017394182697744752 0.021415346158195802
0 0.6968716369102179 0.39286366087201696 0.017248679491529136 0.017248679491529136
0 0.012443710596631692 0.5374503926200496 0.01724867949152913 0.017248679491529136
0 0.4641666048480617 0.4426057554836503 0.010998679491529136 0.017030424682205593
0 0.3247882947456553 0.47140207042365284 0.010780424682205591 0.010780424682205591
0 0.06790667454084236 0.528230808471026 0.02378968590396037 0.02580026763418578
0 0.66741396383112 0.40221551664885963 0.013227516031078086 0.021269842951980186
0 0.3896990102929737 0.45977177072731085 0.017394182697744752 0.021415346158195802
0 0.6055918724822476 0.4147783556072066 0.017394182697744752 0.021415346158195802
0 0.3990012586898659 0.461527721846659 0.017394182697744752 0.021415346158195802
0 0.6600131697597916 0.40559514725973694 0.010998679491529136 0.01703042468220571
0 0.47242718657828725 0.44439808240455236 0.017394182697744752 0.021415346158195802
0 0.22819106957968993 0.49662364416661203 0.017248679491529136 0.017248679491529136
0 0.1788689782308176 0.5087499735063121 0.017248679491529136 0.017248679491529136
0 0.03420958319196998 0.5398115007874175 0.019623019237293704 0.02565476442797016
0 0.2511804878494644 0.4937400431990928 0.019623019237293704 0.025654764427970277
0 0.26375323945257223 0.4912202002471126 0.010998679491529136 0.01703042468220571
0 0.21867056637347435 0.5011176930472638 0.02378968590396037 0.025800267634185896
0 0.580082611260493 0.4302347081778336 0.02378968590396037 0.025800267634185896
0 0.44174596782475317 0.45899464731628226 0.02378968590396037 0.025800267634185896
0 0.41448075548365026 0.4651487514900171 0.02378968590396037 0.025800267634185896
0 0.09064146219973951 0.5326388741701734 0.02378968590396037 0.02580026763418578
0 0.9185779894808449 0.3601519909425894 0.013373019237293704 0.025436509618646852
0 0.6114417386651547 0.4260184341312165 0.017394182697744752 0.021415346158195802
0 0.5705257322527235 0.4357704237251521 0.017394182697744752 0.021415346158195802
0 0.35987757919833674 0.47954029317082014 0.02378968590396037 0.025800267634185896
0 0.5453802290465078 0.4408101096291125 0.019623019237293704 0.025654764427970277
0 0.3336540335239006 0.4856580215430011 0.019623019237293704 0.02565476442797016
0 0.8104496793784385 0.3878570318359748 0.019623019237293704 0.025654764427970277
0 0.75491396383112 0.3991599493183317 0.02378968590396037 0.025800267634185896
0 0.5023445134991893 0.45167651749282256 0.030185189110175988 0.030185189110175988
0 0.4697254646185376 0.4621791673409935 0.02378968590396037 0.02580026763418578
0 0.7065244117442526 0.41437490285647793 0.017394182697744752 0.021415346158195802
0 0.13112095899352388 0.5353868845762378 0.017394182697744752 0.021415346158195802
0 0.5456216280789886 0.4636904004942252 0.02609127404661701 0.0321230192372937
0 0.6796461016418461 0.43924263122865886 0.02378968590396037 0.025800267634185896
0 0.6144443796820963 0.4592062642583342 0.03054894712571515 0.04060185577684265
0 0.7862598596573851 0.425115632803494 0.04118386860170512 0.0472156137923817
0 0.6550693796820964 0.457787607997732 0.03464286218927389 0.03866402564972494
0 0.7153405431425475 0.4598444781742722 0.037017201935038456 0.04707011058616608
0 0.8514847258402921 0.43428229063893137 0.04363095995057762 0.05770503206215617
0 0.16583325385226982 0.5841137315218512 0.043776463156793115 0.06187169872882284
0 0.1348610286863045 0.6070436297669145 0.057003979187871145 0.08314154168080279
0 0.05356142130635407 0.641094566486565 0.05620371155368528 0.060224875014136356
0 0.08391525784590302 0.6358730015748352 0.03701720193503843 0.04707011058616596
0 0.6643815407237494 0.5188458075139724 0.06778440387007692 0.09392196636300873
0 0.8673378932943764 0.486788902012515 0.04118386860170512 0.04721561379238158
0 0.5168385447173826 0.5728967530648522 0.06613758015539044 0.10634921475990093
0 0.2563954148939228 0.6423346185168871 0.05455688783899877 0.07265212341102843
0 0.3385415783543738 0.6436275968607954 0.06124339745764568 0.08537037822035197