0 0.7085747765219605 0.337714324507283 0.07488095995057761 0.05964614833160672
0 0.15838957858055525 0.21745154535356623 0.08803572437854772 0.07897834518845356
0 0.6148611523235145 0.3343895147475982 0.07071429328391095 0.05945208271265775
0 0.4702381330862207 0.30269425089385926 0.0811309599505775 0.05993724676003017
0 0.32228509061800015 0.2947632547545048 0.08142196636300873 0.0682705800933635
0 0.6341336451236657 0.3800059602947979 0.07890212341102844 0.05567354728388902
0 0.7194180401625132 0.4099774557451809 0.07466270514125407 0.05339614833160671
0 0.776140925582714 0.42613900826765844 0.10046297277543985 0.07747720871196707
0 0.9832804511758935 0.4819182045721256 0.033439097648213095 0.0459817546179129
0 0.18786375801553903 0.019149619519369554 0.06322751603107808 0.023744317617567626
0 0.42298946242592084 0.34937231320454243 0.08803572437854777 0.07897834518845351
0 0.7904828157274201 0.1220950686480188 0.06015212341102843 0.05480025199861869
0 0.6386409255827139 0.4197348428423429 0.08113095995057738 0.05993724676003017
0 0.725972278153341 0.44876170443553376 0.07042328687147949 0.05111874937932441
0 0.12220238221398513 0.015051419354256877 0.02773809776130361 0.020011426523168195
0 0.8703042468220571 0.1445323154080489 0.06654762661724428 0.05925801709370878
0 0.6142824142761413 0.07956931265216277 0.06000662020481305 0.05063358533195202
0 0.49160714664195543 0.05097622663123922 0.0748809599505775 0.05964614833160667
0 0.9111607773659235 0.5104255916692877 0.08767196636300885 0.06856167852178684
0 0.30895176611589614 0.35966050868344623 0.10075397918787109 0.0858105420453004
0 0.06884593998241155 0.303758585331952 0.06238095995057747 0.05906395147475981
0 0.5614253206215615 0.44213777915371677 0.09191138463278321 0.07083907747406926
0 0.7352646139054724 0.5063929859353611 0.08968254809323425 0.0665753779979281
0 0.8465906756109867 0.537577391504175 0.09607805129944988 0.07103314309301823
0 0.40381614022952417 0.03856751529997788 0.0659656137923817 0.04259135042704211
0 0.9732407741031625 0.5772178574533494 0.053518451793675106 0.07621578218879867
0 0.14915348807564577 0.36989731568724493 0.07725529969634207 0.06807651447441453
0 0.3948677813595566 0.4375001543957586 0.07301588142656759 0.06579911552213223
0 0.467361169985973 0.45855611965596144 0.10492064585453788 0.08600460766424926
0 0.30320111469288996 0.4332307107788817 0.09026456091809673 0.08324204466459477
0 0.5442724928001513 0.07006871353476779 0.07071429328391095 0.05945208271265775
0 0.21383603616888003 0.43530829997147913 0.09673281572742015 0.0897831430930181
0 0.26501984295198017 0.02482316680325852 0.059206352570627035 0.02771691866528534
0 0.08397822927268918 0.409500599117395 0.08803572437854774 0.07897834518845362
0 0.6373380345940449 0.5611104110805861 0.10024471796611654 0.0712272087119672
0 0.7186441915289741 0.11978910338781602 0.07725529969634219 0.0680765144744145
0 0.6007242854097351 0.6145236374386417 0.10441138463278321 0.07142127433091616
0 0.37092599853825553 0.5559818781345199 0.08609789425143007 0.0830479790456458
0 0.7952514088207636 0.6755825056483642 0.09658731252120466 0.08561647642635156
0 0.958278813787149 0.7320608817159695 0.08344237242570215 0.07461761290283798
0 0.05514226375364338 0.506954923903874 0.0778373125212045 0.0847431811410812
0 0.5760648992021168 0.652894060653544 0.10678572437854777 0.07985164047372374
0 0.9825363846327833 0.20190393685774122 0.03492723073443358 0.047676956713348415
0 0.3202381772423671 0.6232992081595874 0.09026456091809673 0.08324204466459453
0 0.12914029182216635 0.6008790394260061 0.10923281572742012 0.09036533994986513
0 0.9554796027685357 0.8265614499542127 0.05576720193503846 0.04835618637966992
0 0.621828799865978 0.7423832332477709 0.10269180931498881 0.08174090818810811
0 0.22231150961864685 0.02283399420903175 0.06545635257062704 0.02800801709370877
0 0.7649868743963548 0.7916897976253686 0.1069312275847634 0.08401830714039041
0 0.161967594555088 0.022103376067605266 0.07393518911017599 0.03256281499827334
0 0.3552943165148377 0.04878724427732768 0.06819445033193065 0.046855049903183246
0 0.9090907197671331 0.8680796953362998 0.10678572437854777 0.07985164047372374
0 0.27207019889845885 0.7032135709941294 0.09227514264832225 0.08125574414073593
0 0.5115344921823697 0.7705253112742196 0.10492064585453788 0.0860046076642495
0 0.03742733670918497 0.6548458963329881 0.03222223399719459 0.08885845933264278
0 0.30191468590396037 0.039021240969061864 0.06179894712571503 0.04239728480809314
0 0.7458862596469196 0.15537701350624697 0.07725529969634219 0.06807651447441453
0 0.24261584475299666 0.7829595624472749 0.11117064585453787 0.08629570609267272
0 0.9394478752403177 0.9630911218594679 0.03464286218927389 0.03905252495159175
0 0.7213989281146027 0.913416376340789 0.11807541028250815 0.10533680452109616
0 0.6442262043538365 0.13296258891340154 0.08789022117233217 0.0748116785217869
0 0.8594710282947043 0.9788643115504096 0.1149735545056655 0.042271376899180764
0 0.9319644169211206 0.9976300307395538 0.03270503206215617 0.004739938520892413
0 0.9467361346610559 0.21881031347772614 0.081276463156793 0.06410391342669677
0 0.5837004102825082 0.1270236374386417 0.07020503206215617 0.044868749379324384
0 0.7722256589055817 0.980399681277673 0.12122355450566526 0.039200637444654046
0 0.06645513803690749 0.8309132572372072 0.07805556733052793 0.0909931811410812
0 0.49280436162803765 0.9670791333048124 0.125826730790979 0.06584173339037515
0 0.28118729351009214 0.9345120873988666 0.11117064585453787 0.08629570609267272
0 0.36576059056145477 0.08047389191996282 0.07890212341102844 0.05567354728388896
0 0.453055567330528 0.10845908684648693 0.08537037822035197 0.06221464571231241
0 0.8727778013277226 0.21536564874138223 0.075026463156793 0.06381281499827338
0 0.6532109831815044 0.06266293603217782 0.040529104173734724 0.028926956713348388
0 0.5163194591631599 0.13324507113072123 0.051164025649724935 0.03566212076072078
0 0.6915873213524338 0.17884731072184 0.05339286218927389 0.039925820236861934
0 0.278187838958347 0.07431518058870147 0.06819445033193065 0.04685504990318326
0 0.2279332083474697 0.06469472649464737 0.059788365395489505 0.044383585331952004
0 0.7875430136688254 0.21659563688626207 0.07056879007769509 0.05528541604599108
0 0.25535383653954896 0.016053185827290043 0.05237433974576457 0.010759153570195246
0 0.5788326907415564 0.16631587234355164 0.06000662020481305 0.05063358533195199
0 0.9586805849929865 0.26304547752509855 0.06819445033193053 0.04685504990318326
0 0.15300595995057747 0.06328487868689955 0.09384921475990092 0.06676944361687695
0 0.7174074142761413 0.08437243672114936 0.059788365395489505 0.04438358533195202
0 0.8795139183263198 0.2593582307650684 0.09370371155368531 0.06260277695021028
0 0.5007804423446642 0.16476047532159208 0.08537037822035197 0.06221464571231241
0 0.1563591274046617 0.01040246071058574 0.03355158814265676 0.007802524951591624
0 0.9946990897740373 0.2971807675717803 0.010601820451925429 0.036289961951937025
0 0.3721461811229096 0.14420962420557845 0.08953704488701865 0.06240871133126132
0 0.6742923534145899 0.21964068210323642 0.06654762661724428 0.05925801709370878
0 0.9588393197775987 0.2973719611203613 0.05339286218927389 0.03992582023686187
0 0.8713393197775986 0.29329658312243334 0.06625662020481306 0.05092468376037544
0 0.7874603494209569 0.2737902707434542 0.07725529969634219 0.06807651447441453
0 0.9675314327260175 0.33128749131054147 0.06493713454796506 0.05964614833160672
0 0.9880258117337869 0.34267448607195294 0.023948376532426135 0.05780252495159163
0 0.9306911755544413 0.3251801684543853 0.05339286218927365 0.03992582023686187
0 0.30854499443153166 0.16932660711186967 0.08767196636300874 0.06856167852178684
0 0.19319776926556637 0.14211480259077344 0.08142196636300873 0.06827058009336344
0 0.7036309864442654 0.2854854419597379 0.059788365395489505 0.04438358533195199
0 0.640839980031834 0.2742411243421703 0.08968254809323402 0.06657537799792798
0 0.3671031762853135 0.02957777446750787 0.1008730192372937 0.02965757485477487
0 0.4814881242549915 0.23769996415544342 0.075026463156793 0.06381281499827338
0 0.9919147035664189 0.388653368619498 0.01617059286716227 0.061678093189834964
0 0.9123909167514845 0.3669666900977111 0.07488095995057761 0.05964614833160672
0 0.9465277924964932 0.15328234628720064 0.07725529969634196 0.06807651447441447
0 0.118174625042409 0.16773977171162174 0.06640212341102852 0.055091350427042114