0 0.6793579788591964 0.10447231980057999 0.030622750853416154 0.025509106060406357
0 0.36440965244730933 0.1999138198027768 0.006614021046687431 0.006359094155801396
0 0.3925346524473093 0.200404743503883 0.006614021046687431 0.006359094155801396
0 0.37028535769956955 0.2114630649326113 0.006614021046687431 0.006359094155801396
0 0.38474735068400706 0.20963428462948114 0.01102336841114564 0.010598490259668953
0 0.7017687367281751 0.13191930031991786 0.024251410504520503 0.02331667857127166
0 0.3993306840173404 0.2098888376596843 0.006614021046687431 0.006359094155801337
0 0.39222102787401736 0.21288656114458274 0.006614021046687431 0.006359094155801396
0 0.6985121226782269 0.14747157088271692 0.020084743837853837 0.023243949134070737
0 0.37646441382406926 0.2282206433957791 0.01102336841114564 0.010598490259668953
0 0.38706309101407954 0.23152746698878138 0.006614021046687431 0.006359094155801396
0 0.6854558174071435 0.15556853354514733 0.02694144558233281 0.0337697099565388
0 0.36653310855298576 0.23637215313611015 0.006614021046687431 0.006359094155801396
0 0.37063910504520453 0.23540321590664443 0.006614021046687431 0.006359094155801396
0 0.39423341733185047 0.22957141017054963 0.006614021046687431 0.006359094155801396
0 0.3102728348519334 0.253080456707931 0.006614021046687431 0.006359094155801396
0 0.304265515549725 0.25713802921879636 0.01102336841114564 0.010598490259668953
0 0.4457707190951527 0.22110552813556097 0.006614021046687431 0.006359094155801396
0 0.8487753507781233 0.11887619534055002 0.05535952275351974 0.05715911796501135
0 0.4068547576807463 0.23187293181548566 0.006856701744478973 0.010525760822468063
0 0.43755872611071517 0.22304340259449246 0.006856701744478973 0.010525760822468063
0 0.39766176820408994 0.23483429058178362 0.010780687713354099 0.006431823593002288
0 0.3754731436307981 0.24693427867717865 0.006856701744478973 0.010525760822468063
0 0.38478747345635017 0.246056253244214 0.006614021046687431 0.006359094155801337
0 0.32534152958084994 0.2616683430714675 0.010780687713354099 0.006431823593002288
0 0.3335535225652874 0.259730468612536 0.01102336841114564 0.010598490259668953
0 0.5481070068273299 0.20936391503961674 0.017637389457832834 0.01695758441547035
0 0.40463981029746476 0.247443384737585 0.01102336841114564 0.010598490259668953
0 0.3863145015186001 0.2544077689368476 0.01102336841114564 0.010598490259668953
0 0.6408256138617158 0.1932919940433038 0.06614021046687384 0.0635909415580136
0 0.3967918383597146 0.2556312591965165 0.010780687713354099 0.006431823593002288
0 0.4274958067896835 0.2468017299755233 0.031229452597895245 0.03592577272707302
0 0.31589558570534965 0.2781531861451319 0.010780687713354099 0.006431823593002169
0 0.5435660454129235 0.22073133657644892 0.01763738945783307 0.01695758441547029
0 0.4831391050452046 0.23736691071106888 0.013470722791166404 0.0168848549782694
0 0.2690103120042973 0.2950251309506548 0.01102336841114564 0.010598490259668835
0 0.36541022430976644 0.2706926060582095 0.01102336841114564 0.010598490259668953
0 0.2527683365587659 0.3020258798685179 0.013470722791166404 0.01688485497826946
0 0.34910757868978715 0.27665168830940584 0.010780687713354099 0.006431823593002169
0 0.4732077997741211 0.24551842045139996 0.01102336841114564 0.010598490259668953
0 0.33084294008537035 0.2846577391753351 0.01102336841114564 0.010598490259668835
0 0.388387561150881 0.27213428462948114 0.010780687713354099 0.006431823593002288
0 0.2909459821787452 0.29644862716262627 0.01763738945783307 0.016957584415470232
0 0.3945768909764331 0.2712017121186159 0.006614021046687431 0.006359094155801396
0 0.42117486291418327 0.2633411201270884 0.01102336841114564 0.010598490259668953
0 0.2407536979543491 0.3101410248902485 0.013470722791166404 0.01688485497826946
0 0.33819527692648493 0.28582668235710335 0.010780687713354099 0.006431823593002169
0 0.3003816523531931 0.29765393506299503 0.013470722791166404 0.01688485497826946
0 0.3136806383220681 0.29372363906723126 0.01102336841114564 0.010598490259668953
0 0.1960124277610779 0.32809100108103856 0.020084743837853837 0.023243949134070737
0 0.23106507338105722 0.3224592012972463 0.01763738945783307 0.016957584415470232
0 0.07013222421565021 0.3643962375537773 0.02669876488454118 0.029603043289872014
0 0.3942632664031412 0.2836835297593156 0.01102336841114564 0.010598490259668953
0 0.16861546985445272 0.3401000773799324 0.024251410504520444 0.023316678571271628
0 0.3152683365587659 0.3031168214265315 0.013470722791166404 0.01688485497826946
0 0.5285374734563502 0.2485654188276453 0.04421481399347845 0.04447729437200903
0 0.35730929797317235 0.2924039648245074 0.013470722791166404 0.01688485497826946
0 0.41577424535645385 0.27781535930462037 0.01102336841114564 0.010598490259668953
0 0.5080681611697043 0.2544517716416408 0.024736771900103587 0.03165001190460496
0 0.3236016698920992 0.30326228030093333 0.01763738945783307 0.016957584415470232
0 0.2898940418110261 0.3141205957773592 0.01763738945783307 0.016957584415470232
0 0.2745723926832656 0.3190561937211891 0.020084743837853837 0.023243949134070737
0 0.1895701435366819 0.34254705789927026 0.02669876488454115 0.029603043289872132
0 0.420850964639839 0.2935130887418213 0.01763738945783307 0.016957584415470232
0 0.1113032557856813 0.3744803495664861 0.03711543155120785 0.02978486688287442
0 0.2611417926644424 0.3385933073576526 0.026698764884541207 0.029603043289872132
0 0.38536335409767203 0.30954337283298006 0.01763738945783307 0.016957584415470232
0 0.30961476460219245 0.33111454491142994 0.030865431551207932 0.029675772727073023
0 0.40331436812879695 0.3140191396077505 0.013470722791166404 0.016884854978269342
0 0.5044167049699115 0.3168244951265392 0.059526189420186525 0.05723184740221233
0 0.3764531680911505 0.3530933668806775 0.0704282174824364 0.06574700432854783
0 0.8383166172753808 0.29663754815454546 0.07777028062249845 0.08460609848434923
0 0.2750465083459301 0.4522622505394208 0.04421481399347845 0.04447729437200903
0 0.21115012230176203 0.5343955481589392 0.05291216837349921 0.05087275324641093