0 0.6078151818001546 0.1737538086573303 0.034946230570257815 0.04055323427461719
0 0.6843467344998032 0.18505257939727804 0.032353561267369456 0.02799261546578696
0 0.9776722878585073 0.18692199401888068 0.028696230570257816 0.0403713778481265
0 0.5458899571613958 0.18700039685115577 0.034946230570257815 0.04055323427461719
0 0.47609829049472907 0.18903112694696886 0.03477645191373947 0.036386567607950525
0 0.3586021804820438 0.18724775631254417 0.0262733399238878 0.031977425705962875
0 0.21085529247189547 0.18738502507282465 0.030609785247072866 0.036265329990290064
0 0.3407665131563216 0.19088801618760123 0.04145089855503545 0.04698509070110788
0 0.8597092865403965 0.1965969567177893 0.026018671939110286 0.025727425705962877
0 0.43951262316900697 0.19321695610149808 0.028356673257221132 0.03203804451479317
0 0.05148029247189546 0.19202236394833813 0.0264431185804062 0.03614409237262954
0 0.16697795847950667 0.1917830200582597 0.02176711594418439 0.023522854754969083
0 0.15139540314363625 0.19119599445781985 0.041281119898517106 0.04281842403444127
0 0.30326651315632164 0.19197915474654556 0.03494623057025793 0.040553234274617246
0 0.41963606717408114 0.1958761681187187 0.026018671939110286 0.025727425705962877
0 0.12943551381537707 0.19391582528387072 0.030694674575332037 0.0383486633236234
0 0.5923405105200998 0.196053140319142 0.0372842318883689 0.04686385308344742
0 0.7597941758686557 0.19742332620830758 0.041281119898517224 0.042818424034441215
0 0.5007587331816924 0.19663703457433931 0.039537343878220575 0.05109113855894438
0 0.5516730658559702 0.19827687375799835 0.041450898555035566 0.04698509070110788
0 0.06159984648965497 0.19901093657085359 0.02601867193911026 0.025727425705962877
0 0.7387486192146743 0.20323784762994332 0.0372842318883689 0.04686385308344742
0 0.230137623169007 0.19930914638893735 0.04145089855503545 0.046985090701107936
0 0.09593240182552537 0.19905239289182125 0.030609785247072866 0.03626532999029
0 0.25301184517154407 0.19968400615847137 0.026018671939110286 0.025727425705962877
0 0.7844546185556188 0.20502923383567798 0.041196230570257814 0.04073509070110788
0 0.8177455072248226 0.2051009995610608 0.034946230570257815 0.040553234274617246
0 0.6284168418762668 0.20436731116461276 0.039537343878220575 0.05109113855894438
0 0.6980811745505446 0.2054615810687997 0.02176711594418445 0.023522854754969083
0 0.20292695584328488 0.20322219090373048 0.030609785247072925 0.036265329990290064
0 0.37875639918930354 0.2033082348909084 0.035285787883294735 0.04888656760795052
0 0.7219546185556188 0.20684779810058523 0.02176711594418445 0.023522854754969083
0 0.398463176527711 0.20481568954035445 0.03303267589344306 0.044659282132453626
0 0.6095395078838781 0.20803788044408494 0.04604201186299808 0.05752299498543512
0 0.6812447292273596 0.21011319820610827 0.0372842318883689 0.04686385308344742
0 0.18196628851756275 0.2069533789920329 0.030609785247072925 0.036265329990290064
0 0.2786715098610444 0.20830127104809334 0.028356673257221132 0.03203804451479317
0 0.9225293939168598 0.21245641638180027 0.036774895918813874 0.03436385308344742
0 0.5699137298864152 0.2102313044785262 0.034946230570257815 0.04055323427461719
0 0.8579460605835266 0.21433559945553776 0.0262733399238878 0.031977425705962875
0 0.46778795188895217 0.21424329277787468 0.0325233399238878 0.03215928213245363
0 0.06629884385343315 0.21135938954877798 0.03069467457533207 0.0383486633236234
0 0.051630621191840635 0.213867054543923 0.03728423188836881 0.04686385308344742
0 0.10675406519691479 0.21434398944325492 0.04378889987314638 0.053295709509938165
0 0.8306929485936749 0.21929031063699755 0.0325233399238878 0.03215928213245363
0 0.6476567279092488 0.21733309914739213 0.034946230570257815 0.04055323427461719
0 0.187876731204526 0.2151048558988755 0.026018671939110286 0.025727425705962877
0 0.9782276132831753 0.22436137521005042 0.02503889987314641 0.05275014023046598
0 0.8835632806088973 0.2239945310118264 0.0325233399238878 0.03215928213245363
0 0.7056929485936749 0.22292743916681204 0.034946230570257815 0.040553234274617246
0 0.07954339787119266 0.21825703395804805 0.041281119898517106 0.042818424034441215
0 0.8398981699371565 0.22318419266392814 0.030694674575331978 0.0383486633236234
0 0.5111135052476562 0.2233869644591063 0.041281119898517106 0.04281842403444127
0 0.25628717389148925 0.22143776854081088 0.028356673257221132 0.03203804451479317
0 0.43932339457591546 0.22339498003041627 0.041450898555035566 0.04698509070110788
0 0.35290750590671166 0.22486899393020465 0.04145089855503545 0.04698509070110788
0 0.1614955072248226 0.22419592434258687 0.04378889987314641 0.053295709509938165
0 0.8063950579473048 0.22832076027187867 0.041450898555035566 0.04698509070110788
0 0.4110286159193971 0.22838000061629118 0.04829512385284976 0.061750280460931964
0 0.6626875026114345 0.23146179141449866 0.03477645191373947 0.036386567607950525
0 0.9227221673009347 0.23325944031071846 0.0372842318883689 0.04686385308344742
0 0.7800987232958607 0.23532849538225667 0.0372842318883689 0.04686385308344742
0 0.30686194925273036 0.23141094105780327 0.03962223320647974 0.05317447189227771
0 0.8758471673009348 0.2346233635093989 0.034946230570257815 0.04055323427461719
0 0.9017614999752126 0.23699062839902088 0.030694674575331978 0.038348663323623335
0 0.45956250261143444 0.23737212527544718 0.030694674575331978 0.038348663323623335
0 0.4886018352857123 0.23964846195182382 0.04378889987314641 0.053295709509938165
0 0.8629651653237684 0.24436207636238036 0.041450898555035566 0.046985090701107936
0 0.2741882806088974 0.24172553259467205 0.03528578788329462 0.048886567607950585
0 0.18135261328317526 0.2475480695876178 0.045702454549961344 0.04918966165210179
0 0.6885204907484362 0.28689343749529045 0.05905134783255335 0.07038670783841651
0 0.3856926033973435 0.2884218075134239 0.041281119898517106 0.042818424034441215
0 0.3514024927256027 0.28733868452578953 0.05020867852966475 0.057644232603095584
0 0.4459394914074918 0.29083052872401355 0.05020867852966475 0.057644232603095584
0 0.2764024927256027 0.28952096164367824 0.03494623057025793 0.040553234274617246
0 0.6354609301401223 0.31236724104937974 0.05905134783255335 0.07038670783841662
0 0.05793015543793666 0.3146056271664384 0.04378889987314638 0.053295709509938165
0 0.10858982012743697 0.3224954663500975 0.05395089855503547 0.04734880355408937
0 0.4831229288220114 0.32304241409398743 0.03728423188836878 0.04686385308344742
0 0.39575026281440023 0.3224634040648576 0.05454512385284976 0.06193213688742271
0 0.026915373486141033 0.3352762665611436 0.04604201186299809 0.05752299498543512
0 0.25882503817564134 0.3378922693765717 0.04378889987314641 0.053295709509938165
0 0.18807659417056719 0.3378699755434666 0.052461790519516424 0.06187151807859242
0 0.36073859285245635 0.33908861441055654 0.04829512385284976 0.061750280460931964
0 0.9088904775673273 0.3429072249504545 0.052461790519516424 0.06187151807859242
0 0.3294461481883267 0.34103956320967677 0.052207122534738915 0.05562151807859242
0 0.6008542568829012 0.34458714199066365 0.028356673257221132 0.03203804451479305
0 0.555105812877827 0.3438374224515956 0.052461790519516424 0.06187151807859242
0 0.46456570220608623 0.3443910073023778 0.04829512385284976 0.061750280460931964
0 0.9626326975926981 0.35174780258753496 0.046381569176035004 0.06585632831876846
0 0.5828488109006607 0.3523940685323873 0.034946230570257815 0.040553234274617246
0 0.5037670335622532 0.35261424993460316 0.0372842318883689 0.04686385308344742
0 0.7159274762492165 0.3547644647672519 0.056798235842701675 0.06615942236291966
0 0.5275555882390681 0.35608380029972214 0.04604201186299808 0.05752299498543512
0 0.6742183649184202 0.3570185076105234 0.05871179051951643 0.06205337450508317
0 0.09794148020354915 0.35401825098983364 0.052207122534738915 0.05562151807859242
0 0.7437553636003092 0.3612377775147103 0.030694674575332214 0.038348663323623335
0 0.14343525622384573 0.3610179705289017 0.04604201186299808 0.05752299498543512
0 0.5905454742720501 0.3677765932970664 0.047955566539813074 0.053416947127598625
0 0.25606077140690847 0.023076918492261116 0.03728423188836878 0.04615383698452223
0 0.6115715809894582 0.3879734291376822 0.058711790519516666 0.06205337450508329
0 0.5679064703177173 0.38716309078978395 0.03477645191373947 0.03638656760795058
0 0.8685661350072177 0.38777867291381407 0.03677489591881364 0.03436385308344754
0 0.7643145790122918 0.3928929466886595 0.041450898555035566 0.04698509070110788
0 0.033955916959013344 0.3922951485880742 0.04378889987314638 0.053295709509938165
0 0.24498980365105075 0.3965590061584713 0.03494623057025793 0.040553234274617246
0 0.4333192469970694 0.39628133729266785 0.041281119898517106 0.042818424034441215
0 0.8763052430427367 0.4021195310118264 0.02193689460070279 0.027689521421635752
0 0.16057235898692115 0.4000557345827628 0.045702454549961344 0.04918966165210179
0 0.1405206607351676 0.024002920999543577 0.04145089855503545 0.04698509070110792
0 0.10744735898692115 0.401601514207934 0.041450898555035504 0.04698509070110788
0 0.9100860177449223 0.4157026539994607 0.04336445323185056 0.0428790428432715
0 0.3783461317119405 0.4176490929889208 0.04378889987314641 0.053295709509938165
0 0.5010081303938295 0.42032258326793653 0.04145089855503545 0.04698509070110788
0 0.30951124238368133 0.42173284701365205 0.04604201186299808 0.05752299498543512
0 0.8587472384293486 0.4244794814824683 0.04378889987314617 0.053295709509938165
0 0.7224586837525336 0.4242833467941825 0.056798235842701675 0.06615942236291966
0 0.23867790905034794 0.4237938865138803 0.04336445323185044 0.0428790428432715
0 0.0868067990376626 0.42301072622515457 0.034776451913739535 0.03638656760795058
0 0.014013012167738453 0.4315642409607038 0.028026024335476907 0.042818424034441215
0 0.23400190641412616 0.43641512413154077 0.04829512385284976 0.061750280460931964
0 0.8217371244623306 0.4390819773036642 0.03477645191373947 0.03638656760795058
0 0.5200357931061635 0.43849670458404927 0.041450898555035566 0.04698509070110788
0 0.4855759037779043 0.4415802482630815 0.05454512385284976 0.06193213688742271
0 0.42069545779566386 0.45075109800348573 0.052207122534738915 0.05562151807859242
0 0.9344298978464053 0.4566115855557494 0.039537343878220575 0.05109113855894438
0 0.9125973425105349 0.45620641638180026 0.04604201186299808 0.05752299498543512
0 0.3269879024597934 0.45243727773417997 0.05020867852966475 0.057644232603095466
0 0.11886679244710809 0.4532908252838707 0.03728423188836881 0.04686385308344742
0 0.09790612512138598 0.45702201337217313 0.03528578788329468 0.048886567607950585
0 0.2735233451467567 0.46231639069268443 0.05020867852966475 0.057644232603095584
0 0.8102593411924239 0.4654267380144821 0.04570245454996116 0.04918966165210179
0 0.022857453866118524 0.46661719477438895 0.04571490773223705 0.06193213688742271
0 0.1546884558184975 0.4678549961293415 0.047955566539813074 0.053416947127598625
0 0.9617908938920726 0.4745432316365411 0.03770867852966475 0.057280519750114084
0 0.8732916718895356 0.4760778643451597 0.04604201186299808 0.05752299498543512
0 0.378010119189887 0.47696347418009055 0.04378889987314641 0.053295709509938165
0 0.0891394367554642 0.03382141514921783 0.0265280079086654 0.038227425705962895
0 0.08141278190222088 0.5043213450339848 0.05246179051951649 0.06187151807859242
0 0.5077745559453511 0.5096028225571186 0.06972268248399753 0.07693980188256783
0 0.418063888619629 0.5153344313368191 0.05679823584270143 0.06615942236291966
0 0.27322977728883274 0.5205891052171875 0.052207122534738915 0.05562151807859242
0 0.8951702166805188 0.5264224147102786 0.0457024545499614 0.04918966165210179
0 0.183688888619629 0.5221540473302212 0.05637378920140558 0.05574275569625288
0 0.014898169937156551 0.5253142409607038 0.029796339874313103 0.06187151807859242
0 0.3790128859834072 0.5289558793001785 0.047955566539813074 0.053416947127598625
0 0.11143188664246266 0.5336203962348646 0.047955566539813047 0.05341694712759874
0 0.20263166200370378 0.5424115019796674 0.05246179051951649 0.06187151807859266
0 0.8161538787337972 0.5505706200414127 0.05637378920140558 0.055742755696253
0 0.287630878783372 0.0394906522392631 0.041281119898517106 0.042818424034441256
0 0.34045176938016736 0.5560886845257895 0.052207122534738915 0.05562151807859242
0 0.95718387543852 0.5620735410409563 0.03094934256010949 0.044598663323623576
0 0.8883489861102608 0.5661572950656876 0.04378889987314641 0.053295709509938165
0 0.2587348780747418 0.5699111514035022 0.045702454549961344 0.04918966165210179
0 0.10990387873379727 0.5711203962348645 0.05246179051951646 0.06187151807859242
0 0.1721916554131493 0.5745101653032907 0.056798235842701494 0.06615942236291966
0 0.019460108340259373 0.5823028135832192 0.038920216680518746 0.06193213688742271
0 0.795748536832743 0.5917411893208848 0.052207122534738915 0.055621518078592655
0 0.08426720877185336 0.5874728219408275 0.06096490250936819 0.06628065998058001
0 0.03518154144613123 0.5920223639483382 0.05905134783255323 0.07038670783841638
0 0.7059954248428914 0.5985144647672519 0.05679823584270143 0.06615942236291966
0 0.34166675949433567 0.6028727563125442 0.06555601581733086 0.07681856426490725
0 0.9542321988860216 0.6089788504453715 0.016705566539813078 0.052507664995144886
0 0.244749314830206 0.606733197589817 0.05905134783255323 0.07038670783841662
0 0.8584413102168179 0.6107256489848959 0.06555601581733086 0.07681856426490725
0 0.9383525309012442 0.6156834915115982 0.04378889987314617 0.053295709509938165
0 0.7785106395958186 0.6317791637204451 0.052207122534738915 0.055621518078592655
0 0.026456434753510488 0.6517307673969044 0.052912869507020975 0.07050794545607696
0 0.1957520816237263 0.6601804541218308 0.06096490250936816 0.06628065998058001
0 0.096581524969745 0.6682681808746006 0.0655560158173308 0.07681856426490725
0 0.8746446303690422 0.6726800797054237 0.05246179051951667 0.06187151807859242
0 0.756021964361431 0.6730103518087475 0.061304459822405025 0.07461399331391334
0 0.16107996897481913 0.6684723311341965 0.07622735046877503 0.08337165830905846
0 0.8505165183791905 0.6775438626736381 0.06364246114051587 0.08092461212274363
0 0.9282595164020241 0.684645657342504 0.03630445982240502 0.07388656760795058
0 0.690886850394413 0.6884312015491515 0.05905134783255335 0.07038670783841638
0 0.24639229637665344 0.6940816505677414 0.0655560158173308 0.07681856426490725
0 0.7818319577708766 0.7034723072939543 0.04378889987314617 0.053295709509938165
0 0.29683973774550576 0.7071798230847339 0.05454512385284976 0.06193213688742271
0 0.6086606231194323 0.7147536684268644 0.061304459822405025 0.07461399331391334
0 0.009909149506437611 0.7159695503651188 0.019818299012875223 0.05556089926976237
0 0.09299317845530265 0.7307984902790158 0.05246179051951649 0.06187151807859242
0 0.19211765282650223 0.05995714137437242 0.041281119898517106 0.042818424034441256
0 0.9176766158698224 0.7400964659111584 0.026782675893442822 0.044477425705963
0 0.6564729505212665 0.7414541264193536 0.05020867852966475 0.0576442326030957
0 0.06097917450096997 0.7504577724114694 0.07380445982240494 0.07497770616689484
0 0.020167534880364102 0.7614088614410556 0.040335069760728204 0.08104584974040421
0 0.2581742818774335 0.7624073189059298 0.05905134783255323 0.07038670783841638
0 0.630859275286879 0.7827762427209014 0.06321801449922002 0.07050794545607696
0 0.7848137186328976 0.7834987842007969 0.054969570494145616 0.07234880355408937
0 0.8992697179738424 0.7832897497151337 0.0462966798477756 0.06377299498543512
0 0.0037051389615504167 0.8212991213161127 0.0074102779231008335 0.06573509070110788
0 0.582903708747066 0.8361931898485001 0.05905134783255335 0.07038670783841638
0 0.049697709406121435 0.8485866049090418 0.07622735046877502 0.08337165830905846
0 0.6277183701412891 0.8598595760542348 0.0678091278071823 0.08104584974040421
0 0.7645817001793451 0.8714837346714387 0.05637378920140558 0.05574275569625276