0 0.6965179971363912 0.3604199488748684 0.019732645861556836 0.01885908430895545
0 0.13714886552122316 0.14499096005862208 0.013373462988050673 0.016739389539303613
0 0.5883395793766044 0.31835400091649474 0.008879247700864805 0.010465148581757925
0 0.572932945123617 0.31427823784062425 0.008879247700864805 0.010465148581757925
0 0.6024861812159125 0.3266024908984183 0.00438503241367935 0.004190907624212296
0 0.1574362844870248 0.15528642193756054 0.013373462988050732 0.016739389539303613
0 0.38190808759291905 0.24353650260588325 0.01315509724103805 0.012572722872636888
0 0.171637477763086 0.16249324525281744 0.01315509724103805 0.012572722872636947
0 0.47780487109971853 0.28150850677022726 0.01315509724103805 0.012572722872636888
0 0.2532784765570711 0.19430009276857116 0.008879247700865041 0.010465148581757925
0 0.2368301756374171 0.19023038993208707 0.008879247700865041 0.010465148581757984
0 0.5920149231124926 0.32770475995894904 0.013373462988050732 0.016739389539303554
0 0.28886334690235377 0.2107546510567134 0.008879247700865041 0.010465148581757925
0 0.3919426142023135 0.2507675668786858 0.013373462988050732 0.016739389539303613
0 0.4919514729390265 0.2897569967521508 0.013373462988050732 0.016739389539303554
0 0.6093957078253069 0.33385173588938005 0.0112901296547174 0.016727269060530858
0 0.3225286582245625 0.22409632982362845 0.0112901296547174 0.0167272690605308
0 0.34396692673053725 0.23230239812984715 0.013373462988050732 0.016739389539303613
0 0.6184431592047879 0.34004719373490233 0.0112901296547174 0.016727269060530858
0 0.30098120684508156 0.2179735948507431 0.01315509724103805 0.012572722872636888
0 0.410201291271535 0.2600334825697304 0.00438503241367935 0.004190907624212296
0 0.4326812264441763 0.26823349063656265 0.0112901296547174 0.016727269060530858
0 0.35301437811001823 0.23849785597536946 0.013373462988050732 0.016739389539303613
0 0.2918245725920942 0.21386147033855415 0.010853398160692033 0.008393935727197465
0 0.5215047090313217 0.3020812498099448 0.01315509724103805 0.012572722872636888
0 0.30712202397157523 0.220020566747758 0.013373462988050732 0.016739389539303554
0 0.24472677747672508 0.19851524135032908 0.008879247700865041 0.010465148581757925
0 0.28146249736218076 0.21288040606575162 0.0112901296547174 0.01672726906053074
0 0.3682026466159929 0.2467402857179066 0.013373462988050732 0.016739389539303613
0 0.452968645409978 0.278528952515501 0.01315509724103805 0.012572722872636888
0 0.439645344490324 0.2744410689608578 0.013373462988050732 0.016739389539303554
0 0.5989244497218871 0.33495400494991084 0.013373462988050732 0.016739389539303554
0 0.4264312264441763 0.2682698520728811 0.013373462988050732 0.016739389539303554
0 0.4488565701800645 0.27751152680638014 0.013373462988050732 0.016739389539303554
0 0.5774861812159124 0.3267479366436922 0.013373462988050732 0.016739389539303554
0 0.16917200437248045 0.16979703239825691 0.013373462988050673 0.016739389539303613
0 0.8571161555867434 0.43550409771848203 0.022034344941902855 0.023037871454394933
0 0.5017676338014083 0.30115472769162005 0.013373462988050732 0.016739389539303554
0 0.2558029707527863 0.20574024538374525 0.008879247700865041 0.010465148581757984
0 0.40077169983478184 0.2611296913908748 0.008879247700865041 0.010465148581757925
0 0.4589456882262122 0.28370092441251593 0.01315509724103805 0.012572722872636888
0 0.33629312000659844 0.23963648647221872 0.017867678275236425 0.023013630496849243
0 0.48230351575526065 0.29501987223996184 0.008879247700865041 0.010465148581757925
0 0.26287627167244026 0.20986449037470703 0.008879247700865041 0.010465148581757984
0 0.2679208306955141 0.21295918917777498 0.008879247700865041 0.010465148581757925
0 0.9273534124841483 0.46633594120081956 0.02203434494190309 0.02303787145439481
0 0.10359716644087716 0.14935155438565395 0.013373462988050673 0.016739389539303613
0 0.4976009671347416 0.30117896864916566 0.01315509724103805 0.012572722872636888
0 0.11478254259044465 0.15449322508573674 0.019732645861557017 0.01885908430895539
0 0.7219635873671296 0.3915123826508217 0.022034344941902855 0.023037871454394933
0 0.7414277054132773 0.39764723810247987 0.019732645861556836 0.01885908430895545
0 0.6689979323090325 0.3689108484322484 0.019732645861556836 0.01885908430895545
0 0.4127257854672502 0.27147363518490447 0.01315509724103805 0.012572722872636888
0 0.31370400196045073 0.23351981173871975 0.013373462988050732 0.016739389539303554
0 0.13611162822291298 0.16478262672528876 0.01315509724103805 0.012572722872636947
0 0.12892914442975262 0.1627417150676603 0.017867678275236366 0.023013630496849243
0 0.17789190713144246 0.1822424902437792 0.022034344941903032 0.023037871454394933
0 0.29012780868438953 0.22636753057794057 0.013373462988050732 0.016739389539303613
0 0.7770125757585599 0.4141017963906221 0.02203434494190309 0.02303787145439481
0 0.23189922885620612 0.20483796422296605 0.013373462988050732 0.016739389539303613
0 0.40444704357066996 0.27048045043332913 0.013373462988050732 0.016739389539303554
0 0.3563621732253874 0.2540986150178238 0.019732645861557076 0.01885908430895539
0 0.14302115483230746 0.17203187171625053 0.017867678275236366 0.023013630496849243
0 0.2583274649485014 0.21718039799891936 0.01315509724103805 0.012572722872636947
0 0.22246963741945294 0.2059341730441104 0.02872107643592834 0.03140756622404671
0 0.5062662784569505 0.31466609316135463 0.01315509724103805 0.012572722872636888
0 0.12448952057932014 0.16797428935853928 0.013373462988050673 0.016739389539303554
0 0.2031147022468116 0.1977159842591189 0.017867678275236366 0.023013630496849243
0 0.3899183016740898 0.2695236271180722 0.019732645861557076 0.01885908430895545
0 0.381748742651016 0.26644710903316354 0.0112901296547174 0.0167272690605308
0 0.5358195145492458 0.32699034621914863 0.017321763907704717 0.012596963830182517
0 0.6124159543201572 0.3557024949318344 0.0112901296547174 0.01672726906053074
0 0.16742064902802262 0.18334475930431 0.013373462988050673 0.016739389539303613
0 0.3152414209262524 0.2439243579266136 0.019732645861557076 0.01885908430895545
0 0.7960399623106821 0.4285699851756136 0.02203434494190309 0.02303787145439481
0 0.8776809611046673 0.46037683269136737 0.026637743102595125 0.03139544574527389
0 0.6786503188611549 0.3834335793717177 0.019732645861557076 0.01885908430895545
0 0.8889209286909879 0.46447683672478346 0.022252710688915774 0.02720453812106148
0 0.4632805585714948 0.3003372898822506 0.01315509724103805 0.012572722872636888
0 0.6306746313893785 0.364968410622879 0.013373462988050732 0.016739389539303554
0 0.9154037562200364 0.4757776038340701 0.019732645861557076 0.01885908430895545
0 0.9418319923123318 0.48812003761002337 0.022034344941902855 0.02303787145439481
0 0.5886759867338364 0.3516752137710552 0.013373462988050732 0.016739389539303554
0 0.2967097866732651 0.23986677556890237 0.013373462988050732 0.016739389539303613
0 0.49776917081335764 0.3178395750764459 0.013373462988050732 0.016739389539303554
0 0.5682793848945284 0.34346308522545016 0.013373462988050732 0.016739389539303554
0 0.6570482760449207 0.37835251106549894 0.013373462988050732 0.016739389539303554
0 0.2486249163279824 0.22348494015339704 0.019732645861557017 0.01885908430895539
0 0.4885033536868639 0.31581078389759026 0.02203434494190309 0.023037871454394933
0 0.5956401047799841 0.3578827920953504 0.013373462988050732 0.016739389539303554
0 0.8600272192080871 0.45943819009426967 0.022252710688915774 0.02720453812106148
0 0.5058841383996783 0.3219577598280213 0.019732645861557076 0.01885908430895545
0 0.18639344414339176 0.19885461475596816 0.017867678275236366 0.023013630496849243
0 0.2752169267305372 0.23270237392935034 0.02872107643592834 0.03140756622404671
0 0.47117716041080276 0.3086221413004926 0.017867678275236425 0.023013630496849184
0 0.1312898643152083 0.1773068676828344 0.022034344941903032 0.023037871454394933
0 0.5528181592047879 0.3404289888162463 0.019732645861557076 0.01885908430895545
0 0.09559581109641929 0.1629356427280255 0.017867678275236366 0.023013630496849243
0 0.9294957666225911 0.4850677604826604 0.022034344941902855 0.02303787145439481
0 0.35159500075443584 0.2655811893087028 0.0263101944820761 0.025145445745273894
0 0.6047421475962181 0.363036583274206 0.017867678275236186 0.023013630496849184
0 0.641532458918427 0.3763600813229618 0.013373462988050732 0.016739389539303554
0 0.4516038594911488 0.3045706191821677 0.013373462988050732 0.016739389539303554
0 0.8109006821961378 0.4430624149181508 0.019732645861556836 0.01885908430895545
0 0.41678769862876697 0.29331833398797247 0.022252710688915774 0.02720453812106148
0 0.5280365249518006 0.33640776789485355 0.017867678275236425 0.023013630496849184
0 0.7321663176551401 0.4154040533509045 0.0263101944820761 0.025145445745273894
0 0.2543290019604507 0.23386524538374523 0.03266937735558232 0.027265140514925672
0 0.5187161163885537 0.3354206433826646 0.017867678275236425 0.023013630496849184
0 0.45434671943387656 0.31184410513067523 0.019732645861557076 0.01885908430895545
0 0.9707301311635891 0.5129442906678174 0.005476861148742766 0.02502424095754563
0 0.6146128998953532 0.3733926475470085 0.022252710688915538 0.02720453812106148
0 0.39902477385868046 0.2944630247242081 0.0311319583897807 0.037669686702819526
0 0.5072577830552204 0.33548730601591514 0.022252710688915774 0.02720453812106148
0 0.8195659935183467 0.4565495394303397 0.022252710688915538 0.02720453812106148
0 0.15404718603997195 0.2000841488436136 0.022034344941903032 0.023037871454394933
0 0.6285957274244017 0.38476613752893213 0.02203434494190309 0.02303787145439481
0 0.6438931788038826 0.39092523393813594 0.02203434494190309 0.02303787145439481
0 0.2997846246048683 0.26067586794469005 0.028721076435928458 0.03140756622404671
0 0.8040501763918529 0.45455710968780255 0.022034344941902855 0.02303787145439481
0 0.5876933408722794 0.3704252137710552 0.013373462988050732 0.016739389539303554
0 0.5550151047799842 0.35811914143142043 0.022034344941902855 0.023037871454394933
0 0.9427143140370954 0.5110245837979173 0.031131958389780817 0.037669686702819526
0 0.5670783732859588 0.3663797518921168 0.013373462988050732 0.016739389539303554
0 0.3211137102373367 0.2709652695842421 0.037818689883806066 0.0460393814724713
0 0.1678662392587609 0.21458263882553716 0.022252710688915715 0.0272045381210616
0 0.3371798710997185 0.2823266390873928 0.031022775516274356 0.03558635336948619
0 0.1175888527066386 0.20029625722213804 0.035189442182941025 0.03561059432703182
0 0.4186025041466909 0.3183001532698132 0.02872107643592834 0.03140756622404671
0 0.24391676466214054 0.2537114542048896 0.0311319583897807 0.037669686702819526
0 0.5367062656423658 0.3696804988343228 0.03518944218294091 0.03561059432703194
0 0.3734242680543956 0.3060668038028153 0.022252710688915774 0.02720453812106148
0 0.6243788986893383 0.4056176515804247 0.031022775516274238 0.03558635336948619
0 0.8496740027148865 0.4980283386760277 0.04374114126328692 0.03982574290878986
0 0.4444848258714546 0.3410592537124331 0.04012038896415208 0.050218168617910904
0 0.3912462136295918 0.32366605282719324 0.035189442182941025 0.03561059432703182
0 0.7708304553003824 0.4724533104421147 0.055249636665017005 0.06071967863598727
0 0.6541003384602497 0.434602511065499 0.055249636665017005 0.06071967863598727
0 0.6918231335756188 0.4500032822082017 0.040120388964152195 0.050218168617910904
0 0.6754840155294711 0.44385024603838436 0.03628127091800432 0.05644392766036515
0 0.4640625561594651 0.3648963822580383 0.02203434494190309 0.023037871454394933
0 0.20044415121426284 0.26854325735306583 0.0316778727573124 0.04808635336948619
0 0.20428326926041052 0.2747690163955202 0.042422088044498096 0.05439695576335026
0 0.4889578026543152 0.38661987627337796 0.02872107643592834 0.03140756622404671
0 0.7819110779448001 0.4994639209028111 0.03354284034363294 0.043931807181592335
0 0.11622849615616587 0.24612353031608494 0.04669793758467104 0.056504530054229285
0 0.3673469011013681 0.3425493780936943 0.037818689883806066 0.0460393814724713
0 0.894915688980648 0.5487912343309194 0.05327548620519001 0.06279089149054778
0 0.7275762075995175 0.48311844692362427 0.04406868988380618 0.046075742908789866
0 0.5557971023679543 0.42267823380720804 0.04439623850432497 0.052325742908789864
0 0.573127725012372 0.44965248283158604 0.04669793758467099 0.05650453005422922
0 0.5233460907593847 0.4457767076554671 0.05557718528553603 0.06696967863598727
0 0.38497262777133395 0.4632433259211402 0.044396238504325086 0.052325742908789864