0 0.14273326879867512 0.1783862243220024 0.004190907624212296 0.004312169872882284
0 0.10001281498656898 0.17779429885237916 0.03565907624212314 0.042903443919499414
0 0.37120976268308703 0.2308365904483641 0.006334843351409821 0.014801588142656759
0 0.17408629286824417 0.1950032836087186 0.04410149388441186 0.06194445033193065
0 0.3670370357770339 0.22994042698791306 0.0063106023938641915 0.010634921475990093
0 0.3618226422043142 0.22908063932901593 0.012621204787728147 0.021269842951980186
0 0.21164689526210828 0.20411042141944474 0.0378030119693206 0.05339286218927389
0 0.14178856596219108 0.19508926679022298 0.01678787145439493 0.021415346158195802
0 0.11363326476525899 0.19086308009884506 0.018895445745273895 0.025654764427970277
0 0.07297190332894053 0.1860317363594473 0.041969678635987266 0.05353836539548951
0 0.24923173861351802 0.21738422589683756 0.016739389539303613 0.013082012824862469
0 0.28364916028922293 0.22347549111222537 0.01047726906053074 0.01078042468220571
0 0.6059180758493398 0.2799437017654024 0.018895445745273777 0.025654764427970277
0 0.1334855338257898 0.20058860653598753 0.014728779078607228 0.02550926122175466
0 0.2941264293497537 0.233528399763353 0.0063106023938641915 0.010634921475990093
0 0.6747953408764543 0.29941789886284476 0.02518180718159234 0.0321230192372937
0 0.7509339713733035 0.3134291320160764 0.025157566224046708 0.02795635257062704
0 0.44745141724950527 0.2625561569349291 0.0378030119693206 0.05339286218927389
0 0.33585369841028445 0.2424900343678635 0.039849983866335495 0.0472156137923817
0 0.3942597546162548 0.25295298948084494 0.033624224823881124 0.051164025649724935
0 0.4109627827192399 0.25862097665598244 0.018895445745273895 0.025654764427970277
0 0.27432870244370056 0.2331778733262105 0.016763630496849185 0.017248679491529136
0 0.5799188308583779 0.28814476347091666 0.02731362243001693 0.04052910417373485
0 0.36089612008598937 0.2489086817972365 0.01047726906053074 0.01078042468220571
0 0.7029870035097048 0.30989408555422265 0.012621204787728383 0.021269842951980186
0 0.6571051882612802 0.30316128748926113 0.012596963830182517 0.017103176285313517
0 0.9843999354653418 0.3635779099997814 0.031200129069316535 0.06366402564972494
0 0.5256976220372336 0.28066130515171966 0.018895445745273895 0.025654764427970277
0 0.562216557764431 0.2898048187639997 0.012621204787728383 0.021269842951980186
0 0.42767793130099785 0.2663722971644533 0.012596963830182517 0.017103176285313517
0 0.7979241159216455 0.33158388761281743 0.018895445745273777 0.025654764427970277
0 0.2597574895891401 0.23577046788129852 0.016763630496849244 0.017248679491529136
0 0.50695368227662 0.2823577362463566 0.02518180718159234 0.0321230192372937
0 0.3108839996072165 0.24857138693849054 0.02936059432703182 0.03435185577684265
0 0.2764726381708981 0.24352178838976937 0.010477269060530859 0.01078042468220571
0 0.7864779030670849 0.33406735476324373 0.016763630496849185 0.017248679491529136
0 0.41727338511310397 0.2688193885133257 0.012621204787728147 0.021269842951980186
0 0.6529930637490914 0.31268179069547675 0.018895445745273777 0.025654764427970277
0 0.7103635135277813 0.32422278827667866 0.031516650533002157 0.04692460737995046
0 0.815711232367002 0.3445071656530677 0.03565907624212296 0.042903443919499414
0 0.28589005984660293 0.2504860728424509 0.012596963830182635 0.017103176285313517
0 0.2285438510254586 0.24311174192791565 0.03565907624212314 0.042903443919499414
0 0.6311180637490913 0.31344568252810867 0.029457558157214455 0.05101852244350932
0 0.6895544211519936 0.32911697097442344 0.012596963830182517 0.017103176285313517
0 0.8418377423850785 0.3581811039475535 0.0272893814724713 0.03636243750706818
0 0.761538505460949 0.345357040667204 0.033624224823881124 0.051164025649724935
0 0.7448597183155096 0.34385572015873317 0.02731362243001693 0.040529104173734724
0 0.5320930677825074 0.30544305034239627 0.0272893814724713 0.03636243750706818
0 0.5926066982793566 0.3199999205189365 0.031516650533002157 0.04692460737995046
0 0.8679824331213142 0.3749800422420392 0.048280281029851345 0.06417328687147959
0 0.8951566700454437 0.38965927140163775 0.04196967863598739 0.05353836539548951
0 0.611744553600087 0.3860118227576329 0.03780301196932072 0.05339286218927389
0 0.5180430355151783 0.3976189782308176 0.035659076242123076 0.042903443919499414
0 0.6881740755874841 0.45002305591086456 0.031516650533002157 0.04692460737995046
0 0.07717562593972184 0.37133927562145225 0.044077252926866234 0.057777783665263864
0 0.24513242908789803 0.4081911049046071 0.0272893814724713 0.03636243750706818
0 0.8938672280717304 0.5261903563380789 0.048280281029851345 0.06417328687147948
0 0.8323907140202377 0.5252115286297592 0.050387855320730306 0.06841270514125407
0 0.33388014389370274 0.44051582843919185 0.03785149388441186 0.061726195522607226
0 0.9496391636679999 0.621137438855722 0.050387855320730306 0.06841270514125407
0 0.35892932031659014 0.627179185003452 0.04402877101177485 0.04944445033193053