0 0.439261323052483 0.078125 0.05270153354954109 0.035416666666666666
0 0.5332060568182317 0.007291666666666667 0.06275455303020318 0.014583333333333334
0 0.7462931645023928 0.03333333333333333 0.05705002380920992 0.04583333333333333
0 0.807896956710128 0.025 0.06933183549760713 0.03333333333333333
0 0.2823385757583746 0.11666666666666667 0.05471213744567341 0.03125
0 0.16406239827473207 0.925 0.23386825973923261 0.15
0 0.7271571439450858 0.83125 0.3738152402585705 0.17083333333333334
0 0.3767078571491339 0.9166666666666666 0.18953642424162542 0.11666666666666667
0 0.1819385638537696 0.13958333333333334 0.061107596320075314 0.03958333333333333
0 0.11401204220883357 0.15208333333333332 0.09049245129834466 0.052083333333333336
0 0.7001870957795561 0.04895833333333333 0.04645153354954109 0.035416666666666666
0 0.8955424155845297 0.016666666666666666 0.042248502164273796 0.03333333333333333
0 0.17500527218655376 0.059375 0.03165001190460496 0.022916666666666665
0 0.017368140693182772 0.17395833333333333 0.034736281386365545 0.03125
0 0.014224958333882548 0.18958333333333333 0.028449916667765095 0.058333333333333334
0 0.4658537326847102 0.10625 0.0713060746751393 0.027083333333333334
0 0.775914390151565 0.007291666666666667 0.04400455303020318 0.014583333333333334
0 0.6058370779226486 0.08333333333333333 0.06541972186114388 0.04791666666666667
0 0.3968309972952068 0.121875 0.07174245129834465 0.052083333333333336
0 0.3005976520572685 0.14479166666666668 0.07145153354954109 0.035416666666666666
0 0.8072423917753198 0.0625 0.03212275324641093 0.05
0 0.8458567878791873 0.058333333333333334 0.08420608657974427 0.05
0 0.09042262824805852 0.190625 0.04418637662320544 0.025
0 0.22516127543406306 0.16979166666666667 0.07601821212081271 0.058333333333333334
0 0.03484010335561316 0.20833333333333334 0.06968020671122632 0.04583333333333333
0 0.5790212077922648 0.008333333333333333 0.0586242510821369 0.016666666666666666
0 0.4683968971871029 0.13958333333333334 0.06300910606040636 0.029166666666666667
0 0.7274575248924454 0.09791666666666667 0.09246669047587659 0.04583333333333333
0 0.6804370660180437 0.10625 0.038590941558013486 0.0625
0 0.9092711780307525 0.065625 0.03822729437200915 0.041666666666666664
0 0.1527771693736567 0.19895833333333332 0.0736803257572762 0.04375
0 0.5495923501092023 0.14270833333333333 0.0949864004324155 0.07083333333333333
0 0.0063150914510081745 0.24791666666666667 0.012630182902016349 0.03333333333333333
0 0.0219582738103084 0.24375 0.0439165476206168 0.029166666666666667
0 0.2996339870143565 0.2 0.08453336904714821 0.06875
0 0.11990366720938278 0.23229166666666667 0.07166972186114376 0.04791666666666667
0 0.8533719150440103 0.10520833333333333 0.09052881601694528 0.05416666666666667
0 0.31281437229465764 0.041666666666666664 0.04217577272707303 0.029166666666666667
0 0.7352090227281713 0.13125 0.09052881601694528 0.05416666666666667
0 0.474997634200361 0.17916666666666667 0.058915168830940584 0.03333333333333333
0 0.4394173262999923 0.18854166666666666 0.04886214935027837 0.05416666666666667
0 0.22308321428728348 0.22916666666666666 0.08409699242394288 0.04375
0 0.03840675216537235 0.2708333333333333 0.0768135043307447 0.03333333333333333
0 0.374033969157449 0.234375 0.07813791017274643 0.06041666666666667
0 0.3280188122311134 0.24479166666666666 0.0736803257572762 0.04375
0 0.46734468614732877 0.020833333333333332 0.05277426298674186 0.03958333333333333
0 0.847109004871264 0.165625 0.0949864004324155 0.07083333333333333
0 0.22328849242613968 0.27708333333333335 0.08870003571381495 0.06875
0 0.5304476103911511 0.225 0.09937125541068473 0.08333333333333333
0 0.6986650497848907 0.19583333333333333 0.06995003571381489 0.06875
0 0.23328405844198638 0.0625 0.03373334523793829 0.022916666666666665
0 0.15110439231803585 0.2947916666666667 0.06797579653628295 0.075
0 0.45391502002337825 0.253125 0.08442427489134693 0.0625
0 0.6643833273810309 0.011458333333333333 0.0712333452379383 0.022916666666666665
0 0.051693865801835846 0.32916666666666666 0.10338773160367169 0.09166666666666666
0 0.00952573106095556 0.11666666666666667 0.01905146212191112 0.029166666666666667
0 0.0158030045999059 0.10625 0.0316060091998118 0.014583333333333334
0 0.8759507548701656 0.005208333333333333 0.031431823593002166 0.010416666666666666
0 0.3176619648289012 0.30104166666666665 0.11815762012928524 0.08541666666666667
0 0.7993067045469523 0.21875 0.11815762012928512 0.08541666666666667
0 0.9160279182915196 0.215625 0.08899095346261846 0.08541666666666667
0 0.38571285660202403 0.042708333333333334 0.07156062770534237 0.041666666666666664
0 0.8332060568182318 0.007291666666666667 0.04192121969686984 0.014583333333333334
0 0.23977860768635786 0.346875 0.13051216125488346 0.07708333333333334
0 0.43829529220993196 0.3125 0.09710609848434923 0.07291666666666667
0 0.5751172727292698 0.2916666666666667 0.10755912986961629 0.075
0 0.07533782684051159 0.1 0.052701533549541026 0.035416666666666666
0 0.03515974783682451 0.41458333333333336 0.07031949567364902 0.05416666666666667
0 0.7313672727292698 0.2916666666666667 0.1162197456703538 0.09375
0 0.025366553572919295 0.45729166666666665 0.05073310714583859 0.04375
0 0.6502134567123247 0.3458333333333333 0.08420608657974403 0.05
0 0.20162931493810346 0.44375 0.11399095346261857 0.08541666666666667
0 0.5202831309550485 0.38958333333333334 0.1223606515145524 0.0875
0 0.7373545411255982 0.008333333333333333 0.05445758441547023 0.016666666666666666
0 0.9151240725130623 0.32708333333333334 0.1139545887440183 0.08333333333333333
0 0.33012269372338593 0.06458333333333334 0.050472741341805856 0.027083333333333334
0 0.3328065855009026 0.4479166666666667 0.1223606515145524 0.0875
0 0.7988492391775319 0.00625 0.04396818831160279 0.0125
0 0.04166957305358143 0.521875 0.08333914610716286 0.08958333333333333
0 0.8243952505438146 0.3927083333333333 0.10558489069208435 0.08125
0 0.13257494642927756 0.103125 0.050545470779006806 0.03125
0 0.1827204053036794 0.09479166666666666 0.054857596320075315 0.03958333333333333
0 0.6829884090939049 0.4375 0.1287197456703538 0.09375
0 0.43757800162375465 0.05520833333333333 0.044186376623205466 0.025
0 0.44907851244951796 0.5302083333333333 0.1650091655834313 0.14375
0 0.04454265611665513 0.63125 0.08908531223331026 0.13125
0 0.3821332976195183 0.06875 0.05471213744567341 0.03125
0 0.0114090584419864 0.140625 0.0228181168839728 0.03125
0 0.24923634090939048 0.04375 0.07130607467513925 0.027083333333333334
0 0.8593022705627991 0.004166666666666667 0.03139545887440178 0.008333333333333333
0 0.8727893901515651 0.007291666666666667 0.054421219696869846 0.014583333333333334
0 0.5910484664504589 0.035416666666666666 0.06330002380920992 0.04583333333333333
0 0.7081444123414141 0.5479166666666667 0.1684849025966893 0.10416666666666667
0 0.03513629329097054 0.13541666666666666 0.0653106277053424 0.041666666666666664
0 0.9269853241379152 0.5427083333333333 0.12053187121142225 0.10208333333333333
0 0.7936227234848984 0.007291666666666667 0.04192121969686984 0.014583333333333334
0 0.6780340882034989 0.005208333333333333 0.048098490259668836 0.010416666666666666
0 0.33907949945948074 0.08854166666666667 0.04425910606040636 0.029166666666666667
0 0.6777102527102853 0.6802083333333333 0.17933794588656155 0.12916666666666668