0 0.915625 0.16073400376745184 0.03125 0.04692460737995046
0 0.009375 0.49133928445268155 0.01875 0.050654764427970275
0 0.8291666666666667 0.20125319529642585 0.01875 0.023571431094636944
0 0.7791666666666667 0.2227909004376799 0.01875 0.023571431094636944
0 0.5552083333333333 0.3066533644384359 0.027083333333333334 0.03844577084040151
0 0.9 0.18315464079076038 0.025 0.030039685903960372
0 0.7697916666666667 0.22936828265166503 0.016666666666666666 0.017248679491529136
0 0.7145833333333333 0.25108786680068856 0.025 0.030039685903960372
0 0.5895833333333333 0.29607796298715705 0.025 0.030039685903960372
0 0.12604166666666666 0.46643186134531095 0.035416666666666666 0.044986777252832746
0 0.49270833333333336 0.3348775791983368 0.01875 0.023571431094636944
0 0.6645833333333333 0.27262557194194265 0.014583333333333334 0.02342592788842133
0 0.459375 0.34645827151472836 0.0125 0.012936509618646851
0 0.5072916666666667 0.32811831797658214 0.008333333333333333 0.010707673079097901
0 0.678125 0.2700693531884086 0.025 0.030039685903960372
0 0.309375 0.4027380536051572 0.0125 0.012936509618646851
0 0.290625 0.41068448469979413 0.020833333333333332 0.02781084936441142
0 0.26979166666666665 0.4187036673975389 0.016666666666666666 0.017248679491529136
0 0.45416666666666666 0.3528901505224979 0.014583333333333334 0.02342592788842133
0 0.7375 0.25028759916650273 0.0125 0.017103176285313517
0 0.5020833333333333 0.3345501969843517 0.008333333333333333 0.010707673079097901
0 0.6458333333333334 0.28369700303657963 0.027083333333333334 0.034279104173734844
0 0.75625 0.2444245014051991 0.0125 0.017103176285313517
0 0.7479166666666667 0.2499238411509637 0.01875 0.023571431094636944
0 0.078125 0.4899801482167906 0.0125 0.012936509618646851
0 0.44479166666666664 0.35842586606981636 0.020833333333333332 0.02781084936441142
0 0.54375 0.3237201649221955 0.0125 0.017103176285313517
0 0.6270833333333333 0.2926851007978832 0.025 0.030039685903960372
0 0.3854166666666667 0.3802909534250556 0.016666666666666666 0.017248679491529136
0 0.071875 0.4954067363594473 0.01875 0.023571431094636826
0 0.16354166666666667 0.4630389991560371 0.0125 0.012936509618646851
0 0.209375 0.4458134638876653 0.01875 0.023571431094636826
0 0.7666666666666667 0.24510241005632674 0.01875 0.023571431094636944
0 0.06041666666666667 0.4999735368432069 0.0125 0.017103176285313517
0 0.09583333333333334 0.4872784262570409 0.016666666666666666 0.017248679491529136
0 0.10625 0.4837896682415018 0.016666666666666666 0.017248679491529136
0 0.11666666666666667 0.47821757689262945 0.016666666666666666 0.017248679491529136
0 0.35208333333333336 0.39395497907478044 0.0125 0.012936509618646851
0 0.43125 0.3661904181566838 0.0125 0.017103176285313517
0 0.5635416666666667 0.317820691359338 0.0125 0.017103176285313517
0 0.5770833333333333 0.31318113927247054 0.0125 0.017103176285313517
0 0.31875 0.40970233805783873 0.010416666666666666 0.008697091348872376
0 0.49166666666666664 0.34741395499989075 0.014583333333333334 0.023425927888421207
0 0.42604166666666665 0.37053896383111995 0.0125 0.017103176285313517
0 0.5145833333333333 0.33932202069903816 0.0125 0.017103176285313517
0 0.7333333333333333 0.2598081023727183 0.01875 0.023571431094636944
0 0.2833333333333333 0.42135578197733814 0.01875 0.023571431094636944
0 0.36770833333333336 0.3913260087181386 0.014583333333333334 0.02342592788842133
0 0.14791666666666667 0.4708763028460123 0.0125 0.017103176285313517
0 0.3927083333333333 0.3821196561475116 0.010416666666666666 0.014947091348872376
0 0.4791666666666667 0.35201713128520423 0.01875 0.023571431094636826
0 0.13958333333333334 0.4732506425917769 0.010416666666666666 0.014947091348872376
0 0.15520833333333334 0.46853833890180163 0.0125 0.017103176285313517
0 0.3104166666666667 0.4120766778036033 0.0125 0.017103176285313517
0 0.03333333333333333 0.5113359743502751 0.0125 0.017103176285313517
0 0.7 0.27347212802244325 0.01875 0.023571431094636944
0 0.19791666666666666 0.45558859770475824 0.01875 0.023571431094636944
0 0.378125 0.3899205840359329 0.0125 0.017103176285313517
0 0.5260416666666666 0.33683855354861186 0.01875 0.023571431094636944
0 0.346875 0.4014285247492167 0.01875 0.023571431094636826
0 0.61875 0.3044344405436477 0.0125 0.017103176285313517
0 0.6052083333333333 0.3080323259638485 0.0125 0.012936509618646851
0 0.057291666666666664 0.5073743309145352 0.014583333333333334 0.02342592788842133
0 0.3375 0.4069642402965351 0.0125 0.017103176285313517
0 0.3645833333333333 0.39664346945613366 0.0125 0.017103176285313517
0 0.23333333333333334 0.4439351537852589 0.03333333333333333 0.04074735898305827
0 0.46875 0.36279755596740987 0.01875 0.023571431094636944
0 0.271875 0.4332142491277644 0.01875 0.023571431094636944
0 0.18645833333333334 0.4643220648551845 0.0125 0.017103176285313517
0 0.4083333333333333 0.38365735245753635 0.0125 0.017103176285313517
0 0.5708333333333333 0.32798272741512735 0.008333333333333333 0.010707673079097901
0 0.171875 0.47212299274360586 0.020833333333333332 0.02781084936441142
0 0.3302083333333333 0.41451053757407913 0.01875 0.023571431094636944
0 0.25729166666666664 0.44101517701618576 0.03125 0.03234127404661713
0 0.18333333333333332 0.4706811922598462 0.010416666666666666 0.014947091348872376
0 0.37604166666666666 0.4035350023057074 0.010416666666666666 0.014947091348872376
0 0.08541666666666667 0.5105588509392465 0.0375 0.03880952885594056
0 0.8739583333333333 0.22989736916294132 0.016666666666666666 0.013082012824862469
0 0.020833333333333332 0.5378141506355886 0.041666666666666664 0.06187169872882284
0 0.040625 0.5308730104060645 0.020833333333333332 0.02781084936441142
0 0.06666666666666667 0.5289219487005502 0.03125 0.03234127404661713
0 0.43125 0.4005654181566838 0.01875 0.023571431094636944
0 0.4197916666666667 0.40409055197377675 0.01875 0.023571431094636944
0 0.34479166666666666 0.4358762763523245 0.016666666666666666 0.013082012824862469
0 0.8447916666666667 0.2590408916064506 0.025 0.025873019237293703
0 0.8760416666666667 0.2485746175598335 0.014583333333333334 0.02342592788842133
0 0.8875 0.24400781707607389 0.025 0.025873019237293703
0 0.8145833333333333 0.2715541231848472 0.03125 0.03234127404661713
0 0.14166666666666666 0.5158862243220024 0.03958333333333333 0.0472156137923817
0 0.346875 0.44413685808255005 0.025 0.025873019237293703
0 0.53125 0.38040667454084237 0.01875 0.023571431094636944
0 0.33541666666666664 0.45391199189964293 0.01875 0.023571431094636826
0 0.3927083333333333 0.4342029894808449 0.025 0.025873019237293703
0 0.40729166666666666 0.42744372825909027 0.014583333333333334 0.02342592788842133
0 0.5229166666666667 0.38798934761994025 0.025 0.030039685903960372
0 0.5604166666666667 0.38251315209733305 0.03333333333333333 0.04074735898305827
0 0.5072916666666667 0.4010349846432488 0.027083333333333334 0.034279104173734844
0 0.8197916666666667 0.29012224417707766 0.03125 0.036507940713283796
0 0.4552083333333333 0.4226454413876107 0.03333333333333333 0.04074735898305827
0 0.35 0.46694439734455495 0.03125 0.03234127404661701
0 0.7541666666666667 0.3257472530083069 0.05416666666666667 0.05605820834746969
0 0.4114583333333333 0.45229822505287465 0.03958333333333333 0.0472156137923817
0 0.5 0.4210812819207928 0.035416666666666666 0.04498677725283263
0 0.315625 0.49106146546250046 0.03333333333333333 0.04074735898305827
0 0.6958333333333333 0.3538259645619922 0.05 0.05382937180792074
0 0.8479166666666667 0.3276817642017889 0.05625 0.07279762661724416
0 0.428125 0.49859121222801217 0.04791666666666667 0.06208995353814627
0 0.6375 0.42877967611567747 0.05416666666666667 0.06439154168080302
0 0.6791666666666667 0.42107464405352135 0.08125 0.08617064585453788
0 0.3229166666666667 0.5803901681849565 0.06041666666666667 0.07919312982345966
0 0.40729166666666666 0.5534853949257569 0.06875 0.08781746956922423
0 0.56875 0.5301388123515685 0.07708333333333334 0.09435847598165546