0 0.13654835971693832 0.15223543025067401 0.08266051861886942 0.0694312275847634
0 0.8755813493143836 0.11706998694895618 0.07871221769921562 0.07345239104521438
0 0.5245987034528264 0.14804225627106787 0.06916901402059944 0.08975529969634206
0 0.6500944557519615 0.15405745094971218 0.04735303482570904 0.07027778366526398
0 0.9358932624759003 0.13679881465727586 0.04571529172311415 0.03902778366526398
0 0.4144092612698855 0.18724200629934054 0.0772839816069201 0.08587963944210664
0 0.7796476918442568 0.1620104757554742 0.06237309965306773 0.07912037822035198
0 0.7149551756374171 0.16634910878514955 0.0691690140205992 0.08975529969634206
0 0.6115572184536513 0.17515864647231938 0.08813737976761213 0.09457673079097896
0 0.25624413161516807 0.2094014190006467 0.09515165988215651 0.10937831893363571
0 0.32186913161516806 0.20710974350275077 0.037818689883806066 0.04707011058616608
0 0.18294532489122922 0.21923939177608662 0.0907666274684771 0.10506614906075348
0 0.6692354545459466 0.18562160158530078 0.044614604251337654 0.05770503206215617
0 0.4666607982818347 0.20205350708675812 0.04910881953852334 0.0641005352683718
0 0.8402325621895395 0.1765309701304605 0.07991322930778513 0.09636905771188112
0 0.5201177762707103 0.2137036320726218 0.07498228252657407 0.08164022117233216
0 0.918416582994649 0.19251640921236385 0.08418907884795815 0.09859789425143006