0 0.4739583333333333 0.15625 0.05416666666666667 0.075
0 0.3229166666666667 0.19583333333333333 0.06458333333333334 0.075
0 0.22916666666666666 0.215625 0.05416666666666667 0.075
0 0.671875 0.20833333333333334 0.04791666666666667 0.06875
0 0.8333333333333334 0.190625 0.059375 0.075
0 0.4270833333333333 0.24270833333333333 0.0375 0.05416666666666667
0 0.5510416666666667 0.22708333333333333 0.046875 0.052083333333333336
0 0.38333333333333336 0.2604166666666667 0.05 0.08333333333333333
0 0.20625 0.29375 0.04791666666666667 0.059375
0 0.33541666666666664 0.28020833333333334 0.059375 0.084375
0 0.47708333333333336 0.27708333333333335 0.058333333333333334 0.07083333333333333
0 0.2947916666666667 0.30520833333333336 0.05416666666666667 0.07916666666666666
0 0.5822916666666667 0.275 0.05416666666666667 0.075
0 0.6291666666666667 0.27708333333333335 0.06458333333333334 0.084375
0 0.55 0.29583333333333334 0.04791666666666667 0.06875
0 0.7270833333333333 0.278125 0.059375 0.07916666666666666
0 0.84375 0.28020833333333334 0.05625 0.09375
0 0.06354166666666666 0.37916666666666665 0.059375 0.084375
0 0.4322916666666667 0.34270833333333334 0.06458333333333334 0.075
0 0.23541666666666666 0.37395833333333334 0.05416666666666667 0.075
0 0.8083333333333333 0.3104166666666667 0.04791666666666667 0.06458333333333334
0 0.15625 0.4 0.059375 0.075
0 0.39166666666666666 0.378125 0.07291666666666667 0.08541666666666667
0 0.471875 0.38645833333333335 0.059375 0.084375
0 0.6614583333333334 0.39375 0.05 0.08333333333333333
0 0.29375 0.4552083333333333 0.058333333333333334 0.07083333333333333
0 0.7427083333333333 0.409375 0.06041666666666667 0.08958333333333333
0 0.6104166666666667 0.43333333333333335 0.06041666666666667 0.09375
0 0.828125 0.45208333333333334 0.06041666666666667 0.08958333333333333
0 0.19479166666666667 0.5395833333333333 0.07083333333333333 0.090625
0 0.45 0.5270833333333333 0.071875 0.103125
0 0.4322916666666667 0.6510416666666666 0.07291666666666667 0.08125