0 0.26666666666666666 0.12291666666666666 0.010416666666666666 0.01875
0 0.4791666666666667 0.10625 0.010416666666666666 0.01875
0 0.6427083333333333 0.09166666666666666 0.015625 0.015625
0 0.2833333333333333 0.12604166666666666 0.010416666666666666 0.014583333333333334
0 0.41770833333333335 0.11458333333333333 0.010416666666666666 0.01875
0 0.6208333333333333 0.096875 0.010416666666666666 0.01875
0 0.334375 0.121875 0.010416666666666666 0.014583333333333334
0 0.4979166666666667 0.10729166666666666 0.015625 0.020833333333333332
0 0.6322916666666667 0.09791666666666667 0.010416666666666666 0.014583333333333334
0 0.69375 0.09166666666666666 0.015625 0.015625
0 0.5239583333333333 0.109375 0.015625 0.020833333333333332
0 0.459375 0.115625 0.015625 0.015625
0 0.3416666666666667 0.13020833333333334 0.010416666666666666 0.01875
0 0.4166666666666667 0.12916666666666668 0.010416666666666666 0.010416666666666666
0 0.37916666666666665 0.13229166666666667 0.015625 0.025
0 0.4 0.12916666666666668 0.020833333333333332 0.015625
0 0.5864583333333333 0.11354166666666667 0.015625 0.015625
0 0.43333333333333335 0.13229166666666667 0.020833333333333332 0.025
0 0.5510416666666667 0.12083333333333333 0.016666666666666666 0.029166666666666667
0 0.6135416666666667 0.11875 0.020833333333333332 0.020833333333333332
0 0.7510416666666667 0.10625 0.020833333333333332 0.025
0 0.465625 0.13125 0.015625 0.015625
0 0.28541666666666665 0.14895833333333333 0.010416666666666666 0.022916666666666665
0 0.353125 0.14375 0.015625 0.025
0 0.56875 0.12395833333333334 0.020833333333333332 0.025
0 0.24166666666666667 0.15520833333333334 0.015625 0.020833333333333332
0 0.7104166666666667 0.11458333333333333 0.020833333333333332 0.025
0 0.3 0.15104166666666666 0.015625 0.020833333333333332
0 0.6645833333333333 0.11875 0.015625 0.020833333333333332
0 0.5166666666666667 0.13333333333333333 0.020833333333333332 0.020833333333333332
0 0.325 0.153125 0.015625 0.020833333333333332
0 0.6 0.12916666666666668 0.020833333333333332 0.020833333333333332
0 0.6291666666666667 0.12708333333333333 0.020833333333333332 0.020833333333333332
0 0.396875 0.14895833333333333 0.015625 0.020833333333333332
0 0.415625 0.14791666666666667 0.020833333333333332 0.020833333333333332
0 0.4875 0.14375 0.021875 0.03333333333333333
0 0.46458333333333335 0.14791666666666667 0.015625 0.020833333333333332
0 0.6791666666666667 0.12916666666666668 0.021875 0.029166666666666667
0 0.22916666666666666 0.17083333333333334 0.015625 0.025
0 0.26875 0.16979166666666667 0.027083333333333334 0.03958333333333333
0 0.215625 0.17395833333333333 0.027083333333333334 0.034375
0 0.453125 0.15625 0.015625 0.020833333333333332
0 0.5364583333333334 0.14791666666666667 0.029166666666666667 0.021875
0 0.7583333333333333 0.12916666666666668 0.020833333333333332 0.025
0 0.5875 0.146875 0.020833333333333332 0.020833333333333332
0 0.7447916666666666 0.134375 0.029166666666666667 0.027083333333333334
0 0.6541666666666667 0.14166666666666666 0.020833333333333332 0.025
0 0.37916666666666665 0.16875 0.027083333333333334 0.034375
0 0.3145833333333333 0.17708333333333334 0.027083333333333334 0.029166666666666667
0 0.353125 0.17291666666666666 0.021875 0.03333333333333333
0 0.634375 0.15104166666666666 0.025 0.020833333333333332
0 0.41458333333333336 0.17708333333333334 0.015625 0.025
0 0.190625 0.196875 0.027083333333333334 0.034375
0 0.9229166666666667 0.13541666666666666 0.03125 0.034375
0 0.5520833333333334 0.16770833333333332 0.020833333333333332 0.025
0 0.7208333333333333 0.15520833333333334 0.021875 0.029166666666666667
0 0.3020833333333333 0.19166666666666668 0.027083333333333334 0.04375
0 0.378125 0.1875 0.021875 0.0375
0 0.5875 0.16979166666666667 0.025 0.020833333333333332
0 0.34270833333333334 0.19583333333333333 0.027083333333333334 0.03958333333333333
0 0.803125 0.16041666666666668 0.03333333333333333 0.04791666666666667
0 0.010416666666666666 0.22916666666666666 0.020833333333333332 0.04375
0 0.159375 0.21875 0.020833333333333332 0.025
0 0.041666666666666664 0.23125 0.03333333333333333 0.058333333333333334
0 0.5270833333333333 0.19166666666666668 0.021875 0.03333333333333333
0 0.7645833333333333 0.17083333333333334 0.03125 0.034375
0 0.55 0.18958333333333333 0.021875 0.03333333333333333
0 0.5916666666666667 0.1875 0.020833333333333332 0.020833333333333332
0 0.8333333333333334 0.16666666666666666 0.03125 0.04375
0 0.6739583333333333 0.18020833333333333 0.021875 0.029166666666666667
0 0.26458333333333334 0.22083333333333333 0.03125 0.03958333333333333
0 0.2916666666666667 0.22291666666666668 0.027083333333333334 0.034375
0 0.5 0.20833333333333334 0.035416666666666666 0.053125
0 0.47291666666666665 0.2125 0.027083333333333334 0.04375
0 0.17604166666666668 0.24270833333333333 0.028125 0.04791666666666667
0 0.4354166666666667 0.22083333333333333 0.046875 0.07291666666666667
0 0.32916666666666666 0.23229166666666667 0.03125 0.03958333333333333
0 0.3104166666666667 0.23541666666666666 0.015625 0.025
0 0.609375 0.21041666666666667 0.03125 0.034375
0 0.13645833333333332 0.2520833333333333 0.040625 0.04375
0 0.9645833333333333 0.18541666666666667 0.021875 0.041666666666666664
0 0.6927083333333334 0.20833333333333334 0.034375 0.03958333333333333
0 0.575 0.22083333333333333 0.03125 0.03958333333333333
0 0.2916666666666667 0.25104166666666666 0.020833333333333332 0.020833333333333332
0 0.10104166666666667 0.26979166666666665 0.0625 0.09166666666666666
0 0.846875 0.21458333333333332 0.040625 0.053125
0 0.5395833333333333 0.240625 0.04583333333333333 0.059375
0 0.20520833333333333 0.275 0.041666666666666664 0.058333333333333334
0 0.9458333333333333 0.21979166666666666 0.04583333333333333 0.059375
0 0.023958333333333335 0.30104166666666665 0.04791666666666667 0.09166666666666666
0 0.65625 0.24479166666666666 0.052083333333333336 0.06875
0 0.16770833333333332 0.28958333333333336 0.035416666666666666 0.04375
0 0.5833333333333334 0.25416666666666665 0.040625 0.04791666666666667
0 0.34791666666666665 0.27708333333333335 0.04375 0.040625
0 0.4979166666666667 0.2708333333333333 0.040625 0.04791666666666667
0 0.39895833333333336 0.28125 0.035416666666666666 0.053125
0 0.8135416666666667 0.25416666666666665 0.046875 0.06458333333333334
0 0.30833333333333335 0.3 0.035416666666666666 0.04375
0 0.25833333333333336 0.3072916666666667 0.058333333333333334 0.09166666666666666
0 0.721875 0.2708333333333333 0.058333333333333334 0.078125
0 0.8916666666666667 0.25833333333333336 0.05 0.05
0 0.36041666666666666 0.3333333333333333 0.0625 0.078125
0 0.17083333333333334 0.35 0.058333333333333334 0.078125
0 0.6010416666666667 0.321875 0.04791666666666667 0.0875
0 0.8791666666666667 0.3229166666666667 0.0625 0.08333333333333333
0 0.815625 0.3375 0.065625 0.075
0 0.06041666666666667 0.41770833333333335 0.08958333333333333 0.121875
0 0.47708333333333336 0.3958333333333333 0.05416666666666667 0.096875
0 0.3489583333333333 0.051041666666666666 0.010416666666666666 0.010416666666666666
0 0.5135416666666667 0.03854166666666667 0.010416666666666666 0.010416666666666666
0 0.24583333333333332 0.4427083333333333 0.08958333333333333 0.12708333333333333
0 0.6947916666666667 0.41041666666666665 0.075 0.115625
0 0.8791666666666667 0.009375 0.015625 0.01875
0 0.334375 0.46041666666666664 0.078125 0.1125
0 0.9604166666666667 0.42083333333333334 0.06875 0.10208333333333333
0 0.9166666666666666 0.008333333333333333 0.010416666666666666 0.016666666666666666
0 0.3385416666666667 0.058333333333333334 0.010416666666666666 0.010416666666666666
0 0.32395833333333335 0.059375 0.015625 0.020833333333333332
0 0.46041666666666664 0.05 0.015625 0.015625
0 0.1875 0.515625 0.052083333333333336 0.06458333333333334
0 0.4239583333333333 0.053125 0.010416666666666666 0.014583333333333334
0 0.8645833333333334 0.014583333333333334 0.015625 0.025
0 0.5395833333333333 0.4947916666666667 0.09583333333333334 0.14583333333333334
0 0.403125 0.058333333333333334 0.010416666666666666 0.010416666666666666
0 0.5 0.04895833333333333 0.010416666666666666 0.010416666666666666
0 0.7708333333333334 0.4791666666666667 0.084375 0.12708333333333333
0 0.43333333333333335 0.05416666666666667 0.010416666666666666 0.010416666666666666
0 0.9041666666666667 0.016666666666666666 0.010416666666666666 0.01875
0 0.4708333333333333 0.05416666666666667 0.00625 0.014583333333333334
0 0.415625 0.06041666666666667 0.010416666666666666 0.010416666666666666
0 0.6916666666666667 0.036458333333333336 0.010416666666666666 0.010416666666666666
0 0.4822916666666667 0.05520833333333333 0.00625 0.009375
0 0.49583333333333335 0.05416666666666667 0.010416666666666666 0.010416666666666666
0 0.234375 0.5979166666666667 0.08958333333333333 0.121875
0 0.8854166666666666 0.022916666666666665 0.015625 0.020833333333333332
0 0.47604166666666664 0.06041666666666667 0.010416666666666666 0.014583333333333334
0 0.5635416666666667 0.058333333333333334 0.010416666666666666 0.014583333333333334
0 0.390625 0.07291666666666667 0.010416666666666666 0.010416666666666666
0 0.5520833333333334 0.058333333333333334 0.010416666666666666 0.010416666666666666
0 0.45729166666666665 0.06666666666666667 0.010416666666666666 0.010416666666666666
0 0.4708333333333333 0.065625 0.010416666666666666 0.010416666666666666
0 0.5354166666666667 0.0625 0.010416666666666666 0.014583333333333334
0 0.5791666666666667 0.06041666666666667 0.015625 0.020833333333333332
0 0.35208333333333336 0.08333333333333333 0.010416666666666666 0.014583333333333334
0 0.42083333333333334 0.07708333333333334 0.010416666666666666 0.014583333333333334
0 0.434375 0.07604166666666666 0.015625 0.015625
0 0.61875 0.06041666666666667 0.010416666666666666 0.014583333333333334
0 0.45416666666666666 0.07708333333333334 0.015625 0.015625
0 0.403125 0.08125 0.010416666666666666 0.014583333333333334
0 0.5177083333333333 0.07083333333333333 0.015625 0.015625
0 0.46770833333333334 0.078125 0.010416666666666666 0.014583333333333334
0 0.38958333333333334 0.084375 0.010416666666666666 0.010416666666666666
0 0.32916666666666666 0.09166666666666666 0.014583333333333334 0.010416666666666666
0 0.34375 0.09270833333333334 0.010416666666666666 0.014583333333333334
0 0.4979166666666667 0.07916666666666666 0.010416666666666666 0.014583333333333334
0 0.5302083333333333 0.07708333333333334 0.015625 0.015625
0 0.3697916666666667 0.09166666666666666 0.015625 0.015625
0 0.30833333333333335 0.09791666666666667 0.010416666666666666 0.01875
0 0.29583333333333334 0.1 0.010416666666666666 0.014583333333333334
0 0.3177083333333333 0.09791666666666667 0.010416666666666666 0.014583333333333334
0 0.4083333333333333 0.09166666666666666 0.010416666666666666 0.014583333333333334
0 0.6833333333333333 0.06875 0.015625 0.025
0 0.55 0.08645833333333333 0.015625 0.025
0 0.33541666666666664 0.10520833333333333 0.010416666666666666 0.014583333333333334
0 0.5770833333333333 0.084375 0.015625 0.015625
0 0.49270833333333336 0.09375 0.015625 0.015625
0 0.28541666666666665 0.11458333333333333 0.015625 0.015625
0 0.40729166666666666 0.103125 0.015625 0.025
0 0.453125 0.09895833333333333 0.015625 0.015625
0 0.3541666666666667 0.1125 0.010416666666666666 0.014583333333333334
0 0.38229166666666664 0.11041666666666666 0.010416666666666666 0.022916666666666665
0 0.659375 0.08541666666666667 0.015625 0.020833333333333332
0 0.3645833333333333 0.11145833333333334 0.020833333333333332 0.025
0 0.2552083333333333 0.12083333333333333 0.010416666666666666 0.01875
0 0.5989583333333334 0.09375 0.010416666666666666 0.014583333333333334
0 0.66875 0.0875 0.015625 0.015625
0 0.3177083333333333 0.11770833333333333 0.010416666666666666 0.014583333333333334