0 0.18110744751251293 0.25227007398589146 0.004239396103867558 0.0042879042843271264
0 0.19559986904934512 0.25790273898103655 0.004239396103867558 0.0042879042843271264
0 0.18728471807531205 0.2566185970790489 0.004239396103867558 0.0042879042843271264
0 0.14791957305358144 0.24296683971127428 0.004239396103867558 0.0042879042843271264
0 0.20696729058617735 0.26344447576293617 0.004239396103867558 0.0042879042843271264
0 0.20903244156021045 0.2645467612384331 0.004239396103867558 0.0042879042843271264
0 0.19965744156021045 0.264273976598697 0.004239396103867558 0.0042879042843271264
0 0.13130745346481545 0.2393568892406324 0.004239396103867558 0.0042879042843271264
0 0.15307335930901408 0.2462433867333499 0.004239396103867558 0.0042879042843271264
0 0.10955972997991704 0.23142872508124815 0.004239396103867558 0.0042879042843271264
0 0.13752108874621496 0.2416220790004564 0.004239396103867558 0.0042879042843271264
0 0.23068925324860773 0.27768325873115063 0.004239396103867558 0.0042879042843271264
0 0.18922259253424356 0.2650125492212124 0.004239396103867558 0.0042879042843271264
0 0.20890516504510886 0.27183842790509977 0.004239396103867558 0.004287904284327245
0 0.12810972402761453 0.24343262769405366 0.004239396103867558 0.0042879042843271264
0 0.19958471212300957 0.26844064326536365 0.004239396103867558 0.0042879042843271264
0 0.12911502597568075 0.24554627043180213 0.004239396103867558 0.0042879042843271264
0 0.2140407689412413 0.27615664159384207 0.004239396103867558 0.004287904284327245
0 0.09802866720938279 0.23526198829934852 0.004239396103867558 0.0042879042843271264
0 0.20574380032650844 0.27383083302518774 0.004239396103867558 0.0042879042843271264
0 0.20574380032650844 0.27383083302518774 0.004239396103867558 0.0042879042843271264
0 0.22849682575947305 0.28387263992232037 0.004239396103867558 0.0042879042843271264
0 0.14355290043461227 0.2543039354269471 0.004239396103867558 0.0042879042843271264
0 0.1404460827939125 0.2531713405470351 0.004239396103867558 0.0042879042843271264
0 0.09483093777218189 0.23933772675276982 0.004239396103867558 0.0042879042843271264
0 0.1891134983784422 0.27126254922121246 0.004239396103867558 0.0042879042843271264
0 0.12798244751251295 0.25072429436072036 0.004239396103867558 0.0042879042843271264
0 0.1590506239195107 0.26205024315984066 0.004239396103867558 0.0042879042843271264
0 0.1517407748935438 0.2628797439956015 0.004239396103867558 0.0042879042843271264
0 0.11447714556444674 0.24824693876999043 0.004239396103867558 0.0042879042843271264
0 0.13415971807531205 0.2550728174538777 0.004239396103867558 0.0042879042843271264
0 0.19837940422264086 0.27778533386094856 0.004239396103867558 0.004287904284327245
0 0.12896956710127894 0.25387960376513546 0.004239396103867588 0.0042879042843271264
0 0.1828089513005415 0.27420569279472173 0.004239396103867558 0.004287904284327245
0 0.11961274946057916 0.2525651524587327 0.004239396103867558 0.0042879042843271264
0 0.22113242965560548 0.2878271407580812 0.004239396103867558 0.0042879042843271264
0 0.11133396320514652 0.2491976772234117 0.004239396103867558 0.0042879042843271264
0 0.16623319643037598 0.26851240899074647 0.004239396103867558 0.0042879042843271264
0 0.08750290638691476 0.24120889425519731 0.004239396103867558 0.0042879042843271264
0 0.23769000216647077 0.2945620912287231 0.004239396103867558 0.004287904284327245
0 0.14649607684161 0.26481153030685917 0.004239396103867558 0.0042879042843271264
0 0.1516680454563429 0.26704641066226814 0.004239396103867558 0.0042879042843271264
0 0.09678699459041364 0.24669001222826673 0.004239396103867558 0.0042879042843271264
0 0.18277258658194107 0.2762890261280551 0.00851515692633562 0.010659141901987586
0 0.1930983414521066 0.2818004535055396 0.004239396103867558 0.004287904284327245
0 0.25002636093276875 0.3043008040817046 0.004239396103867558 0.004287904284327245
0 0.14335289448230976 0.2657622687602805 0.004239396103867558 0.0042879042843271264
0 0.2521096942661021 0.30436142289053486 0.004239396103867558 0.0042879042843271264
0 0.17131425324860772 0.27595562267948875 0.004239396103867558 0.0042879042843271264
0 0.19927561201490568 0.286148976598697 0.004239396103867558 0.0042879042843271264
0 0.13087107684161 0.2643568892406324 0.004239396103867558 0.0042879042843271264
0 0.12672259253424356 0.26319398495630525 0.00851515692633562 0.010659141901987645
0 0.21062485119243768 0.2927323800472633 0.004239396103867558 0.0042879042843271264
0 0.15678546699317508 0.27240629101767705 0.00851515692633562 0.010659141901987586
0 0.17438470617070706 0.2791715508927341 0.004239396103867558 0.0042879042843271264
0 0.18577031006683947 0.28367162100796706 0.004239396103867558 0.004287904284327245
0 0.19613242965560546 0.2870997150521183 0.00851515692633562 0.010659141901987586
0 0.10395138474197871 0.2541938447258392 0.00851515692633562 0.010659141901987586
0 0.1091233533567116 0.25642872508124814 0.004239396103867558 0.0042879042843271264
0 0.09461274946057915 0.25183772675276983 0.004239396103867558 0.0042879042843271264
0 0.1453634983784422 0.26998955423577736 0.004239396103867558 0.0042879042843271264
0 0.17230137283737373 0.27911093208390386 0.004239396103867558 0.004287904284327245
0 0.2220104550885701 0.2972324501624963 0.004239396103867558 0.004287904284327245
0 0.21992712175523677 0.29717183135366615 0.00851515692633562 0.010659141901987586
0 0.23129454329206897 0.30271356813556577 0.004239396103867558 0.0042879042843271264
0 0.20748166883313743 0.2936831185006846 0.004239396103867558 0.0042879042843271264
0 0.16500970617070707 0.278898766252998 0.00851515692633562 0.010659141901987586
0 0.16192107088930754 0.27672450470641935 0.00851515692633562 0.010659141901987586
0 0.20024454924437146 0.2903459526697788 0.004239396103867558 0.0042879042843271264
0 0.11736577489354379 0.26187953364990246 0.004239396103867558 0.0042879042843271264
0 0.1888407629889388 0.28688754922121246 0.004239396103867558 0.0042879042843271264
0 0.12251956114897646 0.26515608067197804 0.004239396103867558 0.0042879042843271264
0 0.09971198863811112 0.2582392737748454 0.004239396103867558 0.0042879042843271264
0 0.2561127196990667 0.3138576605081953 0.004239396103867558 0.0042879042843271264
0 0.13390516504510888 0.269656150787211 0.004239396103867558 0.004287904284327245
0 0.14114228463387485 0.27299331661811693 0.004239396103867558 0.0042879042843271264
0 0.20329681980717054 0.2946035475496908 0.004239396103867558 0.004287904284327245
0 0.18154909632227215 0.2866753833903066 0.004239396103867558 0.0042879042843271264
0 0.13076198268580866 0.27060688924063236 0.00851515692633562 0.010659141901987586
0 0.23122181385486806 0.3068802348022324 0.004239396103867558 0.0042879042843271264
0 0.1566581904780735 0.27969795768434375 0.00851515692633562 0.010659141901987586
0 0.1628354610408726 0.2840464807775011 0.004239396103867558 0.0042879042843271264
0 0.11413168073774242 0.2680386054366571 0.004239396103867558 0.0042879042843271264
0 0.21046120995873566 0.30210738004726334 0.004239396103867558 0.0042879042843271264
0 0.26742559415799827 0.3225243972900949 0.004239396103867558 0.004287904284327245
0 0.23633923539170026 0.3122401151576414 0.004239396103867558 0.0042879042843271264
0 0.08819910822687713 0.2610308703262791 0.004239396103867558 0.0042879042843271264
0 0.19074227272926988 0.2973648346967093 0.00851515692633562 0.010659141901987586
0 0.0809438062788109 0.2587353711620399 0.004239396103867558 0.0042879042843271264
0 0.13065288853000728 0.2768568892406324 0.004239396103867558 0.0042879042843271264
0 0.18447409036996962 0.2982246449368853 0.00851515692633562 0.010659141901987586
0 0.1741301531405039 0.2937548842260674 0.00851515692633562 0.010659141901987586
0 0.15029909632227215 0.285766101257853 0.004239396103867558 0.0042879042843271264
0 0.14823394534823903 0.2846638157823561 0.004239396103867558 0.0042879042843271264
0 0.11921273755597417 0.2754818191253994 0.004239396103867558 0.0042879042843271264
0 0.14099682575947306 0.28132664995145024 0.00851515692633562 0.010659141901987586
0 0.16269000216647075 0.2923798141108344 0.004239396103867558 0.0042879042843271264
0 0.13160364340017283 0.28209553197838083 0.004239396103867558 0.004287904284327245
0 0.12332485714474016 0.27872805674305984 0.008515156926335591 0.010659141901987586
0 0.1419657629889388 0.28552362602253206 0.004239396103867558 0.004287904284327245
0 0.23518847456923223 0.3184598057532263 0.00851515692633562 0.010659141901987586
0 0.10570743560790798 0.2730044635346695 0.004239396103867558 0.004287904284327245
0 0.10987410227457463 0.27312570115233 0.008515156926335591 0.010659141901987586
0 0.1647551531405039 0.2934820995863313 0.00851515692633562 0.010659141901987586
0 0.11712940422264083 0.27542120031656914 0.004239396103867558 0.0042879042843271264
0 0.2455505941579982 0.3218878997973775 0.00851515692633562 0.010659141901987586
0 0.17921120995873566 0.30119809791480967 0.00851515692633562 0.010659141901987586
0 0.2651968019502631 0.3307971118145981 0.00851515692633562 0.010659141901987586
0 0.15223697078120366 0.29416005340001655 0.004239396103867558 0.0042879042843271264
0 0.20194605303240004 0.312281571478609 0.004239396103867558 0.0042879042843271264
0 0.08388698268580864 0.2692429660419519 0.004239396103867558 0.0042879042843271264
0 0.0952907689412413 0.2727013694905183 0.004239396103867558 0.004287904284327245
0 0.2703324058463955 0.3351153255033404 0.004239396103867558 0.004287904284327245
0 0.09834303950404039 0.27695896437043027 0.004239396103867558 0.0042879042843271264
0 0.09110591991527439 0.27362179853952445 0.004239396103867558 0.0042879042843271264
0 0.18018014718820138 0.30539507398589144 0.004239396103867558 0.004287904284327245
0 0.13666651785910436 0.2905804123337898 0.004239396103867558 0.004287904284327245
0 0.1915657510843338 0.3098951441011245 0.004239396103867558 0.0042879042843271264
0 0.0837960708893075 0.2744512993752853 0.004239396103867558 0.0042879042843271264
0 0.14596878842190344 0.2950198636401925 0.004239396103867558 0.0042879042843271264
0 0.10245515909280639 0.28020520198809074 0.00851515692633562 0.010659141901987586
0 0.19670135498046626 0.31421335778986675 0.004239396103867558 0.0042879042843271264
0 0.11798924729630525 0.2858681763876509 0.008515156926335591 0.010659141901987586
0 0.10654909632227214 0.2844931062724179 0.004239396103867558 0.0042879042843271264
0 0.20287862554326536 0.3185618808830242 0.004239396103867558 0.004287904284327245
0 0.09101500811877328 0.27883013187285777 0.004239396103867558 0.0042879042843271264
0 0.15523469426610206 0.3015426482799286 0.00851515692633562 0.010659141901987586
0 0.07750970617070706 0.27635277628212784 0.004239396103867558 0.0042879042843271264
0 0.08578849242613971 0.27972025151744884 0.004239396103867558 0.0042879042843271264
0 0.0816581904780735 0.277515680566455 0.004239396103867558 0.004287904284327245
0 0.09408546104087258 0.28204606008610317 0.00851515692633562 0.010659141901987586
0 0.12307030411453698 0.2933113900763932 0.004239396103867558 0.004287904284327245
0 0.20801422943939774 0.3228800945717664 0.00851515692633562 0.010659141901987586
0 0.1365028766254023 0.2999554123337898 0.004239396103867558 0.004287904284327245
0 0.1841649902618658 0.3159329782702186 0.00851515692633562 0.010659141901987586
0 0.14785211580293425 0.3065388157823561 0.004239396103867558 0.0042879042843271264
0 0.20276953138746395 0.32481188088302415 0.004239396103867558 0.004287904284327245
0 0.1623627196990667 0.3111298141108344 0.004239396103867558 0.0042879042843271264
0 0.08363242965560547 0.28382629937528525 0.004239396103867558 0.0042879042843271264
0 0.16753468831379958 0.3133646944662434 0.004239396103867558 0.0042879042843271264
0 0.1747354431839651 0.3187851936304825 0.00851515692633562 0.010659141901987586
0 0.0763407629889388 0.28361413354437937 0.004239396103867558 0.004287904284327245
0 0.14885741775100048 0.30865245852010453 0.004239396103867558 0.004287904284327245
0 0.1923528647207973 0.32450878683887296 0.00851515692633562 0.010659141901987586
0 0.13639378246960093 0.3062054123337898 0.00851515692633562 0.010659141901987586
0 0.08873166883313743 0.2902278463973609 0.004239396103867558 0.0042879042843271264
0 0.15709983928783267 0.3141032670887588 0.004239396103867558 0.0042879042843271264
0 0.1974521038983293 0.3309103338609486 0.004239396103867558 0.004287904284327245
0 0.11561499621416829 0.30247422424548737 0.008515156926335591 0.010659141901987586
0 0.1487119588765987 0.31698579185343784 0.00851515692633562 0.010659141901987586
0 0.23467936850882587 0.3476264724198929 0.00851515692633562 0.010659141901987586
0 0.09900287662540229 0.2988642737748454 0.00851515692633562 0.010659141901987586
0 0.2253225508681261 0.34631202111349013 0.004239396103867558 0.0042879042843271264
0 0.15488922943939773 0.32133431494659526 0.004239396103867558 0.0042879042843271264
0 0.14142029220993202 0.31677362602253206 0.004239396103867558 0.004287904284327245
0 0.09171120995873562 0.29865210794393954 0.004239396103867558 0.004287904284327245
0 0.07716424134400275 0.29614444294879455 0.008515156926335591 0.010659141901987586
0 0.19628316071656104 0.3381716911232001 0.00851515692633562 0.010659141901987586
0 0.21077558225339324 0.3438043561183451 0.00851515692633562 0.010659141901987586
0 0.10410211580293428 0.30526582079692105 0.004239396103867558 0.0042879042843271264
0 0.17345740584639552 0.3322965508927341 0.00851515692633562 0.010659141901987586
0 0.2148877018421592 0.34705059373600555 0.00851515692633562 0.010659141901987586
0 0.22833845671232475 0.3526529493267355 0.00851515692633562 0.010659141901987586
0 0.15792331764289663 0.3266335764931739 0.00851515692633562 0.010659141901987586
0 0.06780742370330299 0.2948299916423918 0.00851515692633562 0.010659141901987586
0 0.17760589015376194 0.33345945517706127 0.00851515692633562 0.010659141901987586
0 0.2842248095263202 0.37512299049848535 0.00851515692633562 0.010659141901987586
0 0.09571423539170025 0.30814834556160003 0.00851515692633562 0.010659141901987586
0 0.21998694101969118 0.3534521407580812 0.00851515692633562 0.010659141901987586
0 0.13400134902816374 0.3238531268582928 0.00851515692633562 0.010659141901987586
0 0.10914680790256555 0.3147923678189966 0.00851515692633562 0.010659141901987586
0 0.18270512933129393 0.3398610021991369 0.00851515692633562 0.010659141901987586
0 0.1287930156948304 0.3237015798362172 0.00851515692633562 0.010659141901987586
0 0.10081347456923222 0.31454989258367566 0.00851515692633562 0.010659141901987586
0 0.166020280305327 0.3404177183951616 0.00851515692633562 0.010659141901987586
0 0.1546346764091946 0.3359176482799286 0.004239396103867558 0.0042879042843271264
0 0.1981301233789914 0.35177397659869697 0.004239396103867558 0.0042879042843271264
0 0.19913542532705764 0.3538876193364454 0.00851515692633562 0.010659141901987586
0 0.18877330573829162 0.3504595252922942 0.00851515692633562 0.010659141901987586
0 0.08416499026186579 0.3130232754463671 0.008515156926335591 0.010659141901987586
0 0.21150814881195604 0.3615429988560936 0.012718188311602733 0.012863712852981497
0 0.13694452543516147 0.33436072173820486 0.00851515692633562 0.010659141901987586
0 0.31819979762171524 0.39903986751085097 0.008587886363536513 0.014825808568654253
0 0.17005967045689208 0.3478306226794887 0.00851515692633562 0.010659141901987586
0 0.20421648214528937 0.3613308330251877 0.00851515692633562 0.010659141901987586
0 0.30054601136628256 0.395399607635794 0.008515156926335503 0.010659141901987586
0 0.2881187408034835 0.39086922811614583 0.00851515692633562 0.010659141901987586
0 0.3057361623403157 0.39659282132453627 0.00851515692633562 0.010659141901987586
0 0.07263392749133155 0.3168565386644674 0.008515156926335591 0.010659141901987586
0 0.25388919967788526 0.38153568443711355 0.00851515692633562 0.010659141901987586
0 0.22799299188562044 0.3724446159934022 0.00851515692633562 0.010659141901987586
0 0.32843464069537964 0.40975962822166884 0.00851515692633562 0.010659141901987586
0 0.2818141937255828 0.39381237168965505 0.00851515692633562 0.010659141901987586
0 0.10160058820569574 0.32916353532142406 0.004239396103867558 0.004287904284327245
0 0.11611119210182815 0.3337545336499025 0.004239396103867558 0.0042879042843271264
0 0.07773316666886351 0.323258085686543 0.012718188311602733 0.012863712852981497
0 0.14195285281619233 0.3459706020936138 0.00851515692633562 0.010659141901987586
0 0.11708012933129391 0.3379515097209842 0.008515156926335591 0.010659141901987586
0 0.24133465259998463 0.38429697158413206 0.00851515692633562 0.010659141901987586
0 0.12327558225339323 0.34125836614747496 0.00851515692633562 0.010659141901987586
0 0.1542892115824903 0.35570931494659525 0.00851515692633562 0.010659141901987586
0 0.20191496050035335 0.37377021421635753 0.00851515692633562 0.010659141901987586
0 0.2993043387473134 0.4068276315647122 0.008515156926335503 0.010659141901987586
0 0.25166040747015017 0.3898083989616166 0.00851515692633562 0.010659141901987586
0 0.1594611801972232 0.3579441953020042 0.00851515692633562 0.010659141901987586
0 0.09313997835726082 0.3362127267527698 0.00851515692633562 0.010659141901987586
0 0.271306615262415 0.3987176109788372 0.008587886363536513 0.014825808568654253
0 0.11485133712355879 0.3462242242454874 0.004239396103867558 0.004287904284327245
0 0.2867497916694128 0.4095889187117307 0.004239396103867558 0.004287904284327245
0 0.31677630140974383 0.4208845581064359 0.008587886363536513 0.014825808568654253
0 0.09617406656075968 0.3415119882993485 0.004239396103867558 0.004287904284327245
0 0.27631494264344586 0.4103274913342461 0.00851515692633562 0.010659141901987586
0 0.34259977976480777 0.4341422932168139 0.012790917748803565 0.017030379519648163
0 0.14476875270808845 0.36376986364019254 0.00851515692633562 0.010659141901987586
0 0.3218391758686753 0.42936943846184483 0.008515156926335503 0.010659141901987586
0 0.281432364180278 0.4156873716896551 0.00851515692633562 0.010659141901987586
0 0.18195965259998464 0.38256933553247024 0.00851515692633562 0.010659141901987586
0 0.36113159145320506 0.4471878624962861 0.008515156926335503 0.010659141901987586
0 0.3155164464314744 0.43335424870202083 0.012718188311602792 0.012863712852981497
0 0.19745737608488306 0.39031564326536367 0.004239396103867558 0.0042879042843271264
0 0.33728235227567305 0.4402407461947383 0.00851515692633562 0.010659141901987586
0 0.13117253896352113 0.3665008413827959 0.00851515692633562 0.010659141901987586
0 0.12388087229685446 0.3662886755518901 0.008515156926335591 0.010659141901987586
0 0.1725664702406844 0.38333821755940073 0.00851515692633562 0.010659141901987586
0 0.2895656915613089 0.42738818025830944 0.00851515692633562 0.010659141901987586
0 0.3464755286826708 0.4509301975011411 0.00851515692633562 0.010659141901987586
0 0.16523843885541728 0.3852093850618283 0.00851515692633562 0.010659141901987586
0 0.19733009956978145 0.39760730993203036 0.00851515692633562 0.010659141901987586
0 0.2128641877732803 0.4032702843315905 0.00851515692633562 0.010659141901987586
0 0.2304816093101125 0.40899387753998084 0.00851515692633562 0.010659141901987586
0 0.11441496050035332 0.3712242242454874 0.008515156926335591 0.010659141901987586
0 0.3028891699163728 0.440282202515706 0.012718188311602792 0.012863712852981497
0 0.09988617424492068 0.36767489258367564 0.012718188311602733 0.012863712852981497
0 0.11956874675578598 0.374500771267563 0.012718188311602733 0.012863712852981497
0 0.3463846168861696 0.4561385308344744 0.008515156926335503 0.010659141901987586
0 0.2334611504357107 0.4174181390865596 0.00851515692633562 0.010659141901987586
0 0.3815285481633329 0.4727940505845885 0.012790917748803565 0.017030379519648163
0 0.2572012954574413 0.43061525538810735 0.00851515692633562 0.010659141901987586
0 0.26754523268690705 0.4350850160989252 0.00851515692633562 0.010659141901987586
0 0.18152327597677917 0.4075693355324702 0.00851515692633562 0.010659141901987586
0 0.07382632521895378 0.3679588241399643 0.004239396103867558 0.0042879042843271264
0 0.08312859578175287 0.3723982754463671 0.00851515692633562 0.010659141901987586
0 0.2829884090939048 0.4459563238318187 0.00851515692633562 0.010659141901987586
0 0.9510632960001575 0.6832142230129049 0.04060154545414605 0.05948509070110788
0 0.06445132521895378 0.36768603950022816 0.004239396103867573 0.004287904284327245
0 0.3295724913451012 0.4639869136971658 0.00851515692633562 0.010659141901987586
0 0.3689376363668318 0.47763867106494035 0.012718188311602674 0.012863712852981497
0 0.16902327597677919 0.40720562267948873 0.012718188311602733 0.012863712852981497
0 0.07269374675578598 0.37313684806888253 0.012718188311602733 0.012863712852981497
0 0.2529255346349733 0.43674401777044686 0.004239396103867558 0.004287904284327245
0 0.08819147024068438 0.380883155801776 0.008587886363536513 0.014825808568654253
0 0.8587913392900295 0.6555166860199592 0.05726821212081271 0.05997004117174972
0 0.3481770324706994 0.47286581630997127 0.012790917748803565 0.017030379519648163
0 0.2818376482714368 0.45217601442740357 0.012790917748803565 0.017030379519648163
0 0.17618766612834424 0.4147094551770613 0.00851515692633562 0.010659141901987586
0 0.06224071537051886 0.37491708735806467 0.012718188311602718 0.012863712852981497
0 0.20308917586867534 0.42591416635852103 0.012718188311602733 0.012863712852981497
0 0.25899371104197105 0.44734254086360425 0.00851515692633562 0.010659141901987586
0 0.045592231063152425 0.37339047022075605 0.008587886363536513 0.014825808568654253
0 0.26518916396407033 0.45064939729009496 0.00851515692633562 0.010659141901987586
0 0.16573463474307715 0.4164896944662434 0.012718188311602733 0.012863712852981497
0 0.4049959577955601 0.5016161668861362 0.012790917748803565 0.017030379519648163
0 0.1698467543318431 0.41973593208390386 0.004239396103867558 0.004287904284327245
0 0.28682779329316743 0.4648275614494792 0.004239396103867558 0.0042879042843271264
0 0.19875886796830664 0.4351679287408606 0.012718188311602733 0.012863712852981497
0 0.10036418777328032 0.3999968686547574 0.012718188311602733 0.012863712852981497
0 0.0630641937255828 0.38744739676247975 0.012718188311602718 0.012863712852981497
0 0.17390432684270843 0.4261071697015643 0.008587886363536513 0.014825808568654253
0 0.1946285660202404 0.4329633577898668 0.00851515692633562 0.010659141901987586
0 0.07236646428838191 0.3918868480688825 0.012718188311602733 0.012863712852981497
0 0.4649035184018205 0.53254077900888 0.008587886363536513 0.014825808568654253
0 0.1655709935093751 0.4258646944662434 0.008587886363536513 0.014825808568654253
0 0.09411418777328032 0.3998150122282667 0.00851515692633562 0.010659141901987586
0 0.28573157954860007 0.467922252045064 0.00851515692633562 0.010659141901987586
0 0.1489588739206091 0.4222547439956015 0.008587886363536513 0.014825808568654253
0 0.2701429442672005 0.4653842776455039 0.012718188311602792 0.012863712852981497
0 0.11270054653957828 0.4097355815077389 0.012718188311602733 0.012863712852981497
0 0.307442938314898 0.47793374953778156 0.012790917748803565 0.017030379519648163
0 0.29909142262226446 0.47873294096912733 0.012790917748803565 0.017030379519648163
0 0.04740282900698235 0.38907608902958635 0.012718188311602718 0.012863712852981497
0 0.3498421715401275 0.49688476845213486 0.012790917748803565 0.017030379519648163
0 0.8770322332296232 0.685228921966098 0.04465911796501132 0.05335632831876846
0 0.2317103717563352 0.45801282968214446 0.00851515692633562 0.010659141901987586
0 0.19132174242723815 0.4432890962432881 0.012718188311602733 0.012863712852981497
0 0.038978583877147886 0.3940419471275986 0.012790917748803624 0.017030379519648163
0 0.39525731060955566 0.5221767155797336 0.012790917748803565 0.017030379519648163
0 0.2947611147218957 0.4879867033514668 0.008587886363536513 0.014825808568654253
0 0.1973535541156354 0.4559709526697787 0.00851515692633562 0.010659141901987586
0 0.4086353360425202 0.5319457378371301 0.012790917748803565 0.017030379519648163
0 0.2739095990292622 0.48842218192983106 0.012718188311602792 0.012863712852981497
0 0.31638156169169257 0.5032065341775176 0.012790917748803565 0.017030379519648163
0 0.4944936515189461 0.5688364184035851 0.012790917748803565 0.017030379519648163
0 0.2583209637478626 0.4858842075302709 0.00851515692633562 0.010659141901987586
0 0.4841133495708798 0.5664499910261006 0.012790917748803565 0.017030379519648163
0 0.6890905844198639 0.6453679197669612 0.03819092965340853 0.04067447189227759
0 0.17016112662650074 0.46143290815498567 0.012718188311602674 0.012863712852981497
0 0.30585580086922454 0.5091534401333664 0.012790917748803683 0.017030379519648163
0 0.5202262180775089 0.5873024868472965 0.012790917748803565 0.017030379519647927
0 0.2726497440509928 0.500891872525416 0.012790917748803565 0.017030379519648163
0 0.2042997559555978 0.4759747851673513 0.008587886363536513 0.014825808568654253
0 0.23631868723276106 0.49253937670422004 0.008587886363536513 0.014825808568654253
0 0.24772247348819368 0.49599778015278645 0.012790917748803624 0.017030379519648163
0 0.17206263636683178 0.47191019363048253 0.00851515692633562 0.010659141901987586
0 0.22588383820679414 0.4932779493267355 0.012718188311602674 0.012863712852981497
0 0.262142165587825 0.5057971118145981 0.014983345237938294 0.023340998328478454
0 0.46618682792594385 0.5784347311510435 0.012790917748803683 0.017030379519648163
0 0.08914749729740366 0.4455271079439395 0.012790917748803624 0.017030379519648163
0 0.2869967067134232 0.5148578708538943 0.012790917748803565 0.017030379519648163
0 0.1813103598517302 0.47947464493688524 0.008587886363536513 0.014825808568654253
0 0.1419452148299996 0.4658228875691107 0.008587886363536513 0.014825808568654253
0 0.07145734632337056 0.4439701814022159 0.012718188311602733 0.012863712852981497
0 0.03313386796830662 0.4303487334388564 0.012790917748803624 0.017030379519648163
0 0.2692883733800899 0.5143426109788372 0.012790917748803565 0.017030379519648163
0 0.6482473961082612 0.6566858529947714 0.019150011904604962 0.023462235946138794
0 0.11996112067419823 0.47143639007639315 0.008515156926335591 0.010659141901987586
0 0.6626670882078927 0.6664851846565831 0.04889851406887876 0.057644232603095466
0 0.29909669480881823 0.5381382503735423 0.012790917748803565 0.017030379519648163
0 0.3953716769519107 0.5753320249841487 0.008587886363536513 0.014825808568654253
0 0.5165921120171025 0.6163782253007177 0.027883357142543256 0.046621377848126616
0 0.6097420941601951 0.6534810716980786 0.04465911796501132 0.05335632831876846
0 0.5983201255454621 0.6510643349161789 0.027810627705342483 0.04245471118145995
0 0.6324951195931596 0.6635228785952113 0.025509106060406357 0.029894092372629664
0 0.12188081277382953 0.48087200888522347 0.012790917748803624 0.017030379519648163
0 0.5289284707834006 0.6261169381536992 0.042539419913077484 0.05121237617660483
0 0.25231260660531935 0.5315659938415286 0.014983345237938294 0.023340998328478336
0 0.8530428073642432 0.7460204484022986 0.042830337661881164 0.0678790428432715
0 0.38172091612944276 0.581188002726752 0.012790917748803565 0.017030379519647927
0 0.29785502218984905 0.5495662743024606 0.012790917748803683 0.017030379519648163
0 0.17966867532815606 0.5138193355324702 0.014983345237938294 0.023340998328478336
0 0.47169135119463446 0.6213249209108676 0.012790917748803565 0.017030379519648163
0 0.44789665909500326 0.6112528046093199 0.036289419913077596 0.05103051975011397
0 0.6218238998962898 0.6778031178843934 0.027701533549541087 0.03620471118145995
0 0.27163153193018014 0.5592252058587494 0.012790917748803565 0.017030379519648163
0 0.3098640984887429 0.578054987155442 0.014983345237938294 0.023340998328478215
0 0.3678337846360717 0.6005856471360221 0.012790917748803565 0.017030379519648163
0 0.23727471428948033 0.5571833288463836 0.00851515692633562 0.010659141901987823
0 0.7437769015200445 0.736587960938711 0.06826671428508652 0.0936064685492345
0 0.262165620133679 0.5641607545523466 0.01907728246740407 0.019295569279472128
0 0.09949670671342317 0.5094021780591725 0.008587886363536513 0.014825808568654253
0 0.46403603734196336 0.641946088413295 0.025509106060406357 0.029894092372629664
0 0.09216867532815606 0.5112733455616001 0.014983345237938324 0.023340998328478336
0 0.47637239610826126 0.6516848012662765 0.019150011904604962 0.023462235946138794
0 0.22981940638911164 0.5663461630154778 0.01713940800847252 0.027568283803975174
0 0.8139920346371702 0.7740656671056059 0.059497004328547834 0.06836399331391334
0 0.27742697294767443 0.5854487289519066 0.014983345237938294 0.023340998328478215
0 0.191441380956147 0.5558497150521184 0.014983345237938294 0.023340998328478215
0 0.41410876677916425 0.6363245703347026 0.01907728246740407 0.019295569279472128
0 0.33746181006903636 0.6090816744079837 0.021306074675139303 0.027689521421635752
0 0.24833303571820867 0.5804333989616166 0.021306074675139244 0.027689521421635752
0 0.5331185919959212 0.6846018185091082 0.048971243506079766 0.06181089926976213
0 0.20366864556664357 0.5718384279050996 0.014983345237938294 0.023340998328478215
0 0.35063982954969847 0.6303090299987135 0.019150011904604962 0.023462235946138794
0 0.3878307294415946 0.6491085018909912 0.021306074675139303 0.027689521421635752
0 0.3670701255454622 0.6443356471360222 0.05310154545414605 0.05984880355408938
0 0.3121345276016323 0.6271042487020208 0.04487730627661411 0.06585632831876846
0 0.2924155903721665 0.6223617033514669 0.012790917748803565 0.017030379519647927
0 0.28172618831599644 0.6376836093073156 0.01713940800847252 0.027568283803975174
0 0.31975874892225675 0.6679717239373417 0.025509106060406357 0.029894092372629664
0 0.6758738344209625 0.8054814923894766 0.07243338095175318 0.09372770616689484
0 0.1858383079047624 0.6380201441011245 0.019150011904604962 0.023462235946138794
0 0.21069284903036062 0.6470809031404207 0.019150011904604962 0.023462235946138794
0 0.14426255303459687 0.6315994345911863 0.04465911796501132 0.05335632831876846
0 0.009092260824664885 0.652507664995145 0.01818452164932977 0.04668199665695667
0 0.10366627976700463 0.7481863199611603 0.0680485259734839 0.08110646854923449
0 0.29406018128265543 0.826679917040209 0.10214551839742671 0.12582636949051818
0 0.025619281390759262 0.8011517573677746 0.03402426298674195 0.04055323427461701
0 0.10886352813995466 0.2116067490101664 0.004239396103867558 0.0042879042843271264
0 0.10365519480662133 0.21145520198809079 0.004239396103867558 0.0042879042843271264
0 0.16992184956868303 0.23631167053732519 0.004239396103867558 0.0042879042843271264
0 0.18331805736094786 0.2450390261280551 0.004239396103867558 0.0042879042843271264