0 0.5928853055337567 0.17291666666666666 0.004287904284327245 0.004166666666666667
0 0.7214457841121209 0.19375 0.006492475235321157 0.008333333333333333
0 0.5439269722004234 0.17291666666666666 0.004287904284327245 0.004166666666666667
0 0.6051125208940206 0.18229166666666666 0.006492475235320919 0.008333333333333333
0 0.6973965225655422 0.196875 0.004287904284327245 0.004166666666666667
0 0.5698474012494295 0.17708333333333334 0.006492475235320919 0.008333333333333333
0 0.494108828626914 0.16666666666666666 0.008515189759823964 0.00625
0 0.6465064029209511 0.19166666666666668 0.004287904284327245 0.004166666666666667
0 0.6277867123253661 0.190625 0.004287904284327245 0.004166666666666667
0 0.7211123806635545 0.20520833333333333 0.010719760710817875 0.010416666666666666
0 0.5863322114896055 0.18333333333333332 0.004287904284327245 0.004166666666666667
0 0.7106047857836425 0.20833333333333334 0.006492475235320919 0.008333333333333333
0 0.7334002148326487 0.2125 0.006674331661811787 0.014583333333333334
0 0.6960820712591395 0.20625 0.004287904284327245 0.004166666666666667
0 0.7499456438816549 0.21666666666666667 0.010719760710817875 0.010416666666666666
0 0.6358775704233786 0.19895833333333332 0.004287904284327245 0.004166666666666667
0 0.5166617824405992 0.17916666666666667 0.006492475235320919 0.008333333333333333
0 0.5518965926807752 0.18541666666666667 0.00667433166181155 0.014583333333333334
0 0.5673700456586995 0.190625 0.004287904284327245 0.004166666666666667
0 0.46886635339159305 0.175 0.008515189759823964 0.00625
0 0.601593498636624 0.19583333333333333 0.004287904284327245 0.004166666666666667
0 0.6420366422101332 0.20208333333333334 0.004287904284327245 0.004166666666666667
0 0.7643168113840825 0.22395833333333334 0.010901617137308505 0.016666666666666666
0 0.6107866422101332 0.20208333333333334 0.006674331661811787 0.014583333333333334
0 0.531983688396448 0.18958333333333333 0.010719760710817875 0.010416666666666666
0 0.5515328798277938 0.19791666666666666 0.004287904284327245 0.004166666666666667
0 0.5857563328057183 0.203125 0.004287904284327245 0.004166666666666667
0 0.6707789772149882 0.21666666666666667 0.010719760710817875 0.010416666666666666
0 0.7847864318644343 0.23645833333333333 0.013227425705962996 0.025
0 0.4342488781562721 0.18333333333333332 0.010901617137308623 0.016666666666666666
0 0.6509570011439064 0.21770833333333334 0.006492475235320919 0.008333333333333333
0 0.5545063328057183 0.203125 0.004287904284327245 0.004166666666666667
0 0.71937359769534 0.22916666666666666 0.017272854754969084 0.020833333333333332
0 0.7442523600776796 0.23333333333333334 0.008515189759823964 0.00625
0 0.49638516530329063 0.19583333333333333 0.006492475235320919 0.008333333333333333
0 0.7327940267443462 0.23333333333333334 0.006674331661811787 0.014583333333333334
0 0.6913092165041703 0.22708333333333333 0.010719760710817875 0.010416666666666666
0 0.7006539070997552 0.228125 0.010901617137308505 0.016666666666666666
0 0.5181692370900453 0.19895833333333332 0.010719760710817875 0.010416666666666666
0 0.6248850250728246 0.21875 0.008515189759824201 0.00625
0 0.48180183196995735 0.19583333333333333 0.004287904284327245 0.004166666666666667
0 0.6839872404330886 0.228125 0.008515189759823964 0.00625
0 0.5989039772149882 0.21666666666666667 0.004287904284327245 0.004166666666666667
0 0.47647226101896345 0.2 0.008515189759824082 0.00625
0 0.6350592165041704 0.22708333333333333 0.004287904284327245 0.004166666666666667
0 0.5292032387615669 0.21354166666666666 0.010719760710817875 0.010416666666666666
0 0.3705253550631147 0.18958333333333333 0.010901617137308623 0.016666666666666666
0 0.5820554541218308 0.22291666666666668 0.006492475235320919 0.008333333333333333
0 0.38391547470770576 0.19479166666666667 0.006674331661811668 0.014583333333333334
0 0.4316199755434666 0.20208333333333334 0.010719760710817875 0.010416666666666666
0 0.6068735976953401 0.22916666666666666 0.017151617137308506 0.016666666666666666
0 0.7850703634207229 0.2625 0.013106188088302417 0.020833333333333332
0 0.6802863617492013 0.24791666666666667 0.010901617137308505 0.016666666666666666
0 0.4189987379258061 0.20625 0.010901617137308505 0.016666666666666666
0 0.3971540473302212 0.20520833333333333 0.010901617137308623 0.016666666666666666
0 0.4790516917394913 0.21875 0.006492475235320919 0.008333333333333333
0 0.5432713122198431 0.23125 0.004287904284327245 0.004166666666666667
0 0.37739269006796966 0.20416666666666666 0.010719760710817875 0.010416666666666666
0 0.46551002507282463 0.21875 0.006492475235320919 0.008333333333333333
0 0.4384873105483216 0.21666666666666667 0.006492475235320919 0.008333333333333333
0 0.806460412950081 0.2791666666666667 0.013106188088302417 0.020833333333333332
0 0.3998244062639944 0.22083333333333333 0.010901617137308623 0.016666666666666666
0 0.573975742940371 0.25 0.017151617137308506 0.016666666666666666
0 0.2784040473302212 0.20520833333333333 0.017151617137308624 0.016666666666666666
0 0.38407816864633393 0.225 0.010719760710817875 0.010416666666666666
0 0.31452897721498824 0.21666666666666667 0.010901617137308505 0.016666666666666666
0 0.49079395662911324 0.24479166666666666 0.013227425705962996 0.025
0 0.3020289772149882 0.21666666666666667 0.013106188088302417 0.020833333333333332
0 0.5156121002026226 0.25104166666666666 0.013106188088302417 0.020833333333333332
0 0.45853259936686175 0.24375 0.013106188088302417 0.020833333333333332
0 0.4812674096070377 0.25 0.010901617137308505 0.016666666666666666
0 0.6751801035456658 0.28020833333333334 0.023825948799120294 0.03125
0 0.41588488484235864 0.24166666666666667 0.013106188088302417 0.020833333333333332
0 0.3889227891266858 0.2375 0.010901617137308505 0.016666666666666666
0 0.32666526436200677 0.22916666666666666 0.010901617137308505 0.016666666666666666
0 0.3473773600776796 0.23333333333333334 0.010901617137308623 0.016666666666666666
0 0.23110471566840954 0.21979166666666666 0.010901617137308623 0.016666666666666666
0 0.19372595328606998 0.215625 0.010901617137308623 0.016666666666666666
0 0.39376740960703766 0.25 0.017272854754969084 0.020833333333333332
0 0.24860088317083703 0.22708333333333333 0.017394092372629545 0.025
0 0.6083315804525086 0.2864583333333333 0.021621377848126618 0.027083333333333334
0 0.22948717031785557 0.23958333333333334 0.017394092372629545 0.025
0 0.8006570384449978 0.33541666666666664 0.047591278789410295 0.06041666666666667
0 0.43758917533242053 0.2833333333333333 0.021621377848126382 0.027083333333333334
0 0.08493797888650986 0.23125 0.017394092372629573 0.025
0 0.383483127474584 0.28125 0.032098663323623336 0.029166666666666667
0 0.7078880863028342 0.3375 0.03454570950993817 0.041666666666666664
0 0.13650605234478613 0.24895833333333334 0.030075948799120292 0.03125
0 0.636194942729325 0.33125 0.04115942236291967 0.05416666666666667
0 0.7522554213076892 0.35208333333333336 0.03478818474525909 0.05
0 0.28768010354566587 0.28020833333333334 0.030197186416780753 0.035416666666666666
0 0.8475128759571352 0.371875 0.03711399331391334 0.058333333333333334
0 0.3826041547465456 0.31145833333333334 0.030197186416780753 0.035416666666666666
0 0.8609747613271092 0.41041666666666665 0.056470181402215755 0.07916666666666666
0 0.25632001284455797 0.31979166666666664 0.04955337450508317 0.05625
0 0.4812402315478651 0.35833333333333334 0.035394372833561505 0.07083333333333333
0 0.6740809494154116 0.38958333333333334 0.03466694712759875 0.04583333333333333
0 0.28916839570724934 0.33645833333333336 0.030075948799120292 0.03125
0 0.3959448024988589 0.3541666666666667 0.03478818474525909 0.05
0 0.5015583050061415 0.37604166666666666 0.04801561045122208 0.075
0 0.1800661803469854 0.32708333333333334 0.047591278789410295 0.06041666666666667
0 0.3352553511924562 0.36354166666666665 0.07742475235320967 0.08333333333333333
0 0.03649803677347614 0.32083333333333336 0.03478818474525913 0.05
0 0.9143645303955351 0.47291666666666665 0.05175794545607696 0.06041666666666667
0 0.5613001492043654 0.4708333333333333 0.08476589091215393 0.12083333333333333
0 0.5213834124224658 0.4822916666666667 0.048500560921863924 0.09166666666666666
0 0.7070648481575585 0.5447916666666667 0.0673717985395245 0.09583333333333334
0 0.2559402688489565 0.47604166666666664 0.07649317638765088 0.12291666666666666
0 0.11419382088559703 0.5145833333333333 0.09965231828963855 0.13125
0 0.8606173111646128 0.6375 0.06969760710817875 0.10416666666666667