0 0.3459730276803289 0.14711486434907692 0.030694674575332096 0.03885845933264266
0 0.5702320184535525 0.11389292417705761 0.03962223320647974 0.053829923903873936
0 0.3040286983013283 0.16387569175485014 0.03711445323185044 0.04331622442773278
0 0.8431522299112025 0.07565958836102185 0.041281119898517224 0.04351029004668172
0 0.4560501370339588 0.14392426991789084 0.03711445323185044 0.04331622442773278
0 0.8040357878832948 0.08527429831434014 0.0415357878832945 0.04976029004668172
0 0.15559915087412327 0.19543099613935452 0.04153578788329468 0.04976029004668175
0 0.4788394697082367 0.14186663082211007 0.02635822925214697 0.03449772704702703
0 0.2661237015966055 0.17770558477957235 0.03945245454996128 0.04966325723720726
0 0.5346225784028111 0.1330281833445876 0.0394524545499614 0.049663257237207235
0 0.37360814164734696 0.16191795753891178 0.032947786565183775 0.04312215880878381
0 0.6979750164763862 0.11048544195973792 0.0415357878832945 0.04976029004668175
0 0.08907926813641855 0.22144409649810068 0.039452454549961345 0.04966325723720726
0 0.4365325882886429 0.17524560848981274 0.0394524545499614 0.04966325723720726
0 0.48311047563973575 0.1701371800363218 0.041535787883294734 0.04976029004668175
0 0.04028716866862038 0.2742751259993093 0.03711445323185044 0.04331622442773278
0 0.1519382753860285 0.25868156437759776 0.04153578788329468 0.04976029004668175
0 0.27583471411865906 0.237420199612733 0.04395867852966475 0.05819065618948957
0 0.19118205140632505 0.25219185442427944 0.03945245454996128 0.04966325723720726
0 0.3246657134596036 0.2365754706353832 0.03711445323185044 0.04331622442773278
0 0.556004147578846 0.1984848119631912 0.03711445323185056 0.04331622442773278
0 0.6551128096321245 0.18126738681796611 0.03711445323185056 0.04331622442773278
0 0.23284871807299176 0.254132510613769 0.032947786565183775 0.04312215880878381
0 0.7470995836752548 0.16787701350624698 0.039452454549961165 0.04966325723720726
0 0.36412171280054817 0.23529409401539825 0.0332024545499614 0.04937215880878381
0 0.803307139011125 0.1694552326953912 0.03962223320647951 0.053829923903873936
0 0.6174200362480498 0.2003056131760216 0.03962223320647951 0.053829923903873936
0 0.4210083827624921 0.2535389798712091 0.03962223320647974 0.053829923903873936
0 0.1289950692008222 0.3335103209258334 0.04153578788329468 0.04976029004668163
0 0.1621586238776372 0.33089617921075837 0.039452454549961345 0.049663257237207145
0 0.5082731647142876 0.2773575081310665 0.03694467457533198 0.039149557761066114
0 0.2461940665646004 0.32649267466114135 0.03711445323185044 0.04331622442773278
0 0.21532606854176675 0.3344121825190242 0.03902800790866537 0.0392465905705406
0 0.028354854447895088 0.36417237992825074 0.029035787883294677 0.04917809318983484
0 0.5395656093784172 0.27985466693985034 0.0394524545499614 0.04966325723720726
0 0.6987513807853257 0.2571178599360517 0.0415357878832945 0.04976029004668175
0 0.31785684324395247 0.32463197325467746 0.04804045586807225 0.05630138847510509
0 0.2878607332312671 0.3284333308506309 0.032947786565183775 0.04312215880878381
0 0.609145052724436 0.27789693272391197 0.03962223320647974 0.053829923903873936
0 0.676259160759955 0.26646716569849915 0.04395867852966475 0.05819065618948951
0 0.3499362865899711 0.32092764846819855 0.030694674575332096 0.03885845933264266
0 0.06606707776854306 0.37112730383212467 0.03052489591881368 0.034691792665975996
0 0.3893922859309157 0.3196462718482136 0.03902800790866531 0.0392465905705406
0 0.5897778326990651 0.2873917877005711 0.03294778656518389 0.04312215880878381
0 0.8650784901389557 0.2565471513606765 0.0415357878832945 0.04976029004668175
0 0.9293647108233818 0.2522635017877186 0.041281119898517224 0.04351029004668169
0 0.9493686008106965 0.25839364681105953 0.03137378920140558 0.05552512599930933
0 0.020060420987708136 0.41577054921421175 0.007353561267369457 0.027374431761756787
0 0.38450051518306266 0.35268850675312347 0.041535787883294734 0.04976029004668163
0 0.8265987180729918 0.2817868613139948 0.039452454549961165 0.04966325723720726
0 0.4952372892261929 0.34017142872667466 0.03711445323185044 0.04331622442773266
0 0.34980540780659913 0.3687472823253907 0.032947786565183775 0.04312215880878381
0 0.06606353297755985 0.4220719376893169 0.04153578788329468 0.04976029004668175
0 0.24465896907396859 0.39088194237552576 0.030355117262295294 0.030525125999309448
0 0.4687481811906739 0.35349333553683976 0.03711445323185044 0.04331622442773278
0 0.2687870810638203 0.3961644863511489 0.04804045586807225 0.056301388475105206
0 0.1976336403540234 0.41052518775761276 0.039452454549961345 0.049663257237207145
0 0.6139023998979337 0.3436189655333865 0.04378889987314641 0.054023989522822904
0 0.15760286565183773 0.4232163813061938 0.039452454549961345 0.04966325723720726
0 0.5521239591881368 0.3584163145824855 0.0394524545499614 0.04966325723720726
0 0.11436220162139285 0.43367869230722983 0.039792011862998085 0.0579965905705406
0 0.6534857332312671 0.3454625889134015 0.0332024545499614 0.04937215880878381
0 0.5742111825087849 0.3646434924153008 0.039452454549961165 0.049663257237207145
0 0.7623089525975824 0.33701514474414485 0.0394524545499614 0.049663257237207145
0 0.7935165079334527 0.33742897021959534 0.0394524545499614 0.049663257237207145
0 0.7223206225595262 0.35074800495939257 0.04378889987314641 0.054023989522822904
0 0.675997403193211 0.3621064334128835 0.041535787883294734 0.04976029004668175
0 0.03176987751483582 0.4734988635235135 0.026528007908665392 0.03866439371369369
0 0.2027959842322439 0.4606707369718245 0.03962223320647974 0.05382992390387382
0 0.5170008603793941 0.41500305734527826 0.04378889987314641 0.054023989522822786
0 0.23100587356050314 0.46406401323306323 0.022021783928961963 0.03013699476141151
0 0.32807364694457786 0.4477912219450303 0.04378889987314641 0.054023989522822786
0 0.12065110149453924 0.4859560912595121 0.03711445323185044 0.04331622442773266
0 0.04441666144379779 0.5031992106422898 0.04153578788329468 0.04976029004668163
0 0.4173174229648745 0.44363029941909954 0.03711445323185056 0.04331622442773278
0 0.06724843878220527 0.5021832382131757 0.03320245454996134 0.04937215880878381
0 0.10160044405464888 0.5287357631647673 0.04378889987314638 0.054023989522822904
0 0.18745046575390398 0.10958055390042061 0.03685978524707287 0.03706622442773278
0 0.21633410610792742 0.5122460840906008 0.024105117262295295 0.030234027570885995
0 0.32685865683040966 0.49452067273081857 0.023850449277517782 0.023984027570885993
0 0.17305099741335292 0.5216667284249702 0.039792011862998085 0.0579965905705406
0 0.2847021041307611 0.5060731668032585 0.02635822925214697 0.03449772704702703
0 0.38714798950468754 0.49420962420557846 0.032947786565183775 0.04312215880878381
0 0.15177022271116725 0.5352312172588215 0.039452454549961345 0.049663257237207145
0 0.4904657628887623 0.4782279313459689 0.03962223320647974 0.053829923903873936
0 0.4151881001764283 0.49343623380015056 0.03694467457533198 0.039149557761066114
0 0.2045556653981305 0.5293722205670873 0.03711445323185044 0.04331622442773278
0 0.29237577277459403 0.5157877816364193 0.03328734387822057 0.05145549214211715
0 0.9047360784275985 0.4133080096456015 0.03711445323185056 0.04331622442773278
0 0.24396922007494545 0.5270491772804357 0.033202454549961284 0.04937215880878369
0 0.5593095606083139 0.049963126272493046 0.039452454549961165 0.049663257237207235
0 0.5920397602525405 0.4704825390102183 0.0394524545499614 0.049663257237207145
0 0.33720988410539027 0.518915653706787 0.0394524545499614 0.049663257237207145
0 0.8557123057025792 0.4349375555515474 0.04378889987314641 0.054023989522822904
0 0.040435678579239485 0.5841095958091292 0.029120677211553862 0.051261426523168056
0 0.3935217787060931 0.5485703564911941 0.04395867852966475 0.05819065618948969
0 0.8117889822550776 0.4796778337431089 0.036859785247072806 0.03706622442773278
0 0.5237531067669828 0.5296834234880861 0.03962223320647974 0.05382992390387382
0 0.4825533314057417 0.5392011006319298 0.04395867852966475 0.05819065618948969
0 0.2223453432687398 0.5832249666381457 0.030694674575332096 0.03885845933264278
0 0.5790038847644458 0.5332964596058264 0.039452454549961165 0.04966325723720726
0 0.015359697642272801 0.14731164764263516 0.02070245454996134 0.048789961951936966
0 0.6143356621028533 0.5328626840335592 0.041281119898517224 0.04351029004668175
0 0.7703964335097616 0.5099803278155488 0.039452454549961165 0.04966325723720726
0 0.6795362154615573 0.5255025508653385 0.04378889987314641 0.054023989522822786
0 0.7281125468177243 0.5184078218879887 0.04378889987314641 0.054023989522822904
0 0.6558749947771311 0.5316783402230487 0.04395867852966475 0.05819065618948945
0 0.8088956555122988 0.5107337681241599 0.039452454549961165 0.049663257237207145
0 0.8565576541941878 0.5067155227420729 0.0394524545499614 0.04966325723720726
0 0.3718130125716283 0.602662812515571 0.039792011862998085 0.057996590570540484
0 0.7825463346514442 0.04268581995766594 0.03592600263622169 0.014149557761066101
0 0.4774263426096843 0.5919864857987692 0.036859785247072806 0.037066224427732664
0 0.09132347173497776 0.6592580170937088 0.03711445323185044 0.04331622442773266
0 0.13611513840164444 0.6613442224974101 0.03320245454996134 0.04937215880878369
0 0.184733914421941 0.6552911601867268 0.03945245454996128 0.049663257237207145
0 0.5256401219252582 0.6015099070833488 0.0394524545499614 0.04966325723720739
0 0.4329087938643685 0.6221434306569974 0.041535787883294734 0.04976029004668163
0 0.6694555613169442 0.5842953540084915 0.03962223320647974 0.053829923903874054
0 0.46066778986046103 0.0786388847510515 0.0394524545499614 0.049663257237207235
0 0.494239793205313 0.6218808985364944 0.04378889987314641 0.054023989522822786
0 0.6377156752839622 0.5963330121283038 0.04395867852966475 0.05819065618948969
0 0.5696023452459061 0.608755929415646 0.0332024545499614 0.04937215880878369
0 0.7782787806832594 0.575847909839235 0.041535787883294734 0.04976029004668163
0 0.7052117852966476 0.5942782451028912 0.04395867852966475 0.05819065618948969
0 0.9554275534082789 0.5601858817159695 0.045787343878220574 0.05203768899896393
0 0.9962206060831401 0.5532367019528314 0.007558787833719786 0.05751142652316806
0 0.08393991898575442 0.1463470636886262 0.032947786565183775 0.04312215880878381
0 0.5042055665398131 0.07546824041668218 0.02644311858040614 0.03658106038036039
0 0.13502748227986494 0.7111986732831982 0.030524895918813695 0.034691792665976114
0 0.18381603695667995 0.7093122776391818 0.03962223320647974 0.05382992390387382
0 0.18383912451190523 0.07198352109094612 0.02159733728766599 0.019720328094744784
0 0.09837637556245685 0.7302854160459911 0.04153578788329468 0.04976029004668163
0 0.6531673518364606 0.6438387253898881 0.036944674575332216 0.039149557761065996
0 0.24353059426971668 0.7204110460425377 0.052207122534738915 0.05649545409405406
0 0.5584800244346264 0.6675002161540621 0.039452454549961165 0.04966325723720739
0 0.9788730059810737 0.5997463928821181 0.0394524545499614 0.04966325723720739
0 0.7494252246387589 0.04634162833940765 0.03635044927751778 0.024566224427732767
0 0.6339699104676083 0.6575002470332137 0.039452454549961165 0.04966325723720739
0 0.5938966911012931 0.6691497739151282 0.03962223320647951 0.05382992390387382
0 0.7291241291748681 0.6452970896023731 0.03328734387822057 0.051455492142117025
0 0.9171794545995361 0.6166270752645505 0.03294778656518389 0.043122158808783694
0 0.7664543505183498 0.6428770135062469 0.0394524545499614 0.04966325723720739
0 0.28732303893384625 0.7234904017081685 0.03711445323185044 0.04331622442773266
0 0.3339009262849391 0.7183819732546776 0.030694674575332096 0.03885845933264278
0 0.44759292167155096 0.7018437777757737 0.03711445323185044 0.04331622442773266
0 0.9598028986046102 0.6165329145254439 0.039792011862998085 0.05799659057054072
0 0.8007444611900906 0.6423947215292425 0.0394524545499614 0.04966325723720739
0 0.9437729018998875 0.631381652049648 0.04646645850429394 0.0687043556656306
0 0.8638811311520345 0.6609307058134768 0.03694467457533198 0.039149557761065996
0 0.881462223320648 0.04625321174103691 0.03792444664129609 0.012163257237207237
0 0.03566070027849459 0.16073345933264266 0.039452454549961345 0.04966325723720726
0 0.23198382681714094 0.7687386661142869 0.04378889987314641 0.05402398952282302
0 0.11946083208958452 0.788450377997928 0.039452454549961345 0.04966325723720739
0 0.431412596246883 0.7385189988952408 0.0332024545499614 0.04937215880878369
0 0.3439320461834562 0.7604367711592421 0.03711445323185044 0.04331622442773266
0 0.7220411410378662 0.7011104419597379 0.045787343878220574 0.05203768899896393
0 0.523951150923698 0.7386702922501882 0.0394524545499614 0.04966325723720739
0 0.5570298162722537 0.7339728172017798 0.033202454549961166 0.04937215880878369
0 0.5974001482874762 0.7296149569865321 0.041535787883294734 0.04976029004668163
0 0.4745453762215123 0.7509248381561341 0.0394524545499614 0.049663257237207145
0 0.38880860217838203 0.7646063098962765 0.0394524545499614 0.04966325723720739
0 0.8516552490733853 0.6925916592185594 0.039452454549961165 0.04966325723720739
0 0.637025926284939 0.7325002470332137 0.03711445323185056 0.04331622442773266
0 0.6742712583001614 0.7279968376037544 0.039452454549961165 0.04966325723720739
0 0.7620489210124954 0.7133707320064196 0.0394524545499614 0.04966325723720739
0 0.8137078077045329 0.7053798855766149 0.039452454549961165 0.04966325723720739
0 0.8810765837248294 0.700200118551202 0.0394524545499614 0.049663257237207145
0 0.11154840060656393 0.849423547283889 0.039622233206479715 0.053829923903874054
0 0.5205679381479372 0.7832193768931686 0.024699342560109607 0.04481736090421909
0 0.3719261674000842 0.8095663479443398 0.030694674575332096 0.03885845933264278
0 0.22137084197541626 0.8399829528527029 0.039792011862998085 0.057996590570540484
0 0.4775819421022699 0.7999316878942047 0.03868845059562863 0.030913257237207385
0 0.5841520494787334 0.7872205442488069 0.04378889987314641 0.05402398952282302
0 0.2744109526471571 0.8403739561609688 0.041535787883294616 0.04976029004668163
0 0.5356606074508257 0.79639860655949 0.03711445323185032 0.04331622442773266
0 0.9240590349795136 0.7344324414073583 0.045787343878220574 0.05203768899896393
0 0.325325285321435 0.8396262599930933 0.02635822925214697 0.034497727047027145
0 0.6744374921656967 0.7831081381276133 0.04378889987314617 0.05402398952282302
0 0.3987318380210836 0.8295292580627707 0.041535787883294734 0.04976029004668163
0 0.7646804901885303 0.777954065339753 0.041535787883294734 0.04976029004668163
0 0.4765597253721764 0.8258763217513968 0.0394524545499614 0.049663257237207145
0 0.642080386107344 0.8055139465093549 0.043279563903591146 0.04152398952282302
0 0.8537544875523085 0.7696264761471555 0.0394524545499614 0.049663257237207145
0 0.7114476061327148 0.7983478789600833 0.03711445323185056 0.04331622442773266
0 0.20752851786885923 0.8830052067816444 0.04153578788329468 0.04976029004668163
0 0.8046033808349004 0.7881310220531013 0.050463346514442266 0.0647317546179129
0 0.43503984263447165 0.8530538158238367 0.030694674575331978 0.03885845933264278
0 0.9493331529008643 0.7678399853829814 0.04821023452459059 0.060468055141771754
0 0.8936773781986787 0.7798034328605039 0.03979201186299832 0.05799659057054072
0 0.9891340731551549 0.7650089558817729 0.021731853689690203 0.05402398952282302
0 0.5635273946750649 0.8424031833445876 0.0394524545499614 0.04966325723720739
0 0.6368490580464543 0.8302228480809314 0.030694674575331978 0.03885845933264278
0 0.3584004058790075 0.8858734188018772 0.030524895918813636 0.034691792665976114
0 0.2709623004797103 0.9088328577325453 0.041535787883294616 0.04976029004668163
0 0.3278719651692106 0.9021262599930933 0.041535787883294734 0.04976029004668163
0 0.9968501864631175 0.7905426363338823 0.006299627073764924 0.062066224427732665
0 0.45814573789422997 0.884280993656652 0.03962223320647974 0.053829923903874054
0 0.6966909493518798 0.8444466164842874 0.03962223320647974 0.05382992390387382
0 0.13286453039091278 0.9387899928310887 0.039792011862998085 0.057996590570540484
0 0.7639323913797876 0.8361418494588745 0.0332024545499614 0.04937215880878369
0 0.7412703926978985 0.8413244885546554 0.02644311858040614 0.03658106038036048
0 0.40933418848985864 0.9111188728959313 0.03962223320647974 0.053829923903874054
0 0.6416293999475084 0.8709933972951432 0.0394524545499614 0.04966325723720739
0 0.955791831430529 0.8242840510019304 0.041281119898517224 0.04351029004668163
0 0.8814285013924729 0.8364158698608491 0.050463346514442266 0.0647317546179129
0 0.6166488498840816 0.895822153843379 0.0394524545499614 0.04966325723720739
0 0.9170998360439172 0.8443154276219152 0.05237690119125726 0.06066212076072072
0 0.9895143027368296 0.8346065569294905 0.020971394526340722 0.053829923903874054
0 0.9638899467156581 0.8444153325017576 0.05178267589344306 0.04607878742738762
0 0.3736168643833016 0.9531222823253908 0.036859785247072806 0.037066224427732664