0 0.37159955413531853 0.25732329978598917 0.07607151573795742 0.05543943181768256
0 0.9249466874310054 0.28728816504950255 0.0918682525602487 0.07652731818121908
0 0.4625783014809535 0.27971795021950296 0.07423086310241563 0.05956973376574884
0 0.6079159997176513 0.28656560227677147 0.08035952275351997 0.057595494588216785
0 0.7537287856488799 0.3194731033600069 0.08304955783133229 0.06804852597348383
0 0.43669809793552583 0.3187505405872758 0.0801168420557282 0.05342882792155
0 0.34944077863331746 0.3244445254351615 0.07582883504016588 0.05127276515101589
0 0.2910467751255362 0.32442107088930755 0.10424691221135293 0.0746621731594884
0 0.06353875057106757 0.3210931585500903 0.06504814732681179 0.04484094155801361
0 0.9351431648657179 0.03268512175963048 0.06737416135793665 0.049043972943280716
0 0.6478325329945149 0.34530421970126357 0.0918682525602487 0.07652731818121908
0 0.32375577540788486 0.02667331764289663 0.05867680697791589 0.04264851406887891
0 0.4264428943900981 0.35751039556554515 0.08035952275351997 0.057595494588216785
0 0.3359392347389939 0.36117559415799827 0.07166216837349922 0.05120003571381489
0 0.24280912628012438 0.03329987500164764 0.0646841262801244 0.0385909415580136
0 0.5010817894390098 0.027748983228524766 0.061002821009040885 0.04685154545414603
0 0.6243624771523639 0.03185346483109802 0.07839752976908253 0.05964246320294965
0 0.14573892596012922 0.37179463257660633 0.08721622449799889 0.06812125541068473
0 0.7576723469879934 0.3871814366933402 0.10068694728916536 0.08500611038895418
0 0.9847221524473093 0.3986608587728886 0.030555695105381395 0.05712275324641093
0 0.4987827083835766 0.40004217749242993 0.09346622449799895 0.06823034956648613
0 0.319302417143618 0.4156877256513692 0.09310220345131152 0.061980349566486126
0 0.20563941012805553 0.4155862694817606 0.09775423151356138 0.07038641233702046
0 0.712347838547947 0.038659479983212314 0.0655335087223951 0.05317427489134694
0 0.06287040662027432 0.4170355860392249 0.08133024554468629 0.07426216125488345
0 0.9130318697415132 0.44077681223550713 0.07876155081576997 0.06589246320294961
0 0.661686852202607 0.4399504274935284 0.07459488414910306 0.06581973376574884
0 0.5877891890437217 0.4422830416705112 0.10693694728916535 0.08511520454475559
0 0.7535859258660129 0.46024356223440865 0.09211093325804048 0.08069398484788574
0 0.5716014981990513 0.03903076515540958 0.07423086310241563 0.05956973376574875
0 0.8395990205761062 0.48689579113109027 0.09872495430472768 0.08705307900368714
0 0.8556022034513115 0.04554349675908127 0.061366842055728434 0.05310154545414602
0 0.9617798015280117 0.49714117857786216 0.07644039694397667 0.07652731818121908
0 0.40632635741722084 0.4955013192666513 0.10192089818022805 0.07045914177422125
0 0.3934158280246034 0.04109828192908167 0.07876155081576973 0.06589246320294964
0 0.038389505214613734 0.050423466450458955 0.04544876488454118 0.029930325757276173
0 0.43404624156632393 0.5596664583360794 0.10596622449799895 0.06844853787808892
0 0.6678042661207926 0.5628852765194953 0.08794426659137382 0.08062125541068473
0 0.2351485784074385 0.5641809556290894 0.09627759992470702 0.08076671428508651
0 0.07215294331080292 0.5764105860392249 0.07495890519579049 0.07206973376574884
0 0.9720139716554015 0.6020767765216921 0.05597205668919709 0.0848970162331528
0 0.4532610555598024 0.6031255405872759 0.10841357887801971 0.0747349025966893
0 0.11026450521461374 0.04916888365874332 0.05451014031124928 0.042575784631678
0 0.7068508695532808 0.6424935919959212 0.09211093325804048 0.08069398484788574
0 0.8973946519767282 0.67357758496258 0.11110361395583203 0.08518793398195659
0 0.06603358532888473 0.668277258658194 0.03379814732681178 0.04429547077900698
0 0.3950686379456032 0.6781748154786228 0.1066942665913737 0.08094853787808892
0 0.8954786139558321 0.06778741613163955 0.06529082802460333 0.049007608224680275
0 0.2464743256589573 0.6870248928585551 0.11086093325804036 0.08102126731528993
0 0.9466416209713944 0.06897981385926176 0.05535952275351974 0.057159117965011316
0 0.7598799367658217 0.067026122840669 0.07141948767570767 0.04703336904714828
0 0.10154077124129007 0.7229219388532204 0.09383024554468629 0.07448034956648612
0 0.7404361852535918 0.735752668294815 0.09603491922691537 0.07660004761841985
0 0.4975458413969147 0.7368641580117679 0.10693694728916524 0.08511520454475559
0 0.9847458926362075 0.7561161666732573 0.030508214727584953 0.09081973376574884
0 0.813429627986957 0.07339048918302413 0.0627221332956869 0.0406379101727465
0 0.3626409157191342 0.06770360173405536 0.07876155081576973 0.06589246320294964
0 0.759013476399434 0.8219746309572454 0.11306560694026947 0.08314096536722342
0 0.2708461044805072 0.8190256417764182 0.12040767008033164 0.10200005952302481
0 0.46410727360693615 0.07323157954860005 0.08954223852912382 0.07232428679595193
0 0.12854191496620437 0.864261323052483 0.10412557186245716 0.07257883982615519
0 0.15559192975025912 0.07548855790146712 0.08268553678464485 0.0617985259734839
0 0.524210315700311 0.08469518506848714 0.07117680697791601 0.04286670238048161
0 0.2067070377385475 0.8993923441568997 0.1259296279869569 0.0896091536788262
0 0.9411316715048155 0.9177874161316396 0.11773665699036898 0.08127582034549287
0 0.4847405464609425 0.9466755346349733 0.12777028062249857 0.08547885173076016
0 0.6946009078565256 0.9513542137489611 0.11197354380020717 0.06439096536722365
0 0.25471422365095286 0.9538188360403234 0.11454223852912383 0.07276066341915736
0 0.7439310384914773 0.09754355628210622 0.08011684205572843 0.05342882792155012
0 0.6544083753325919 0.10014890584859235 0.08452618942018665 0.05766822402541768
0 0.22745665604920673 0.09196049080238505 0.07839752976908236 0.05964246320294964
0 0.46525070525226025 0.007585490802385057 0.043001410504520506 0.015170981604770114
0 0.5892080665537271 0.10858606115117331 0.05182010523343716 0.032122753246410875
0 0.4117000419992586 0.10438539556554517 0.05218412628012435 0.03837275324641087
0 0.8304397682982061 0.1148026028194876 0.07141948767570767 0.04703336904714828
0 0.8816634454882165 0.11703666721377651 0.05867680697791589 0.04264851406887891
0 0.927619091202312 0.014038403141602315 0.05819144558233281 0.02807680628320463
0 0.3111437367281751 0.11448241775100049 0.07190484907129076 0.05536670238048164
0 0.8702667543611976 0.015580084689025213 0.05855546662902024 0.031160169378050426
0 0.05036304901482103 0.11277800757605715 0.07423086310241571 0.05956973376574875
0 0.5222884454882165 0.1233095811723547 0.061002821009040885 0.04685154545414605
0 0.13816639988706053 0.11645902272817145 0.07141948767570755 0.04703336904714828
0 0.9443351823105078 0.13679724134839646 0.08072354380020717 0.06384549458821678
0 0.4000503964733955 0.01290937337789299 0.05782742453564538 0.02581874675578598
0 0.21536079986823728 0.13492337716592157 0.09518553678464485 0.06201671428508663
0 0.5996041858182892 0.14385726894343817 0.0845261894201864 0.05766822402541768
0 0.9581307754078848 0.01566717749242998 0.014320105233436919 0.03133435498485996
0 0.07351212267822692 0.1342711780307524 0.05819144558233278 0.03431518073554554
0 0.7275975717683408 0.1572640211088105 0.0907761894201864 0.05777731818121901
0 0.42172186651608073 0.15113311905044358 0.06798086310241563 0.05946063960994739
0 0.1306721752949454 0.14891433062854015 0.05218412628012441 0.03837275324641087
0 0.21834391211723675 0.16823852813995466 0.06529082802460333 0.049007608224680275
0 0.3030222629894762 0.17197409036996963 0.07876155081576973 0.06589246320294961
0 0.11466260684615324 0.1783900974033107 0.07607151573795742 0.05543943181768256
0 0.06784827702060117 0.18024997023848754 0.08035952275351992 0.057595494588216785
0 0.15571229806728853 0.18497265205726848 0.05218412628012435 0.03837275324641087
0 0.7863957190951526 0.20003217370659826 0.08721622449799896 0.06812125541068478
0 0.9023240699673922 0.20322226515760644 0.08304955783133229 0.0680485259734839
0 0.3832707190951527 0.207068746755786 0.05867680697791601 0.04264851406887888
0 0.44613474014184007 0.21222780519777237 0.09310220345131152 0.061980349566486126
0 0.7529224420745515 0.026182393941790512 0.10584488414910306 0.052364787883581024
0 0.6071581085529857 0.21984438853220414 0.07839752976908253 0.059642463202949615
0 0.05372975768074627 0.22429088798729116 0.07876155081576976 0.06589246320294967
0 0.16567345240966277 0.23067870887550027 0.07607151573795742 0.05543943181768256
0 0.16872945259789524 0.0325074891786304 0.07413007015562467 0.022106098484349197
0 0.969576890976433 0.24792829221432572 0.0592835087223951 0.053065180735545545