0 0.8357817579840658 0.4256328380803255 0.03687151807859266 0.051856108849607806
0 0.5321798230847339 0.354429213778314 0.03717461212274363 0.06227277551627435
0 0.30878622151873525 0.2874291301062964 0.03687151807859242 0.05185610884960769
0 0.3335437462834143 0.29707265792170573 0.04128065998058001 0.060407807929953705
0 0.9797359082436616 0.4978589725591024 0.01579570950993817 0.04243094678121106
0 0.44753203844499784 0.35938230740130733 0.06259894378455541 0.07816630333168367
0 0.39054346582248234 0.34596311171321653 0.06688684806888243 0.08255133574536302
0 0.05951364722469817 0.24932718528553607 0.06344760710817873 0.10733296999835033
0 0.734569381807461 0.46205872681868804 0.0600912787894103 0.06347378712484411
0 0.5525696622683929 0.4066173006167972 0.06682622926005213 0.08046800241202968
0 0.6279142126335119 0.43456080883311177 0.06682622926005213 0.08046800241202968
0 0.3431835153518404 0.3601731637259906 0.05187918307373754 0.0672037222974853
0 0.19409279748429403 0.32106199683353437 0.045447326647246794 0.06062617367696627
0 0.7946637919421138 0.512154621587125 0.05640956259338547 0.07992208804449798
0 0.9248832721919998 0.5544498092846908 0.07534141901987633 0.08715473390605505
0 0.8398303183783147 0.537473311470931 0.08171265663753692 0.09164894919324075
0 0.1706911803469854 0.3365276518916314 0.07815217805917254 0.11226391677956139
0 0.25290306571695925 0.3794366334985515 0.09597060209361388 0.15272071310094545
0 0.5631601697902403 0.4728973978578352 0.07896251640707087 0.06862309965306773
0 0.7246711063610939 0.5512599200947492 0.07809155925034238 0.11018058344622807
0 0.3626034535942156 0.4456945838978071 0.10112946353466938 0.11554826172146448
0 0.9372237095986141 0.6322974227325685 0.09560688924063238 0.14022071310094547
0 0.6119892499346032 0.551614044925407 0.0889325575788206 0.1253098311470931
0 0.06783094941541151 0.39373228252657405 0.11925098161326192 0.16642172470951522
0 0.5252278225571186 0.5574996223415608 0.11049331661811693 0.1514016598821565
0 0.8633068325862485 0.6628510221598468 0.10191750804946267 0.1426315950547978
0 0.7858900958043489 0.6702695891734457 0.13609950470641935 0.17354518769756594
0 0.20249163385252503 0.1399757711437939 0.054204991642391794 0.07564623850432509