0 0.16504495386611853 0.22077418846805952 0.01985356126736946 0.02730150933587865
0 0.21967851183821072 0.2099461413643016 0.01985356126736946 0.02730150933587865
0 0.19495617455054468 0.22841736091660478 0.01985356126736946 0.02730150933587865
0 0.5425809993409446 0.009439983184784487 0.014838001318110845 0.006419692446424152
0 0.10656483660382321 0.24927420623805988 0.022021783928961963 0.029409084447272586
0 0.020214387326305476 0.2711969600042422 0.02227645191373954 0.03565908444727259
0 0.04850916598282386 0.2673575573413936 0.01985356126736946 0.02730150933587865
0 0.1378148366038232 0.24963783290896877 0.024190006590554525 0.031516659558666525
0 0.3175951785048774 0.2110855049331495 0.01985356126736946 0.02730150933587865
0 0.7988380889229111 0.11455353877569197 0.02644311858040614 0.035707568003393794
0 0.3718891791639328 0.2085907911627249 0.022021783928961963 0.029409084447272586
0 0.7672485316098743 0.1225232454381164 0.024190006590554466 0.031516659558666525
0 0.3297131765277111 0.22060595560151305 0.017855117262295293 0.02936060089115138
0 0.2539067279092488 0.23952491825799835 0.022276451913739594 0.03565908444727259
0 0.1356271640056575 0.27775071201993845 0.0264431185804062 0.035707568003393794
0 0.739104081673301 0.14824976898999537 0.022276451913739472 0.03565908444727259
0 0.6851726330548388 0.1674232703161169 0.024190006590554466 0.031516659558666525
0 0.21088183199043506 0.27237341603011983 0.022021783928961963 0.029409084447272586
0 0.5662758491258768 0.19522027652236004 0.024529563903591147 0.03984999289199986
0 0.1748709400259541 0.2865446391364231 0.022021783928961963 0.029409084447272586
0 0.24113260998789798 0.27168325514533176 0.028696230570257934 0.03989847644812106
0 0.5007162885175628 0.21842711473581503 0.022021783928961963 0.029409084447272586
0 0.546889179163933 0.21062710051981473 0.022276451913739472 0.03565908444727259
0 0.010884467376755243 0.32736211378103014 0.021768934753510487 0.03565908444727259
0 0.8254775256783752 0.1513391361128433 0.02644311858040614 0.035707568003393794
0 0.46479028588134097 0.23051500450878493 0.028696230570257816 0.03989847644812106
0 0.0028385217240424736 0.3386507546679393 0.005677043448084947 0.035634842669211984
0 0.432903615919397 0.245776377837876 0.022021783928961963 0.029409084447272586
0 0.6136831798229883 0.2082778374177537 0.02644311858040614 0.035707568003393794
0 0.7887026297595615 0.18426035921914655 0.02644311858040614 0.035707568003393794
0 0.5624098398991004 0.23894603474429946 0.02644311858040614 0.035707568003393794
0 0.7641076264642842 0.19960657877144972 0.02644311858040614 0.035707568003393794
0 0.5674961100126853 0.01181421785484494 0.015007779974629425 0.01058635911309082
0 0.8765421870725982 0.1769451805643581 0.022021783928961963 0.029409084447272586
0 0.33078138271291735 0.2966961058243009 0.01985356126736946 0.02730150933587865
0 0.8207396284414504 0.19088610677908574 0.024529563903591147 0.03984999289199986
0 0.5769559993409445 0.009839972522784273 0.01692133465144418 0.006443934224484745
0 0.26065542950585424 0.07389991825799834 0.01560200527244362 0.025169692446424165
0 0.3710915461090941 0.049130944939512824 0.022021783928961963 0.0294090844472726
0 0.2565913761223628 0.32709764359218013 0.022021783928961963 0.029409084447272704
0 0.38386393804878777 0.2983559378315127 0.024020227934036124 0.027349992891999856
0 0.3615220467433622 0.30955973249520974 0.022021783928961963 0.029409084447272704
0 0.32872104410714037 0.32168398493527056 0.02644311858040626 0.035707568003393794
0 0.05191891827712424 0.3882878577869693 0.02452956390359125 0.03984999289199986
0 0.4445175487453159 0.037479407171633575 0.022021783928961963 0.029409084447272586
0 0.024071580989458215 0.4067227146721815 0.02452956390359125 0.03984999289199986
0 0.7271859466165085 0.26170658943344993 0.028696230570257816 0.03989847644812106
0 0.3686244848169373 0.3398650329407855 0.02644311858040614 0.035707568003393794
0 0.7721473919396936 0.258061120995086 0.028696230570257816 0.03989847644812106
0 0.23106431619789164 0.0839772000318167 0.01985356126736946 0.02730150933587865
0 0.1327444716358283 0.39964995379799906 0.02452956390359127 0.03984999289199986
0 0.09794502499453236 0.40966663112666596 0.028866009226776276 0.04406514311478773
0 0.1483694716358283 0.39983176713345353 0.024020227934036124 0.027349992891999856
0 0.18304158428473546 0.3929400898047867 0.028696230570257934 0.03989847644812106
0 0.3133967015470308 0.3652764133778767 0.022276451913739472 0.035659084447272706
0 0.48792626545062207 0.32770514762357267 0.022276451913739472 0.035659084447272706
0 0.8746127272501932 0.24987396812005508 0.03294778656518389 0.0420302933375756
0 0.48648132806088973 0.030672576066178774 0.022021783928961963 0.029409084447272592
0 0.2194150282898096 0.3954476542541804 0.032947786565183775 0.0420302933375756
0 0.03108912973477412 0.4391113484510906 0.02452956390359125 0.03984999289199986
0 0.26116658428473544 0.39384915648205887 0.028696230570257934 0.03989847644812106
0 0.7574172746773983 0.28707021610435884 0.022021783928961963 0.029409084447272586
0 0.3850594782263828 0.37132108805430053 0.028696230570257934 0.03989847644812106
0 0.14639402235831056 0.4227363129110899 0.022276451913739535 0.03565908444727259
0 0.5174979288220115 0.34368165340545126 0.022276451913739472 0.03565908444727259
0 0.2793205401775951 0.07620142759387702 0.017600449277517784 0.023110600891151408
0 0.8160052759955093 0.28149898589005545 0.02644311858040614 0.035707568003393794
0 0.4668188141959379 0.35976651739866367 0.024190006590554466 0.031516659558666525
0 0.16693024304273674 0.4302703973583625 0.0264431185804062 0.035707568003393794
0 0.9028031666418793 0.27417168634623673 0.028696230570257816 0.03989847644812106
0 0.35604132147033524 0.060419585826422005 0.022021783928961963 0.0294090844472726
0 0.5305708853739265 0.022848320072117893 0.013179114626073485 0.01681211733503023
0 0.30661609683157637 0.07130823737533139 0.022021783928961963 0.029409084447272586
0 0.7575905981248998 0.33396945788241944 0.02644311858040614 0.035707568003393794
0 0.175818901800738 0.46789160624866544 0.028696230570257934 0.03989847644812106
0 0.46065724831518035 0.40867636717587585 0.024190006590554466 0.031516659558666525
0 0.01691433789714675 0.505644685338424 0.02227645191373954 0.03565908444727259
0 0.811714820127437 0.3356414107786615 0.02644311858040614 0.035707568003393676
0 0.5608216633713894 0.022158159187329825 0.017600449277517784 0.023110600891151408
0 0.2272231205079978 0.48516431736684695 0.028696230570257934 0.03989847644812106
0 0.16012664359972592 0.11129010046678683 0.022021783928961963 0.029409084447272586
0 0.43142332344750156 0.05191728983660336 0.01985356126736946 0.027301509335878677
0 0.5364813280608897 0.03125437873963301 0.013179114626073603 0.016812117335030224
0 0.9405649242086233 0.37048985524078193 0.03111912121662807 0.048256051559515
0 0.03601098479214993 0.5996613448970904 0.032947786565183775 0.0420302933375756
0 0.2822457700392228 0.5670930871525435 0.028696230570257816 0.03989847644812106
0 0.5650432278844614 0.5068119396350267 0.02886600922677616 0.04406514311478773
0 0.31145488137001903 0.5663908053787252 0.033117565221702235 0.04619696000424227
0 0.9681841330300515 0.43438302768932713 0.028696230570257816 0.03989847644812106
0 0.9414209070731816 0.4517883387969031 0.03736912121662807 0.048328776893696815
0 0.13753008430952282 0.12874389513048395 0.022021783928961963 0.029409084447272586
0 0.9031569031188489 0.4701019867918124 0.02886600922677616 0.04406514311478773
0 0.47403977069827824 0.5661983307341181 0.028696230570257934 0.03989847644812106
0 0.032040636300541256 0.6715242240080602 0.03311756522170215 0.04619696000424227
0 0.11613797358820728 0.6537438951304839 0.028696230570257934 0.03989847644812106
0 0.8000778925739617 0.5189262605558737 0.028696230570257816 0.03989847644812106
0 0.5915783253750934 0.5717346578612083 0.028696230570257816 0.03989847644812106
0 0.8306912226120178 0.5349148872267826 0.02644311858040614 0.035707568003393676
0 0.5295946580989458 0.046806653405451225 0.017600449277517784 0.023110600891151408
0 0.1324686277328204 0.7133370711330294 0.028866009226776276 0.04406514311478749
0 0.07857962377848772 0.7314689057924841 0.028696230570257934 0.03989847644812106
0 0.7282294320925013 0.5941679485465408 0.03537067721155391 0.05038786844896966
0 0.00779659485441002 0.16888332977933326 0.01559318970882004 0.029409084447272586
0 0.5050845441319277 0.060069539624421076 0.01985356126736946 0.027301509335878677
0 0.6899459782015955 0.6385353840971472 0.04621179051951666 0.06092574400593899
0 0.1373639432716566 0.7978090382452716 0.035540455868072245 0.05455453511563609
0 0.06128337673184355 0.849031788457454 0.035370677211553875 0.050387868448969426
0 0.6572722167300935 0.03370206853381407 0.022021783928961963 0.0294090844472726
0 0.1594439841826692 0.07689085868872626 0.017600449277517784 0.023110600891151408
0 0.6096332127757608 0.05190662852745073 0.022021783928961963 0.029409084447272586
0 0.6377157681116312 0.0532755591979354 0.022021783928961963 0.029409084447272586
0 0.6312959894551128 0.05736950053042029 0.017600449277517784 0.023110600891151408
0 0.37068654940437135 0.033493824050482526 0.024020227934036124 0.027349992891999856
0 0.3799183102663926 0.1138476080521794 0.022021783928961963 0.029409084447272586
0 0.4281320895819664 0.1071135022809064 0.022021783928961963 0.029409084447272586
0 0.6887998794424275 0.05282781609375326 0.01985356126736946 0.027301509335878677
0 0.35519597297872657 0.1323188276044826 0.022276451913739472 0.035659084447272615
0 0.5408443129026144 0.10321422496284509 0.013348893282591945 0.020978784001696896
0 0.42111099604566726 0.02365896005727009 0.01560200527244362 0.02516969244642415
0 0.6321059828645583 0.08864374230848089 0.01985356126736946 0.02730150933587865
0 0.2584942964262282 0.1780908267027256 0.01985356126736946 0.02730150933587865
0 0.3384249670472276 0.16026201426902814 0.022276451913739472 0.03565908444727259
0 0.5096173076301708 0.1278627191809665 0.022021783928961963 0.029409084447272586
0 0.29820496375195027 0.1754264204858769 0.022021783928961963 0.029409084447272586
0 0.06583195254800762 0.22587270401018136 0.022021783928961963 0.029409084447272586
0 0.478027750317134 0.13583242584339092 0.022021783928961963 0.029409084447272586
0 0.04365983989910047 0.2329098320072118 0.022021783928961976 0.029409084447272586
0 0.8196254328011315 0.06477171477823729 0.013348893282591945 0.020978784001696883
0 0.7680319855007801 0.07771945788241943 0.017600449277517784 0.023110600891151408
0 0.23672718048204372 0.20076507558878637 0.022021783928961963 0.029409084447272586
0 0.7477309828645583 0.08998916099084381 0.022276451913739472 0.03565908444727259
0 0.18509128851756274 0.21475448535963515 0.022021783928961963 0.029409084447272586