0 0.733500911498029 0.17442139442106608 0.04122004117174972 0.05763228045904836
0 0.11274247523532097 0.012261919901154954 0.012984950470641929 0.01710317628531351
0 0.26031459153686876 0.041349241253588735 0.030197186416780753 0.03643518911017597
0 0.9903187746106064 0.24802592653976757 0.019362450778787378 0.04045635257062704
0 0.5583302019880907 0.12667996889489744 0.04073509070110788 0.0409656137923817
0 0.9783340344856633 0.14863108358778737 0.04257594879912029 0.03270503206215617
0 0.47401895214216355 0.018634323040359602 0.023037904284327126 0.004966934300852555
0 0.9340353338609486 0.23553583918452833 0.03877299498543512 0.045059528855940556
0 0.8187548842260673 0.2075761676802656 0.032462376176604836 0.042757940713283794
0 0.20498502058587492 0.035254657104565164 0.030197186416780753 0.03643518911017597
0 0.6509061507872111 0.16113103943164095 0.0388942326030957 0.04922619552260722
0 0.6204553422185568 0.15174280785324443 0.025969900941283916 0.034206352570627034
0 0.46097025151744886 0.1066303526837177 0.03889423260309558 0.04922619552260722
0 0.7128797439956015 0.18098554505665465 0.03877299498543512 0.045059528855940556
0 0.39501184806888257 0.09288034385248842 0.03656842403444121 0.04082011058616608
0 0.12857964106622682 0.020099223591130182 0.036325948799120295 0.032486777252832735
0 0.3457201112869829 0.07971234784612162 0.030197186416780753 0.036435189110175986
0 0.5493826649951451 0.03375338075224068 0.03620471118145995 0.028320110586166066
0 0.6415949009412839 0.05570445128898423 0.03644718641678064 0.0366534439194994
0 0.5125271780591726 0.12612110029319232 0.032341138558944375 0.0385912740466171
0 0.2335040428432715 0.04977847041318724 0.036447186416780755 0.0366534439194994
0 0.27868973176733475 0.06488429654667177 0.03656842403444121 0.04082011058616605
0 0.9659521407580811 0.25954377989781213 0.032462376176604836 0.042757940713283794
0 0.8726073099320303 0.2344313335595147 0.03656842403444121 0.04082011058616608
0 0.531640890912154 0.1392758647211626 0.032462376176604836 0.042757940713283794
0 0.783280730095813 0.09707351783209459 0.025848663323623573 0.030039685903960372
0 0.8042656104512221 0.10300936719650598 0.025969900941283677 0.034206352570627034
0 0.717140470220756 0.0770735090008653 0.023583473563799372 0.023716934300852564
0 0.7468798842260675 0.20506623737304625 0.03234113855894426 0.03859127404661713
0 0.16784873343885637 0.046445128248624616 0.034727565936428915 0.0490806923163916
0 0.4227922977037636 0.11778444802622327 0.03889423260309558 0.04922619552260722
0 0.8971112125448358 0.25401797699525447 0.03877299498543512 0.045059528855940556
0 0.6636820667721897 0.06376000978828286 0.025969900941283916 0.03420635257062702
0 0.5629849504706418 0.03630959950577476 0.021621377848126618 0.027810849364411406
0 0.5839395214216357 0.04120378220351951 0.030015329990290003 0.030185189110175974
0 0.1944056599805801 0.06506285662080555 0.03656842403444127 0.04082011058616607
0 0.8354710227850117 0.24562180470357417 0.0388942326030957 0.04922619552260722
0 0.6214252431598406 0.18507614118657775 0.03656842403444121 0.04082011058616608
0 0.24688301557130998 0.08042331336516742 0.03656842403444121 0.04082011058616605
0 0.5196864601916261 0.15758935510251573 0.03234113855894426 0.03859127404661713
0 0.8745422275885306 0.1221132125672842 0.030197186416780635 0.036435189110175986
0 0.9258120912287231 0.2747917903038765 0.03656842403444121 0.04082011058616608
0 0.9900045336499024 0.2959062174048803 0.019990932700195193 0.03636243750706818
0 0.9900348430543175 0.29486455073821366 0.019930313891364904 0.030112437507068178
0 0.14315182748300756 0.0559887756779976 0.034727565936428915 0.049080692316391575
0 0.28275432330420347 0.09728509061800014 0.030197186416780753 0.036435189110175986
0 0.4726599131695506 0.15074411069925675 0.032462376176604836 0.042757940713283794
0 0.2471861096154612 0.09083998003183408 0.04293966165210179 0.04520503206215614
0 0.7644861424296028 0.23793991686457536 0.03877299498543512 0.045059528855940556
0 0.5086221491156894 0.17073088795208946 0.032462376176604836 0.042757940713283794
0 0.39947046186314783 0.13882280459048346 0.032462376176604836 0.042757940713283794
0 0.45822812685829284 0.15544318281083544 0.028295709509938167 0.04261243750706818
0 0.8800696861086351 0.27631625503550483 0.0453260890295861 0.05569445033193053
0 0.3596749626989086 0.13014885746476848 0.025969900941283916 0.034206352570627034
0 0.8025317117090751 0.25799944572051586 0.0388942326030957 0.04922619552260722
0 0.21602703782870655 0.09287370598521696 0.032341138558944375 0.03859127404661713
0 0.9292544635346693 0.1427547542480872 0.03877299498543512 0.045059528855940556
0 0.3021105113925059 0.11877318837930374 0.02811385308344742 0.03636243750706815
0 0.5770882175594009 0.1991369817197599 0.03644718641678064 0.036653443919499415
0 0.10702689759824059 0.0661739559569443 0.034848803554089376 0.05324735898305824
0 0.15953456259338558 0.08257607936797283 0.030197186416780753 0.036435189110175986
0 0.4396902926891987 0.16208008504953184 0.036447186416780755 0.036653443919499415
0 0.6359671201722062 0.2199240266067785 0.028295709509938167 0.04261243750706818
0 0.7356528792115025 0.2483797277543994 0.03644718641678087 0.036653443919499415
0 0.3306598430543176 0.1343386683545925 0.032462376176604836 0.042757940713283794
0 0.24249303615718493 0.10836643435739789 0.04073509070110794 0.040965613792381665
0 0.8637667322949499 0.28823424221064237 0.03656842403444121 0.04082011058616608
0 0.9161834690768497 0.3015113656216709 0.04306089926976213 0.04937169872882284
0 0.5375351936304825 0.1987963679273782 0.03019718641678087 0.036435189110175986
0 0.9861409610273869 0.3280523808653314 0.02771807794522611 0.05957011058616608
0 0.3780804123337898 0.15472557942451814 0.03877299498543512 0.045059528855940556
0 0.4138304824490227 0.16742069001068421 0.03877299498543512 0.045059528855940556
0 0.4737813611329101 0.18928577736592342 0.03889423260309546 0.04922619552260722
0 0.6626149749271754 0.24166675497895942 0.030197186416780635 0.036435189110175986
0 0.28078108067197804 0.13675929654667177 0.04306089926976225 0.04937169872882284
0 0.9701268229960578 0.33149153150092 0.04306089926976237 0.04937169872882284
0 0.7886151852728744 0.2804068511654279 0.0388942326030957 0.04922619552260722
0 0.1948188447258392 0.11502648081925164 0.04293966165210179 0.045205032062156175
0 0.7194711630154778 0.2644643815962036 0.04073509070110788 0.0409656137923817
0 0.7667049916423918 0.09961650500723213 0.03656842403444121 0.04082011058616608
0 0.3566297439956015 0.16854502092521953 0.03877299498543512 0.045059528855940556
0 0.4448268602971492 0.19555892158908078 0.04306089926976213 0.04937169872882284
0 0.5351073099320303 0.22264557385604983 0.03877299498543512 0.045059528855940556
0 0.2214666994808083 0.1367692091914326 0.03656842403444121 0.04082011058616608
0 0.5898195458781692 0.24328711553685287 0.04293966165210179 0.045205032062156175
0 0.10189834556160005 0.10449736781428755 0.03406075903929624 0.026164025649724938
0 0.16908027210332374 0.12453375244707071 0.036447186416780755 0.03665344391949939
0 0.6843878997973775 0.2746859376767042 0.03901547022075604 0.05339286218927389
0 0.8963806554936303 0.3362005162572595 0.04306089926976213 0.04937169872882284
0 0.8334260144274036 0.31839296816402524 0.03877299498543512 0.045059528855940556
0 0.9468959153686874 0.35565488806518014 0.04961399331391334 0.060006620204812934
0 0.38253902612805507 0.2006680401625132 0.03889423260309546 0.04922619552260722
0 0.25770172006668324 0.1661309864442653 0.03877299498543512 0.045059528855940556
0 0.9073794635346694 0.14199086241545525 0.03877299498543512 0.045059528855940556
0 0.19055010292937466 0.14713626847814879 0.034727565936428915 0.0490806923163916
0 0.31336469446624343 0.18368390392662223 0.03889423260309546 0.04922619552260722
0 0.6176303049174654 0.2692328863772543 0.03877299498543512 0.045059528855940556
0 0.7624108246675796 0.3096694136583597 0.0388942326030957 0.04922619552260722
0 0.48553164159384204 0.2354828687147958 0.03889423260309546 0.04922619552260722
0 0.5484862826600688 0.25329041680803 0.04293966165210179 0.045205032062156175
0 0.8747784401333666 0.3448116244246275 0.045447326647246676 0.059861116998597315
0 0.659812231459189 0.2883962517727438 0.0388942326030957 0.04922619552260722
0 0.4206755236207726 0.22385256901845374 0.032462376176604836 0.042757940713283794
0 0.3503685970790489 0.20370705698100885 0.03889423260309558 0.04922619552260722
0 0.7354184195474914 0.31184864281795827 0.0388942326030957 0.04922619552260722
0 0.09337200888522343 0.13333665226696906 0.032462376176604836 0.042757940713283794
0 0.8048352264446241 0.3371661123871826 0.045447326647246676 0.059861116998597315
0 0.11867510292937462 0.14462633817092943 0.032462376176604836 0.042757940713283794
0 0.9840161713730861 0.39669325346066964 0.03196765725382799 0.059788365395489505
0 0.15871307732893478 0.16163361862997777 0.032462376176604836 0.042757940713283794
0 0.9247369838123987 0.380896287097661 0.053720041171749715 0.058068790077695095
0 0.8523164145329266 0.3596363567904416 0.045447326647246676 0.059861116998597315
0 0.2901640962432881 0.2088889271575491 0.05145485141192575 0.051746038474587405
0 0.7748693683466119 0.3444445474754527 0.04496237617660483 0.04319445033193053
0 0.21988747910597947 0.18978508178677087 0.045447326647246794 0.059861116998597315
0 0.7100435597779575 0.33385591444577734 0.03877299498543512 0.045059528855940556
0 0.4477477100375534 0.260178630723968 0.03901547022075604 0.05339286218927389
0 0.6030661340719946 0.30514558268727915 0.032462376176604836 0.042757940713283794
0 0.8265778419104112 0.36914362841826065 0.045447326647246676 0.059861116998597315
0 0.6231912041872276 0.31729505625013665 0.04306089926976213 0.04937169872882284
0 0.1846526688658035 0.19479830453393815 0.03877299498543512 0.045059528855940556
0 0.9012636009497075 0.3967263103285878 0.04949275569625276 0.05583995353814615
0 0.9633584317757583 0.4207474826202681 0.04122004117174972 0.05763228045904836
0 0.3328006638512386 0.24367729255303858 0.034848803554089376 0.05324735898305821
0 0.4273083989616166 0.2729927813595566 0.04061385308344742 0.036798947125715034
0 0.5762858947828126 0.3146164785135443 0.03644718641678064 0.036653443919499415
0 0.5521457050229884 0.3075298350778045 0.03877299498543512 0.045059528855940556
0 0.23850509457176644 0.22165347041318723 0.030197186416780753 0.036435189110175986
0 0.4586061179730694 0.025380352683717706 0.029712235946138796 0.019768522443509306
0 0.3581946861086352 0.25809197845699894 0.04532608902958633 0.05569445033193065
0 0.6677292487020208 0.3459061732487339 0.03877299498543512 0.045059528855940556
0 0.26276652194925093 0.2329067805155937 0.04544732664724673 0.059861116998597315
0 0.09804278851039458 0.18657077967163077 0.05788670783841653 0.05821429328391083
0 0.3939447562238681 0.270787089043165 0.03656842403444121 0.04082011058616608
0 0.7443771034569899 0.3693949400955023 0.04306089926976237 0.04937169872882284
0 0.7717938402388894 0.3817990442692371 0.0491290428432715 0.043339953538146146
0 0.5203978547549691 0.03898485830873137 0.025606188088302416 0.021706352570627023
0 0.849875631037097 0.13269852666332388 0.030197186416780635 0.036435189110175986
0 0.47184644347640975 0.30160389835815393 0.05145485141192575 0.051746038474587405
0 0.8643394796335947 0.41520844813931396 0.04949275569625276 0.05583995353814627
0 0.6953884607192414 0.3666436107558021 0.049492755696253 0.05583995353814627
0 0.5265586794225486 0.3222454400389569 0.04306089926976225 0.04937169872882284
0 0.601032272630939 0.34253645528261745 0.04306089926976213 0.04937169872882284
0 0.9358093104596457 0.4395570026449794 0.05384127878941029 0.06223545674436177
0 0.17116047409141455 0.2317890433121835 0.04496237617660483 0.04319445033193065
0 0.08308459540752725 0.2089418093149889 0.04257594879912029 0.03270503206215617
0 0.5511838196530146 0.34599875014136333 0.045447326647246676 0.059861116998597315
0 0.23444851860620766 0.261054924738751 0.04306089926976225 0.04937169872882284
0 0.3636022854754969 0.01477848807564579 0.023037904284327126 0.004966934300852551
0 0.8179494301042366 0.4302382037360549 0.04949275569625276 0.05583995353814627
0 0.7540440505845886 0.41551927984126685 0.049492755696253 0.05583995353814615
0 0.5725930316702352 0.3665179328391081 0.045447326647246676 0.059861116998597315
0 0.45716103501327854 0.33334992800151203 0.04532608902958633 0.05569445033193065
0 0.8185043934194364 0.12744058595004007 0.028113853083447302 0.03636243750706818
0 0.37867232216029706 0.3181217428849692 0.05812918307373754 0.06654762661724405
0 0.6095363154742105 0.38445775256016135 0.04293966165210179 0.045205032062156175
0 0.07970597325565372 0.2358796394421066 0.03889423260309555 0.04922619552260722
0 0.9611012575872441 0.4862269794140525 0.05812918307373754 0.06654762661724417
0 0.25184261097883726 0.28663693756361347 0.038772994985435065 0.045059528855940556
0 0.6694265753492675 0.40423950658206725 0.0453260890295861 0.05569445033193065
0 0.2896153956185733 0.29732146641955404 0.04293966165210179 0.045205032062156175
0 0.1616833989616166 0.26371695196331113 0.04728818474525909 0.05160053526837179
0 0.7147031924865762 0.4224703327155518 0.045447326647246676 0.059861116998597315
0 0.4157765470220756 0.019722278153340985 0.023219760710817876 0.011216934300852547
0 0.9507546037651354 0.16639893694583197 0.0388942326030957 0.04922619552260722
0 0.8765444011607535 0.47703053948818636 0.045568564264907255 0.06402778366526399
0 0.7514133950909582 0.1105292013172569 0.032462376176604836 0.042757940713283794
0 0.3280852965598572 0.33196432860882796 0.054204991642391794 0.07473545674436176
0 0.8012716165210174 0.46503648177630524 0.04949275569625276 0.05583995353814627
0 0.3994945085770778 0.35422954978116006 0.05200042069139788 0.07049603847458741
0 0.24316472728038502 0.3102678886829617 0.04728818474525915 0.05160053526837179
0 0.5370439804693555 0.3964947797847215 0.05181856426490725 0.0642460384745874
0 0.6863548797391178 0.4495768102720425 0.05181856426490725 0.0642460384745874
0 0.7640444011607535 0.4731019529203647 0.04122004117174972 0.057632280459048245
0 0.9955128296821445 0.5438956356746548 0.008974340635711068 0.06121693430085244
0 0.10199415800091284 0.28660715547318466 0.03656842403444127 0.04082011058616608
0 0.8511695413912196 0.49903781111600537 0.045447326647246676 0.059861116998597315
0 0.1534904657338063 0.304014569749326 0.04728818474525915 0.05160053526837179
0 0.6235820950993817 0.4380192621788082 0.04961399331391334 0.060006620204812816
0 0.4651992898737706 0.3950265161441688 0.05812918307373754 0.06654762661724417
0 0.8878908909121539 0.15171638885259772 0.04293966165210179 0.045205032062156175
0 0.13265713240047297 0.3032870537182479 0.04728818474525915 0.05160053526837179
0 0.2829793889324867 0.35536379334045615 0.03877299498543512 0.045059528855940556
0 0.19907017691526613 0.3326620625494771 0.05372004117174984 0.058068790077695095
0 0.5044683822464002 0.42137242080166326 0.052000420691398 0.07049603847458741
0 0.7249763277024771 0.4894280057946497 0.05181856426490725 0.0642460384745874
0 0.9914322070026558 0.18559867814287537 0.01713558599468854 0.04864418269774475
0 0.32739619582961943 0.3798082436723868 0.05181856426490725 0.0642460384745874
0 0.5204267856949666 0.43337639115830506 0.05384127878941029 0.06223545674436177
0 0.23855143511880156 0.36629963387363834 0.052000420691398 0.07049603847458741
0 0.5816314968764263 0.46256952098176485 0.06431856426490726 0.06468254809323426
0 0.421165358317482 0.41950402334401754 0.05653080021104605 0.08314154168080302
0 0.9164691535139632 0.5616734016774603 0.054204991642391794 0.07473545674436176
0 0.8136583944746668 0.5331085731251776 0.05236413354437938 0.0829960384745874
0 0.4515569265417237 0.033459055406173714 0.030197186416780753 0.03643518911017597
0 0.6458702798446407 0.4887467782098863 0.04961399331391334 0.060006620204812816
0 0.9730962681883272 0.5846529073024738 0.053807463623345576 0.07718254809323402
0 0.0773164145329266 0.33257276043433703 0.051454851411925816 0.051746038474587405
0 0.044842891439769224 0.32519511058616607 0.03361413354437941 0.08234127404661713
0 0.2884493599890036 0.4003009632133384 0.05372004117174984 0.05806879007769521
0 0.1290248880967259 0.357271841377145 0.05181856426490725 0.0642460384745874
0 0.43537383188128126 0.442893575430885 0.049492755696253 0.05583995353814627
0 0.8845411997002779 0.5730457518292892 0.05003832497572513 0.07458995353814639
0 0.7744993928031453 0.5463096259994626 0.06652313521590117 0.06892196636300861
0 0.3653699993837088 0.43316473006010675 0.06890956259338571 0.07941138463278322
0 0.68755610899917 0.5266237678038219 0.04961399331391334 0.060006620204812934
0 0.19552886082476442 0.38977185020837435 0.04961399331391346 0.060006620204812816
0 0.5113437328225652 0.4788459664760994 0.05843227711788875 0.07696429328391072
0 0.5670495420075106 0.06871039357710315 0.025969900941283677 0.034206352570627034
0 0.09807798214087714 0.3665972339971946 0.04961399331391343 0.060006620204812816
0 0.8549390544552471 0.5928241869175593 0.06063684806888243 0.0812037115536853
0 0.8346749626989087 0.14673622297334862 0.03234113855894426 0.03859127404661713
0 0.5812454901903398 0.5208301027119904 0.04593227711788851 0.07652778366526386
0 0.41131342341815 0.4743122228602579 0.06229584974040421 0.06669312982345979
0 0.732579103984605 0.5719015514690858 0.06480351473554909 0.08134921475990092
0 0.30136254473426277 0.4507010970304314 0.04961399331391346 0.060006620204812934
0 0.36643082853823805 0.46962306339344007 0.05843227711788875 0.07696429328391072
0 0.7463374462918378 0.07913369811104128 0.029772854754969085 0.021851855776842656
0 0.7025459899708701 0.11194453864422342 0.03889423260309546 0.04922619552260722
0 0.5448780850702518 0.5226819496576037 0.05825042069139788 0.07071429328391084
0 0.46213177733735833 0.5041832613348454 0.05812918307373754 0.06654762661724417
0 0.055328192486576125 0.39944445033193066 0.051333613794265306 0.04757937180792074
0 0.9303825486049213 0.6464485354945531 0.05812918307373754 0.06654762661724428
0 0.126798023312627 0.4237930048375961 0.04544732664724673 0.059861116998597315
0 0.6631208407665047 0.5809227060983077 0.058432277117888516 0.07696429328391095
0 0.788049075041122 0.6185847598165556 0.05812918307373754 0.06654762661724428
0 0.25818842341815 0.46896498003183407 0.05181856426490725 0.0642460384745874
0 0.7030375775484043 0.5937633198906893 0.060758085686543 0.08537037822035197
0 0.15859359259209918 0.4436342788842132 0.045568564264907255 0.06402778366526399
0 0.6711141335443794 0.10460326459760629 0.03626532999029024 0.030403443919499413
0 0.1817527344940868 0.45276787985173245 0.05812918307373748 0.06654762661724417
0 0.9313266499514502 0.17820779671630776 0.03472756593642903 0.0490806923163916
0 0.2897045709509938 0.014279139498651946 0.029409141901987585 0.00935185577684264
0 0.10752161652101738 0.44081019794140525 0.04961399331391343 0.060006620204812934
0 0.8715531178843935 0.6631251148059806 0.0666443728335615 0.07308863302967553
0 0.33973488035540894 0.017066844639905997 0.02530309404415121 0.011289685903960355
0 0.7383566788949333 0.1267229825637228 0.03472756593642903 0.0490806923163916
0 0.9773977615022407 0.6990907374295915 0.04520447699551866 0.0723611169985972
0 0.6355156104512221 0.09711648734477357 0.03050028046093208 0.04685185577684266
0 0.4805866988645171 0.5662236074930412 0.05891722758853059 0.09363095995057762
0 0.3716168680384662 0.5405655241314352 0.060636848068882546 0.0812037115536853
0 0.78562570115233 0.14190156030031514 0.03877299498543512 0.045059528855940556
0 0.04967323365832598 0.4554398197210533 0.05200042069139797 0.07049603847458741
0 0.6523484768181667 0.6398611964796608 0.06731117973069421 0.09600529969634218
0 0.5558180271832854 0.6125562894033683 0.06314451306402755 0.09585979649012634
0 0.4362799826684924 0.58132611469289 0.062417087358064546 0.07085979649012633
0 0.3900682838039753 0.030271216447826717 0.030015329990290003 0.030185189110175974
0 0.33260941338902017 0.5589749103390534 0.05788670783841662 0.058214293283910715
0 0.19836679792323325 0.5230688077401537 0.05384127878941029 0.062235456744361886
0 0.9755919098265072 0.19744391371490508 0.04293966165210179 0.045205032062156175
0 0.5064242152715879 0.6316435842621143 0.06468227711788875 0.07718254809323426
0 0.9513036788062573 0.7574835907876362 0.07558389425519725 0.09421297277543986
0 0.12446908339873014 0.5225694591631599 0.06229584974040415 0.06669312982345967
0 0.8495648958380428 0.7299968047035742 0.07129598997087025 0.08990080290255757
0 0.6157274495462051 0.6687600009570536 0.07129598997087025 0.08990080290255757
0 0.2104772854754969 0.009431245247221918 0.029287904284327128 0.005185189110175977
0 0.7228867316786587 0.7037203327155518 0.07374303615718485 0.10247355450566549
0 0.08251848517577481 0.5471197179661166 0.07362179853952444 0.09830688783899882
0 0.2724240750411219 0.6005787380473732 0.07350056092186392 0.09414022117233192
0 0.3343370494406821 0.6183499103390535 0.07778846520619116 0.09845239104521444
0 0.9188796276053777 0.7875695651379112 0.07374303615718485 0.10247355450566549
0 0.42994707002655697 0.6497851082804587 0.06903080021104605 0.08357805129944988
0 0.687095205242458 0.7253638463278319 0.08606117973069398 0.09666006412431234
0 0.7951749164239179 0.7561938872212172 0.06296265663753692 0.08960979649012633
0 0.5519321607276649 0.6935880345940449 0.06890956259338547 0.07941138463278322
0 0.8890046977206106 0.7979730002261813 0.07350056092186392 0.09414022117233216
0 0.18210216908527316 0.6078307099788501 0.07558389425519725 0.0942129727754401
0 0.16464395214216357 0.007830709978850148 0.033454570950993794 0.005330692316391591
0 0.7586939148410722 0.14616412279324698 0.028295709509938167 0.04261243750706818
0 0.7054396616521018 0.06834004185043903 0.02137890261280546 0.01947751603107809
0 0.26479549916423917 0.016531120261358254 0.029590998328478335 0.015601855776842644
0 0.6086747523532097 0.10450404983770539 0.03234113855894426 0.03859127404661713
0 0.4649055898653471 0.06306223169148722 0.032341138558944375 0.038591274046617115
0 0.7587054361740319 0.7903010250319433 0.0801748925836757 0.1089418093149888
0 0.6380954155881571 0.7579928078532444 0.060758085686543 0.08537037822035197
0 0.41775780522561107 0.052050320621561556 0.03019718641678087 0.036435189110175986
0 0.8689478875691107 0.18019191528974024 0.03877299498543512 0.045059528855940556
0 0.3275682838039753 0.028088668354592488 0.030015329990290003 0.030185189110175974
0 0.3642994017770447 0.038736821408979126 0.025969900941283916 0.03420635257062702
0 0.528992825811486 0.08403115558627536 0.03050028046093196 0.04685185577684266
0 0.4961559642817543 0.7436706988419135 0.07350056092186392 0.09414022117233216
0 0.24433740001684703 0.6724405064689767 0.0928567490101664 0.11562831893363588
0 0.030200692178430518 0.6087698429519802 0.026939801882567727 0.06753968590396037
0 0.9172585764931739 0.19540686882788644 0.03656842403444121 0.04082011058616608
0 0.8343610961546121 0.8512170402756039 0.07778846520619116 0.09845239104521444
0 0.5448299916423918 0.09186845927625059 0.03234113855894426 0.03859127404661713
0 0.116829735021702 0.6534193253460668 0.07558389425519732 0.0942129727754401
0 0.03834102216872057 0.6381911402295243 0.04200808568654299 0.08471561379238182
0 0.3423637829682144 0.035889596243013806 0.03656842403444121 0.04082011058616607
0 0.18553790428432715 0.010641559343261558 0.03357580856865431 0.009497358983058257
0 0.676493550804058 0.8259326275742979 0.07962932330420358 0.0901918093149888
0 0.5018488736693224 0.08100205141254053 0.0347275659364288 0.0490806923163916
0 0.8030804123337897 0.16956690645851094 0.03234113855894426 0.03859127404661713
0 0.5805389798530644 0.818419387164672 0.07546265663753692 0.09004630610877343
0 0.4106372224852897 0.7729431739796061 0.07546265663753679 0.09004630610877319
0 0.9144562074415948 0.92165355872548 0.06712932330420358 0.08975529969634219
0 0.9983490138997885 0.22748359961886547 0.0033019722004231276 0.03987433974576457
0 0.3101825814190628 0.7538260970304315 0.07778846520619116 0.09845239104521444
0 0.5074129042843272 0.021881682023417857 0.027325808568654252 0.009279104173734832
0 0.2900682838039753 0.026779139498651947 0.030136567607950582 0.03435185577684264
0 0.6982166293655754 0.14197099296978724 0.03472756593642903 0.0490806923163916
0 0.13690220189941477 0.7352877139724833 0.05843227711788869 0.07696429328391072
0 0.655265820796921 0.13214625177274383 0.032462376176604836 0.04275794071328377
0 0.07893258141906288 0.7457506690854648 0.06712932330420346 0.08975529969634219
0 0.8931762486133449 0.9612070658122381 0.09267489258367571 0.07758586837552363
0 0.7143844417162122 0.94796636235891 0.08201575068168789 0.10068122758476315
0 0.39967185519390824 0.861011955226072 0.09028846520619117 0.09888890066386107
0 0.8122899614663263 0.9722884095516359 0.09194746687771271 0.05542318089672828
0 0.2232803795196481 0.020284421532535433 0.029894092372629542 0.026018522443509308
0 0.2091489303237062 0.8220998926765949 0.077000420691398 0.07136905771188111
0 0.3257135218605749 0.8584292733157449 0.07050794545607696 0.06281746956922424
0 0.6576383443290176 0.9647156932734452 0.0700836137942654 0.0482341362358909
0 0.9481943355324702 0.22146176707294968 0.028295709509938167 0.04261243750706818
0 0.4037200411717498 0.0702910593998069 0.036447186416780755 0.036653443919499415
0 0.8548798141108345 0.1973909874013189 0.03234113855894426 0.03859127404661713
0 0.8391335764931739 0.1926786837113437 0.03472756593642903 0.0490806923163916
0 0.9021185269638159 0.2115278984712446 0.03656842403444121 0.04082011058616608
0 0.5779400122282666 0.1211211091244216 0.032462376176604836 0.04275794071328377
0 0.32612144796335946 0.04989091675148468 0.030197186416780753 0.03643518911017597
0 0.48989444294879453 0.0993155417938937 0.032462376176604836 0.042757940713283794
0 0.6776863900763932 0.1516601436053758 0.03877299498543512 0.045059528855940556
0 0.7753191251867712 0.18108475981655556 0.030197186416780635 0.036435189110175986