0 0.016666666666666666 0.275 0.010416666666666666 0.015625
0 0.008333333333333333 0.28541666666666665 0.010416666666666666 0.015625
0 0.10104166666666667 0.27395833333333336 0.016666666666666666 0.020833333333333332
0 0.020833333333333332 0.28854166666666664 0.016666666666666666 0.020833333333333332
0 0.06145833333333333 0.2833333333333333 0.021875 0.021875
0 0.121875 0.2760416666666667 0.015625 0.015625
0 0.10729166666666666 0.284375 0.016666666666666666 0.020833333333333332
0 0.027083333333333334 0.29791666666666666 0.0125 0.020833333333333332
0 0.08229166666666667 0.2916666666666667 0.016666666666666666 0.020833333333333332
0 0.04479166666666667 0.3 0.010416666666666666 0.010416666666666666
0 0.121875 0.28958333333333336 0.010416666666666666 0.015625
0 0.14791666666666667 0.2864583333333333 0.021875 0.021875
0 0.06354166666666666 0.30416666666666664 0.016666666666666666 0.020833333333333332
0 0.2708333333333333 0.26666666666666666 0.022916666666666665 0.03125
0 0.003125 0.31875 0.00625 0.021875
0 0.19479166666666667 0.28854166666666664 0.016666666666666666 0.020833333333333332
0 0.06979166666666667 0.3125 0.016666666666666666 0.020833333333333332
0 0.13645833333333332 0.30520833333333336 0.021875 0.027083333333333334
0 0.196875 0.3 0.021875 0.021875
0 0.17395833333333333 0.30416666666666664 0.028125 0.03125
0 0.08958333333333333 0.32083333333333336 0.021875 0.027083333333333334
0 0.058333333333333334 0.32916666666666666 0.0125 0.020833333333333332
0 0.075 0.328125 0.021875 0.027083333333333334
0 0.11041666666666666 0.32708333333333334 0.021875 0.027083333333333334
0 0.8166666666666667 0.20416666666666666 0.03333333333333333 0.035416666666666666
0 0.028125 0.34375 0.027083333333333334 0.027083333333333334
0 0.13125 0.328125 0.016666666666666666 0.025
0 0.09895833333333333 0.3333333333333333 0.021875 0.027083333333333334
0 0.14791666666666667 0.32708333333333334 0.016666666666666666 0.025
0 0.20416666666666666 0.31666666666666665 0.022916666666666665 0.03125
0 0.16458333333333333 0.32708333333333334 0.021875 0.027083333333333334
0 0.009375 0.353125 0.01875 0.021875
0 0.27708333333333335 0.3145833333333333 0.03125 0.028125
0 0.15625 0.33541666666666664 0.008333333333333333 0.014583333333333334
0 0.34375 0.30625 0.028125 0.035416666666666666
0 0.022916666666666665 0.365625 0.027083333333333334 0.027083333333333334
0 0.08958333333333333 0.35833333333333334 0.03333333333333333 0.035416666666666666
0 0.22708333333333333 0.334375 0.022916666666666665 0.03125
0 0.15416666666666667 0.3541666666666667 0.025 0.03958333333333333
0 0.00625 0.38229166666666664 0.0125 0.027083333333333334
0 0.1875 0.353125 0.028125 0.03125
0 0.20208333333333334 0.35520833333333335 0.022916666666666665 0.03125
0 0.22916666666666666 0.3625 0.029166666666666667 0.040625
0 0.09895833333333333 0.3875 0.028125 0.03125
0 0.26875 0.3625 0.035416666666666666 0.05
0 0.29791666666666666 0.3572916666666667 0.034375 0.04583333333333333
0 0.015625 0.409375 0.022916666666666665 0.034375
0 0.08333333333333333 0.40208333333333335 0.029166666666666667 0.040625
0 0.33645833333333336 0.36041666666666666 0.035416666666666666 0.05
0 0.8302083333333333 0.28229166666666666 0.035416666666666666 0.05
0 0.47291666666666665 0.3489583333333333 0.034375 0.040625
0 0.4166666666666667 0.359375 0.03333333333333333 0.035416666666666666
0 0.4583333333333333 0.3541666666666667 0.025 0.03958333333333333
0 0.109375 0.41770833333333335 0.028125 0.035416666666666666
0 0.38125 0.3729166666666667 0.035416666666666666 0.05416666666666667
0 0.15833333333333333 0.41458333333333336 0.034375 0.04583333333333333
0 0.19583333333333333 0.4083333333333333 0.034375 0.04583333333333333
0 0.175 0.41458333333333336 0.034375 0.04583333333333333
0 0.6885416666666667 0.3260416666666667 0.034375 0.04583333333333333
0 0.2947916666666667 0.40208333333333335 0.03958333333333333 0.052083333333333336
0 0.8083333333333333 0.31666666666666665 0.04375 0.046875
0 0.4166666666666667 0.3854166666666667 0.03958333333333333 0.046875
0 0.5479166666666667 0.3625 0.025 0.03958333333333333
0 0.016666666666666666 0.4552083333333333 0.022916666666666665 0.03125
0 0.6697916666666667 0.34270833333333334 0.028125 0.035416666666666666
0 0.14270833333333333 0.4354166666666667 0.03958333333333333 0.046875
0 0.26875 0.4166666666666667 0.034375 0.040625
0 0.03229166666666667 0.46041666666666664 0.016666666666666666 0.025
0 0.6208333333333333 0.35625 0.035416666666666666 0.05
0 0.25729166666666664 0.428125 0.025 0.04375
0 0.41458333333333336 0.4166666666666667 0.028125 0.035416666666666666
0 0.38958333333333334 0.42916666666666664 0.03125 0.05
0 0.22604166666666667 0.465625 0.01875 0.034375
0 0.49166666666666664 0.42291666666666666 0.034375 0.04583333333333333
0 0.240625 0.46770833333333334 0.035416666666666666 0.05
0 0.4375 0.43854166666666666 0.04583333333333333 0.05625
0 0.51875 0.42291666666666666 0.03958333333333333 0.052083333333333336
0 0.5854166666666667 0.41458333333333336 0.034375 0.04583333333333333
0 0.3020833333333333 0.4666666666666667 0.03958333333333333 0.052083333333333336
0 0.07916666666666666 0.5083333333333333 0.04375 0.052083333333333336
0 0.016666666666666666 0.5208333333333334 0.03333333333333333 0.06875
0 0.5541666666666667 0.43645833333333334 0.03958333333333333 0.052083333333333336
0 0.3802083333333333 0.48854166666666665 0.052083333333333336 0.06666666666666667
0 0.75625 0.43125 0.04791666666666667 0.053125
0 0.7416666666666667 0.43333333333333335 0.034375 0.04583333333333333
0 0.7875 0.4375 0.05 0.058333333333333334
0 0.6052083333333333 0.48854166666666665 0.05 0.058333333333333334
0 0.8760416666666667 0.4427083333333333 0.04791666666666667 0.075
0 0.5677083333333334 0.5 0.059375 0.08541666666666667
0 0.903125 0.4427083333333333 0.052083333333333336 0.07083333333333333
0 0.8145833333333333 0.47291666666666665 0.04375 0.025
0 0.7354166666666667 0.4895833333333333 0.058333333333333334 0.07708333333333334
0 0.7020833333333333 0.5104166666666666 0.06041666666666667 0.07291666666666667
0 0.4875 0.5520833333333334 0.05625 0.071875
0 0.37083333333333335 0.5791666666666667 0.052083333333333336 0.06666666666666667
0 0.42916666666666664 0.578125 0.05 0.0625
0 0.840625 0.5104166666666666 0.071875 0.08333333333333333
0 0.6489583333333333 0.546875 0.052083333333333336 0.07083333333333333
0 0.19791666666666666 0.6708333333333333 0.05625 0.071875
0 0.425 0.6458333333333334 0.05625 0.06666666666666667
0 0.553125 0.625 0.053125 0.075
0 0.06875 0.7104166666666667 0.05625 0.071875
0 0.3125 0.6770833333333334 0.05625 0.06666666666666667
0 0.12708333333333333 0.7229166666666667 0.052083333333333336 0.06666666666666667
0 0.7625 0.6177083333333333 0.0625 0.08125
0 0.478125 0.7083333333333334 0.052083333333333336 0.07083333333333333
0 0.08333333333333333 0.8979166666666667 0.05625 0.09791666666666667