0 0.4895833333333333 0.49583333333333335 0.00625 0.00625
0 0.47708333333333336 0.49270833333333336 0.00625 0.00625
0 0.503125 0.4979166666666667 0.00625 0.00625
0 0.5041666666666667 0.4979166666666667 0.00625 0.00625
0 0.509375 0.49895833333333334 0.00625 0.00625
0 0.4864583333333333 0.49583333333333335 0.00625 0.00625
0 0.5010416666666667 0.4979166666666667 0.00625 0.00625
0 0.48854166666666665 0.4979166666666667 0.00625 0.00625
0 0.4979166666666667 0.49895833333333334 0.00625 0.00625
0 0.47708333333333336 0.49583333333333335 0.00625 0.00625
0 0.5114583333333333 0.5020833333333333 0.00625 0.00625
0 0.51875 0.5041666666666667 0.00625 0.00625
0 0.5072916666666667 0.5020833333333333 0.00625 0.00625
0 0.48854166666666665 0.4979166666666667 0.00625 0.00625
0 0.5020833333333333 0.5010416666666667 0.00625 0.00625
0 0.48541666666666666 0.5 0.00625 0.00625
0 0.48854166666666665 0.5 0.00625 0.00625
0 0.4739583333333333 0.4979166666666667 0.00625 0.00625
0 0.5083333333333333 0.5041666666666667 0.00625 0.00625
0 0.496875 0.5020833333333333 0.00625 0.00625
0 0.48541666666666666 0.5 0.00625 0.00625
0 0.5135416666666667 0.5041666666666667 0.00625 0.00625
0 0.5145833333333333 0.5083333333333333 0.00625 0.00625
0 0.521875 0.509375 0.00625 0.00625
0 0.47604166666666664 0.5 0.00625 0.00625
0 0.5083333333333333 0.50625 0.00625 0.00625
0 0.4635416666666667 0.4979166666666667 0.00625 0.00625
0 0.48541666666666666 0.5020833333333333 0.00625 0.00625
0 0.5041666666666667 0.5052083333333334 0.00625 0.00625
0 0.5020833333333333 0.5041666666666667 0.00625 0.00625
0 0.4979166666666667 0.5072916666666667 0.00625 0.00625
0 0.49583333333333335 0.50625 0.00625 0.00625
0 0.5052083333333334 0.5083333333333333 0.00625 0.00625
0 0.5125 0.509375 0.00625 0.00625
0 0.5083333333333333 0.5083333333333333 0.00625 0.00625
0 0.5239583333333333 0.5114583333333333 0.00625 0.00625
0 0.5322916666666667 0.5135416666666667 0.00625 0.00625
0 0.5166666666666667 0.5104166666666666 0.00625 0.00625
0 0.4875 0.5041666666666667 0.00625 0.00625
0 0.5145833333333333 0.5104166666666666 0.00625 0.00625
0 0.521875 0.5114583333333333 0.00625 0.00625
0 0.5291666666666667 0.515625 0.00625 0.00625
0 0.475 0.5041666666666667 0.00625 0.00625
0 0.503125 0.5104166666666666 0.00625 0.00625
0 0.5416666666666666 0.5166666666666667 0.00625 0.00625
0 0.484375 0.50625 0.00625 0.00625
0 0.49583333333333335 0.5083333333333333 0.00625 0.00625
0 0.46041666666666664 0.5020833333333333 0.00625 0.00625
0 0.509375 0.5114583333333333 0.00625 0.00625
0 0.4510416666666667 0.5 0.00625 0.00625
0 0.5072916666666667 0.5104166666666666 0.00625 0.00625
0 0.5364583333333334 0.5166666666666667 0.00625 0.00625
0 0.484375 0.50625 0.00625 0.00625
0 0.54375 0.5177083333333333 0.00625 0.00625
0 0.490625 0.5104166666666666 0.00625 0.00625
0 0.4979166666666667 0.5114583333333333 0.00625 0.00625
0 0.5 0.5114583333333333 0.00625 0.00625
0 0.5291666666666667 0.5177083333333333 0.00625 0.00625
0 0.475 0.5072916666666667 0.00625 0.00625
0 0.5166666666666667 0.5145833333333333 0.00625 0.00625
0 0.42291666666666666 0.496875 0.009375 0.00625
0 0.5041666666666667 0.5125 0.00625 0.00625
0 0.53125 0.5177083333333333 0.00625 0.00625
0 0.5229166666666667 0.5166666666666667 0.00625 0.00625
0 0.5385416666666667 0.521875 0.00625 0.00625
0 0.4479166666666667 0.5041666666666667 0.00625 0.00625
0 0.4635416666666667 0.5072916666666667 0.00625 0.00625
0 0.46979166666666666 0.5083333333333333 0.00625 0.00625
0 0.525 0.5197916666666667 0.00625 0.00625
0 0.48333333333333334 0.5104166666666666 0.00625 0.00625
0 0.5489583333333333 0.5239583333333333 0.00625 0.00625
0 0.47708333333333336 0.5104166666666666 0.00625 0.00625
0 0.42916666666666664 0.5010416666666667 0.00625 0.00625
0 0.440625 0.503125 0.00625 0.00625
0 0.4979166666666667 0.5145833333333333 0.00625 0.00625
0 0.5270833333333333 0.5197916666666667 0.00625 0.00625
0 0.565625 0.5270833333333333 0.00625 0.00625
0 0.5197916666666667 0.5208333333333334 0.00625 0.00625
0 0.5354166666666667 0.5229166666666667 0.00625 0.00625
0 0.5104166666666666 0.51875 0.00625 0.00625
0 0.515625 0.5197916666666667 0.00625 0.00625
0 0.45625 0.5083333333333333 0.00625 0.00625
0 0.5166666666666667 0.5208333333333334 0.00625 0.00625
0 0.5583333333333333 0.528125 0.00625 0.009375
0 0.5447916666666667 0.525 0.00625 0.00625
0 0.55625 0.5270833333333333 0.00625 0.00625
0 0.43125 0.503125 0.00625 0.009375
0 0.5479166666666667 0.5291666666666667 0.00625 0.00625
0 0.5364583333333334 0.5270833333333333 0.00625 0.00625
0 0.4625 0.5114583333333333 0.00625 0.00625
0 0.47291666666666665 0.5145833333333333 0.00625 0.00625
0 0.4666666666666667 0.5125 0.00625 0.00625
0 0.4895833333333333 0.5166666666666667 0.00625 0.00625
0 0.44895833333333335 0.509375 0.00625 0.00625
0 0.403125 0.5020833333333333 0.00625 0.00625
0 0.44375 0.5104166666666666 0.00625 0.00625
0 0.4114583333333333 0.5041666666666667 0.010416666666666666 0.010416666666666666
0 0.5291666666666667 0.5270833333333333 0.00625 0.00625
0 0.5416666666666666 0.5291666666666667 0.00625 0.00625
0 0.42291666666666666 0.50625 0.009375 0.00625
0 0.5645833333333333 0.5333333333333333 0.00625 0.00625
0 0.43645833333333334 0.509375 0.00625 0.00625
0 0.453125 0.5125 0.00625 0.00625
0 0.534375 0.528125 0.00625 0.00625
0 0.5479166666666667 0.5302083333333333 0.00625 0.00625
0 0.5114583333333333 0.5260416666666666 0.010416666666666666 0.010416666666666666
0 0.484375 0.5208333333333334 0.00625 0.00625
0 0.5072916666666667 0.525 0.00625 0.00625
0 0.5708333333333333 0.5375 0.009375 0.00625
0 0.5020833333333333 0.5270833333333333 0.00625 0.009375
0 0.459375 0.5177083333333333 0.010416666666666666 0.010416666666666666
0 0.490625 0.5239583333333333 0.010416666666666666 0.010416666666666666
0 0.5427083333333333 0.534375 0.00625 0.00625
0 0.5583333333333333 0.5375 0.00625 0.00625
0 0.4791666666666667 0.521875 0.00625 0.00625
0 0.5270833333333333 0.53125 0.00625 0.009375
0 0.5770833333333333 0.54375 0.00625 0.009375
0 0.5625 0.540625 0.00625 0.009375
0 0.6041666666666666 0.5479166666666667 0.010416666666666666 0.010416666666666666
0 0.45208333333333334 0.5197916666666667 0.00625 0.009375
0 0.41458333333333336 0.5114583333333333 0.00625 0.009375
0 0.5447916666666667 0.5375 0.00625 0.009375
0 0.5354166666666667 0.5354166666666667 0.00625 0.009375
0 0.4375 0.51875 0.00625 0.00625
0 0.446875 0.5208333333333334 0.00625 0.009375
0 0.553125 0.5416666666666666 0.00625 0.00625
0 0.3625 0.5041666666666667 0.00625 0.00625
0 0.4822916666666667 0.5291666666666667 0.009375 0.00625
0 0.4666666666666667 0.5260416666666666 0.00625 0.00625
0 0.35520833333333335 0.5041666666666667 0.009375 0.00625
0 0.4895833333333333 0.5302083333333333 0.010416666666666666 0.010416666666666666
0 0.5166666666666667 0.5354166666666667 0.009375 0.00625
0 0.4041666666666667 0.5166666666666667 0.010416666666666666 0.010416666666666666
0 0.41770833333333335 0.51875 0.010416666666666666 0.010416666666666666
0 0.42291666666666666 0.5208333333333334 0.010416666666666666 0.010416666666666666
0 0.5041666666666667 0.5385416666666667 0.010416666666666666 0.010416666666666666
0 0.46145833333333336 0.5291666666666667 0.00625 0.009375
0 0.5677083333333334 0.5510416666666667 0.010416666666666666 0.010416666666666666
0 0.5958333333333333 0.55625 0.0125 0.015625
0 0.4322916666666667 0.5239583333333333 0.010416666666666666 0.010416666666666666
0 0.4 0.5208333333333334 0.00625 0.009375
0 0.365625 0.5135416666666667 0.010416666666666666 0.010416666666666666
0 0.5416666666666666 0.5479166666666667 0.010416666666666666 0.010416666666666666
0 0.5604166666666667 0.5520833333333334 0.00625 0.009375
0 0.3541666666666667 0.5114583333333333 0.010416666666666666 0.010416666666666666
0 0.3875 0.5208333333333334 0.0125 0.015625
0 0.42604166666666665 0.528125 0.009375 0.00625
0 0.5552083333333333 0.553125 0.00625 0.009375
0 0.5229166666666667 0.546875 0.010416666666666666 0.010416666666666666
0 0.4395833333333333 0.5302083333333333 0.016666666666666666 0.016666666666666666
0 0.603125 0.5625 0.010416666666666666 0.010416666666666666
0 0.46875 0.5385416666666667 0.010416666666666666 0.010416666666666666
0 0.4510416666666667 0.5354166666666667 0.010416666666666666 0.010416666666666666
0 0.5802083333333333 0.5604166666666667 0.009375 0.00625
0 0.41458333333333336 0.528125 0.010416666666666666 0.010416666666666666
0 0.5010416666666667 0.546875 0.010416666666666666 0.010416666666666666
0 0.40208333333333335 0.528125 0.0125 0.015625
0 0.56875 0.5604166666666667 0.010416666666666666 0.010416666666666666
0 0.5114583333333333 0.5489583333333333 0.010416666666666666 0.010416666666666666
0 0.42083333333333334 0.5333333333333333 0.010416666666666666 0.010416666666666666
0 0.36770833333333336 0.5229166666666667 0.016666666666666666 0.016666666666666666
0 0.6208333333333333 0.5729166666666666 0.0125 0.015625
0 0.35833333333333334 0.5239583333333333 0.016666666666666666 0.016666666666666666
0 0.5416666666666666 0.5604166666666667 0.010416666666666666 0.010416666666666666
0 0.5770833333333333 0.5666666666666667 0.016666666666666666 0.016666666666666666
0 0.5354166666666667 0.5604166666666667 0.009375 0.00625
0 0.6416666666666667 0.5822916666666667 0.016666666666666666 0.016666666666666666
0 0.39166666666666666 0.5354166666666667 0.0125 0.015625
0 0.44583333333333336 0.5458333333333333 0.009375 0.00625
0 0.39791666666666664 0.5364583333333334 0.00625 0.009375
0 0.3541666666666667 0.5302083333333333 0.010416666666666666 0.010416666666666666
0 0.5166666666666667 0.5625 0.016666666666666666 0.016666666666666666
0 0.5614583333333333 0.5708333333333333 0.0125 0.015625
0 0.28854166666666664 0.5208333333333334 0.016666666666666666 0.016666666666666666
0 0.5958333333333333 0.5791666666666667 0.009375 0.00625
0 0.5427083333333333 0.5697916666666667 0.010416666666666666 0.010416666666666666
0 0.38645833333333335 0.5395833333333333 0.015625 0.0125
0 0.44583333333333336 0.5510416666666667 0.00625 0.00625
0 0.36041666666666666 0.5364583333333334 0.016666666666666666 0.016666666666666666
0 0.43125 0.55 0.015625 0.0125
0 0.6083333333333333 0.584375 0.020833333333333332 0.016666666666666666
0 0.2989583333333333 0.5270833333333333 0.020833333333333332 0.016666666666666666
0 0.6239583333333333 0.5895833333333333 0.021875 0.021875
0 0.5947916666666667 0.584375 0.010416666666666666 0.010416666666666666
0 0.33645833333333336 0.5364583333333334 0.016666666666666666 0.016666666666666666
0 0.4010416666666667 0.5489583333333333 0.0125 0.015625
0 0.5302083333333333 0.5739583333333333 0.021875 0.021875
0 0.6552083333333333 0.5979166666666667 0.016666666666666666 0.016666666666666666
0 0.4166666666666667 0.5520833333333334 0.010416666666666666 0.010416666666666666
0 0.28020833333333334 0.5260416666666666 0.020833333333333332 0.0125
0 0.5760416666666667 0.5833333333333334 0.016666666666666666 0.016666666666666666
0 0.34791666666666665 0.5416666666666666 0.016666666666666666 0.016666666666666666
0 0.44375 0.5604166666666667 0.016666666666666666 0.016666666666666666
0 0.31666666666666665 0.5354166666666667 0.010416666666666666 0.010416666666666666
0 0.37916666666666665 0.55 0.016666666666666666 0.016666666666666666
0 0.26145833333333335 0.5270833333333333 0.016666666666666666 0.016666666666666666
0 0.175 0.5104166666666666 0.015625 0.0125
0 0.5479166666666667 0.5833333333333334 0.0125 0.015625
0 0.7385416666666667 0.6197916666666666 0.020833333333333332 0.0125
0 0.4270833333333333 0.5614583333333333 0.020833333333333332 0.016666666666666666
0 0.5135416666666667 0.578125 0.021875 0.021875
0 0.39479166666666665 0.5552083333333333 0.016666666666666666 0.016666666666666666
0 0.6645833333333333 0.6104166666666667 0.016666666666666666 0.016666666666666666
0 0.30625 0.540625 0.020833333333333332 0.016666666666666666
0 0.228125 0.525 0.016666666666666666 0.020833333333333332
0 0.3697916666666667 0.5541666666666667 0.015625 0.0125
0 0.16666666666666666 0.515625 0.016666666666666666 0.016666666666666666
0 0.4010416666666667 0.5604166666666667 0.0125 0.015625
0 0.8125 0.6416666666666667 0.041666666666666664 0.03958333333333333
0 0.41875 0.5666666666666667 0.020833333333333332 0.016666666666666666
0 0.5895833333333333 0.6 0.016666666666666666 0.016666666666666666
0 0.525 0.5875 0.015625 0.0125
0 0.35208333333333336 0.5541666666666667 0.016666666666666666 0.016666666666666666
0 0.2791666666666667 0.5395833333333333 0.020833333333333332 0.016666666666666666
0 0.26458333333333334 0.5364583333333334 0.016666666666666666 0.016666666666666666
0 0.25 0.5364583333333334 0.016666666666666666 0.016666666666666666
0 0.44166666666666665 0.5729166666666666 0.010416666666666666 0.010416666666666666
0 0.3572916666666667 0.5572916666666666 0.010416666666666666 0.010416666666666666
0 0.23854166666666668 0.534375 0.022916666666666665 0.027083333333333334
0 0.3854166666666667 0.5677083333333334 0.021875 0.021875
0 0.44895833333333335 0.5802083333333333 0.0125 0.015625
0 0.5645833333333333 0.6020833333333333 0.03333333333333333 0.03333333333333333
0 0.47708333333333336 0.5854166666666667 0.05 0.058333333333333334
0 0.6625 0.621875 0.016666666666666666 0.020833333333333332
0 0.5260416666666666 0.5979166666666667 0.015625 0.0125
0 0.7302083333333333 0.6375 0.025 0.034375
0 0.10729166666666666 0.51875 0.0625 0.052083333333333336
0 0.2916666666666667 0.5541666666666667 0.016666666666666666 0.020833333333333332
0 0.21770833333333334 0.5416666666666666 0.016666666666666666 0.020833333333333332
0 0.7479166666666667 0.6447916666666667 0.022916666666666665 0.03125
0 0.5072916666666667 0.6 0.021875 0.021875
0 0.19270833333333334 0.5395833333333333 0.021875 0.021875
0 0.007291666666666667 0.503125 0.014583333333333334 0.0625
0 0.36354166666666665 0.571875 0.016666666666666666 0.020833333333333332
0 0.315625 0.5635416666666667 0.034375 0.041666666666666664
0 0.546875 0.6104166666666667 0.016666666666666666 0.020833333333333332
0 0.6166666666666667 0.6239583333333333 0.01875 0.025
0 0.26979166666666665 0.55625 0.022916666666666665 0.03125
0 0.37916666666666665 0.5791666666666667 0.021875 0.021875
0 0.5375 0.6104166666666667 0.016666666666666666 0.020833333333333332
0 0.6645833333333333 0.6354166666666666 0.016666666666666666 0.016666666666666666
0 0.015625 0.5104166666666666 0.03125 0.041666666666666664
0 0.203125 0.5479166666666667 0.022916666666666665 0.027083333333333334
0 0.5895833333333333 0.6229166666666667 0.016666666666666666 0.020833333333333332
0 0.34791666666666665 0.5770833333333333 0.020833333333333332 0.0125
0 0.25 0.5614583333333333 0.028125 0.03333333333333333
0 0.42083333333333334 0.5958333333333333 0.041666666666666664 0.03958333333333333
0 0.4979166666666667 0.6104166666666667 0.016666666666666666 0.020833333333333332
0 0.8583333333333333 0.6833333333333333 0.022916666666666665 0.03125
0 0.5208333333333334 0.6197916666666666 0.03333333333333333 0.03333333333333333
0 0.9354166666666667 0.7 0.04375 0.046875
0 0.7802083333333333 0.671875 0.04375 0.04375
0 0.8885416666666667 0.6979166666666666 0.029166666666666667 0.035416666666666666
0 0.16041666666666668 0.559375 0.05416666666666667 0.059375
0 0.8229166666666666 0.6916666666666667 0.029166666666666667 0.035416666666666666
0 0.6822916666666666 0.6791666666666667 0.06041666666666667 0.06458333333333334
0 0.33541666666666664 0.6145833333333334 0.05625 0.0625
0 0.03958333333333333 0.5614583333333333 0.06041666666666667 0.06875
0 0.9479166666666666 0.740625 0.035416666666666666 0.04583333333333333