0 0.12916666666666668 0.17083333333333334 0.03333333333333333 0.04375
0 0.978125 0.2677083333333333 0.0375 0.058333333333333334
0 0.09166666666666666 0.17708333333333334 0.03333333333333333 0.04375
0 0.23958333333333334 0.19791666666666666 0.040625 0.04583333333333333
0 0.8895833333333333 0.275 0.035416666666666666 0.04791666666666667
0 0.20416666666666666 0.20833333333333334 0.028125 0.04375
0 0.5770833333333333 0.03125 0.0375 0.053125
0 0.534375 0.259375 0.03333333333333333 0.04791666666666667
0 0.5458333333333333 0.2604166666666667 0.03333333333333333 0.053125
0 0.4270833333333333 0.2520833333333333 0.0375 0.053125
0 0.3614583333333333 0.24791666666666667 0.027083333333333334 0.03958333333333333
0 0.8010416666666667 0.2989583333333333 0.0375 0.053125
0 0.9729166666666667 0.32395833333333335 0.04375 0.06875
0 0.8770833333333333 0.32708333333333334 0.035416666666666666 0.040625
0 0.5416666666666666 0.03229166666666667 0.028125 0.04375
0 0.6479166666666667 0.3104166666666667 0.03333333333333333 0.04791666666666667
0 0.06666666666666667 0.25416666666666665 0.0375 0.053125
0 0.14791666666666667 0.26458333333333334 0.03333333333333333 0.04375
0 0.2833333333333333 0.30833333333333335 0.046875 0.05416666666666667
0 0.8895833333333333 0.3802083333333333 0.03333333333333333 0.053125
0 0.659375 0.35833333333333334 0.041666666666666664 0.05416666666666667
0 0.7791666666666667 0.375 0.03333333333333333 0.053125
0 0.534375 0.3541666666666667 0.03125 0.03958333333333333
0 0.09375 0.3145833333333333 0.028125 0.04375
0 0.36666666666666664 0.353125 0.041666666666666664 0.059375
0 0.925 0.41458333333333336 0.0375 0.053125
0 0.035416666666666666 0.3302083333333333 0.041666666666666664 0.05416666666666667
0 0.32083333333333336 0.3645833333333333 0.03333333333333333 0.053125
0 0.6854166666666667 0.4125 0.046875 0.05416666666666667
0 0.8854166666666666 0.4427083333333333 0.046875 0.059375
0 0.4479166666666667 0.39895833333333336 0.0375 0.053125
0 0.746875 0.43125 0.035416666666666666 0.04791666666666667
0 0.1875 0.3729166666666667 0.035416666666666666 0.04791666666666667
0 0.984375 0.45729166666666665 0.03125 0.058333333333333334
0 0.025 0.39479166666666665 0.035416666666666666 0.04791666666666667
0 0.23125 0.42083333333333334 0.035416666666666666 0.04791666666666667
0 0.5833333333333334 0.4625 0.0375 0.053125
0 0.42291666666666666 0.4479166666666667 0.028125 0.04375
0 0.7875 0.48854166666666665 0.035416666666666666 0.04791666666666667
0 0.49895833333333334 0.46041666666666664 0.03333333333333333 0.053125
0 0.5395833333333333 0.471875 0.0375 0.053125
0 0.33958333333333335 0.45729166666666665 0.035416666666666666 0.04791666666666667
0 0.30520833333333336 0.026041666666666668 0.027083333333333334 0.034375
0 0.7239583333333334 0.06979166666666667 0.0375 0.058333333333333334
0 0.17708333333333334 0.45625 0.034375 0.058333333333333334
0 0.24479166666666666 0.47291666666666665 0.0375 0.053125
0 0.32395833333333335 0.029166666666666667 0.035416666666666666 0.04791666666666667
0 0.4166666666666667 0.49375 0.027083333333333334 0.03958333333333333
0 0.6604166666666667 0.5197916666666667 0.034375 0.0625
0 0.9614583333333333 0.5604166666666667 0.035416666666666666 0.04791666666666667
0 0.44583333333333336 0.04583333333333333 0.028125 0.04375
0 0.04791666666666667 0.47291666666666665 0.028125 0.04791666666666667
0 0.8895833333333333 0.5645833333333333 0.046875 0.059375
0 0.428125 0.5395833333333333 0.028125 0.053125
0 0.7541666666666667 0.5833333333333334 0.0375 0.053125
0 0.2520833333333333 0.029166666666666667 0.035416666666666666 0.04375
0 0.30416666666666664 0.5489583333333333 0.0375 0.058333333333333334
0 0.228125 0.5583333333333333 0.0375 0.058333333333333334
0 0.9552083333333333 0.6427083333333333 0.046875 0.059375
0 0.39375 0.5833333333333334 0.0375 0.053125
0 0.7958333333333333 0.6270833333333333 0.0375 0.053125
0 0.10625 0.5729166666666666 0.041666666666666664 0.05416666666666667
0 0.6125 0.628125 0.03333333333333333 0.04375
0 0.0125 0.5666666666666667 0.025 0.053125
0 0.5197916666666667 0.6208333333333333 0.040625 0.05
0 0.035416666666666666 0.5739583333333333 0.034375 0.058333333333333334
0 0.26666666666666666 0.6229166666666667 0.035416666666666666 0.04375
0 0.778125 0.09166666666666666 0.035416666666666666 0.04791666666666667
0 0.7958333333333333 0.6958333333333333 0.0375 0.0625
0 0.3020833333333333 0.6541666666666667 0.0375 0.053125
0 0.39166666666666666 0.665625 0.0375 0.0625
0 0.5916666666666667 0.6916666666666667 0.04375 0.06875
0 0.4666666666666667 0.6802083333333333 0.040625 0.05
0 0.1125 0.6479166666666667 0.0375 0.058333333333333334
0 0.17083333333333334 0.6583333333333333 0.04791666666666667 0.07291666666666667
0 0.846875 0.7416666666666667 0.034375 0.06666666666666667
0 0.6770833333333334 0.7229166666666667 0.0375 0.0625
0 0.8322916666666667 0.10416666666666667 0.046875 0.05416666666666667
0 0.9458333333333333 0.11666666666666667 0.03333333333333333 0.04375
0 0.9520833333333333 0.7614583333333333 0.041666666666666664 0.05416666666666667
0 0.19583333333333333 0.7010416666666667 0.041666666666666664 0.06458333333333334
0 0.28958333333333336 0.7385416666666667 0.0375 0.058333333333333334
0 0.7729166666666667 0.8041666666666667 0.040625 0.05
0 0.8802083333333334 0.8166666666666667 0.0375 0.058333333333333334
0 0.3875 0.7677083333333333 0.0375 0.058333333333333334
0 0.5875 0.7979166666666667 0.03958333333333333 0.06666666666666667
0 0.8208333333333333 0.8333333333333334 0.041666666666666664 0.059375
0 0.25104166666666666 0.7854166666666667 0.0375 0.053125
0 0.9260416666666667 0.85625 0.0375 0.058333333333333334
0 0.6520833333333333 0.828125 0.041666666666666664 0.059375
0 0.7666666666666667 0.8395833333333333 0.0375 0.0625
0 0.027083333333333334 0.7645833333333333 0.041666666666666664 0.05416666666666667
0 0.10208333333333333 0.784375 0.0375 0.058333333333333334
0 0.31354166666666666 0.8083333333333333 0.0375 0.053125
0 0.18645833333333334 0.7979166666666667 0.0375 0.053125
0 0.4395833333333333 0.8270833333333333 0.0375 0.053125
0 0.396875 0.003125 0.025 0.00625
0 0.16041666666666668 0.04583333333333333 0.035416666666666666 0.04375
0 0.509375 0.8541666666666666 0.0375 0.0625
0 0.509375 0.084375 0.035416666666666666 0.04791666666666667
0 0.6375 0.8958333333333334 0.046875 0.06458333333333334
0 0.30833333333333335 0.8645833333333334 0.041666666666666664 0.05416666666666667
0 0.7833333333333333 0.9354166666666667 0.035416666666666666 0.04791666666666667
0 0.6875 0.9270833333333334 0.03958333333333333 0.06666666666666667
0 0.10729166666666666 0.875 0.040625 0.05
0 0.21875 0.8958333333333334 0.041666666666666664 0.05416666666666667
0 0.9020833333333333 0.9708333333333333 0.0375 0.058333333333333334
0 0.13333333333333333 0.8916666666666667 0.0375 0.058333333333333334
0 0.051041666666666666 0.8979166666666667 0.0375 0.053125
0 0.40520833333333334 0.9364583333333333 0.04791666666666667 0.06875
0 0.4895833333333333 0.9510416666666667 0.04791666666666667 0.078125
0 0.010416666666666666 0.9 0.020833333333333332 0.059375
0 0.60625 0.98125 0.03125 0.0375
0 0.7489583333333333 0.9864583333333333 0.04583333333333333 0.027083333333333334
0 0.3645833333333333 0.9625 0.046875 0.05416666666666667
0 0.8010416666666667 0.9947916666666666 0.03958333333333333 0.010416666666666666
0 0.3177083333333333 0.9697916666666667 0.03958333333333333 0.03125
0 0.10208333333333333 0.06041666666666667 0.028125 0.04375
0 0.446875 0.09791666666666667 0.0375 0.058333333333333334
0 0.321875 0.096875 0.035416666666666666 0.04791666666666667
0 0.6385416666666667 0.026041666666666668 0.029166666666666667 0.027083333333333334
0 0.7114583333333333 0.14791666666666667 0.03333333333333333 0.053125
0 0.9822916666666667 0.175 0.035416666666666666 0.053125
0 0.8604166666666667 0.175 0.040625 0.04583333333333333
0 0.6458333333333334 0.15208333333333332 0.041666666666666664 0.059375
0 0.7458333333333333 0.16458333333333333 0.034375 0.058333333333333334
0 0.728125 0.16770833333333332 0.035416666666666666 0.04791666666666667
0 0.9229166666666667 0.19166666666666668 0.041666666666666664 0.059375
0 0.54375 0.15104166666666666 0.0375 0.053125
0 0.8020833333333334 0.18333333333333332 0.04583333333333333 0.05
0 0.21041666666666667 0.134375 0.035416666666666666 0.04375
0 0.07083333333333333 0.12395833333333334 0.03333333333333333 0.04791666666666667
0 0.59375 0.18125 0.041666666666666664 0.059375
0 0.33541666666666664 0.159375 0.041666666666666664 0.059375
0 0.9916666666666667 0.23125 0.016666666666666666 0.053125
0 0.8510416666666667 0.21770833333333334 0.046875 0.059375
0 0.9916666666666667 0.06770833333333333 0.016666666666666666 0.03958333333333333
0 0.159375 0.15208333333333332 0.035416666666666666 0.040625
0 0.6927083333333334 0.20833333333333334 0.0375 0.053125
0 0.48125 0.190625 0.034375 0.058333333333333334
0 0.42083333333333334 0.19166666666666668 0.0375 0.053125
0 0.7770833333333333 0.23125 0.040625 0.05