0 0.5510416666666667 0.010416666666666666 0.01875 0.020833333333333332
0 0.559375 0.010416666666666666 0.01875 0.020833333333333332
0 0.571875 0.010416666666666666 0.014583333333333334 0.020833333333333332
0 0.07916666666666666 0.11041666666666666 0.01875 0.028125
0 0.21666666666666667 0.10833333333333334 0.014583333333333334 0.01875
0 0.2520833333333333 0.10833333333333334 0.014583333333333334 0.01875
0 0.31979166666666664 0.10729166666666666 0.01875 0.01875
0 0.7145833333333333 0.1 0.022916666666666665 0.028125
0 0.8239583333333333 0.09791666666666667 0.01875 0.028125
0 0.005208333333333333 0.11458333333333333 0.010416666666666666 0.0375
0 0.66875 0.103125 0.01875 0.03333333333333333
0 0.11770833333333333 0.1125 0.01875 0.0375
0 0.7864583333333334 0.10208333333333333 0.022916666666666665 0.028125
0 0.29583333333333334 0.11145833333333334 0.014583333333333334 0.01875
0 0.37083333333333335 0.11041666666666666 0.01875 0.022916666666666665
0 0.196875 0.11666666666666667 0.014583333333333334 0.022916666666666665
0 0.8375 0.10416666666666667 0.01875 0.028125
0 0.27708333333333335 0.11458333333333333 0.014583333333333334 0.014583333333333334
0 0.15 0.11979166666666667 0.01875 0.022916666666666665
0 0.9854166666666667 0.10416666666666667 0.014583333333333334 0.01875
0 0.7479166666666667 0.007291666666666667 0.009375 0.014583333333333334
0 0.7614583333333333 0.008333333333333333 0.014583333333333334 0.015625
0 0.7708333333333334 0.10833333333333334 0.022916666666666665 0.03333333333333333
0 0.9645833333333333 0.10833333333333334 0.01875 0.03333333333333333
0 0.946875 0.10833333333333334 0.022916666666666665 0.028125
0 0.33958333333333335 0.11770833333333333 0.014583333333333334 0.022916666666666665
0 0.030208333333333334 0.12291666666666666 0.01875 0.028125
0 0.6395833333333333 0.115625 0.028125 0.028125
0 0.8677083333333333 0.11145833333333334 0.01875 0.01875
0 0.30625 0.12083333333333333 0.01875 0.022916666666666665
0 0.2604166666666667 0.121875 0.014583333333333334 0.014583333333333334
0 0.4041666666666667 0.11979166666666667 0.01875 0.01875
0 0.32708333333333334 0.12291666666666666 0.014583333333333334 0.01875
0 0.5302083333333333 0.11979166666666667 0.01875 0.022916666666666665
0 0.5541666666666667 0.11979166666666667 0.01875 0.022916666666666665
0 0.09583333333333334 0.12916666666666668 0.014583333333333334 0.01875
0 0.6958333333333333 0.008333333333333333 0.014583333333333334 0.009375
0 0.8916666666666667 0.008333333333333333 0.014583333333333334 0.015625
0 0.503125 0.014583333333333334 0.014583333333333334 0.01875
0 0.2916666666666667 0.12916666666666668 0.014583333333333334 0.014583333333333334
0 0.6833333333333333 0.121875 0.01875 0.03333333333333333
0 0.225 0.12916666666666668 0.014583333333333334 0.01875
0 0.459375 0.128125 0.01875 0.028125
0 0.9052083333333333 0.12083333333333333 0.01875 0.03333333333333333
0 0.23958333333333334 0.13229166666666667 0.014583333333333334 0.022916666666666665
0 0.5083333333333333 0.12916666666666668 0.01875 0.028125
0 0.209375 0.134375 0.01875 0.028125
0 0.34791666666666665 0.13229166666666667 0.01875 0.022916666666666665
0 0.16041666666666668 0.13854166666666667 0.01875 0.03333333333333333
0 0.825 0.12916666666666668 0.014583333333333334 0.01875
0 0.13958333333333334 0.140625 0.01875 0.01875
0 0.32083333333333336 0.016666666666666666 0.014583333333333334 0.01875
0 0.359375 0.016666666666666666 0.014583333333333334 0.01875
0 0.378125 0.016666666666666666 0.01875 0.01875
0 0.084375 0.14166666666666666 0.022916666666666665 0.03333333333333333
0 0.565625 0.13333333333333333 0.01875 0.01875
0 0.80625 0.12916666666666668 0.022916666666666665 0.01875
0 0.17708333333333334 0.14166666666666666 0.01875 0.028125
0 0.26458333333333334 0.140625 0.014583333333333334 0.028125
0 0.4864583333333333 0.13645833333333332 0.022916666666666665 0.028125
0 0.4125 0.140625 0.01875 0.01875
0 0.378125 0.14166666666666666 0.01875 0.03333333333333333
0 0.38958333333333334 0.14270833333333333 0.014583333333333334 0.028125
0 0.6447916666666667 0.13958333333333334 0.01875 0.03333333333333333
0 0.3229166666666667 0.14479166666666668 0.01875 0.01875
0 0.8708333333333333 0.1375 0.01875 0.028125
0 0.975 0.13541666666666666 0.022916666666666665 0.028125
0 0.030208333333333334 0.15208333333333332 0.01875 0.022916666666666665
0 0.5260416666666666 0.14270833333333333 0.01875 0.01875
0 0.6041666666666666 0.14166666666666666 0.01875 0.01875
0 0.10208333333333333 0.15104166666666666 0.01875 0.028125
0 0.28958333333333336 0.15 0.028125 0.03333333333333333
0 0.3385416666666667 0.14895833333333333 0.014583333333333334 0.01875
0 0.7270833333333333 0.14479166666666668 0.014583333333333334 0.03333333333333333
0 0.47291666666666665 0.14895833333333333 0.01875 0.022916666666666665
0 0.00625 0.15833333333333333 0.0125 0.022916666666666665
0 0.12083333333333333 0.15729166666666666 0.014583333333333334 0.01875
0 0.940625 0.14270833333333333 0.022916666666666665 0.01875
0 0.04479166666666667 0.15833333333333333 0.014583333333333334 0.028125
0 0.653125 0.14791666666666667 0.014583333333333334 0.03333333333333333
0 0.4239583333333333 0.15416666666666667 0.022916666666666665 0.028125
0 0.3541666666666667 0.15520833333333334 0.01875 0.022916666666666665
0 0.13958333333333334 0.159375 0.014583333333333334 0.01875
0 0.671875 0.15 0.01875 0.03333333333333333
0 0.74375 0.14791666666666667 0.01875 0.03333333333333333
0 0.2 0.021875 0.014583333333333334 0.014583333333333334
0 0.8385416666666666 0.010416666666666666 0.014583333333333334 0.020833333333333332
0 0.07708333333333334 0.022916666666666665 0.022916666666666665 0.022916666666666665
0 0.9833333333333333 0.009375 0.014583333333333334 0.01875
0 0.45729166666666665 0.016666666666666666 0.014583333333333334 0.01875
0 0.23645833333333333 0.16145833333333334 0.01875 0.014583333333333334
0 0.019791666666666666 0.165625 0.014583333333333334 0.01875
0 0.8041666666666667 0.15208333333333332 0.01875 0.01875
0 0.15104166666666666 0.165625 0.01875 0.03333333333333333
0 0.5239583333333333 0.15833333333333333 0.01875 0.01875
0 0.575 0.15833333333333333 0.028125 0.028125
0 0.45729166666666665 0.1625 0.022916666666666665 0.0375
0 0.546875 0.16041666666666668 0.01875 0.028125
0 0.07291666666666667 0.17083333333333334 0.022916666666666665 0.028125
0 0.6020833333333333 0.1625 0.014583333333333334 0.01875
0 0.8802083333333334 0.009375 0.014583333333333334 0.014583333333333334
0 0.14166666666666666 0.022916666666666665 0.014583333333333334 0.014583333333333334
0 0.03333333333333333 0.17395833333333333 0.014583333333333334 0.014583333333333334
0 0.49166666666666664 0.16875 0.022916666666666665 0.028125
0 0.69375 0.16770833333333332 0.01875 0.03333333333333333
0 0.8770833333333333 0.16666666666666666 0.022916666666666665 0.0375
0 0.18958333333333333 0.17916666666666667 0.01875 0.022916666666666665
0 0.328125 0.17708333333333334 0.022916666666666665 0.03333333333333333
0 0.39791666666666664 0.175 0.01875 0.028125
0 0.8510416666666667 0.16666666666666666 0.028125 0.028125
0 0.27708333333333335 0.17708333333333334 0.01875 0.028125
0 0.12916666666666668 0.17916666666666667 0.022916666666666665 0.03333333333333333
0 0.10833333333333334 0.18333333333333332 0.01875 0.028125
0 0.00625 0.184375 0.0125 0.028125
0 0.17708333333333334 0.023958333333333335 0.014583333333333334 0.01875
0 0.09166666666666666 0.18333333333333332 0.014583333333333334 0.01875
0 0.23020833333333332 0.18333333333333332 0.01875 0.01875
0 0.44166666666666665 0.17916666666666667 0.022916666666666665 0.03333333333333333
0 0.5104166666666666 0.178125 0.01875 0.03333333333333333
0 0.05 0.18854166666666666 0.014583333333333334 0.022916666666666665
0 0.9458333333333333 0.17291666666666666 0.028125 0.03333333333333333
0 0.7958333333333333 0.17708333333333334 0.022916666666666665 0.03333333333333333
0 0.16770833333333332 0.190625 0.01875 0.028125
0 0.6197916666666666 0.18333333333333332 0.028125 0.03333333333333333
0 0.25625 0.18958333333333333 0.014583333333333334 0.028125
0 0.47604166666666664 0.18541666666666667 0.028125 0.0375
0 0.6479166666666667 0.016666666666666666 0.01875 0.01875
0 0.9208333333333333 0.18020833333333333 0.028125 0.041666666666666664
0 0.03854166666666667 0.19583333333333333 0.014583333333333334 0.028125
0 0.41041666666666665 0.18958333333333333 0.022916666666666665 0.03333333333333333
0 0.5729166666666666 0.190625 0.028125 0.0375
0 0.8979166666666667 0.18541666666666667 0.022916666666666665 0.0375
0 0.5229166666666667 0.19166666666666668 0.01875 0.0375
0 0.07291666666666667 0.20208333333333334 0.022916666666666665 0.03333333333333333
0 0.9635416666666666 0.013541666666666667 0.014583333333333334 0.022916666666666665
0 0.10416666666666667 0.028125 0.014583333333333334 0.01875
0 0.5395833333333333 0.020833333333333332 0.014583333333333334 0.022916666666666665
0 0.2604166666666667 0.20104166666666667 0.009375 0.01875
0 0.29270833333333335 0.203125 0.022916666666666665 0.0375
0 0.35520833333333335 0.20208333333333334 0.022916666666666665 0.0375
0 0.19166666666666668 0.20416666666666666 0.014583333333333334 0.022916666666666665
0 0.7125 0.19791666666666666 0.014583333333333334 0.022916666666666665
0 0.013541666666666667 0.21041666666666667 0.01875 0.03333333333333333
0 0.84375 0.19791666666666666 0.028125 0.03333333333333333
0 0.3333333333333333 0.20729166666666668 0.028125 0.028125
0 0.9604166666666667 0.19791666666666666 0.028125 0.0375
0 0.06041666666666667 0.21458333333333332 0.01875 0.022916666666666665
0 0.6145833333333334 0.20416666666666666 0.03333333333333333 0.028125
0 0.684375 0.203125 0.01875 0.0375
0 0.23229166666666667 0.026041666666666668 0.004166666666666667 0.014583333333333334
0 0.7177083333333333 0.016666666666666666 0.01875 0.028125
0 0.44583333333333336 0.209375 0.028125 0.0375
0 0.23125 0.21354166666666666 0.022916666666666665 0.03333333333333333
0 0.2760416666666667 0.2125 0.014583333333333334 0.028125
0 0.16458333333333333 0.21666666666666667 0.01875 0.028125
0 0.7479166666666667 0.20833333333333334 0.028125 0.0375
0 0.659375 0.21041666666666667 0.01875 0.028125
0 0.11041666666666666 0.22083333333333333 0.022916666666666665 0.03333333333333333
0 0.13958333333333334 0.21979166666666666 0.022916666666666665 0.0375
0 0.096875 0.22291666666666668 0.014583333333333334 0.028125
0 0.40208333333333335 0.21979166666666666 0.022916666666666665 0.03333333333333333
0 0.73125 0.21458333333333332 0.01875 0.028125
0 0.32916666666666666 0.023958333333333335 0.014583333333333334 0.014583333333333334
0 0.6208333333333333 0.01875 0.009375 0.014583333333333334
0 0.8614583333333333 0.016666666666666666 0.009375 0.01875
0 0.5229166666666667 0.022916666666666665 0.014583333333333334 0.01875
0 0.7614583333333333 0.21354166666666666 0.028125 0.041666666666666664
0 0.5791666666666667 0.21770833333333334 0.022916666666666665 0.03333333333333333
0 0.64375 0.21979166666666666 0.022916666666666665 0.03333333333333333
0 0.06458333333333334 0.23229166666666667 0.01875 0.028125
0 0.46458333333333335 0.22708333333333333 0.01875 0.028125
0 0.21354166666666666 0.23125 0.01875 0.022916666666666665
0 0.4822916666666667 0.022916666666666665 0.009375 0.01875
0 0.803125 0.22083333333333333 0.03333333333333333 0.0375
0 0.8958333333333334 0.221875 0.01875 0.0375
0 0.18020833333333333 0.234375 0.01875 0.028125
0 0.6104166666666667 0.22708333333333333 0.028125 0.01875
0 0.66875 0.228125 0.022916666666666665 0.022916666666666665
0 0.009375 0.24166666666666667 0.01875 0.0375
0 0.159375 0.23958333333333334 0.01875 0.01875
0 0.7166666666666667 0.22916666666666666 0.022916666666666665 0.028125
0 0.3770833333333333 0.23854166666666668 0.014583333333333334 0.028125
0 0.7041666666666667 0.23229166666666667 0.022916666666666665 0.03333333333333333
0 0.35833333333333334 0.240625 0.01875 0.028125
0 0.7895833333333333 0.017708333333333333 0.009375 0.01875
0 0.084375 0.030208333333333334 0.014583333333333334 0.009375
0 0.8770833333333333 0.23229166666666667 0.028125 0.0375
0 0.43020833333333336 0.23958333333333334 0.01875 0.0375
0 0.490625 0.240625 0.01875 0.0375
0 0.32916666666666666 0.24375 0.022916666666666665 0.0375
0 0.029166666666666667 0.24791666666666667 0.01875 0.03333333333333333
0 0.9416666666666667 0.23541666666666666 0.01875 0.03333333333333333
0 0.39166666666666666 0.24895833333333334 0.022916666666666665 0.022916666666666665
0 0.11875 0.03229166666666667 0.01875 0.022916666666666665
0 0.5479166666666667 0.246875 0.01875 0.0375
0 0.08854166666666667 0.25729166666666664 0.01875 0.022916666666666665
0 0.6083333333333333 0.24791666666666667 0.022916666666666665 0.0375
0 0.16666666666666666 0.25833333333333336 0.014583333333333334 0.03333333333333333
0 0.4822916666666667 0.25729166666666664 0.028125 0.0375
0 0.2552083333333333 0.2604166666666667 0.022916666666666665 0.022916666666666665
0 0.28541666666666665 0.2604166666666667 0.022916666666666665 0.03333333333333333
0 0.7697916666666667 0.25416666666666665 0.028125 0.028125
0 0.21458333333333332 0.26458333333333334 0.022916666666666665 0.0375
0 0.30416666666666664 0.2625 0.01875 0.022916666666666665
0 0.521875 0.25833333333333336 0.022916666666666665 0.0375
0 0.9729166666666667 0.016666666666666666 0.014583333333333334 0.01875
0 0.3541666666666667 0.028125 0.009375 0.014583333333333334
0 0.6072916666666667 0.023958333333333335 0.01875 0.022916666666666665
0 0.40520833333333334 0.027083333333333334 0.01875 0.022916666666666665
0 0.975 0.25104166666666666 0.03333333333333333 0.052083333333333336
0 0.565625 0.25833333333333336 0.01875 0.03333333333333333
0 0.6395833333333333 0.25729166666666664 0.01875 0.03333333333333333
0 0.9197916666666667 0.25416666666666665 0.022916666666666665 0.0375
0 0.359375 0.26458333333333334 0.028125 0.022916666666666665
0 0.18541666666666667 0.271875 0.028125 0.03333333333333333
0 0.065625 0.27395833333333336 0.01875 0.03333333333333333
0 0.8135416666666667 0.022916666666666665 0.014583333333333334 0.01875
0 0.16354166666666667 0.03333333333333333 0.014583333333333334 0.014583333333333334
0 0.7 0.023958333333333335 0.01875 0.022916666666666665
0 0.6583333333333333 0.2708333333333333 0.01875 0.03333333333333333
0 0.07916666666666666 0.28020833333333334 0.028125 0.0375
0 0.3458333333333333 0.2760416666666667 0.022916666666666665 0.022916666666666665
0 0.10729166666666666 0.28020833333333334 0.022916666666666665 0.01875
0 0.8135416666666667 0.2708333333333333 0.028125 0.041666666666666664
0 0.896875 0.26875 0.025 0.046875
0 0.6854166666666667 0.27291666666666664 0.01875 0.028125
0 0.0375 0.28541666666666665 0.01875 0.022916666666666665
0 0.8729166666666667 0.271875 0.01875 0.041666666666666664
0 0.8708333333333333 0.021875 0.009375 0.01875
0 0.27291666666666664 0.03229166666666667 0.014583333333333334 0.01875
0 0.6114583333333333 0.2791666666666667 0.01875 0.0375
0 0.39895833333333336 0.2833333333333333 0.028125 0.0375
0 0.13020833333333334 0.290625 0.022916666666666665 0.03333333333333333
0 0.30625 0.2875 0.022916666666666665 0.0375
0 0.021875 0.29270833333333335 0.028125 0.041666666666666664
0 0.8479166666666667 0.278125 0.028125 0.041666666666666664
0 0.7145833333333333 0.2833333333333333 0.01875 0.03333333333333333
0 0.5864583333333333 0.28541666666666665 0.01875 0.0375
0 0.2625 0.290625 0.028125 0.041666666666666664
0 0.246875 0.035416666666666666 0.014583333333333334 0.014583333333333334
0 0.31666666666666665 0.03333333333333333 0.009375 0.028125
0 0.4322916666666667 0.03125 0.014583333333333334 0.01875
0 0.4510416666666667 0.03125 0.014583333333333334 0.01875
0 0.328125 0.03333333333333333 0.014583333333333334 0.01875
0 0.771875 0.284375 0.01875 0.0375
0 0.00625 0.3 0.0125 0.01875
0 0.475 0.2947916666666667 0.022916666666666665 0.041666666666666664
0 0.22291666666666668 0.30104166666666665 0.01875 0.03333333333333333
0 0.13333333333333333 0.30416666666666664 0.01875 0.028125
0 0.5333333333333333 0.29791666666666666 0.01875 0.03333333333333333
0 0.9333333333333333 0.290625 0.0375 0.046875
0 0.4479166666666667 0.2989583333333333 0.028125 0.041666666666666664
0 0.5729166666666666 0.029166666666666667 0.014583333333333334 0.028125
0 0.7510416666666667 0.29583333333333334 0.01875 0.028125
0 0.23958333333333334 0.30520833333333336 0.022916666666666665 0.028125
0 0.09166666666666666 0.30833333333333335 0.03333333333333333 0.028125
0 0.6729166666666667 0.29791666666666666 0.028125 0.0375
0 0.042708333333333334 0.3104166666666667 0.01875 0.028125
0 0.29270833333333335 0.31145833333333334 0.022916666666666665 0.0375
0 0.35520833333333335 0.3104166666666667 0.0375 0.041666666666666664
0 0.5916666666666667 0.004166666666666667 0.01875 0.008333333333333333
0 0.7802083333333333 0.026041666666666668 0.009375 0.01875
0 0.21145833333333333 0.035416666666666666 0.009375 0.014583333333333334
0 0.48020833333333335 0.030208333333333334 0.014583333333333334 0.022916666666666665
0 0.5572916666666666 0.31145833333333334 0.028125 0.03333333333333333
0 0.7208333333333333 0.31354166666666666 0.028125 0.0375
0 0.640625 0.3145833333333333 0.022916666666666665 0.03333333333333333
0 0.49166666666666664 0.31666666666666665 0.022916666666666665 0.028125
0 0.04583333333333333 0.03958333333333333 0.009375 0.01875
0 0.15 0.3333333333333333 0.022916666666666665 0.041666666666666664
0 0.17916666666666667 0.33229166666666665 0.028125 0.041666666666666664
0 0.6104166666666667 0.325 0.0375 0.0375
0 0.8 0.3229166666666667 0.041666666666666664 0.052083333333333336
0 0.525 0.3302083333333333 0.022916666666666665 0.0375
0 0.46041666666666664 0.33229166666666665 0.03333333333333333 0.028125
0 0.22604166666666667 0.036458333333333336 0.014583333333333334 0.022916666666666665
0 0.6333333333333333 0.029166666666666667 0.014583333333333334 0.022916666666666665
0 0.765625 0.029166666666666667 0.014583333333333334 0.01875
0 0.9135416666666667 0.32395833333333335 0.03333333333333333 0.052083333333333336
0 0.8770833333333333 0.32708333333333334 0.03333333333333333 0.052083333333333336
0 0.9 0.32708333333333334 0.01875 0.041666666666666664
0 0.9604166666666667 0.3260416666666667 0.0375 0.052083333333333336
0 0.4041666666666667 0.33541666666666664 0.028125 0.0375
0 0.5833333333333334 0.33229166666666665 0.022916666666666665 0.028125
0 0.07291666666666667 0.34270833333333334 0.028125 0.041666666666666664
0 0.3145833333333333 0.33958333333333335 0.028125 0.0375
0 0.020833333333333332 0.34479166666666666 0.01875 0.03333333333333333
0 0.7083333333333334 0.33229166666666665 0.028125 0.0375
0 0.23958333333333334 0.34270833333333334 0.028125 0.0375
0 0.035416666666666666 0.3458333333333333 0.028125 0.041666666666666664
0 0.25833333333333336 0.03854166666666667 0.014583333333333334 0.028125
0 0.9177083333333333 0.027083333333333334 0.014583333333333334 0.01875
0 0.5958333333333333 0.03333333333333333 0.014583333333333334 0.01875
0 0.125 0.35104166666666664 0.022916666666666665 0.0375
0 0.5479166666666667 0.34375 0.03333333333333333 0.041666666666666664
0 0.7614583333333333 0.346875 0.029166666666666667 0.046875
0 0.7333333333333333 0.34791666666666665 0.03333333333333333 0.041666666666666664
0 0.44166666666666665 0.035416666666666666 0.01875 0.022916666666666665
0 0.5208333333333334 0.03333333333333333 0.01875 0.01875
0 0.06458333333333334 0.041666666666666664 0.014583333333333334 0.01875
0 0.20520833333333333 0.03958333333333333 0.014583333333333334 0.01875
0 0.4354166666666667 0.35208333333333336 0.022916666666666665 0.0375
0 0.5 0.3541666666666667 0.028125 0.0375
0 0.6541666666666667 0.35208333333333336 0.03333333333333333 0.052083333333333336
0 0.178125 0.3614583333333333 0.0375 0.028125
0 0.6104166666666667 0.35833333333333334 0.0375 0.052083333333333336
0 0.38645833333333335 0.37083333333333335 0.03333333333333333 0.041666666666666664
0 0.036458333333333336 0.37604166666666666 0.028125 0.028125
0 0.5114583333333333 0.3729166666666667 0.022916666666666665 0.0375
0 0.17083333333333334 0.041666666666666664 0.014583333333333334 0.01875
0 0.46875 0.0375 0.014583333333333334 0.022916666666666665
0 0.08541666666666667 0.37916666666666665 0.028125 0.041666666666666664
0 0.3145833333333333 0.37604166666666666 0.022916666666666665 0.0375
0 0.44895833333333335 0.378125 0.028125 0.03333333333333333
0 0.8354166666666667 0.37083333333333335 0.046875 0.0375
0 0.2520833333333333 0.384375 0.029166666666666667 0.052083333333333336
0 0.29583333333333334 0.38333333333333336 0.028125 0.041666666666666664
0 0.008333333333333333 0.3927083333333333 0.016666666666666666 0.041666666666666664
0 0.18020833333333333 0.38958333333333334 0.028125 0.041666666666666664
0 0.21145833333333333 0.39166666666666666 0.028125 0.041666666666666664
0 0.5354166666666667 0.3885416666666667 0.03333333333333333 0.052083333333333336
0 0.9145833333333333 0.384375 0.022916666666666665 0.041666666666666664
0 0.33958333333333335 0.39479166666666665 0.025 0.046875
0 0.8854166666666666 0.38645833333333335 0.025 0.052083333333333336
0 0.9416666666666667 0.03125 0.01875 0.028125
0 0.18958333333333333 0.04479166666666667 0.014583333333333334 0.01875
0 0.7833333333333333 0.39166666666666666 0.020833333333333332 0.052083333333333336
0 0.4197916666666667 0.39791666666666664 0.03333333333333333 0.03333333333333333
0 0.6927083333333334 0.4 0.0375 0.052083333333333336
0 0.03958333333333333 0.41354166666666664 0.0375 0.05625
0 0.4666666666666667 0.40625 0.03333333333333333 0.046875
0 0.9822916666666667 0.4010416666666667 0.025 0.052083333333333336
0 0.8041666666666667 0.40625 0.01875 0.0375
0 0.8229166666666666 0.40625 0.03333333333333333 0.046875
0 0.4125 0.00625 0.014583333333333334 0.009375
0 0.6177083333333333 0.003125 0.014583333333333334 0.00625
0 0.15625 0.04791666666666667 0.014583333333333334 0.009375
0 0.3770833333333333 0.04375 0.01875 0.022916666666666665
0 0.12708333333333333 0.04791666666666667 0.014583333333333334 0.01875
0 0.5104166666666666 0.4166666666666667 0.03333333333333333 0.046875
0 0.6166666666666667 0.41875 0.028125 0.041666666666666664
0 0.584375 0.4197916666666667 0.03333333333333333 0.052083333333333336
0 0.2 0.42916666666666664 0.03333333333333333 0.03333333333333333
0 0.022916666666666665 0.05 0.01875 0.022916666666666665
0 0.09375 0.051041666666666666 0.014583333333333334 0.01875
0 0.8541666666666666 0.4197916666666667 0.03333333333333333 0.052083333333333336
0 0.3645833333333333 0.428125 0.029166666666666667 0.046875
0 0.3104166666666667 0.42916666666666664 0.03333333333333333 0.0375
0 0.44583333333333336 0.43125 0.022916666666666665 0.041666666666666664
0 0.7208333333333333 0.43125 0.028125 0.041666666666666664
0 0.8072916666666666 0.03854166666666667 0.014583333333333334 0.014583333333333334
0 0.41770833333333335 0.44375 0.0375 0.052083333333333336
0 0.24895833333333334 0.44895833333333335 0.0375 0.052083333333333336
0 0.10833333333333334 0.051041666666666666 0.014583333333333334 0.01875
0 0.34791666666666665 0.04583333333333333 0.014583333333333334 0.014583333333333334
0 0.28541666666666665 0.04791666666666667 0.01875 0.028125
0 0.11458333333333333 0.4583333333333333 0.029166666666666667 0.046875
0 0.6864583333333333 0.4479166666666667 0.022916666666666665 0.03333333333333333
0 0.011458333333333333 0.4625 0.022916666666666665 0.065625
0 0.7770833333333333 0.44895833333333335 0.0375 0.028125
0 0.934375 0.44583333333333336 0.041666666666666664 0.052083333333333336
0 0.9854166666666667 0.45208333333333334 0.01875 0.041666666666666664
0 0.6385416666666667 0.4583333333333333 0.0375 0.052083333333333336
0 0.24166666666666667 0.051041666666666666 0.014583333333333334 0.028125
0 0.165625 0.47291666666666665 0.03333333333333333 0.052083333333333336
0 0.19791666666666666 0.47291666666666665 0.029166666666666667 0.046875
0 0.7375 0.46458333333333335 0.029166666666666667 0.052083333333333336
0 0.078125 0.47708333333333336 0.041666666666666664 0.05625
0 0.14270833333333333 0.47604166666666664 0.022916666666666665 0.041666666666666664
0 0.05520833333333333 0.4822916666666667 0.029166666666666667 0.052083333333333336
0 0.35520833333333335 0.47708333333333336 0.022916666666666665 0.041666666666666664
0 0.53125 0.47291666666666665 0.041666666666666664 0.052083333333333336
0 0.23020833333333332 0.053125 0.009375 0.01875
0 0.5479166666666667 0.04791666666666667 0.014583333333333334 0.028125
0 0.765625 0.04375 0.01875 0.028125
0 0.3260416666666667 0.052083333333333336 0.009375 0.028125
0 0.7020833333333333 0.48020833333333335 0.0375 0.041666666666666664
0 0.4791666666666667 0.48541666666666666 0.0375 0.05625
0 0.33125 0.49583333333333335 0.029166666666666667 0.05625
0 0.65625 0.04791666666666667 0.014583333333333334 0.01875
0 0.7489583333333333 0.04583333333333333 0.01875 0.03333333333333333
0 0.9916666666666667 0.48854166666666665 0.015625 0.06041666666666667
0 0.27291666666666664 0.5041666666666667 0.0375 0.05625
0 0.784375 0.49583333333333335 0.041666666666666664 0.06041666666666667
0 0.5854166666666667 0.04895833333333333 0.01875 0.01875
0 0.005208333333333333 0.058333333333333334 0.010416666666666666 0.022916666666666665
0 0.3729166666666667 0.5166666666666667 0.029166666666666667 0.052083333333333336
0 0.11458333333333333 0.011458333333333333 0.009375 0.009375
0 0.23229166666666667 0.009375 0.009375 0.009375
0 0.7427083333333333 0.004166666666666667 0.014583333333333334 0.008333333333333333
0 0.07604166666666666 0.058333333333333334 0.014583333333333334 0.014583333333333334
0 0.9270833333333334 0.042708333333333334 0.014583333333333334 0.022916666666666665
0 0.14583333333333334 0.057291666666666664 0.014583333333333334 0.022916666666666665
0 0.07708333333333334 0.528125 0.022916666666666665 0.041666666666666664
0 0.8354166666666667 0.5145833333333333 0.046875 0.06041666666666667
0 0.9666666666666667 0.04479166666666667 0.01875 0.028125
0 0.9802083333333333 0.04479166666666667 0.014583333333333334 0.022916666666666665
0 0.690625 0.5291666666666667 0.041666666666666664 0.052083333333333336
0 0.5375 0.5333333333333333 0.041666666666666664 0.065625
0 0.46041666666666664 0.05416666666666667 0.022916666666666665 0.028125
0 0.46145833333333336 0.5416666666666666 0.03333333333333333 0.052083333333333336
0 0.10208333333333333 0.5510416666666667 0.041666666666666664 0.046875
0 0.04479166666666667 0.5541666666666667 0.041666666666666664 0.06041666666666667
0 0.17083333333333334 0.06041666666666667 0.01875 0.022916666666666665
0 0.33541666666666664 0.058333333333333334 0.014583333333333334 0.028125
0 0.353125 0.058333333333333334 0.009375 0.01875
0 0.8791666666666667 0.04791666666666667 0.01875 0.022916666666666665
0 0.6729166666666667 0.052083333333333336 0.014583333333333334 0.022916666666666665
0 0.22708333333333333 0.5552083333333333 0.0375 0.05625
0 0.93125 0.55 0.0375 0.046875
0 0.5645833333333333 0.05416666666666667 0.01875 0.022916666666666665
0 0.6958333333333333 0.052083333333333336 0.01875 0.022916666666666665
0 0.17916666666666667 0.06041666666666667 0.014583333333333334 0.01875
0 0.8072916666666666 0.052083333333333336 0.01875 0.01875
0 0.28854166666666664 0.5760416666666667 0.052083333333333336 0.065625
0 0.8552083333333333 0.052083333333333336 0.014583333333333334 0.022916666666666665
0 0.040625 0.065625 0.014583333333333334 0.022916666666666665
0 0.6145833333333334 0.05520833333333333 0.01875 0.028125
0 0.6333333333333333 0.05520833333333333 0.01875 0.01875
0 0.42083333333333334 0.5854166666666667 0.041666666666666664 0.052083333333333336
0 0.6104166666666667 0.5864583333333333 0.0375 0.052083333333333336
0 0.08541666666666667 0.5979166666666667 0.0375 0.052083333333333336
0 0.15833333333333333 0.5989583333333334 0.041666666666666664 0.06041666666666667
0 0.010416666666666666 0.6052083333333333 0.020833333333333332 0.06041666666666667
0 0.6708333333333333 0.6010416666666667 0.041666666666666664 0.065625
0 0.3927083333333333 0.6083333333333333 0.041666666666666664 0.06041666666666667
0 0.46458333333333335 0.6072916666666667 0.041666666666666664 0.065625
0 0.5083333333333333 0.60625 0.041666666666666664 0.052083333333333336
0 0.11979166666666667 0.06875 0.014583333333333334 0.022916666666666665
0 0.9552083333333333 0.6052083333333333 0.046875 0.06041666666666667
0 0.8770833333333333 0.6145833333333334 0.052083333333333336 0.046875
0 0.9729166666666667 0.0020833333333333333 0.014583333333333334 0.004166666666666667
0 0.34791666666666665 0.009375 0.014583333333333334 0.014583333333333334
0 0.5822916666666667 0.00625 0.014583333333333334 0.0125
0 0.10208333333333333 0.014583333333333334 0.014583333333333334 0.014583333333333334
0 0.6395833333333333 0.005208333333333333 0.014583333333333334 0.010416666666666666
0 0.221875 0.6270833333333333 0.03333333333333333 0.06041666666666667
0 0.740625 0.6260416666666667 0.046875 0.065625
0 0.284375 0.6333333333333333 0.046875 0.06041666666666667
0 0.19791666666666666 0.06770833333333333 0.01875 0.022916666666666665
0 0.515625 0.06458333333333334 0.01875 0.028125
0 0.030208333333333334 0.65 0.041666666666666664 0.06041666666666667
0 0.36770833333333336 0.6552083333333333 0.0375 0.05625
0 0.390625 0.06666666666666667 0.014583333333333334 0.022916666666666665
0 0.496875 0.06458333333333334 0.01875 0.028125
0 0.1625 0.6614583333333334 0.03333333333333333 0.05625
0 0.8645833333333334 0.06041666666666667 0.014583333333333334 0.022916666666666665
0 0.10833333333333334 0.07395833333333333 0.01875 0.01875
0 0.425 0.06875 0.01875 0.022916666666666665
0 0.48333333333333334 0.06666666666666667 0.014583333333333334 0.022916666666666665
0 0.5729166666666666 0.6625 0.0375 0.065625
0 0.546875 0.6635416666666667 0.0375 0.05625
0 0.8833333333333333 0.6614583333333334 0.05625 0.065625
0 0.37395833333333334 0.06979166666666667 0.014583333333333334 0.014583333333333334
0 0.010416666666666666 0.69375 0.015625 0.05625
0 0.15416666666666667 0.07604166666666666 0.014583333333333334 0.022916666666666665
0 0.24479166666666666 0.70625 0.052083333333333336 0.065625
0 0.07604166666666666 0.07708333333333334 0.014583333333333334 0.028125
0 0.11458333333333333 0.7135416666666666 0.041666666666666664 0.05625
0 0.7416666666666667 0.7041666666666667 0.05625 0.075
0 0.7229166666666667 0.06770833333333333 0.01875 0.028125
0 0.4583333333333333 0.725 0.041666666666666664 0.052083333333333336
0 0.25104166666666666 0.013541666666666667 0.01875 0.01875
0 0.396875 0.010416666666666666 0.014583333333333334 0.01875
0 0.7677083333333333 0.06979166666666667 0.01875 0.03333333333333333
0 0.3416666666666667 0.7291666666666666 0.041666666666666664 0.065625
0 0.6541666666666667 0.73125 0.052083333333333336 0.07083333333333333
0 0.19166666666666668 0.07916666666666666 0.022916666666666665 0.022916666666666665
0 0.21979166666666666 0.07916666666666666 0.01875 0.028125
0 0.9677083333333333 0.746875 0.041666666666666664 0.052083333333333336
0 0.27291666666666664 0.08020833333333334 0.01875 0.022916666666666665
0 0.7854166666666667 0.071875 0.01875 0.022916666666666665
0 0.64375 0.07395833333333333 0.01875 0.028125
0 0.04583333333333333 0.084375 0.014583333333333334 0.01875
0 0.41458333333333336 0.078125 0.014583333333333334 0.022916666666666665
0 0.85625 0.7625 0.06041666666666667 0.07916666666666666
0 0.6614583333333334 0.07604166666666666 0.01875 0.028125
0 0.8895833333333333 0.071875 0.01875 0.022916666666666665
0 0.4010416666666667 0.7854166666666667 0.046875 0.07083333333333333
0 0.5947916666666667 0.07708333333333334 0.01875 0.028125
0 0.23645833333333333 0.79375 0.052083333333333336 0.07083333333333333
0 0.023958333333333335 0.7979166666666667 0.0375 0.05625
0 0.13958333333333334 0.8 0.041666666666666664 0.052083333333333336
0 0.8125 0.07291666666666667 0.01875 0.028125
0 0.14375 0.08541666666666667 0.01875 0.014583333333333334
0 0.8447916666666667 0.075 0.01875 0.028125
0 0.5072916666666667 0.08125 0.014583333333333334 0.028125
0 0.9666666666666667 0.8020833333333334 0.046875 0.084375
0 0.47291666666666665 0.8135416666666667 0.046875 0.07083333333333333
0 0.7270833333333333 0.8104166666666667 0.075 0.08958333333333333
0 0.48541666666666666 0.08333333333333333 0.014583333333333334 0.022916666666666665
0 0.5791666666666667 0.825 0.065625 0.075
0 0.15104166666666666 0.015625 0.014583333333333334 0.01875
0 0.7291666666666666 0.007291666666666667 0.01875 0.014583333333333334
0 0.12291666666666666 0.015625 0.014583333333333334 0.01875
0 0.5145833333333333 0.009375 0.014583333333333334 0.009375
0 0.303125 0.08645833333333333 0.022916666666666665 0.028125
0 0.6541666666666667 0.08020833333333334 0.01875 0.03333333333333333
0 0.19375 0.8479166666666667 0.052083333333333336 0.07083333333333333
0 0.025 0.09479166666666666 0.022916666666666665 0.028125
0 0.8833333333333333 0.8427083333333333 0.06041666666666667 0.07916666666666666
0 0.31875 0.8645833333333334 0.0375 0.07083333333333333
0 0.665625 0.8625 0.075 0.075
0 0.9666666666666667 0.07916666666666666 0.014583333333333334 0.022916666666666665
0 0.1875 0.09375 0.014583333333333334 0.01875
0 0.7041666666666667 0.084375 0.014583333333333334 0.022916666666666665
0 0.32708333333333334 0.09166666666666666 0.01875 0.014583333333333334
0 0.5552083333333333 0.0875 0.01875 0.022916666666666665
0 0.8010416666666667 0.88125 0.052083333333333336 0.052083333333333336
0 0.7979166666666667 0.08333333333333333 0.014583333333333334 0.028125
0 0.36041666666666666 0.09270833333333334 0.01875 0.03333333333333333
0 0.9447916666666667 0.08333333333333333 0.01875 0.03333333333333333
0 0.8239583333333333 0.0875 0.01875 0.022916666666666665
0 0.8770833333333333 0.08541666666666667 0.01875 0.022916666666666665
0 0.16458333333333333 0.014583333333333334 0.014583333333333334 0.01875
0 0.21770833333333334 0.016666666666666666 0.01875 0.022916666666666665
0 0.278125 0.013541666666666667 0.014583333333333334 0.01875
0 0.3729166666666667 0.096875 0.014583333333333334 0.01875
0 0.2791666666666667 0.09791666666666667 0.01875 0.01875
0 0.8677083333333333 0.08854166666666667 0.01875 0.014583333333333334
0 0.051041666666666666 0.10208333333333333 0.01875 0.022916666666666665
0 0.5145833333333333 0.096875 0.01875 0.028125
0 0.5364583333333334 0.09583333333333334 0.01875 0.028125
0 0.6177083333333333 0.096875 0.022916666666666665 0.03333333333333333
0 0.9229166666666667 0.09166666666666666 0.022916666666666665 0.028125
0 0.178125 0.10416666666666667 0.014583333333333334 0.022916666666666665
0 0.48333333333333334 0.09895833333333333 0.022916666666666665 0.028125
0 0.5875 0.1 0.01875 0.03333333333333333