0 0.44583333333333336 0.44166666666666665 0.00625 0.009375
0 0.10208333333333333 0.47708333333333336 0.020833333333333332 0.020833333333333332
0 0.4479166666666667 0.45625 0.010416666666666666 0.014583333333333334
0 0.7145833333333333 0.4354166666666667 0.010416666666666666 0.014583333333333334
0 0.7041666666666667 0.4354166666666667 0.010416666666666666 0.010416666666666666
0 0.821875 0.428125 0.010416666666666666 0.01875
0 0.265625 0.47708333333333336 0.015625 0.020833333333333332
0 0.46041666666666664 0.46145833333333336 0.010416666666666666 0.010416666666666666
0 0.6375 0.44583333333333336 0.010416666666666666 0.010416666666666666
0 0.6895833333333333 0.44166666666666665 0.010416666666666666 0.010416666666666666
0 0.8010416666666667 0.4322916666666667 0.03125 0.03958333333333333
0 0.5145833333333333 0.45729166666666665 0.00625 0.009375
0 0.6072916666666667 0.44895833333333335 0.010416666666666666 0.01875
0 0.42083333333333334 0.465625 0.010416666666666666 0.01875
0 0.9395833333333333 0.42291666666666666 0.015625 0.020833333333333332
0 0.2864583333333333 0.4791666666666667 0.015625 0.015625
0 0.31666666666666665 0.47708333333333336 0.015625 0.020833333333333332
0 0.41354166666666664 0.46875 0.010416666666666666 0.010416666666666666
0 0.9895833333333334 0.42083333333333334 0.010416666666666666 0.01875
0 0.8895833333333333 0.42916666666666664 0.015625 0.015625
0 0.4895833333333333 0.46458333333333335 0.020833333333333332 0.015625
0 0.9229166666666667 0.42604166666666665 0.015625 0.020833333333333332
0 0.7270833333333333 0.4427083333333333 0.010416666666666666 0.010416666666666666
0 0.9770833333333333 0.42083333333333334 0.014583333333333334 0.010416666666666666
0 0.10416666666666667 0.4979166666666667 0.020833333333333332 0.020833333333333332
0 0.37916666666666665 0.47604166666666664 0.015625 0.015625
0 0.4479166666666667 0.4708333333333333 0.00625 0.014583333333333334
0 0.6052083333333333 0.45625 0.010416666666666666 0.010416666666666666
0 0.18854166666666666 0.49270833333333336 0.015625 0.015625
0 0.6166666666666667 0.4552083333333333 0.014583333333333334 0.010416666666666666
0 0.17708333333333334 0.49583333333333335 0.014583333333333334 0.010416666666666666
0 0.45625 0.471875 0.010416666666666666 0.010416666666666666
0 0.5729166666666666 0.46145833333333336 0.03125 0.04375
0 0.4375 0.47291666666666665 0.004166666666666667 0.004166666666666667
0 0.36354166666666665 0.4791666666666667 0.015625 0.015625
0 0.6479166666666667 0.45625 0.010416666666666666 0.014583333333333334
0 0.21458333333333332 0.4947916666666667 0.015625 0.020833333333333332
0 0.9541666666666667 0.4322916666666667 0.015625 0.020833333333333332
0 0.017708333333333333 0.5166666666666667 0.010416666666666666 0.014583333333333334
0 0.03958333333333333 0.5166666666666667 0.015625 0.015625
0 0.903125 0.44166666666666665 0.014583333333333334 0.010416666666666666
0 0.3416666666666667 0.490625 0.010416666666666666 0.01875
0 0.6041666666666666 0.4666666666666667 0.015625 0.025
0 0.7104166666666667 0.4583333333333333 0.020833333333333332 0.025
0 0.6322916666666667 0.4666666666666667 0.015625 0.020833333333333332
0 0.9364583333333333 0.440625 0.015625 0.015625
0 0.47291666666666665 0.48125 0.020833333333333332 0.020833333333333332
0 0.8208333333333333 0.4510416666666667 0.027083333333333334 0.03958333333333333
0 0.2833333333333333 0.5 0.020833333333333332 0.015625
0 0.16458333333333333 0.5104166666666666 0.025 0.020833333333333332
0 0.24166666666666667 0.50625 0.010416666666666666 0.022916666666666665
0 0.415625 0.490625 0.015625 0.020833333333333332
0 0.4427083333333333 0.48854166666666665 0.01875 0.010416666666666666
0 0.925 0.4479166666666667 0.021875 0.029166666666666667
0 0.08125 0.5229166666666667 0.015625 0.020833333333333332
0 0.12291666666666666 0.5229166666666667 0.025 0.025
0 0.19583333333333333 0.5197916666666667 0.020833333333333332 0.020833333333333332
0 0.29791666666666666 0.5104166666666666 0.027083333333333334 0.029166666666666667
0 0.68125 0.47708333333333336 0.021875 0.029166666666666667
0 0.7270833333333333 0.475 0.034375 0.03958333333333333
0 0.37916666666666665 0.5052083333333334 0.015625 0.025
0 0.403125 0.5041666666666667 0.015625 0.025
0 0.26666666666666666 0.5177083333333333 0.025 0.025
0 0.3458333333333333 0.5135416666666667 0.03125 0.03125
0 0.6979166666666666 0.48333333333333334 0.015625 0.025
0 0.9020833333333333 0.4666666666666667 0.016666666666666666 0.029166666666666667
0 0.175 0.5302083333333333 0.027083333333333334 0.029166666666666667
0 0.07291666666666667 0.5395833333333333 0.021875 0.029166666666666667
0 0.440625 0.5125 0.021875 0.029166666666666667
0 0.3614583333333333 0.51875 0.01875 0.046875
0 0.23333333333333334 0.5302083333333333 0.020833333333333332 0.020833333333333332
0 0.14166666666666666 0.540625 0.021875 0.029166666666666667
0 0.45729166666666665 0.5135416666666667 0.021875 0.029166666666666667
0 0.646875 0.49895833333333334 0.040625 0.04375
0 0.09166666666666666 0.55 0.010416666666666666 0.01875
0 0.865625 0.4822916666666667 0.035416666666666666 0.04791666666666667
0 0.9791666666666666 0.47291666666666665 0.040625 0.0625
0 0.40208333333333335 0.525 0.020833333333333332 0.020833333333333332
0 0.5041666666666667 0.5166666666666667 0.03333333333333333 0.053125
0 0.2625 0.5447916666666667 0.020833333333333332 0.025
0 0.16458333333333333 0.553125 0.027083333333333334 0.03958333333333333
0 0.37916666666666665 0.534375 0.021875 0.029166666666666667
0 0.9385416666666667 0.4875 0.03125 0.04375
0 0.07291666666666667 0.5677083333333334 0.029166666666666667 0.016666666666666666
0 0.70625 0.5145833333333333 0.034375 0.03958333333333333
0 0.8979166666666667 0.5 0.034375 0.03958333333333333
0 0.3125 0.5583333333333333 0.03333333333333333 0.053125
0 0.15208333333333332 0.5739583333333333 0.03125 0.04375
0 0.8416666666666667 0.51875 0.04583333333333333 0.05416666666666667
0 0.190625 0.5802083333333333 0.03125 0.03125
0 0.09166666666666666 0.5895833333333333 0.03125 0.03125
0 0.4739583333333333 0.5583333333333333 0.027083333333333334 0.04375
0 0.4354166666666667 0.565625 0.03125 0.04375
0 0.2791666666666667 0.5791666666666667 0.027083333333333334 0.034375
0 0.7177083333333333 0.54375 0.040625 0.04375
0 0.021875 0.6114583333333333 0.034375 0.06666666666666667
0 0.215625 0.621875 0.046875 0.06458333333333334
0 0.128125 0.6322916666666667 0.03333333333333333 0.053125
0 0.08645833333333333 0.6385416666666667 0.03125 0.04375
0 0.2708333333333333 0.6354166666666666 0.035416666666666666 0.053125
0 0.4239583333333333 0.6510416666666666 0.040625 0.04791666666666667
0 0.16979166666666667 0.678125 0.040625 0.04375