0 0.0030479172873422744 0.15420302810298514 0.006095834574684549 0.03340605620597028
0 0.44642383760976667 0.6163051358268705 0.04210618637966969 0.05439695576335026
0 0.03194343562240227 0.14189089552396392 0.024372158808783812 0.03138332526650108
0 0.0019577342159383697 0.15315530119693208 0.003915468431876739 0.027143935727197466
0 0.9192492156076947 0.5315322435507557 0.029121022332297266 0.04390756622404671
0 0.4168205233004649 0.6255104491240508 0.033287688998963935 0.043931807181592335
0 0.6948513625613584 0.5844080792281168 0.03992582023686187 0.052301501951244236
0 0.0029023680731305596 0.16045302810298515 0.005804736146261119 0.03340605620597028
0 0.3456218808964183 0.6553127464184947 0.040022853046336355 0.05438483528457757
0 0.05024514530253684 0.7109014858175796 0.03755138847510515 0.0460393814724713
0 0.37389243011063006 0.6523513728819278 0.029121022332297266 0.04390756622404671
0 0.19818750620675607 0.688839312904397 0.03755138847510515 0.0460393814724713
0 0.560619039705202 0.6253050954927091 0.033287688998963935 0.043931807181592335
0 0.32728283430150085 0.6687513890155923 0.033287688998963935 0.043931807181592335
0 0.19778819547890378 0.11576508001368364 0.024372158808783812 0.03138332526650108
0 0.5855220068957276 0.6275338745713164 0.04210618637966969 0.05439695576335026
0 0.8901281932753974 0.5751246773267091 0.03735732285615612 0.04187271480580487
0 0.28677768927816 0.6883127665855753 0.03992582023686187 0.052301501951244236
0 0.7553393677999468 0.6055989666852483 0.03992582023686187 0.052301501951244236
0 0.9622457752990835 0.5703345005110381 0.025051388475105085 0.04596665859983441
0 0.25659217811201135 0.7100180798827559 0.031107322856156236 0.04183635336948631
0 0.015673207613219973 0.7596719517299342 0.02107878742738744 0.050109084308955214
0 0.693661274610112 0.6323308061341699 0.03992582023686187 0.052301501951244236
0 0.4896372850872891 0.6728217863598726 0.040022853046336355 0.05438483528457757
0 0.6801826390957807 0.026880063225379995 0.024178093189834726 0.02721665859983439
0 0.17616408492217644 0.7366408350227219 0.03328768899896399 0.043931807181592335
0 0.8119518048002922 0.6205156131848343 0.03755138847510532 0.0460393814724713
0 0.434354741111666 0.6964649872451125 0.03992582023686187 0.052301501951244236
0 0.6453224750484083 0.037096741992295075 0.023984027570885993 0.023049991933167716
0 0.36899514530253685 0.7127559190698217 0.04210618637966969 0.05439695576335026
0 0.8460357063718688 0.626965601084586 0.04210618637966969 0.05439695576335026
0 0.6736900570720946 0.03205203512239486 0.024178093189834726 0.0272166585998344
0 0.41620145271611103 0.07952560980605729 0.020205492142117146 0.03135908430895542
0 0.7052311555005181 0.02598384230398721 0.023984027570885757 0.023049991933167733
0 0.6459358014920263 0.6726891556011677 0.03377285304633636 0.054348473848259006
0 0.9062583074195865 0.6314837616356644 0.037551388475105085 0.0460393814724713
0 0.6140550882304422 0.686049015086242 0.033287688998963935 0.043931807181592335
0 0.3162242748832957 0.10082488706434818 0.019914393713693693 0.02510908430895539
0 0.6147260104771772 0.045254328383422464 0.02853882547545036 0.03140756622404671
0 0.2490065409465533 0.7610294453524904 0.040022853046336355 0.05438483528457757
0 0.10147513344741664 0.7966393451717262 0.03328768899896399 0.043931807181592335
0 0.03759128866873865 0.08774240957545647 0.021706628618603632 0.018871204787728236
0 0.6393892677143843 0.007887653649923521 0.017054797904564604 0.008430297163515923
0 0.5380051141441892 0.059395264241547736 0.024372158808783694 0.03138332526650105
0 0.26261411083592334 0.11093248152230784 0.02853882547545048 0.03140756622404671
0 0.5134957135407802 0.7198482923445328 0.03735732285615612 0.04187271480580487
0 0.3334785737560278 0.7594369914094564 0.03992582023686187 0.052301501951244236
0 0.8314980173729047 0.670642878211949 0.037551388475105085 0.04603938147247154
0 0.9438781623962456 0.6514996571596284 0.042106186379669924 0.05439695576335026
0 0.21838438213776948 0.7921097586496709 0.04002285304633642 0.05438483528457757
0 0.4643176203509452 0.7466528546660913 0.04210618637966969 0.05439695576335026
0 0.5988638638027095 0.7213868986408852 0.03992582023686187 0.052301501951244236
0 0.12569887097162083 0.8134514575836665 0.042009153570195266 0.05231362243001693
0 0.11958898483661398 0.13927495563242248 0.024372158808783812 0.03138332526650108
0 0.5894349120487538 0.051358882638148584 0.024178093189834726 0.027216658599834385
0 0.42499969120848274 0.7630952924754607 0.037551388475105085 0.0460393814724713
0 0.8412300190240316 0.014271673424220747 0.02587329528527012 0.018895445745273888
0 0.16040805045556292 0.1353446383018259 0.024178093189834843 0.027216658599834413
0 0.22557358064574312 0.12322037314378341 0.024372158808783812 0.03138332526650105
0 0.6908929674697215 0.7365095932796092 0.037551388475105085 0.04603938147247154
0 0.9284443559448265 0.692045874047605 0.039537688998963934 0.0439681686179109
0 0.5047713768991808 0.7729369309082145 0.040022853046336355 0.05438483528457757
0 0.8894660416355248 0.7011966451903078 0.033287688998963935 0.043931807181592335
0 0.3731075514237304 0.8034294009849129 0.037551388475105085 0.0460393814724713
0 0.0813152856396688 0.8715423813415435 0.044480618141426474 0.060659076242123196
0 0.2917322610978527 0.11214383489179404 0.02853882547545048 0.03140756622404671
0 0.2829648434007349 0.8372892806370679 0.03963472180843842 0.04605150195124423
0 0.20960896581258245 0.1304211362196539 0.02655252495159163 0.033478779078607225
0 0.5780504805661929 0.787950541237983 0.037551388475105085 0.04603938147247154
0 0.8045291036670119 0.019267898379029667 0.028441792665976115 0.029324232890713377
0 0.23923766556791956 0.858915810822225 0.040022853046336355 0.05438483528457757
0 0.39355019024031523 0.09606501144560932 0.023984027570885875 0.023049991933167716
0 0.011065893989883559 0.16780529716351592 0.022131787979767118 0.033478779078607225
0 0.9475310987076194 0.7296670788353332 0.04050801709370878 0.06480150195124423
0 0.887234287017612 0.7491133118569745 0.042106186379669924 0.05439695576335026
0 0.3826252285675743 0.8451627302848301 0.03963472180843842 0.04605150195124423
0 0.0025627532399698917 0.17399469476965182 0.005125506479939783 0.031322722872636946
0 0.4475481767340682 0.838246798460121 0.037551388475105085 0.0460393814724713
0 0.15425477447352015 0.8938476583379787 0.03755138847510515 0.0460393814724713
0 0.7439180625898791 0.7837057859670892 0.040022853046336355 0.05438483528457757
0 0.05185495726572807 0.1618037669783588 0.02655252495159163 0.033478779078607225
0 0.6584271852809226 0.8071732399101231 0.042106186379669924 0.05439695576335026
0 0.07586149821228137 0.9215242006233842 0.03755138847510515 0.0460393814724713
0 0.31971140309212376 0.8760551761610318 0.044480618141426474 0.060659076242123196
0 0.5078678105912604 0.8406816256778662 0.04210618637966969 0.05439695576335026
0 0.3618635425976801 0.10525820426401696 0.020205492142117146 0.03135908430895542
0 0.705156636066711 0.8105709506825117 0.04031395147475981 0.06063483528457757
0 0.420461971330367 0.8828930193815138 0.03963472180843842 0.04605150195124423
0 0.35328762724066054 0.11041805568225899 0.024372158808783812 0.03138332526650108
0 0.7797199884240757 0.8203822879183332 0.05092468376037544 0.06486210434510818
0 0.3343435616217116 0.11447563803997025 0.024372158808783812 0.03138332526650105
0 0.08358694045121527 0.9569954094445287 0.03755138847510515 0.0460393814724713
0 0.6248969142582724 0.8559497660618641 0.0459817546179129 0.04817119672089613
0 0.5592979172873422 0.07202252926866239 0.024178093189834726 0.027216658599834385
0 0.22220281776017176 0.9338370277102016 0.03328768899896399 0.043931807181592335
0 0.5531902856396689 0.8742876697835881 0.03755138847510532 0.0460393814724713
0 0.3629020284024616 0.9106907664546475 0.04835618637966969 0.054433317199668825
0 0.0012299881448797957 0.18440530119693208 0.0024599762897595913 0.027143935727197466
0 0.6506506633584007 0.05692477009528021 0.024372158808783694 0.03138332526650107
0 0.2938837521412228 0.9384218508945307 0.044480618141426474 0.06065907624212296
0 0.46309609402141055 0.9071058827690764 0.03992582023686187 0.052301501951244236
0 0.05434606314225879 0.9804446826694034 0.039343623380015055 0.03911063466119321
0 0.5205333099022889 0.904314195935329 0.0375513884751052 0.04603938147247154
0 0.17133270333678663 0.14686963426840977 0.024372158808783812 0.03138332526650108
0 0.6905736115248949 0.04986339252529719 0.02853882547545036 0.03140756622404671
0 0.7009902781915616 0.04992399491916131 0.02853882547545036 0.03140756622404671
0 0.7512525015205471 0.8723141152670062 0.05547948166494005 0.07321967863598738
0 0.5296946029780405 0.08122784256584285 0.024372158808783812 0.03138332526650108
0 0.20245679542787443 0.976708292999172 0.0397317546179129 0.04658341400165611
0 0.5961868453310577 0.9130899267438705 0.05291098428423429 0.06279089149054778
0 0.5412499691208483 0.07921117186576004 0.024372158808783694 0.03138332526650105
0 0.40134984312153893 0.10757182669403394 0.024372158808783812 0.03138332526650108
0 0.5237039542366583 0.9480944971322611 0.04845321918914417 0.05651665053300216
0 0.6788409489980697 0.9281580792281168 0.05261988585581084 0.056540891490547786
0 0.6566580813347147 0.062169464864932016 0.023984027570885757 0.023049991933167733
0 0.4409984620945411 0.9773991602892228 0.041815087951246235 0.04520167942155429
0 0.3414094154996236 0.9906559957047282 0.03847032809474484 0.018688008590543603
0 0.1311186567418692 0.16018101183839276 0.022385858284924964 0.0334545381210616
0 0.8809499765689556 0.9064110387630274 0.04845321918914417 0.05651665053300216
0 0.591774724570337 0.9630778062650975 0.04578768899896393 0.04400453005422946
0 0.14466032340853588 0.16025979495041612 0.02655252495159163 0.033478779078607225
0 0.24032528536047285 0.1420612767345796 0.02655252495159163 0.033478779078607225
0 0.25381843562240225 0.14318172651326963 0.024372158808783812 0.03138332526650108
0 0.7920034094294596 0.042117902412445805 0.024372158808783694 0.03138332526650107
0 0.37785097959802544 0.11993850142753289 0.02655252495159151 0.033478779078607225
0 0.6122773680731306 0.07545660147736939 0.02655252495159175 0.033478779078607225
0 0.10543942707554788 0.1746188994264522 0.019914393713693725 0.025109084308955452
0 0.1905906895513437 0.1584431121500849 0.024372158808783812 0.03138332526650108
0 0.5910559035018994 0.0836687300229745 0.024372158808783694 0.03138332526650108
0 0.0032191607391065646 0.09898863453026539 0.006438321478213129 0.027143935727197466
0 0.2892836186938062 0.142346107985741 0.019914393713693693 0.025109084308955452
0 0.05585038048063044 0.18787573484195755 0.030816224427732766 0.03558635336948619
0 0.7705878792392793 0.054496697624717566 0.02020549214211703 0.031359084308955405
0 0.4804679933834684 0.10907407155406791 0.02853882547545048 0.03140756622404671
0 0.6274657204304953 0.08492250506816555 0.024178093189834726 0.027216658599834413
0 0.3180450760961261 0.03936049349162842 0.01991439371369381 0.02510908430895542
0 0.5128081764548723 0.10822027230838001 0.02853882547545048 0.03140756622404671
0 0.0007448240975074129 0.20732196786359874 0.0014896481950148258 0.031310602393864136
0 0.0006477912880329363 0.2114886345302654 0.0012955825760658725 0.031310602393864136
0 0.7450056823824324 0.06685125187944368 0.024372158808783694 0.03138332526650108
0 0.7923173300250674 0.05774896265183222 0.024372158808783694 0.03138332526650105
0 0.8804480432866517 0.044716356093624135 0.030816224427732665 0.03558635336948619
0 0.5194035354287687 0.01135739278715283 0.02369292914246254 0.016799991933167727
0 0.07615003336185415 0.1994552729630191 0.024372158808783812 0.03138332526650108
0 0.5649400261929429 0.10748161761103393 0.024372158808783694 0.03138332526650108
0 0.7593949500968168 0.07110276189752011 0.024372158808783694 0.03138332526650108
0 0.5849257584785585 0.10343009549270908 0.024178093189834726 0.027216658599834385
0 0.6553481384068093 0.090294464864932 0.024372158808783694 0.03138332526650108
0 0.5458989277645194 0.11362253330207851 0.030816224427732665 0.03558635336948619
0 0.374683207334024 0.031354413085161334 0.024372158808783812 0.031383325266501054
0 0.0030250951201576115 0.10732196786359874 0.006050190240315223 0.027143935727197466
0 0.002928062310683135 0.1114886345302654 0.00585612462136627 0.027143935727197466
0 0.22821054452800282 0.1784590076740488 0.024372158808783812 0.03138332526650108
0 0.6916609225259307 0.09363157324345643 0.030816224427732665 0.03558635336948619
0 0.2974942249801124 0.16740065014021865 0.029121022332297266 0.04390756622404671
0 0.09778245133816797 0.2047908713234671 0.02853882547545048 0.03140756622404671
0 0.7368892368352327 0.08451716353707213 0.024372158808783694 0.03138332526650105
0 0.0066552092643467455 0.2229833292999172 0.013310418528693491 0.033466658599834415
0 0.6675085235736484 0.09765885440423562 0.02020549214211703 0.03135908430895542
0 0.7262299881448797 0.08966489447654134 0.02853882547545036 0.03140756622404671
0 0.13552503336185415 0.19980070660804458 0.023984027570885934 0.023049991933167747
0 0.6263983595262762 0.10783917173483222 0.024178093189834726 0.027216658599834413
0 0.47489435097942173 0.1392581639298556 0.02417809318983496 0.027216658599834413
0 0.08034813840680922 0.08694921272363268 0.019914393713693725 0.02510908430895539
0 0.08702616983834063 0.21202193559626964 0.026843623380015055 0.03972877907860723
0 0.441269919217665 0.14531423626949042 0.024178093189834843 0.027216658599834413
0 0.023846940172019295 0.22624165456641826 0.026552524951591622 0.033478779078607225
0 0.39272253928941425 0.15857713192438214 0.024372158808783812 0.03138332526650108
0 0.3223001593611635 0.1717127625521592 0.024178093189834843 0.027216658599834413
0 0.3955650570720946 0.0304339512062229 0.030816224427732783 0.0355863533694862
0 0.4210901213131005 0.15353242505448192 0.024372158808783812 0.03138332526650108
0 0.8540410675492718 0.0747792436816836 0.01991439371369381 0.02510908430895542
0 0.1687128174809758 0.20311963426840976 0.02655252495159163 0.033478779078607225
0 0.8729851331682208 0.07072166132397234 0.02020549214211703 0.03135908430895539
0 0.9108247480013814 0.0636481632752165 0.02655252495159175 0.03347877907860721
0 0.5964069139790763 0.12537781836534603 0.030816224427732665 0.03558635336948619
0 0.7709246220020719 0.09200881810349039 0.024372158808783694 0.03138332526650105
0 0.4072088398132731 0.16074530860912523 0.022385858284924964 0.0334545381210616
0 0.11817913702886615 0.21428707611119532 0.02655252495159163 0.033478779078607225
0 0.9010131003587463 0.07296862112073879 0.030816224427732665 0.03558635336948619
0 0.0009131954789037906 0.24586969476965181 0.0018263909578075813 0.03340605620597028
0 0.8200770209543542 0.08812698268798508 0.024178093189834726 0.027216658599834413
0 0.5676026843127552 0.13979752523524624 0.030816224427732665 0.03558635336948619
0 0.7892864907641741 0.10045123574577915 0.02417809318983496 0.027216658599834413
0 0.5106249382416965 0.15509527230838002 0.030816224427732783 0.03558635336948619
0 0.3382390799567716 0.1874347263823418 0.02655252495159163 0.033478779078607225
0 0.3130450143378226 0.19145594730373458 0.0375513884751052 0.04603938147247136
0 0.7092950452169743 0.11769899088574516 0.024372158808783694 0.03138332526650108
0 0.22322771519190684 0.06173173861351803 0.02655252495159163 0.033478779078607225
0 0.7543292939073273 0.11275124784602755 0.024372158808783694 0.03138332526650108
0 0.19516543755272503 0.21681886715912313 0.030816224427732783 0.03558635336948619
0 0.36650962917098334 0.18447335284577493 0.030816224427732665 0.03558635336948619
0 0.24972023545728958 0.20880066627388322 0.030816224427732783 0.03558635336948619
0 0.8393835235736484 0.09865879390299356 0.02655252495159175 0.033478779078607225
0 0.6796432145029352 0.1279459708495923 0.024372158808783694 0.03138332526650108
0 0.4757162577895869 0.16635361774196172 0.02853882547545048 0.03140756622404671
0 0.43053645988502237 0.17442636078167936 0.02655252495159163 0.033478779078607225
0 0.1517151521922522 0.07590297566857536 0.020205492142117146 0.03135908430895542
0 0.2653937518620268 0.20784990319801272 0.03498289109439945 0.03561059432703182
0 0.8024885425976801 0.10782168552446916 0.02020549214211703 0.03135908430895539
0 0.852876673835578 0.09977924368168359 0.030816224427732665 0.03558635336948619
0 0.005139789633900027 0.2615310562059703 0.010279579267800053 0.025109084308955452
0 0.6677482335269668 0.13725430821634177 0.030816224427732665 0.03558635336948619
0 0.890619255859264 0.09478907896626108 0.024372158808783694 0.03138332526650105
0 0.05386982409750741 0.0961727067389724 0.019720328094744756 0.020942417642288755
0 0.1483617761246469 0.23738554995945435 0.024372158808783812 0.03138332526650108
0 0.9155707394545269 0.09597619137820163 0.024372158808783694 0.03138332526650108
0 0.22186063964816044 0.22530976671650318 0.02655252495159163 0.033478779078607225
0 0.07471736338692167 0.2525863332024055 0.019720328094744756 0.020942417642288783
0 0.7358446980981981 0.12931489044312522 0.030816224427732665 0.03558635336948619
0 0.16825047560078807 0.23541736117446282 0.02655252495159163 0.033478779078607225
0 0.41934353074255987 0.1910324250544819 0.02655252495159163 0.033478779078607225
0 0.12007702095435427 0.08405450182031633 0.024372158808783812 0.03138332526650108
0 0.792482829336096 0.12130881003665811 0.02655252495159175 0.033478779078607225
0 0.34773393493343074 0.20728699544287257 0.02655252495159163 0.033478779078607225
0 0.6483675202653828 0.15068689057405305 0.01991439371369381 0.025109084308955452
0 0.5400084926944968 0.17297935258391928 0.024372158808783694 0.03138332526650108
0 0.017071875931013412 0.10325226502711464 0.02437215880878382 0.03138332526650108
0 0.16843033526365608 0.07495827283209128 0.024372158808783812 0.03138332526650105
0 0.48932926302817553 0.18727179442670483 0.024372158808783812 0.03138332526650108
0 0.12670366391078053 0.25497267850505945 0.02655252495159163 0.033478779078607225
0 0.4576911317902776 0.19542332057844583 0.03735732285615612 0.04187271480580469
0 0.7677967499317042 0.13679442453077065 0.024372158808783694 0.03138332526650108
0 0.3063326724576349 0.22371731277346918 0.03328768899896405 0.043931807181592335
0 0.5596546101469518 0.1762194971322611 0.023984027570885757 0.023049991933167747
0 0.6477853234085359 0.16318689057405306 0.024372158808783694 0.03138332526650108
0 0.2883332406958781 0.22986428870390022 0.030816224427732665 0.03558635336948619
0 0.010761871244804523 0.28347271883922076 0.019720328094744766 0.020942417642288783
0 0.045330936863753474 0.27950604007230573 0.024372158808783812 0.03138332526650108
0 0.7842693509794219 0.1410580550276199 0.024372158808783694 0.03138332526650108
0 0.4698030005523797 0.2038293767844161 0.024372158808783812 0.03138332526650108
0 0.695799022884677 0.16138232825249463 0.02655252495159151 0.033478779078607225
0 0.07355296967322796 0.2775863332024055 0.030816224427732783 0.03558635336948619
0 0.5254479815283482 0.19477556947189592 0.02655252495159175 0.033478779078607225
0 0.2163355136488511 0.2544521924256242 0.02655252495159163 0.033478779078607225
0 0.9068720970504803 0.1261421030358301 0.024178093189834726 0.027216658599834413
0 0.14576758450638863 0.2707128230534012 0.026843623380015082 0.03972877907860723
0 0.09791092252593085 0.09017723679320169 0.019914393713693725 0.02510908430895542
0 0.7331049572657281 0.16576716353707213 0.030816224427732665 0.03558635336948619
0 0.7708475392894143 0.16077699882164964 0.02834475985650163 0.02724089955738004
0 0.5143520851953601 0.20929830041136513 0.031107322856156236 0.04183635336948619
0 0.8875399001936335 0.13853301872687465 0.026843623380014964 0.03972877907860723
0 0.662305934381051 0.008020978916424582 0.017054797904564604 0.008430297163515923
0 0.850644919217665 0.14769591034835025 0.02655252495159175 0.033478779078607225
0 0.6488498122423872 0.18507401105282587 0.02238585828492508 0.0334545381210616
0 0.5426711508143091 0.20529526020813157 0.02655252495159175 0.033478779078607225
0 0.5614696672190465 0.20436267785042037 0.024178093189834726 0.027216658599834413
0 0.35124419410096075 0.24377562997313798 0.026843623380014964 0.03972877907860723
0 0.5877539159093992 0.1993058505017473 0.02853882547545036 0.03140756622404671
0 0.05581894210234205 0.3004060360388896 0.02655252495159163 0.033478779078607225
0 0.00826335359871607 0.31051969073623564 0.01652670719743214 0.033478779078607225
0 0.71263406093274 0.18023535232206364 0.02655252495159175 0.033478779078607225
0 0.30378699724411384 0.25600291920074947 0.02655252495159163 0.033478779078607225
0 0.603330399504662 0.20043842075921017 0.02655252495159175 0.033478779078607225
0 0.19339315274463187 0.2772415940651762 0.024372158808783812 0.03138332526650108
0 0.4887698883385133 0.22165285466609128 0.031107322856156236 0.04183635336948619
0 0.02403526165023243 0.31168256219063056 0.024372158808783812 0.03138332526650108
0 0.42975732533885863 0.23589681459378553 0.024372158808783812 0.03138332526650108
0 0.8386043890274848 0.16012924771509976 0.02238585828492508 0.0334545381210616
0 0.636809282052207 0.19750734841957532 0.030816224427732665 0.03558635336948619
0 0.1353252236021694 0.2935749475655902 0.030816224427732783 0.03558635336948619
0 0.8258132905990614 0.1663065248424628 0.02655252495159175 0.033478779078607225
0 0.40119567769622344 0.2451081881303524 0.02655252495159163 0.033478779078607225
0 0.45679214226745474 0.2370960474844989 0.020205492142117146 0.03135908430895545
0 0.6217893010762386 0.20679750506816555 0.02853882547545036 0.03140756622404671
0 0.5673202020954354 0.011636163798927773 0.02369292914246254 0.016799991933167727
0 0.3787384808393766 0.2574809231032378 0.033287688998963935 0.043931807181592335
0 0.7571346291709832 0.18674594261567937 0.02834475985650139 0.02724089955738004
0 0.001643813620330277 0.12398257429087897 0.003287627240660554 0.03129848191509129
0 0.32294795064919646 0.26965973041575797 0.031107322856156236 0.04183635336948619
0 0.08847304576935405 0.3151832970325881 0.031107322856156177 0.04183635336948631
0 0.01618429749178288 0.3324613533694862 0.03236859498356576 0.04187271480580464
0 0.1849856087690087 0.3011575057228047 0.02655252495159163 0.03347877907860711
0 0.20384700193032276 0.07516432097122928 0.024178093189834843 0.027216658599834413
0 0.6852339349334308 0.20925051300407002 0.024372158808783694 0.03138332526650108
0 0.9259103234085359 0.164804974490225 0.02417809318983496 0.027216658599834413
0 0.2804565051019967 0.28712565417363484 0.024372158808783812 0.03138332526650108
0 0.8648629434802851 0.17799514727247978 0.023984027570885757 0.023049991933167747
0 0.819586112766246 0.1881512236455307 0.03488585828492508 0.03352726099369849
0 0.24777670719743214 0.2952711200859894 0.030816224427732783 0.03558635336948619
0 0.5683475084102625 0.23566115976551164 0.024372158808783694 0.03138332526650108
0 0.7206506016000974 0.20945656114320801 0.024372158808783694 0.03138332526650108
0 0.001498264406118562 0.127107574290879 0.002996528812237124 0.02504848191509129
0 0.5505565026192942 0.013622533302078518 0.02388699476141151 0.02096665859983439
0 0.6321317571006155 0.23082250103474944 0.031107322856156354 0.04183635336948619
0 0.9033075773374774 0.18030270946311033 0.030816224427732665 0.03558635336948619
0 0.4574199834586709 0.2683581679632717 0.02655252495159163 0.033478779078607225
0 0.4973429316251649 0.2612967903932887 0.033287688998963935 0.043931807181592335
0 0.06290520926434674 0.10351891556011678 0.019914393713693725 0.02510908430895539
0 0.9193435307425599 0.1939413399599596 0.01991439371369381 0.025109084308955452
0 0.8079080195764111 0.21517395458499997 0.024372158808783694 0.03138332526650108
0 0.12049643617478194 0.3435022246929533 0.030816224427732783 0.03558635336948619
0 0.8772887328379954 0.20203226371783647 0.01991439371369381 0.025109084308955452
0 0.8615181836237835 0.20506636012704027 0.01991439371369381 0.02510908430895539
0 0.22875843093619339 0.32329309601642037 0.03755138847510515 0.0460393814724713
0 0.42951187124480456 0.2859089350725583 0.029121022332297387 0.04390756622404671
0 0.022651108080037178 0.3637719557633503 0.030816224427732766 0.03558635336948619
0 0.26337601295987956 0.3182847505828386 0.024178093189834843 0.027216658599834413
0 0.09927497160355071 0.35171435323855843 0.024372158808783812 0.03138332526650108
0 0.8350398693144818 0.21428985414237997 0.030816224427732665 0.03558635336948619
0 0.3462983928881303 0.3052218428276985 0.022385858284924964 0.03345453812106148
0 0.5858360818870945 0.26285357740780035 0.024178093189834726 0.027216658599834354
0 0.6951397433151724 0.24265050897065388 0.024178093189834726 0.027216658599834413
0 0.5489411009111258 0.27201646902927595 0.02853882547545036 0.03140756622404671
0 0.19053068486513478 0.3386999273985095 0.030816224427732783 0.03558635336948619
0 0.00278251309647142 0.11982196786359874 0.00556502619294284 0.031310602393864136
0 0.0767692583419666 0.3651287548781104 0.024178093189834875 0.027216658599834413
0 0.480310955887785 0.29141422013582585 0.028150694237552662 0.023074232890713375
0 0.6873629126011332 0.25302475396161567 0.024372158808783694 0.03138332526650108
0 0.33198046374566786 0.3218097263823418 0.026843623380015082 0.03972877907860723
0 0.01552781279476689 0.38248559432703183 0.026552524951591622 0.03347877907860711
0 0.9310187518620268 0.21172239616592986 0.031107322856156354 0.04183635336948619
0 0.7848201094579802 0.24108835622455196 0.03498289109439933 0.03561059432703182
0 0.6616836829348122 0.2674626415496751 0.031107322856156354 0.04183635336948619
0 0.6259759178397221 0.2735065934105371 0.030816224427732665 0.03558635336948619
0 0.37885546374566786 0.32208243715473034 0.026843623380015082 0.03972877907860723
0 0.21906663827021736 0.3524112807679957 0.029121022332297387 0.04390756622404671
0 0.5143463410546244 0.29890587470224417 0.030816224427732783 0.03558635336948631
0 0.8244034427913135 0.24131864532123562 0.02853882547545036 0.03140756622404671
0 0.2788782859128525 0.3433817144130212 0.031107322856156118 0.04183635336948631
0 0.7508075464583256 0.25547776189752014 0.03498289109439933 0.03561059432703182
0 0.06235429639002965 0.38379997176608704 0.026843623380015055 0.03972877907860723
0 0.5888383548400673 0.28787781836534604 0.030816224427732665 0.03558635336948619
0 0.036869132342657276 0.3940711926874798 0.02655252495159163 0.033478779078607225
0 0.675975917839722 0.27379748490108485 0.02655252495159175 0.033478779078607225
0 0.8167236448867489 0.24960955697886406 0.02655252495159175 0.033478779078607225
0 0.48341026165023243 0.31435512776003816 0.031107322856156118 0.04183635336948619
0 0.8648343771723646 0.24572166132397236 0.02655252495159175 0.033478779078607225
0 0.1709787281517864 0.3781802366622739 0.02655252495159163 0.033478779078607225
0 0.9055078935771019 0.24491634399337575 0.02655252495159175 0.033478779078607225
0 0.498744163221809 0.32069603135083435 0.03328768899896405 0.043931807181592335
0 0.4512869663649621 0.3329233205784458 0.031107322856156236 0.04183635336948619
0 0.7971003496014788 0.26825047266990865 0.03498289109439933 0.03561059432703182
0 0.24726297684213927 0.37341430080414856 0.02655252495159163 0.033478779078607225
0 0.6214439421023421 0.3036967460257112 0.030816224427732665 0.03558635336948619
0 0.5363411960312835 0.3188308666354118 0.030816224427732665 0.03558635336948619
0 0.0013797682667640615 0.4229893895393036 0.002759536533528123 0.025109084308955452
0 0.4110244033653075 0.3472763648150955 0.026843623380015082 0.03972877907860723
0 0.09982860215247708 0.40694086729005097 0.031107322856156205 0.04183635336948619
0 0.7168178056258555 0.2917482278098747 0.031107322856156118 0.04183635336948619
0 0.3358732644061186 0.059261244467250514 0.024372158808783812 0.03138332526650105
0 0.337137408603896 0.36768548139138 0.030816224427732783 0.03558635336948619
0 0.6534930267453224 0.3090929467800233 0.031107322856156354 0.04183635336948619
0 0.3160129768421393 0.37381427660365174 0.024372158808783812 0.03138332526650108
0 0.03958030686720679 0.4253454336450255 0.02853882547545048 0.03140756622404671
0 0.9267036639107805 0.25962694235382366 0.02417809318983496 0.027216658599834413
0 0.6901939421023421 0.3040967218252144 0.033578787427387624 0.05018180718159234
0 0.367414362834542 0.053193051648842866 0.024372158808783812 0.03138332526650105
0 0.4020804612629654 0.04714303954859445 0.02853882547545048 0.03140756622404671
0 0.7520889230783105 0.2950792759490127 0.031107322856156354 0.04183635336948619
0 0.22749413234265728 0.3951802164951932 0.026843623380015082 0.03972877907860723
0 0.593196215055315 0.32853917980166447 0.03357878742738739 0.05018180718159234
0 0.5669119663649622 0.33359600715033755 0.030816224427732665 0.03558635336948631
0 0.5859731692859609 0.01382858144121652 0.02388699476141151 0.020966658599834393
0 0.8547544532684908 0.28317317940888104 0.03251142652316806 0.027265140514925672
0 0.3953251927230177 0.37114985479701906 0.03735732285615612 0.04187271480580464
0 0.6707161960312835 0.31961263751625896 0.031107322856156118 0.04183635336948619
0 0.5246145864367114 0.3468952642415477 0.031107322856156118 0.04183635336948619
0 0.8231163220305928 0.291324705560622 0.02417809318983496 0.027216658599834413
0 0.2007732360096693 0.40961204384386624 0.024372158808783812 0.03138332526650108
0 0.6379393653172445 0.3298414367619469 0.030816224427732665 0.03558635336948619
0 0.5454479197700447 0.34701646902927596 0.02853882547545036 0.03140756622404671
0 0.14498270581948908 0.4217908511563864 0.03755138847510515 0.0460393814724713
0 0.035339429558250306 0.44928558626019954 0.034982891094399435 0.03561059432703182
0 0.7111187185001726 0.011430810167585938 0.023595896332988055 0.014716658599834394
0 0.3316122826045867 0.3968279071005011 0.031107322856156236 0.04183635336948631
0 0.43674927736599817 0.3766005977058089 0.033287688998963935 0.043931807181592335
0 0.0038255386004427258 0.45946590359079614 0.0076510772008854516 0.03972877907860723
0 0.17395530686720678 0.4261272045258726 0.026843623380015082 0.03972877907860723
0 0.6876967832935582 0.335340661585828 0.031107322856156354 0.04183635336948619
0 0.29134971960493206 0.41118095133715077 0.02655252495159163 0.033478779078607225
0 0.9283246553639262 0.2919367897386496 0.031107322856156118 0.04183635336948619
0 0.8557704256976048 0.3061019665543205 0.030816224427732665 0.03558635336948631
0 0.8157504447216364 0.3152466774576369 0.026843623380014964 0.039728779078607106
0 0.5729422065084606 0.36072176215937574 0.02655252495159175 0.033478779078607225
0 0.17286240612119358 0.09165524069569002 0.024372158808783812 0.03138332526650108
0 0.7361187185001726 0.01157625591285982 0.027762562999654725 0.014740899557380041
0 0.4759929958661708 0.3841225534691592 0.031107322856156236 0.04183635336948619
0 0.7356134499602248 0.3356194325976029 0.026843623380014964 0.03972877907860723
0 0.07438908243947401 0.46097420869021655 0.024178093189834843 0.027216658599834413
0 0.03395543038381369 0.12106362243001699 0.01972032809474477 0.020942417642288724
0 0.3044547386289635 0.4206347344491741 0.026843623380014964 0.03972877907860723
0 0.753273266888821 0.3367641233338386 0.031107322856156354 0.04183635336948619
0 0.2151368094865011 0.43678628076799575 0.026843623380015082 0.03972877907860723
0 0.018541574029211486 0.4773196826694034 0.03708314805842297 0.04187271480580464
0 0.20321628866873867 0.08870598763789594 0.023984027570885875 0.023049991933167747
0 0.6468520234370568 0.3621937058224776 0.026843623380014964 0.03972877907860723
0 0.8032732668888211 0.3370550148243864 0.031107322856156354 0.04183635336948619
0 0.12119002619294283 0.10489995563242248 0.024178093189834843 0.027216658599834413
0 0.7737669853889936 0.3441769947882335 0.026843623380014964 0.039728779078607106
0 0.5402852307710807 0.39074828831111674 0.030816224427732665 0.03558635336948619
0 0.10670357127332535 0.48304313635058177 0.02655252495159163 0.03347877907860711
0 0.7300398075561783 0.36580352497339064 0.024178093189834726 0.027216658599834413
0 0.08136395644016468 0.49018935727197455 0.031107322856156205 0.04183635336948619
0 0.4669062222242263 0.42262179846012093 0.031107322856156118 0.04183635336948631
0 0.029546027297702206 0.506559072208707 0.026552524951591622 0.033478779078607225
0 0.3826995936056227 0.440886979309208 0.03735732285615612 0.04187271480580464
0 0.6812013291995042 0.3853164206282823 0.033287688998963935 0.043931807181592335
0 0.2680420496299995 0.4641847465494225 0.030816224427732783 0.03558635336948619
0 0.6347372826045867 0.39859143676194686 0.033578787427387624 0.05018180718159234
0 0.7587698265802099 0.3753482116762102 0.033287688998963935 0.043931807181592335
0 0.5968976677714259 0.4056649348107027 0.033287688998963935 0.043931807181592335
0 0.204620237939992 0.4836127988529044 0.03755138847510515 0.0460393814724713
0 0.3070690347397972 0.07368095133715072 0.02417809318983496 0.027216658599834413
0 0.2537726368922743 0.4797309634373991 0.033578787427387444 0.05018180718159234
0 0.011199954922623625 0.5262052931300999 0.02239990984524725 0.0460393814724713
0 0.7246602307710807 0.3918209506825116 0.031107322856156354 0.04183635336948619
0 0.5499969735338736 0.4283149509443672 0.031107322856156354 0.04183635336948631
0 0.34984855224929384 0.47508017212761566 0.030816224427732783 0.03558635336948619
0 0.8193548646282729 0.3944557658000084 0.031107322856156354 0.04183635336948619
0 0.31900950565437636 0.48844609185207644 0.037551388475105085 0.0460393814724713
0 0.15188049710752202 0.5197741804563036 0.03755138847510515 0.0460393814724713
0 0.0729792346317262 0.5359863291689894 0.026843623380015055 0.039728779078607106
0 0.8505078318187984 0.3967209063149342 0.024372158808783694 0.03138332526650108
0 0.4173628199636782 0.4796407543543991 0.02655252495159163 0.033478779078607225
0 0.2817749098452473 0.5049006501402187 0.040022853046336355 0.05438483528457757
0 0.36767674055928634 0.49498092310323777 0.033287688998963935 0.043931807181592335
0 0.7733988042479125 0.41919517550639274 0.03735732285615612 0.04187271480580464
0 0.5347087162966663 0.4657361678323439 0.037551388475105085 0.0460393814724713
0 0.20258254894102798 0.5273627988529044 0.03992582023686187 0.052301501951244236
0 0.2616466548115464 0.08696202771020169 0.024372158808783812 0.03138332526650108
0 0.6278051808678974 0.4579421958044012 0.033287688998963935 0.043931807181592335
0 0.4637526559163058 0.4903301317934543 0.03498289109439945 0.03561059432703194
0 0.8316351047717714 0.4216178822453651 0.03992582023686187 0.05230150195124412
0 0.0034360485252401805 0.13753636143631848 0.006872097050480361 0.03340605620597028
0 0.5969463385719218 0.024311910741133716 0.024178093189834726 0.0272166585998344
0 0.2890210865733032 0.08086959393424839 0.024372158808783812 0.03138332526650108
0 0.24170943893066807 0.08997188316185986 0.02655252495159163 0.033478779078607225
0 0.1681333382987382 0.5511272045258726 0.04210618637966969 0.05439695576335026
0 0.6274457703336787 0.01823765768333966 0.028441792665976115 0.029324232890713377
0 0.23216016901277722 0.5410802124617771 0.03755138847510515 0.0460393814724713
0 0.42637251089296496 0.5099096900815966 0.031107322856156236 0.04183635336948619
0 0.6544518665585957 0.4674747620284479 0.031107322856156354 0.04183635336948619
0 0.3855336495729579 0.06684380262446495 0.024178093189834843 0.027216658599834413
0 0.692223169285961 0.014446725858630523 0.028053661428078178 0.020990899557380042
0 0.05100432975188381 0.5827461846206475 0.03755138847510516 0.0460393814724713
0 0.10347579432311506 0.5747158632566349 0.030816224427732783 0.03558635336948631
0 0.5733217215352548 0.4867997902623609 0.033287688998963935 0.043931807181592335
0 0.1385587446931155 0.11229464636865817 0.02853882547545048 0.03140756622404671
0 0.8589838422959756 0.4384481753754649 0.033287688998963935 0.043931807181592335
0 0.698056317344384 0.47085429208267726 0.03377285304633636 0.054348473848259006
0 0.010182623656204894 0.13758484335140977 0.02036524731240979 0.03138332526650108
0 0.36985423463172623 0.5377134973941168 0.024372158808783812 0.03138332526650108
0 0.35512535208418117 0.5407536540427069 0.031107322856156236 0.04183635336948631
0 0.4075968166554124 0.5327233326786943 0.02655252495159151 0.033478779078607225
0 0.2918976060131226 0.5560150396795223 0.037357322856156235 0.04187271480580464
0 0.2581276250371541 0.5651961120191571 0.03755138847510515 0.0460393814724713
0 0.7726196697017488 0.4806656293184989 0.031107322856156118 0.04183635336948619
0 0.951304044391411 0.4473208700141889 0.03735732285615612 0.04187271480580464
0 0.1678709605739939 0.10933933307147768 0.030816224427732783 0.03558635336948619
0 0.1607902831569664 0.596930236662274 0.031107322856156236 0.04183635336948631
0 0.35275681885891885 0.07707260187015284 0.020205492142117146 0.03135908430895542
0 0.5997971637741887 0.5223800833924607 0.031107322856156354 0.04183635336948631
0 0.06870979101484923 0.6276529958356559 0.031107322856156177 0.04183635336948631
0 0.3701424609897817 0.5762672845395562 0.03735732285615612 0.04187271480580464
0 0.42261392556101296 0.5682369631755435 0.031107322856156118 0.04183635336948631
0 0.5392577700604949 0.5470346497474352 0.040022853046336355 0.05438483528457757
0 0.7579136093213884 0.5055868462064755 0.031107322856156118 0.04183635336948619
0 0.31837304825205653 0.5915953328096221 0.033287688998963935 0.043931807181592335
0 0.1322514576815159 0.6280226704382272 0.03755138847510515 0.04603938147247154
0 0.2960128842046841 0.601884734449174 0.0375513884751052 0.0460393814724713
0 0.22436354259768007 0.1044582526650106 0.019914393713693693 0.02510908430895542
0 0.9287726368922743 0.48365799855979397 0.030816224427732665 0.03558635336948619
0 0.8067749098452472 0.5079550107909703 0.03377285304633636 0.054348473848259006
0 0.017205782467994847 0.659653771011775 0.024372158808783812 0.03138332526650108
0 0.858955275988055 0.5061746894269574 0.026843623380014964 0.03972877907860723
0 0.23775088944327263 0.6223847546162548 0.029121022332297387 0.04390756622404671
0 0.8947115574878824 0.49908907089942883 0.033287688998963935 0.043931807181592335
0 0.8272686283454199 0.5153678822453652 0.037551388475105085 0.0460393814724713
0 0.32528535428768757 0.08524836897943947 0.024372158808783812 0.03138332526650105
0 0.08709448194413598 0.6579764737173313 0.03735732285615618 0.04187271480580464
0 0.05936638378889626 0.13475679508134394 0.02853882547545048 0.03140756622404671
0 0.09533078246799483 0.6601082889657559 0.030816224427732783 0.03558635336948631
0 0.48002544720433876 0.5883680032478492 0.037357322856156235 0.04187271480580464
0 0.013908257376805231 0.6762961967208959 0.027816514753610463 0.04183635336948631
0 0.22006537827712397 0.6441627907860722 0.03755138847510515 0.0460393814724713
0 0.7403479531318988 0.547162609282346 0.03992582023686187 0.052301501951244236