0 0.659375 0.2791666666666667 0.03125 0.03958333333333333
0 0.8208333333333333 0.29270833333333335 0.041666666666666664 0.07708333333333334
0 0.578125 0.28020833333333334 0.035416666666666666 0.058333333333333334
0 0.4270833333333333 0.28125 0.041666666666666664 0.07708333333333334
0 0.48020833333333335 0.2875 0.016666666666666666 0.041666666666666664
0 0.6916666666666667 0.3020833333333333 0.058333333333333334 0.096875
0 0.88125 0.321875 0.046875 0.071875
0 0.6510416666666666 0.30625 0.040625 0.0625
0 0.7489583333333333 0.31354166666666666 0.041666666666666664 0.07708333333333334
0 0.6041666666666666 0.3145833333333333 0.052083333333333336 0.07708333333333334
0 0.7791666666666667 0.34791666666666665 0.059375 0.11875
0 0.45208333333333334 0.33229166666666665 0.058333333333333334 0.1
0 0.3333333333333333 0.3333333333333333 0.058333333333333334 0.109375
0 0.509375 0.365625 0.078125 0.12083333333333333
0 0.7114583333333333 0.4270833333333333 0.06458333333333334 0.12291666666666666
0 0.025 0.39166666666666666 0.046875 0.140625
0 0.37083333333333335 0.41875 0.1 0.17708333333333334
0 0.1375 0.40729166666666666 0.09583333333333334 0.171875
0 0.6114583333333333 0.4895833333333333 0.10833333333333334 0.21458333333333332
0 0.44895833333333335 0.85625 0.225 0.259375
0 0.8833333333333333 0.19166666666666668 0.03125 0.053125
0 0.54375 0.17291666666666666 0.028125 0.06041666666666667
0 0.784375 0.18958333333333333 0.03333333333333333 0.0625
0 0.959375 0.20208333333333334 0.03125 0.058333333333333334
0 0.859375 0.20729166666666668 0.021875 0.041666666666666664
0 0.6625 0.19791666666666666 0.027083333333333334 0.046875
0 0.6020833333333333 0.20520833333333333 0.027083333333333334 0.052083333333333336
0 0.9854166666666667 0.234375 0.028125 0.053125
0 0.37916666666666665 0.20208333333333334 0.03125 0.04375