0 0.8302083333333333 0.5635416666666667 0.01875 0.025
0 0.5322916666666667 0.628125 0.00625 0.009375
0 0.5760416666666667 0.621875 0.010416666666666666 0.010416666666666666
0 0.578125 0.6239583333333333 0.00625 0.009375
0 0.4625 0.646875 0.0125 0.015625
0 0.37395833333333334 0.6666666666666666 0.00625 0.009375
0 0.49583333333333335 0.6427083333333333 0.008333333333333333 0.014583333333333334
0 0.5270833333333333 0.6395833333333333 0.0125 0.015625
0 0.3541666666666667 0.6729166666666667 0.010416666666666666 0.010416666666666666
0 0.38645833333333335 0.6708333333333333 0.00625 0.009375
0 0.584375 0.6322916666666667 0.0125 0.015625
0 0.384375 0.6708333333333333 0.00625 0.009375
0 0.43020833333333336 0.6625 0.00625 0.009375
0 0.4010416666666667 0.6677083333333333 0.00625 0.009375
0 0.246875 0.7010416666666667 0.0125 0.015625
0 0.6583333333333333 0.6229166666666667 0.00625 0.009375
0 0.2125 0.709375 0.0125 0.015625
0 0.646875 0.625 0.00625 0.00625
0 0.36354166666666665 0.6802083333333333 0.00625 0.009375
0 0.6947916666666667 0.615625 0.00625 0.00625
0 0.2677083333333333 0.7010416666666667 0.008333333333333333 0.014583333333333334
0 0.41770833333333335 0.671875 0.0125 0.015625
0 0.7020833333333333 0.6166666666666667 0.00625 0.009375
0 0.16458333333333333 0.7229166666666667 0.00625 0.009375
0 0.23229166666666667 0.7104166666666667 0.008333333333333333 0.014583333333333334
0 0.6229166666666667 0.634375 0.016666666666666666 0.020833333333333332
0 0.334375 0.6916666666666667 0.010416666666666666 0.010416666666666666
0 0.20729166666666668 0.7166666666666667 0.00625 0.009375
0 0.5072916666666667 0.6604166666666667 0.00625 0.009375
0 0.10104166666666667 0.7395833333333334 0.0125 0.015625
0 0.26458333333333334 0.7083333333333334 0.00625 0.009375
0 0.14479166666666668 0.7354166666666667 0.0125 0.015625
0 0.5354166666666667 0.6604166666666667 0.00625 0.009375
0 0.4822916666666667 0.6729166666666667 0.00625 0.009375
0 0.04375 0.7635416666666667 0.00625 0.009375
0 0.246875 0.7260416666666667 0.00625 0.009375
0 0.4947916666666667 0.6770833333333334 0.010416666666666666 0.010416666666666666
0 0.3145833333333333 0.7177083333333333 0.00625 0.009375
0 0.20416666666666666 0.7395833333333334 0.00625 0.00625
0 0.34270833333333334 0.7114583333333333 0.00625 0.009375
0 0.4864583333333333 0.684375 0.00625 0.009375
0 0.5020833333333333 0.68125 0.008333333333333333 0.014583333333333334
0 0.32083333333333336 0.71875 0.008333333333333333 0.014583333333333334
0 0.29375 0.7239583333333334 0.00625 0.009375
0 0.18333333333333332 0.7458333333333333 0.00625 0.009375
0 0.2552083333333333 0.73125 0.00625 0.009375
0 0.19583333333333333 0.7427083333333333 0.00625 0.009375
0 0.4354166666666667 0.6989583333333333 0.010416666666666666 0.010416666666666666
0 0.31666666666666665 0.721875 0.00625 0.009375
0 0.5229166666666667 0.6822916666666666 0.010416666666666666 0.010416666666666666
0 0.17708333333333334 0.7520833333333333 0.00625 0.009375
0 0.13958333333333334 0.7583333333333333 0.00625 0.00625
0 0.4510416666666667 0.6979166666666666 0.0125 0.015625
0 0.13333333333333333 0.7604166666666666 0.00625 0.009375
0 0.4583333333333333 0.696875 0.010416666666666666 0.010416666666666666
0 0.24895833333333334 0.7375 0.00625 0.009375
0 0.4083333333333333 0.70625 0.0125 0.015625
0 0.09166666666666666 0.7677083333333333 0.00625 0.009375
0 0.5145833333333333 0.6854166666666667 0.0125 0.015625
0 0.35833333333333334 0.71875 0.00625 0.009375
0 0.165625 0.75625 0.00625 0.009375
0 0.08333333333333333 0.771875 0.00625 0.00625
0 0.15833333333333333 0.759375 0.00625 0.009375
0 0.41770833333333335 0.709375 0.010416666666666666 0.010416666666666666
0 0.052083333333333336 0.7802083333333333 0.00625 0.009375
0 0.12291666666666666 0.7666666666666667 0.00625 0.009375
0 0.4270833333333333 0.7083333333333334 0.0125 0.015625
0 0.057291666666666664 0.7791666666666667 0.0125 0.015625
0 0.3885416666666667 0.7145833333333333 0.010416666666666666 0.010416666666666666
0 0.12916666666666668 0.765625 0.00625 0.009375
0 0.17083333333333334 0.7583333333333333 0.00625 0.009375
0 0.259375 0.7395833333333334 0.00625 0.009375
0 0.33541666666666664 0.725 0.0125 0.015625
0 0.36770833333333336 0.71875 0.010416666666666666 0.010416666666666666
0 0.7395833333333334 0.646875 0.016666666666666666 0.016666666666666666
0 0.875 0.6229166666666667 0.016666666666666666 0.016666666666666666
0 0.43645833333333334 0.7083333333333334 0.0125 0.015625
0 0.47291666666666665 0.7010416666666667 0.010416666666666666 0.010416666666666666
0 0.4822916666666667 0.6989583333333333 0.008333333333333333 0.014583333333333334
0 0.19375 0.7552083333333334 0.00625 0.009375
0 0.4895833333333333 0.6979166666666666 0.010416666666666666 0.010416666666666666
0 0.04791666666666667 0.7833333333333333 0.008333333333333333 0.014583333333333334
0 0.07083333333333333 0.7791666666666667 0.008333333333333333 0.014583333333333334
0 0.29583333333333334 0.7375 0.00625 0.009375
0 0.328125 0.7322916666666667 0.0125 0.015625
0 0.14166666666666666 0.7677083333333333 0.010416666666666666 0.010416666666666666
0 0.3125 0.734375 0.00625 0.009375
0 0.18958333333333333 0.7583333333333333 0.010416666666666666 0.010416666666666666
0 0.44479166666666664 0.7104166666666667 0.00625 0.009375
0 0.46458333333333335 0.7072916666666667 0.010416666666666666 0.010416666666666666
0 0.4510416666666667 0.7104166666666667 0.0125 0.015625
0 0.28541666666666665 0.7447916666666666 0.0125 0.015625
0 0.16041666666666668 0.76875 0.00625 0.009375
0 0.39479166666666665 0.7229166666666667 0.0125 0.015625
0 0.5041666666666667 0.7020833333333333 0.0125 0.015625
0 0.5604166666666667 0.6916666666666667 0.016666666666666666 0.016666666666666666
0 0.3229166666666667 0.7375 0.010416666666666666 0.010416666666666666
0 0.35625 0.73125 0.010416666666666666 0.010416666666666666
0 0.08125 0.784375 0.0125 0.015625
0 0.43125 0.7166666666666667 0.010416666666666666 0.010416666666666666
0 0.13125 0.7739583333333333 0.010416666666666666 0.010416666666666666
0 0.6989583333333333 0.6645833333333333 0.016666666666666666 0.020833333333333332
0 0.7270833333333333 0.6583333333333333 0.016666666666666666 0.016666666666666666
0 0.12291666666666666 0.7770833333333333 0.008333333333333333 0.014583333333333334
0 0.275 0.7489583333333333 0.00625 0.009375
0 0.6041666666666666 0.6854166666666667 0.0125 0.015625
0 0.22708333333333333 0.7583333333333333 0.00625 0.009375
0 0.234375 0.7572916666666667 0.008333333333333333 0.014583333333333334
0 0.35 0.734375 0.00625 0.00625
0 0.18645833333333334 0.7666666666666667 0.00625 0.009375
0 0.20208333333333334 0.765625 0.008333333333333333 0.014583333333333334
0 0.41458333333333336 0.7239583333333334 0.016666666666666666 0.020833333333333332
0 0.7364583333333333 0.6614583333333334 0.0125 0.015625
0 0.253125 0.7552083333333334 0.008333333333333333 0.014583333333333334
0 0.36666666666666664 0.7333333333333333 0.0125 0.015625
0 0.21458333333333332 0.7635416666666667 0.0125 0.015625
0 0.16666666666666666 0.775 0.00625 0.009375
0 0.178125 0.7729166666666667 0.010416666666666666 0.010416666666666666
0 0.24583333333333332 0.759375 0.008333333333333333 0.014583333333333334
0 0.5145833333333333 0.7072916666666667 0.0125 0.015625
0 0.6916666666666667 0.6729166666666667 0.016666666666666666 0.020833333333333332
0 0.8770833333333333 0.6364583333333333 0.0125 0.015625
0 0.9395833333333333 0.625 0.022916666666666665 0.03125
0 0.071875 0.79375 0.0125 0.015625
0 0.4708333333333333 0.715625 0.0125 0.015625
0 0.30625 0.75 0.016666666666666666 0.016666666666666666
0 0.496875 0.7135416666666666 0.016666666666666666 0.016666666666666666
0 0.971875 0.6208333333333333 0.016666666666666666 0.020833333333333332
0 0.35104166666666664 0.7416666666666667 0.010416666666666666 0.010416666666666666
0 0.44479166666666664 0.7229166666666667 0.0125 0.015625
0 0.42916666666666664 0.7270833333333333 0.0125 0.015625
0 0.6333333333333333 0.6864583333333333 0.008333333333333333 0.014583333333333334
0 0.22916666666666666 0.7677083333333333 0.008333333333333333 0.014583333333333334
0 0.140625 0.784375 0.0125 0.015625
0 0.8895833333333333 0.6395833333333333 0.016666666666666666 0.020833333333333332
0 0.16354166666666667 0.7802083333333333 0.0125 0.015625
0 0.10416666666666667 0.7916666666666666 0.00625 0.009375
0 0.68125 0.6791666666666667 0.01875 0.025
0 0.5854166666666667 0.7010416666666667 0.016666666666666666 0.020833333333333332
0 0.5520833333333334 0.7072916666666667 0.021875 0.021875
0 0.11770833333333333 0.7916666666666666 0.0125 0.015625
0 0.26458333333333334 0.7635416666666667 0.00625 0.009375
0 0.9041666666666667 0.6395833333333333 0.016666666666666666 0.020833333333333332
0 0.15208333333333332 0.7854166666666667 0.016666666666666666 0.016666666666666666
0 0.5270833333333333 0.7114583333333333 0.01875 0.029166666666666667
0 0.5333333333333333 0.7104166666666667 0.0125 0.020833333333333332
0 0.7479166666666667 0.66875 0.021875 0.021875
0 0.959375 0.6302083333333334 0.016666666666666666 0.020833333333333332
0 0.40208333333333335 0.7385416666666667 0.0125 0.020833333333333332
0 0.3645833333333333 0.7458333333333333 0.016666666666666666 0.020833333333333332
0 0.6260416666666667 0.6958333333333333 0.0125 0.015625
0 0.9270833333333334 0.6364583333333333 0.021875 0.021875
0 0.27291666666666664 0.7645833333333333 0.008333333333333333 0.014583333333333334
0 0.09791666666666667 0.7979166666666667 0.008333333333333333 0.014583333333333334
0 0.23958333333333334 0.7729166666666667 0.0125 0.015625
0 0.5697916666666667 0.7083333333333334 0.0125 0.015625
0 0.7260416666666667 0.678125 0.016666666666666666 0.020833333333333332
0 0.17604166666666668 0.7854166666666667 0.00625 0.009375
0 0.1875 0.7833333333333333 0.00625 0.009375
0 0.05520833333333333 0.8083333333333333 0.0125 0.015625
0 0.1375 0.7916666666666666 0.0125 0.015625
0 0.253125 0.7708333333333334 0.010416666666666666 0.010416666666666666
0 0.8395833333333333 0.6583333333333333 0.021875 0.021875
0 0.06458333333333334 0.8083333333333333 0.0125 0.015625
0 0.07395833333333333 0.80625 0.0125 0.015625
0 0.446875 0.7333333333333333 0.016666666666666666 0.016666666666666666
0 0.10520833333333333 0.8 0.00625 0.009375
0 0.603125 0.7041666666666667 0.016666666666666666 0.020833333333333332
0 0.16666666666666666 0.7885416666666667 0.0125 0.015625
0 0.48333333333333334 0.7270833333333333 0.016666666666666666 0.020833333333333332
0 0.671875 0.690625 0.016666666666666666 0.020833333333333332
0 0.9885416666666667 0.6291666666666667 0.022916666666666665 0.034375
0 0.35208333333333336 0.7541666666666667 0.0125 0.015625
0 0.0875 0.80625 0.0125 0.015625
0 0.26666666666666666 0.7708333333333334 0.0125 0.020833333333333332
0 0.6520833333333333 0.696875 0.022916666666666665 0.027083333333333334
0 0.47708333333333336 0.7302083333333333 0.016666666666666666 0.020833333333333332
0 0.8 0.6708333333333333 0.021875 0.021875
0 0.190625 0.7885416666666667 0.016666666666666666 0.020833333333333332
0 0.12083333333333333 0.8041666666666667 0.0125 0.015625
0 0.3729166666666667 0.7552083333333334 0.022916666666666665 0.03125
0 0.253125 0.78125 0.008333333333333333 0.014583333333333334
0 0.10416666666666667 0.8104166666666667 0.0125 0.015625
0 0.24583333333333332 0.7833333333333333 0.016666666666666666 0.020833333333333332
0 0.409375 0.7510416666666667 0.0125 0.015625
0 0.828125 0.671875 0.022916666666666665 0.027083333333333334
0 0.14791666666666667 0.8041666666666667 0.016666666666666666 0.016666666666666666
0 0.46875 0.7416666666666667 0.01875 0.025
0 0.31979166666666664 0.7729166666666667 0.022916666666666665 0.027083333333333334
0 0.9270833333333334 0.6541666666666667 0.021875 0.021875
0 0.2833333333333333 0.7802083333333333 0.0125 0.020833333333333332
0 0.7875 0.6822916666666666 0.022916666666666665 0.027083333333333334
0 0.058333333333333334 0.8229166666666666 0.010416666666666666 0.010416666666666666
0 0.5375 0.7302083333333333 0.022916666666666665 0.027083333333333334
0 0.35208333333333336 0.7697916666666667 0.0125 0.015625
0 0.42083333333333334 0.75625 0.01875 0.025
0 0.39166666666666666 0.7604166666666666 0.022916666666666665 0.03125
0 0.4322916666666667 0.75625 0.016666666666666666 0.016666666666666666
0 0.26145833333333335 0.7895833333333333 0.016666666666666666 0.020833333333333332
0 0.134375 0.8145833333333333 0.016666666666666666 0.016666666666666666
0 0.34270833333333334 0.7729166666666667 0.016666666666666666 0.020833333333333332
0 0.58125 0.7270833333333333 0.01875 0.025
0 0.09791666666666667 0.8208333333333333 0.016666666666666666 0.020833333333333332
0 0.29791666666666666 0.784375 0.016666666666666666 0.020833333333333332
0 0.65 0.715625 0.016666666666666666 0.020833333333333332
0 0.821875 0.6854166666666667 0.022916666666666665 0.03125
0 0.16041666666666668 0.815625 0.016666666666666666 0.020833333333333332
0 0.196875 0.8083333333333333 0.016666666666666666 0.020833333333333332
0 0.8875 0.675 0.016666666666666666 0.020833333333333332
0 0.33958333333333335 0.78125 0.01875 0.025
0 0.6145833333333334 0.7270833333333333 0.01875 0.025
0 0.8604166666666667 0.6822916666666666 0.027083333333333334 0.022916666666666665
0 0.68125 0.7166666666666667 0.022916666666666665 0.027083333333333334
0 0.5729166666666666 0.7385416666666667 0.01875 0.025
0 0.4395833333333333 0.7666666666666667 0.021875 0.021875
0 0.6020833333333333 0.7375 0.01875 0.025
0 0.06666666666666667 0.8416666666666667 0.016666666666666666 0.016666666666666666
0 0.7114583333333333 0.7177083333333333 0.022916666666666665 0.027083333333333334
0 0.9375 0.6739583333333333 0.022916666666666665 0.03125
0 0.4875 0.7614583333333333 0.01875 0.025
0 0.27395833333333336 0.8083333333333333 0.016666666666666666 0.020833333333333332
0 0.11770833333333333 0.8385416666666666 0.016666666666666666 0.020833333333333332
0 0.7885416666666667 0.7083333333333334 0.022916666666666665 0.03125
0 0.334375 0.7979166666666667 0.022916666666666665 0.03125
0 0.09791666666666667 0.8447916666666667 0.0125 0.015625
0 0.3572916666666667 0.7947916666666667 0.014583333333333334 0.025
0 0.9 0.6895833333333333 0.022916666666666665 0.027083333333333334
0 0.13333333333333333 0.840625 0.016666666666666666 0.020833333333333332
0 0.36875 0.796875 0.01875 0.025
0 0.8541666666666666 0.7072916666666667 0.025 0.034375
0 0.4739583333333333 0.78125 0.028125 0.03333333333333333
0 0.5791666666666667 0.7604166666666666 0.021875 0.021875
0 0.20416666666666666 0.8333333333333334 0.0125 0.020833333333333332
0 0.2708333333333333 0.8229166666666666 0.022916666666666665 0.03125
0 0.38645833333333335 0.803125 0.022916666666666665 0.03125
0 0.40729166666666666 0.7989583333333333 0.022916666666666665 0.03125
0 0.21770833333333334 0.8354166666666667 0.022916666666666665 0.027083333333333334
0 0.234375 0.8333333333333334 0.016666666666666666 0.020833333333333332
0 0.4354166666666667 0.7958333333333333 0.028125 0.028125
0 0.13958333333333334 0.853125 0.0125 0.020833333333333332
0 0.10520833333333333 0.8604166666666667 0.01875 0.029166666666666667
0 0.06666666666666667 0.8697916666666666 0.0125 0.020833333333333332
0 0.771875 0.7364583333333333 0.025 0.034375
0 0.99375 0.6916666666666667 0.0125 0.03125
0 0.3541666666666667 0.8208333333333333 0.021875 0.021875
0 0.5854166666666667 0.775 0.022916666666666665 0.03125
0 0.07708333333333334 0.8739583333333333 0.014583333333333334 0.029166666666666667
0 0.6322916666666667 0.7666666666666667 0.022916666666666665 0.03125
0 0.19375 0.8520833333333333 0.01875 0.029166666666666667
0 0.15625 0.8645833333333334 0.029166666666666667 0.035416666666666666
0 0.20416666666666666 0.859375 0.022916666666666665 0.03125
0 0.9489583333333333 0.7239583333333334 0.029166666666666667 0.035416666666666666
0 0.28541666666666665 0.8583333333333333 0.025 0.034375
0 0.3541666666666667 0.846875 0.034375 0.041666666666666664
0 0.6302083333333334 0.7927083333333333 0.022916666666666665 0.027083333333333334
0 0.328125 0.8541666666666666 0.029166666666666667 0.035416666666666666
0 0.07916666666666666 0.9072916666666667 0.025 0.03958333333333333
0 0.9770833333333333 0.7354166666666667 0.022916666666666665 0.03125
0 0.14583333333333334 0.90625 0.035416666666666666 0.04583333333333333
0 0.6239583333333333 0.8135416666666667 0.029166666666666667 0.040625
0 0.215625 0.8927083333333333 0.034375 0.041666666666666664
0 0.4708333333333333 0.8427083333333333 0.029166666666666667 0.035416666666666666
0 0.9010416666666666 0.7760416666666666 0.040625 0.052083333333333336
0 0.7510416666666667 0.8208333333333333 0.040625 0.052083333333333336
0 0.28958333333333336 0.9208333333333333 0.035416666666666666 0.04583333333333333
0 0.5197916666666667 0.878125 0.03958333333333333 0.046875
0 0.11666666666666667 0.9583333333333334 0.046875 0.06041666666666667
0 0.159375 0.9552083333333333 0.053125 0.05
0 0.6625 0.8625 0.04375 0.046875
0 0.346875 0.9260416666666667 0.0375 0.034375
0 0.8583333333333333 0.83125 0.052083333333333336 0.040625