0 0.7385416666666667 0.5520833333333334 0.015625 0.020833333333333332
0 0.8083333333333333 0.5489583333333333 0.010416666666666666 0.020833333333333332
0 0.6104166666666667 0.5791666666666667 0.010416666666666666 0.015625
0 0.5458333333333333 0.5854166666666667 0.010416666666666666 0.010416666666666666
0 0.6177083333333333 0.58125 0.010416666666666666 0.010416666666666666
0 0.5395833333333333 0.5895833333333333 0.00625 0.009375
0 0.675 0.5770833333333333 0.00625 0.014583333333333334
0 0.5666666666666667 0.5885416666666666 0.00625 0.009375
0 0.7135416666666666 0.575 0.010416666666666666 0.015625
0 0.64375 0.584375 0.010416666666666666 0.015625
0 0.5197916666666667 0.5979166666666667 0.00625 0.014583333333333334
0 0.6895833333333333 0.5822916666666667 0.010416666666666666 0.020833333333333332
0 0.5791666666666667 0.59375 0.010416666666666666 0.015625
0 0.665625 0.5864583333333333 0.010416666666666666 0.015625
0 0.7083333333333334 0.5947916666666667 0.010416666666666666 0.015625
0 0.8510416666666667 0.5791666666666667 0.010416666666666666 0.015625
0 0.059375 0.6927083333333334 0.020833333333333332 0.020833333333333332
0 0.28125 0.6770833333333334 0.021875 0.025
0 0.4583333333333333 0.6625 0.015625 0.015625
0 0.10833333333333334 0.7041666666666667 0.021875 0.025
0 0.18958333333333333 0.6958333333333333 0.027083333333333334 0.034375
0 0.49583333333333335 0.665625 0.015625 0.020833333333333332
0 0.26875 0.6895833333333333 0.027083333333333334 0.034375
0 0.03229166666666667 0.7166666666666667 0.028125 0.053125
0 0.5770833333333333 0.6614583333333334 0.015625 0.020833333333333332
0 0.42916666666666664 0.6770833333333334 0.010416666666666666 0.010416666666666666
0 0.3541666666666667 0.6875 0.027083333333333334 0.03958333333333333
0 0.5208333333333334 0.6697916666666667 0.00625 0.014583333333333334
0 0.50625 0.6708333333333333 0.010416666666666666 0.020833333333333332
0 0.4395833333333333 0.678125 0.010416666666666666 0.020833333333333332
0 0.12395833333333334 0.7145833333333333 0.027083333333333334 0.029166666666666667
0 0.39375 0.6854166666666667 0.015625 0.020833333333333332
0 0.37083333333333335 0.6885416666666667 0.010416666666666666 0.015625
0 0.14583333333333334 0.7114583333333333 0.028125 0.04375
0 0.46041666666666664 0.68125 0.021875 0.025
0 0.5666666666666667 0.6697916666666667 0.010416666666666666 0.015625
0 0.6354166666666666 0.6645833333333333 0.020833333333333332 0.020833333333333332
0 0.42291666666666666 0.6875 0.016666666666666666 0.025
0 0.990625 0.6270833333333333 0.01875 0.03125
0 0.9229166666666667 0.634375 0.015625 0.015625
0 0.553125 0.6760416666666667 0.021875 0.034375
0 0.31145833333333334 0.7020833333333333 0.027083333333333334 0.029166666666666667
0 0.7885416666666667 0.6510416666666666 0.020833333333333332 0.020833333333333332
0 0.528125 0.678125 0.016666666666666666 0.025
0 0.7270833333333333 0.6604166666666667 0.010416666666666666 0.020833333333333332
0 0.896875 0.6416666666666667 0.0375 0.058333333333333334
0 0.16979166666666667 0.71875 0.035416666666666666 0.04791666666666667
0 0.878125 0.64375 0.010416666666666666 0.020833333333333332
0 0.10520833333333333 0.7270833333333333 0.021875 0.03958333333333333
0 0.7416666666666667 0.6604166666666667 0.021875 0.029166666666666667
0 0.653125 0.6729166666666667 0.021875 0.025
0 0.828125 0.6541666666666667 0.034375 0.027083333333333334
0 0.08958333333333333 0.7322916666666667 0.028125 0.04375
0 0.06875 0.7385416666666667 0.021875 0.03958333333333333
0 0.228125 0.7239583333333334 0.03125 0.034375
0 0.6770833333333334 0.6770833333333334 0.015625 0.020833333333333332
0 0.5729166666666666 0.6885416666666667 0.015625 0.015625
0 0.6395833333333333 0.68125 0.025 0.025
0 0.2635416666666667 0.7270833333333333 0.035416666666666666 0.040625
0 0.5854166666666667 0.69375 0.015625 0.020833333333333332
0 0.31875 0.7270833333333333 0.027083333333333334 0.034375
0 0.9958333333333333 0.6541666666666667 0.008333333333333333 0.04375
0 0.6666666666666666 0.6916666666666667 0.016666666666666666 0.029166666666666667
0 0.371875 0.7229166666666667 0.0375 0.053125
0 0.88125 0.671875 0.021875 0.034375
0 0.190625 0.7447916666666666 0.035416666666666666 0.040625
0 0.5895833333333333 0.703125 0.015625 0.020833333333333332
0 0.49895833333333334 0.7145833333333333 0.03333333333333333 0.053125
0 0.5708333333333333 0.7072916666666667 0.020833333333333332 0.020833333333333332
0 0.5229166666666667 0.7125 0.021875 0.029166666666666667
0 0.4625 0.7208333333333333 0.04791666666666667 0.06875
0 0.2833333333333333 0.7395833333333334 0.027083333333333334 0.03958333333333333
0 0.7229166666666667 0.69375 0.021875 0.034375
0 0.6833333333333333 0.6979166666666666 0.010416666666666666 0.020833333333333332
0 0.4 0.740625 0.028125 0.04375
0 0.22708333333333333 0.7604166666666666 0.028125 0.04791666666666667
0 0.565625 0.728125 0.027083333333333334 0.029166666666666667
0 0.7041666666666667 0.7135416666666666 0.03125 0.03958333333333333
0 0.3125 0.759375 0.041666666666666664 0.059375
0 0.65 0.7291666666666666 0.052083333333333336 0.059375
0 0.790625 0.71875 0.07291666666666667 0.09583333333333334
0 0.8479166666666667 0.7145833333333333 0.04791666666666667 0.078125
0 0.25625 0.7770833333333333 0.046875 0.06458333333333334
0 0.5697916666666667 0.7458333333333333 0.020833333333333332 0.010416666666666666
0 0.190625 0.790625 0.041666666666666664 0.059375
0 0.6229166666666667 0.7479166666666667 0.022916666666666665 0.053125
0 0.9479166666666666 0.7166666666666667 0.08541666666666667 0.128125
0 0.8916666666666667 0.7333333333333333 0.04791666666666667 0.078125
0 0.5708333333333333 0.7739583333333333 0.03125 0.03958333333333333
0 0.43333333333333335 0.809375 0.058333333333333334 0.075
0 0.24791666666666667 0.8427083333333333 0.053125 0.06875
0 0.715625 0.9583333333333334 0.096875 0.052083333333333336