0 0.31666666666666665 0.2875 0.03958333333333333 0.075
0 0.553125 0.29583333333333334 0.04375 0.075
0 0.9822916666666667 0.309375 0.035416666666666666 0.075
0 0.48333333333333334 0.3 0.04791666666666667 0.07708333333333334
0 0.8 0.315625 0.03958333333333333 0.046875
0 0.365625 0.303125 0.029166666666666667 0.06041666666666667
0 0.278125 0.3 0.03958333333333333 0.075
0 0.8895833333333333 0.33958333333333335 0.04375 0.075
0 0.6520833333333333 0.3416666666666667 0.034375 0.075
0 0.9572916666666667 0.3541666666666667 0.04375 0.07916666666666666
0 0.21145833333333333 0.3302083333333333 0.03958333333333333 0.07083333333333333
0 0.35 0.3375 0.03958333333333333 0.07916666666666666
0 0.40208333333333335 0.33958333333333335 0.04583333333333333 0.09375
0 0.9083333333333333 0.36354166666666665 0.03958333333333333 0.084375
0 0.5166666666666667 0.3572916666666667 0.034375 0.075
0 0.18854166666666666 0.3458333333333333 0.034375 0.052083333333333336
0 0.7916666666666666 0.36875 0.04375 0.075
0 0.6916666666666667 0.3697916666666667 0.05 0.103125
0 0.6229166666666667 0.37395833333333334 0.03958333333333333 0.08958333333333333
0 0.5520833333333334 0.3885416666666667 0.034375 0.07083333333333333
0 0.9739583333333334 0.446875 0.04583333333333333 0.09375
0 0.49270833333333336 0.4354166666666667 0.034375 0.052083333333333336
0 0.45625 0.440625 0.03958333333333333 0.052083333333333336
0 0.3958333333333333 0.440625 0.05416666666666667 0.09791666666666667
0 0.353125 0.46041666666666664 0.04375 0.08958333333333333
0 0.75625 0.5177083333333333 0.04375 0.084375
0 0.453125 0.521875 0.05 0.09791666666666667
0 0.496875 0.5322916666666667 0.04791666666666667 0.07708333333333334
0 0.21770833333333334 0.540625 0.053125 0.07708333333333334
0 0.9041666666666667 0.5697916666666667 0.05416666666666667 0.09791666666666667
0 0.70625 0.5645833333333333 0.05416666666666667 0.09791666666666667
0 0.79375 0.575 0.05416666666666667 0.1125
0 0.6614583333333334 0.5708333333333333 0.04375 0.08958333333333333
0 0.3927083333333333 0.5822916666666667 0.059375 0.103125
0 0.13854166666666667 0.046875 0.015625 0.028125
0 0.17083333333333334 0.058333333333333334 0.025 0.025
0 0.21875 0.059375 0.020833333333333332 0.028125
0 0.30625 0.06458333333333334 0.025 0.029166666666666667
0 0.5520833333333334 0.7385416666666667 0.05416666666666667 0.1125
0 0.7104166666666667 0.7625 0.06458333333333334 0.12708333333333333
0 0.6125 0.7822916666666667 0.06458333333333334 0.11666666666666667
0 0.065625 0.065625 0.020833333333333332 0.041666666666666664
0 0.521875 0.08229166666666667 0.025 0.03333333333333333
0 0.43333333333333335 0.07916666666666666 0.020833333333333332 0.03333333333333333
0 0.47604166666666664 0.08333333333333333 0.025 0.041666666666666664
0 0.234375 0.07395833333333333 0.025 0.029166666666666667
0 0.2625 0.075 0.015625 0.022916666666666665
0 0.11145833333333334 0.06979166666666667 0.020833333333333332 0.03333333333333333
0 0.4979166666666667 0.08541666666666667 0.020833333333333332 0.041666666666666664
0 0.5697916666666667 0.090625 0.020833333333333332 0.028125
0 0.084375 0.07291666666666667 0.020833333333333332 0.028125
0 0.15833333333333333 0.07604166666666666 0.020833333333333332 0.03333333333333333
0 0.190625 0.07916666666666666 0.020833333333333332 0.03333333333333333
0 0.41041666666666665 0.0875 0.025 0.03333333333333333
0 0.45416666666666666 0.08958333333333333 0.025 0.041666666666666664
0 0.615625 0.94375 0.078125 0.1125
0 0.35833333333333334 0.08958333333333333 0.025 0.046875
0 0.9677083333333333 0.9572916666666667 0.027083333333333334 0.08541666666666667
0 0.8583333333333333 0.9625 0.071875 0.075
0 0.28020833333333334 0.09166666666666666 0.029166666666666667 0.041666666666666664
0 0.5458333333333333 0.11041666666666666 0.025 0.052083333333333336
0 0.22291666666666668 0.10104166666666667 0.025 0.029166666666666667
0 0.13958333333333334 0.09791666666666667 0.029166666666666667 0.046875
0 0.10416666666666667 0.096875 0.020833333333333332 0.022916666666666665
0 0.578125 0.115625 0.025 0.03333333333333333
0 0.25625 0.109375 0.025 0.046875
0 0.175 0.10625 0.020833333333333332 0.03333333333333333
0 0.40208333333333335 0.11666666666666667 0.020833333333333332 0.046875
0 0.3697916666666667 0.12291666666666666 0.029166666666666667 0.06041666666666667
0 0.596875 0.13020833333333334 0.025 0.046875
0 0.34479166666666666 0.12395833333333334 0.029166666666666667 0.05625
0 0.5635416666666667 0.134375 0.020833333333333332 0.022916666666666665
0 0.6958333333333333 0.13854166666666667 0.034375 0.06041666666666667
0 0.30625 0.12708333333333333 0.027083333333333334 0.07083333333333333
0 0.6166666666666667 0.140625 0.020833333333333332 0.052083333333333336
0 0.6677083333333333 0.14479166666666668 0.025 0.052083333333333336
0 0.10520833333333333 0.134375 0.025 0.046875
0 0.21875 0.14270833333333333 0.025 0.046875
0 0.4635416666666667 0.15416666666666667 0.034375 0.052083333333333336
0 0.23958333333333334 0.14791666666666667 0.025 0.052083333333333336
0 0.4010416666666667 0.153125 0.029166666666666667 0.03333333333333333
0 0.178125 0.14791666666666667 0.029166666666666667 0.046875
0 0.740625 0.16979166666666667 0.029166666666666667 0.046875
0 0.85 0.17604166666666668 0.029166666666666667 0.06041666666666667
0 0.2520833333333333 0.1625 0.020833333333333332 0.046875
0 0.5416666666666666 0.17916666666666667 0.029166666666666667 0.052083333333333336
0 0.56875 0.18020833333333333 0.029166666666666667 0.06041666666666667
0 0.8114583333333333 0.18958333333333333 0.029166666666666667 0.041666666666666664
0 0.6125 0.184375 0.025 0.041666666666666664
0 0.6333333333333333 0.18541666666666667 0.025 0.029166666666666667
0 0.434375 0.1875 0.029166666666666667 0.06041666666666667
0 0.8760416666666667 0.20520833333333333 0.034375 0.065625
0 0.9197916666666667 0.20729166666666668 0.025 0.06041666666666667
0 0.46979166666666666 0.19583333333333333 0.025 0.052083333333333336
0 0.2864583333333333 0.19166666666666668 0.034375 0.06041666666666667
0 0.4822916666666667 0.203125 0.025 0.03333333333333333
0 0.334375 0.20416666666666666 0.03958333333333333 0.065625
0 0.17708333333333334 0.20208333333333334 0.03125 0.075
0 0.4083333333333333 0.2125 0.034375 0.065625
0 0.9333333333333333 0.23020833333333332 0.03125 0.075
0 0.7572916666666667 0.22708333333333333 0.020833333333333332 0.052083333333333336
0 0.7354166666666667 0.234375 0.029166666666666667 0.065625
0 0.6364583333333333 0.23854166666666668 0.03958333333333333 0.06041666666666667
0 0.6020833333333333 0.23645833333333333 0.029166666666666667 0.052083333333333336
0 0.48333333333333334 0.2375 0.029166666666666667 0.052083333333333336
0 0.19583333333333333 0.24375 0.03125 0.075
0 0.8020833333333334 0.26458333333333334 0.034375 0.06041666666666667
0 0.265625 0.2552083333333333 0.03958333333333333 0.075
0 0.21458333333333332 0.25625 0.020833333333333332 0.052083333333333336
0 0.5729166666666666 0.2760416666666667 0.034375 0.08958333333333333
0 0.6010416666666667 0.28125 0.029166666666666667 0.065625
0 0.6604166666666667 0.28958333333333336 0.034375 0.05625