0 0.34375 0.4166666666666667 0.028125 0.03125
0 0.540625 0.4041666666666667 0.027083333333333334 0.027083333333333334
0 0.8614583333333333 0.35833333333333334 0.028125 0.03125
0 0.8833333333333333 0.3572916666666667 0.034375 0.04583333333333333
0 0.9052083333333333 0.353125 0.03958333333333333 0.05
0 0.41458333333333336 0.4354166666666667 0.022916666666666665 0.034375
0 0.8375 0.36875 0.040625 0.06458333333333334
0 0.43125 0.43333333333333335 0.034375 0.05
0 0.36354166666666665 0.44895833333333335 0.040625 0.06458333333333334
0 0.5208333333333334 0.4270833333333333 0.04583333333333333 0.06041666666666667
0 0.7541666666666667 0.39166666666666666 0.052083333333333336 0.07083333333333333
0 0.4 0.4479166666666667 0.027083333333333334 0.027083333333333334
0 0.22291666666666668 0.48020833333333335 0.04791666666666667 0.052083333333333336
0 0.8239583333333333 0.3854166666666667 0.053125 0.07916666666666666
0 0.030208333333333334 0.5104166666666666 0.010416666666666666 0.015625
0 0.2864583333333333 0.47291666666666665 0.029166666666666667 0.04583333333333333
0 0.025 0.5166666666666667 0.010416666666666666 0.015625
0 0.559375 0.4322916666666667 0.035416666666666666 0.05416666666666667
0 0.26979166666666665 0.48020833333333335 0.034375 0.04583333333333333
0 0.63125 0.42604166666666665 0.03958333333333333 0.05416666666666667
0 0.06145833333333333 0.515625 0.0125 0.020833333333333332
0 0.036458333333333336 0.5197916666666667 0.010416666666666666 0.015625
0 0.01875 0.5229166666666667 0.008333333333333333 0.022916666666666665
0 0.10520833333333333 0.5135416666666667 0.016666666666666666 0.025
0 0.010416666666666666 0.5333333333333333 0.020833333333333332 0.0625
0 0.48125 0.45625 0.034375 0.04583333333333333
0 0.65 0.42916666666666664 0.034375 0.05
0 0.15729166666666666 0.5104166666666666 0.016666666666666666 0.025
0 0.04479166666666667 0.528125 0.016666666666666666 0.025
0 0.12083333333333333 0.515625 0.016666666666666666 0.025
0 0.078125 0.5270833333333333 0.016666666666666666 0.025
0 0.178125 0.5114583333333333 0.034375 0.04583333333333333
0 0.5916666666666667 0.4479166666666667 0.04375 0.05625
0 0.07291666666666667 0.5708333333333333 0.0375 0.04583333333333333
0 0.9708333333333333 0.43020833333333336 0.05625 0.071875