0 0.5031727874072951 0.14441107794480007 0.13225599973814434 0.17979518769756583
0 0.2449296631569618 0.32143682948949925 0.1510181202169172 0.18286116689245613
0 0.4275001008354034 0.26396666139102815 0.13218327686550743 0.16729518769756582
0 0.5861243256592845 0.2056687630045466 0.12813781498656904 0.1879101552838865
0 0.16212287614245013 0.41429121965966614 0.1405529716351592 0.1739819191915911
0 0.40291756284526964 0.37251393110301767 0.11332419255655199 0.14756254183600875
0 0.5855243619600298 0.30879376300454664 0.12383782305340128 0.16477512287020712
0 0.4996774182969278 0.38722859415163974 0.1448044816532357 0.1887836182719371
0 0.7136130005237112 0.308329016283907 0.1636272045258726 0.20226626413349416
0 0.2007123302164119 0.5830500783963791 0.13230448165323563 0.18812852103089905
0 0.8365054262328324 0.3060538934136998 0.16577114025306988 0.21279211367366718
0 0.38743125384336097 0.5284865445508954 0.18240144548341822 0.20741557666171792
0 0.6876676031794311 0.472139210765983 0.14055297163515945 0.1739819191915911
0 0.6221509929805902 0.6359405465113461 0.15319841738043322 0.19963701643262938
0 0.3020038557135138 0.17682222523816146 0.13012418448971974 0.17135267149072617
0 0.16417660278664759 0.24027829488957966 0.11953783112023354 0.14164009045652778