0 0.3185834523793832 0.2328271751538162 0.13283950324531243 0.21191965690642345
0 0.6040728484832508 0.24031496541478414 0.13894404437091054 0.20365904890727188
0 0.7834940681801207 0.25698309166132843 0.16474406818012047 0.24978328357733232
0 0.16614410984623806 0.32999161691066564 0.1351410248902485 0.224443898684484
0 0.509803198049737 0.32878317695733017 0.14336526406778052 0.2182908657967264
0 0.3083509751053578 0.42225293692975563 0.14139102489024846 0.22451662401866582
0 0.3813585535685256 0.42830973249520976 0.10254553030203178 0.14699693868024183
0 0.2511214935027845 0.5444787129216955 0.10919554220663669 0.1699863306810902
0 0.17633968181438722 0.5561060089115142 0.13119254653518458 0.2368954151283629
0 0.7094184621175174 0.5477285707616927 0.15579253463057963 0.21426964979842325
0 0.4901540838705573 0.5753793965096334 0.14778648376465037 0.23292268268618083
0 0.5944116623337251 0.5817998187459963 0.13916223268251335 0.21615904890727197
0 0.8803556174200984 0.6153292756736309 0.15001527597238534 0.2412802577975749