0 0.07095893245072829 0.06663810035874618 0.01783106038036039 0.025776262475795817
0 0.20341897049879135 0.04167800055237968 0.01783106038036036 0.025776262475795817
0 0.48423806699689204 0.10898097022560764 0.02456622442773278 0.0364840275708859
0 0.7243522087119669 0.06439183099323502 0.02853882547545036 0.032511426523168206
0 0.8383048287837163 0.045513359805472144 0.01783106038036048 0.025776262475795817
0 0.46468898235391154 0.1151111152489485 0.024372158808783812 0.03231736090421924
0 0.815485194926524 0.04866405404302473 0.024372158808783694 0.03231736090421924
0 0.527988066996892 0.10694328122664362 0.024372158808783694 0.03231736090421924
0 0.4338756299965467 0.12594160739106564 0.02873289109439945 0.036678093189834844
0 0.6833647717116217 0.08091582051605789 0.02853882547545036 0.03251142652316818
0 0.8552140774740693 0.049945430663009674 0.024178093189834726 0.028150694237552572
0 0.6367808701400451 0.08934905872923361 0.024566224427732663 0.0364840275708859
0 0.26653260573392656 0.1640095982918316 0.03120435566563066 0.04510845933264266
0 0.5046604469251428 0.12160082520226677 0.023984027570885875 0.023984027570885934
0 0.8711786923072299 0.056509351258617765 0.02853882547545036 0.03251142652316819
0 0.45945782685339354 0.13727721367737192 0.02456622442773278 0.03648402757088594
0 0.8444349738070571 0.06506244444845262 0.018025125999309447 0.029942929142462483
0 0.7689269875925002 0.08006247532760434 0.024566224427732663 0.0364840275708859
0 0.08920956244727499 0.21193775323996988 0.024372158808783812 0.032317360904219265
0 0.04366732754236509 0.22032247504840838 0.024566224427732767 0.036484027570885876
0 0.743419001377943 0.09273371877936865 0.024372158808783694 0.03231736090421924
0 0.8159475368067118 0.08100423711442863 0.024566224427732663 0.0364840275708859
0 0.03676379211359632 0.22899542321490238 0.020593623380015056 0.040456628618603635
0 0.6618065643775978 0.1111498480869438 0.02873289109439933 0.036678093189834844
0 0.7942666024256607 0.0861897482805773 0.023984027570885993 0.023984027570885906
0 0.07719472649464737 0.2229366167634834 0.03101029004668172 0.040941792665975994
0 0.10320208271265771 0.06409242514522512 0.02456622442773278 0.0364840275708859
0 0.14148696139955727 0.21367859966977462 0.03101029004668175 0.040941792665975994
0 0.538964108353221 0.14088163358400851 0.02873289109439933 0.036678093189834844
0 0.29591903225709476 0.18978298869725946 0.03101029004668175 0.040941792665975994
0 0.022762655637109847 0.24217465288122372 0.024954355665630677 0.04481736090421921
0 0.3816153090707132 0.012499845604241366 0.01337329528527024 0.01933219685684686
0 0.2011045434232435 0.21612149793308538 0.03101029004668175 0.040941792665975994
0 0.5253996195193695 0.16343586325032983 0.031204355665630602 0.04510845933264266
0 0.22227749158973745 0.22244283650500732 0.03101029004668175 0.040941792665975994
0 0.7386730099247975 0.12531648387445873 0.024372158808783694 0.03231736090421924
0 0.8017780289488291 0.11298198318548722 0.031010290046681634 0.040941792665975994
0 0.3299686233800151 0.02430066584110328 0.02417809318983496 0.028150694237552572
0 0.10231745354167442 0.24682073945452696 0.026843623380015055 0.040747727047027026
0 0.11610170223202729 0.2513983595262762 0.02456622442773278 0.036484027570885876
0 0.7028939062577855 0.1415978913735954 0.03546805514177199 0.04738585828492496
0 0.13177521863676453 0.2517122801218843 0.026843623380015055 0.040747727047027026
0 0.49521698042358875 0.18780802205911365 0.03546805514177175 0.04738585828492496
0 0.8574230099247975 0.11978561373441358 0.031010290046681634 0.040941792665975994
0 0.07228036366010539 0.27431789826331077 0.024372158808783812 0.03231736090421921
0 0.30317638847510514 0.031812092364271474 0.023984027570885875 0.023984027570885906
0 0.4874286614280781 0.006125759719909676 0.024178093189834843 0.012251519439819352
0 0.6801484830428831 0.16875543534921855 0.02873289109439933 0.036678093189834844
0 0.9587557750198876 0.12132952247490146 0.013858459332642781 0.029748863523513542
0 0.14856461235045823 0.27598453405082574 0.0352739895228229 0.043219191618258296
0 0.04820217535011291 0.2952739586436711 0.033772853046336385 0.055622158808783816
0 0.13663244885546552 0.06462323352696683 0.01783106038036036 0.025776262475795817
0 0.18180091287431707 0.27234867576590077 0.02873289109439945 0.036678093189834844
0 0.20660684725536813 0.2670176153855403 0.032899557761066116 0.03687215880878381
0 0.087736992278709 0.2923886685969894 0.03270549214211715 0.03270549214211715
0 0.785696431209377 0.17114694513742415 0.031010290046681634 0.040941792665975994
0 0.9253511031146323 0.14376389716456367 0.031204355665630602 0.04510845933264266
0 0.6959447264946473 0.19411787234956387 0.02873289109439933 0.036678093189834844
0 0.2639242081595874 0.28731439619639615 0.02873289109439945 0.036678093189834844
0 0.28257717535011295 0.2843577675777925 0.037745454094054054 0.05164955776106612
0 0.04156691618258291 0.33212042321490237 0.03101029004668172 0.040941792665975994
0 0.010567960021614205 0.09241723490490991 0.013761426523168193 0.02766553019018018
0 0.8678197264946473 0.18611266556791956 0.032899557761066 0.03687215880878381
0 0.685699303279745 0.22069321946834017 0.032899557761066 0.03687215880878381
0 0.13209488337310843 0.3258161626694293 0.03527398952282284 0.043219191618258296
0 0.01942651199171206 0.34985445078578825 0.007996590570540578 0.03779109842842345
0 0.8327426746611413 0.19505388999565235 0.03527398952282302 0.043219191618258296
0 0.15084488337310845 0.324942867384159 0.02873289109439945 0.03667809318983496
0 0.09508004742048083 0.33797941990663655 0.04636988585581084 0.058287688998964055
0 0.19477171656984993 0.05773964819501482 0.01783106038036036 0.025776262475795817
0 0.9654938111376279 0.1763437901892858 0.027037688998963933 0.04491439371369369
0 0.3063186208973126 0.3009987400069066 0.028344759856501513 0.02834475985650163
0 0.05731464322960997 0.35644119354858106 0.0328995577610661 0.03687215880878381
0 0.8760817212560588 0.20660638406809226 0.03377285304633636 0.055622158808783816
0 0.7676285329460664 0.23149227323216895 0.04220321918914417 0.058093623380015086
0 0.8619835519700978 0.21770228040108025 0.031010290046681634 0.040941792665975994
0 0.25147559663469254 0.3338269591960508 0.02873289109439945 0.036678093189834844
0 0.21357023297458716 0.0579080195764112 0.01783106038036036 0.025776262475795817
0 0.2860017355938814 0.04409520457813786 0.02417809318983496 0.028150694237552572
0 0.3884960223322974 0.025750413842484606 0.01763699476141151 0.021609595809129148
0 0.7483705467315093 0.2438724182555098 0.04636988585581084 0.05828768899896399
0 0.270322629444167 0.33503699724411384 0.03120435566563072 0.04510845933264266
0 0.7072860769216895 0.25831307444499935 0.03527398952282302 0.043219191618258296
0 0.9020520493508035 0.22627532368773184 0.03774545409405429 0.05164955776106612
0 0.07595037799792802 0.08415236807313056 0.01763699476141145 0.021609595809129148
0 0.08840186159319077 0.08252850454961703 0.01763699476141142 0.021609595809129148
0 0.33878712076072076 0.03432920126987204 0.024178093189834843 0.028150694237552572
0 0.35123860435598353 0.03270533774635851 0.01783106038036036 0.025776262475795807
0 0.930080016541329 0.2228820474264931 0.03793951971300326 0.055816224427732784
0 0.32061372787259046 0.3389582098167264 0.04220321918914417 0.058093623380015086
0 0.8215783118265994 0.2467262699239031 0.03546805514177175 0.04738585828492496
0 0.7988071943741445 0.2509186308281223 0.01783106038036048 0.025776262475795817
0 0.12732606975277816 0.38032244416925665 0.03944065618948954 0.043413257237207264
0 0.3542381596343472 0.34365568486513476 0.03270549214211715 0.03270549214211715
0 0.5405252495159163 0.30888106534576526 0.03527398952282302 0.043219191618258296
0 0.7899173584215168 0.26177194513742413 0.033481754617912904 0.04937215880878381
0 0.030670829609279686 0.4119663195478903 0.025439519713003053 0.055234027570885996
0 0.6082820992539868 0.30676916570451146 0.04656395147475981 0.0624543556656306
0 0.16228326660962503 0.3912214028129278 0.037745454094054054 0.05164955776106612
0 0.08374731320454246 0.4084503162396246 0.0422032191891442 0.058093623380015086
0 0.26129283402230485 0.05150959829183157 0.024178093189834843 0.028150694237552572
0 0.5324629101184309 0.007093215744286527 0.01783106038036048 0.014186431488573055
0 0.8223802685399478 0.28635811966197366 0.03793951971300302 0.055816224427732784
0 0.8917838039687165 0.27477418721124536 0.032511426523168296 0.02853882547545048
0 0.14498875875174216 0.4233446980981981 0.03793951971300302 0.055816224427732784
0 0.04305369230722982 0.09507989302472218 0.024372158808783812 0.03231736090421924
0 0.4280308392608934 0.022865123795802886 0.024178093189834843 0.028150694237552572
0 0.4446004731180856 0.020005527986673734 0.024372158808783812 0.03231736090421924
0 0.20359021395055563 0.06776818362378359 0.024178093189834843 0.028150694237552572
0 0.3763841535701953 0.0346659440326648 0.024372158808783812 0.03231736090421924
0 0.3633249332762917 0.3818577366986408 0.04239728480809314 0.06226029004668175
0 0.47117310256225264 0.36639536393930133 0.04220321918914417 0.05809362338001497
0 0.6586959247294374 0.3357388946818612 0.04220321918914417 0.05809362338001497
0 0.6960988919199629 0.3319089707779873 0.04636988585581084 0.058287688998964055
0 0.2330451069752778 0.02777102481499977 0.010901830714039029 0.010901830714039044
0 0.07984876840335592 0.05578478604944437 0.010901830714039058 0.010901830714039044
0 0.49743437468966223 0.011281191345074585 0.01763699476141151 0.021609595809129148
0 0.9923188432581308 0.29407494568980386 0.015362313483738415 0.042345896332988055
0 0.8989327934915394 0.3161982718542259 0.04884135042704211 0.06671805514177175
0 0.4634960223322973 0.02225723270140345 0.01783106038036036 0.025776262475795817
0 0.39625018527491035 0.43878409429459425 0.04220321918914417 0.05809362338001497
0 0.978924239038739 0.3302193584275291 0.03251142652316806 0.02853882547545048
0 0.15000574414073584 0.08279103667011997 0.01802512599930933 0.029942929142462483
0 0.5032992699178909 0.4285785712733253 0.046078787427387385 0.05203768899896393
0 0.4036615525224775 0.037571184176163265 0.023984027570885993 0.023984027570885906
0 0.9832848941264755 0.3558728938562979 0.03343021174704906 0.04777398952282278
0 0.11606739178337097 0.09376707802644883 0.009206628618603633 0.01913813123789791
0 0.12215204686810113 0.5381963076927702 0.053008017093708774 0.06691212076072071
0 0.46684380865492536 0.47516534491526985 0.043801388475105084 0.0477739895228229
0 0.009600503997237353 0.11647260104771771 0.00949772704702705 0.025388131237897908
0 0.6617553302982512 0.44625259415800234 0.04191212076072072 0.05184362338001496
0 0.7901942508938593 0.4246115599705848 0.04884135042704211 0.06671805514177175
0 0.04916404162951257 0.5624743057624474 0.046078787427387434 0.05203768899896393
0 0.8781537207036791 0.40798766556791954 0.039440656189489685 0.043413257237207264
0 0.9869564216973613 0.40274789385629783 0.02608715660527731 0.04937215880878381
0 0.9608335186082437 0.4124882029270111 0.03774545409405429 0.051649557761065994
0 0.900999048798424 0.42780215440177094 0.02873289109439933 0.03667809318983496
0 0.3199629101184309 0.011195646817071756 0.019332196856846905 0.013373295285270289
0 0.26628140749913665 0.024135166530074813 0.011095896332987997 0.01506849738070571
0 0.3096461483316067 0.058652843673918625 0.02417809318983496 0.028150694237552572
0 0.08312218968793553 0.1036529363113738 0.01763699476141145 0.021609595809129148
0 0.8275743959172002 0.4427051524714481 0.05261988585581084 0.05857878742738739
0 0.997494379375871 0.4165064483090981 0.005011241248257884 0.06783106038036048
0 0.5322945387370346 0.020096816655412388 0.017636994761411392 0.021609595809129148
0 0.1255879409975827 0.0964554303838137 0.024178093189834843 0.028150694237552572
0 0.23319352825985745 0.07578472429114091 0.01802512599930933 0.029942929142462483
0 0.7247831122138664 0.00007405624653117893 0.024372158808783694 0.00014811249306235786
0 0.9265327292505335 0.43809609402141053 0.03377285304633636 0.055622158808783816
0 0.44133869451073626 0.5327252878431753 0.04278541604599108 0.07059362338001508
0 0.166098984557418 0.585213984836614 0.0392465905705406 0.03924659057054072
0 0.28615605541495553 0.5629194152204278 0.04656395147475981 0.0624543556656306
0 0.6349174510589719 0.497611053490645 0.04884135042704211 0.06671805514177175
0 0.46728332836792846 0.529429044391411 0.05727171656984993 0.06918951971300302
0 0.6897060603803605 0.00186772718662504 0.01763699476141151 0.00373545437325008
0 0.9951941582564042 0.4416519975233098 0.009611683487191651 0.04728882547545048
0 0.4907336754867047 0.539820016820525 0.03963472180843842 0.04757992390387381
0 0.5455538775821401 0.5289153140361181 0.05320208271265774 0.0710787874273875
0 0.3613501210339045 0.5635929007460132 0.04903541604599108 0.07088472180843843
0 0.48372433664159914 0.030710421011395924 0.01763699476141151 0.021609595809129148
0 0.2687645147475982 0.5929593771723646 0.04239728480809314 0.062260290046681634
0 0.060990556103927056 0.6370861745245495 0.047631312378979065 0.08537102233229726
0 0.6691153090707133 0.005998724567330757 0.01783106038036048 0.011997449134661513
0 0.10488610531813877 0.6381734855255855 0.04884135042704211 0.066718055141772
0 0.07726032092583345 0.11227736807313056 0.024372158808783812 0.03231736090421924
0 0.17443518996111923 0.6297145530748572 0.03348175461791296 0.04937215880878369
0 0.4939100639618099 0.5856048337491212 0.06628427956950465 0.0841609842842343
0 0.6723975009621552 0.5626766788009829 0.0574657821887989 0.07335618637966992
0 0.24285962668828087 0.08159807664850577 0.013373295285270299 0.019332196856846846
0 0.36222628838954274 0.6272316002221544 0.035273989522822784 0.043219191618258414
0 0.500633585331952 0.035142491868933444 0.024372158808783812 0.03231736090421924
0 0.01018270085408421 0.1289726010477177 0.009303661428078099 0.021221464571231242
0 0.1981538133411343 0.6682790419087085 0.055576514474414536 0.07742582023686187
0 0.6601284403086112 0.009342048388648327 0.01763699476141151 0.018684096777296655
0 0.3407651138649932 0.6595489611263736 0.05160391342669683 0.08139842128457957
0 0.29641009484096165 0.6710101665300747 0.04050801709370878 0.06632992390387406
0 0.1223630361177403 0.049628946788550926 0.017442929142462482 0.017442929142462482
0 0.40801941273772524 0.0020946672190463476 0.011095896332988056 0.004189334438092695
0 0.2534218425691593 0.08423791260113339 0.01783106038036036 0.025776262475795817
0 0.3382563123789791 0.06775956741267984 0.02030252495159163 0.034206628618603636
0 0.47076486683177937 0.04384113427298002 0.024178093189834843 0.028150694237552572
0 0.6321489895228228 0.01260118651926771 0.01783106038036048 0.02520237303853542
0 0.275214324507283 0.6866123443628901 0.04278541604599108 0.07059362338001497
0 0.971646932723912 0.5550024706413955 0.04636988585581084 0.05828768899896394
0 0.2835331430930181 0.08074760353042015 0.024178093189834843 0.028150694237552572
0 0.5285562122934165 0.6570660082736707 0.0574657821887989 0.07335618637966969
0 0.934657791008837 0.5901309109500067 0.05160391342669683 0.08139842128457957
0 0.7764471847225306 0.6225539208748041 0.06211761290283799 0.08396691866528556
0 0.673299362555346 0.6492805613485279 0.05320208271265774 0.07107878742738763
0 0.38144150234009827 0.703587187484429 0.055576514474414536 0.07742582023686187
0 0.008584531568123261 0.13948630052385885 0.005525125999309336 0.029360732285615636
0 0.7038784403086111 0.00936487055583299 0.01783106038036048 0.01872974111166598
0 0.1385904918629212 0.7566552092643467 0.06671805514177181 0.04884135042704211
0 0.7664443435313145 0.6543376013269137 0.03793951971300302 0.055816224427732666
0 0.8555910292220126 0.6407901905195111 0.0624543556656306 0.04656395147475981
0 0.6378855679590473 0.6958188185857351 0.07471464571231247 0.08663244885546556
0 0.15761420347337848 0.1116666049083632 0.024372158808783812 0.032317360904219265
0 0.5192097786013371 0.7253565384638508 0.05644980975968477 0.09617582023686187
0 0.9198119255550007 0.652414023163873 0.0665753779979281 0.09041098428423429
0 0.15421836393328908 0.8008161626694293 0.06817354728388896 0.08009135042704212
0 0.7269406561894894 0.01098729804416256 0.024178093189834726 0.02197459608832512
0 0.09356455059215478 0.1261329553354053 0.024178093189834875 0.028150694237552603
0 0.20742013785442956 0.10517115081430911 0.024178093189834843 0.028150694237552572
0 0.42679797904564576 0.06363567301001459 0.024372158808783812 0.03231736090421924
0 0.871315934101855 0.687034477257927 0.06778541604599107 0.07175801709370878
0 0.3946718116900075 0.006128631790277587 0.01763699476141151 0.012257263580555174
0 0.45990868045210964 0.000433698374387916 0.01763699476141151 0.000867396748775832
0 0.3617066594977553 0.07815053984179393 0.01783106038036036 0.025776262475795817
0 0.5842326316476734 0.7766122208462832 0.06250574414073592 0.09230025199861866
0 0.7667897025052111 0.7514066669458627 0.062311678521786956 0.088133585331952
0 0.8274971588087839 0.004467585747739837 0.024372158808783694 0.008935171495479673
0 0.4912842795695046 0.058544322582972486 0.02456622442773278 0.0364840275708859
0 0.7991784019813521 0.7519859917323416 0.05160391342669683 0.08139842128457957
0 0.13840473366355868 0.12508841659837075 0.02853882547545048 0.03251142652316818
0 0.9235733829573206 0.7555875395686102 0.06696350923582581 0.09874431761756762
0 0.8598373418801877 0.004284931212383217 0.02853882547545036 0.008569862424766435
0 0.01134709456777793 0.1539726010477177 0.009691792665976003 0.029554797904564604
0 0.9776171681812016 0.7952393394034976 0.04476566363759673 0.11560504990318327
0 0.14731451971300308 0.047422886408190555 0.023984027570885875 0.023984027570885906
0 0.9048230741658033 0.007384236974830641 0.026843623380014964 0.014768473949661283
0 0.8159189704987914 0.015744700580900505 0.02873289109439933 0.03148940116180101
0 0.8842323228561562 0.008365976153167738 0.024372158808783694 0.016731952306335476
0 0.33990587014004514 0.10317623407934651 0.031010290046681634 0.040941792665975994
0 0.284238066996892 0.11829611993515739 0.02873289109439945 0.03667809318983487
0 0.7676883832365166 0.03105562558953378 0.024372158808783694 0.03231736090421924
0 0.4551912553068845 0.0904992464868464 0.024178093189834843 0.028150694237552572
0 0.8909674869035286 0.012835152331850168 0.018025125999309447 0.025670304663700336
0 0.013601671352875553 0.17996575130964712 0.011872158808783817 0.03173516404737242
0 0.36543955059215477 0.11347017369898614 0.03101029004668175 0.040941792665975994
0 0.27578487868689955 0.1385244342444592 0.02853882547545048 0.03251142652316818
0 0.35456341411566833 0.12650385415109575 0.02873289109439945 0.036678093189834844