0 0.25010549462481957 0.2407076568533956 0.03280252495159163 0.03369696000424227
0 0.26890401102955686 0.23944781418418354 0.019817360904219327 0.023134842669211984
0 0.12108150510199671 0.2838530719817584 0.02635845933264266 0.029457568003393792
0 0.4920661317902776 0.1868781857097607 0.015650694237552543 0.023086359113090833
0 0.1661642701970868 0.2770818737534556 0.028635858284924966 0.033648476448121065
0 0.28300218031551777 0.24969478840442608 0.026164393713693692 0.025290901336727126
0 0.475907451338168 0.1985183323785485 0.028635858284924966 0.033648476448121065
0 0.23634406810165137 0.2679364408550925 0.02635845933264266 0.029457568003393792
0 0.16122134105462435 0.2937970239762435 0.028635858284924966 0.033648476448121065
0 0.7581306515032807 0.12964493411842903 0.02228882547545036 0.03149241778060592
0 0.42975732533885863 0.2282061972735179 0.03280252495159163 0.03369696000424227
0 0.24712317176866339 0.2823864444090925 0.028635858284924966 0.033648476448121065
0 0.1423971304123345 0.31796141242309184 0.03328768899896405 0.044113626670908936
0 0.6939325773374774 0.16683052079358016 0.02001142652316806 0.02730150933587865
0 0.2803594722925222 0.2840819092934564 0.03328768899896405 0.044113626670908936
0 0.03662942238933899 0.3535485013261216 0.03299659057054057 0.03786362667090894
0 0.7252310937422145 0.1654252274560046 0.02001142652316806 0.02730150933587865
0 0.6028937518620268 0.19912291725018563 0.028635858284925084 0.033648476448121065
0 0.5354023063148271 0.21760698748145793 0.03130138847510509 0.046172718226181665
0 0.47188346181534513 0.24020924082327574 0.028829923903873813 0.03781514311478773
0 0.17975158119812282 0.3206500604180012 0.03328768899896399 0.044113626670908936
0 0.4515581146965688 0.2518978710481847 0.020011426523168178 0.02730150933587865
0 0.2604450785788285 0.3093000852960017 0.039537688998963996 0.04418635200509063
0 0.2191408489125072 0.32435613330151664 0.03328768899896405 0.044113626670908936
0 0.572271593053243 0.23071230214303398 0.02001142652316806 0.02730150933587865
0 0.01755129583764997 0.39131516088478807 0.03510259167529994 0.05467574400593911
0 0.12151240860389605 0.36401292175897054 0.039537688998964024 0.04418635200509063
0 0.08466594403266478 0.3727704862083642 0.039537688998963996 0.04418635200509063
0 0.4682961199351574 0.27252514926800303 0.039537688998963934 0.04418635200509063
0 0.5283018331967415 0.2582925919266094 0.03328768899896405 0.044113626670908936
0 0.6106677105056979 0.23338882924891297 0.03280252495159175 0.03369696000424221
0 0.28566196636496216 0.32670539640357765 0.028635858284924966 0.033648476448121065
0 0.5808703305774472 0.24726988080842796 0.026358459332642782 0.029457568003393792
0 0.8086357656474699 0.1852767687778839 0.030525125999309448 0.029506051559515002
0 0.3073429007460132 0.3306175244006081 0.039537688998963934 0.04418635200509063
0 0.05648955555755965 0.418906841767455 0.028829923903873917 0.03781514311478773
0 0.21463169534231194 0.3764637084129106 0.03328768899896399 0.044113626670908936
0 0.6026226035304202 0.2720032212497614 0.033287688998963935 0.044113626670908936
0 0.24716594403266479 0.37087962751963804 0.03566212076072078 0.050387868448969544
0 0.6422544532684907 0.2705009607999435 0.033287688998963935 0.044113626670908936
0 0.0429221946533404 0.44196895910248524 0.03280252495159163 0.03369696000424227
0 0.6250769283168991 0.3040161074687313 0.046272853046336354 0.05467574400593923
0 0.5415951736989861 0.352878203479761 0.04438358533195199 0.05881816889454517
0 0.44113283181879837 0.3863213546043059 0.04191212076072072 0.050460593783151236
0 0.12421783898770974 0.48474928798006156 0.052813951474759806 0.06099846934012092
0 0.7906534119121619 0.3031305527795808 0.033287688998963935 0.044113626670908936
0 0.3971145555575596 0.41494331105454807 0.033287688998963935 0.044113626670908936
0 0.3738582740577323 0.4225016372798812 0.04191212076072072 0.050460593783151236
0 0.659908526056351 0.36087142213030726 0.046272853046336354 0.05467574400593911
0 0.24941190460665869 0.47912811462975924 0.04370435566563066 0.04423483556121184
0 0.7868234880082879 0.34065479455764136 0.039537688998963934 0.04418635200509063
0 0.4831362412482578 0.4233122772650334 0.04210618637966969 0.05462726044981802
0 0.8595232668888211 0.32211011988121757 0.052813951474759806 0.06099846934012092
0 0.7635672065084605 0.3482131207829745 0.039537688998963934 0.04418635200509063
0 0.3286756040827998 0.4761235937301234 0.049469191618258294 0.03389089422872686
0 0.601620837057387 0.40527595013794326 0.05785391342669684 0.07979695289624213
0 0.22513677860734932 0.5085614408550925 0.046272853046336354 0.05467574400593911
0 0.4556390824394741 0.45486529949079085 0.04816212076072072 0.050533319117333046
0 0.27465161455997694 0.5183963048483048 0.048550251998618656 0.05886665245066638
0 0.08889246098978171 0.5726129146509703 0.055091350427042114 0.06518937778484807
0 0.7268634190810732 0.39861311012097433 0.03566212076072072 0.050387868448969426
0 0.829166512270908 0.37035405055170223 0.03924659057054048 0.03793635200509063
0 0.32608141246454153 0.509469047952487 0.046272853046336354 0.05467574400593923
0 0.7920289492712534 0.38536161500109595 0.05698061814142648 0.06104695289624213
0 0.8487641133186259 0.3742904203267933 0.03895549214211703 0.03168635200509063
0 0.024606047423486953 0.6120030435497578 0.049212094846973906 0.07369240356460552
0 0.13731711387100543 0.5835015661998798 0.06182651447441447 0.07567876978569667
0 0.17188617948995438 0.5789349101952134 0.05538244885546557 0.07143937778484807
0 0.7168320115819365 0.43516841056655003 0.05698061814142648 0.06104695289624213
0 0.4569432812266436 0.516275149268003 0.055091350427042114 0.06518937778484807
0 0.49478289605980424 0.5085471305962457 0.050536552522477504 0.05680756089539365
0 0.8612612412482579 0.41891239454703577 0.06105025199861866 0.059012103119030004
0 0.5943234262499845 0.49489564613836745 0.06381281499827338 0.07361967823042383
0 0.6360871257261257 0.4923274772438223 0.06381281499827338 0.07361967823042383
0 0.9573371566052773 0.4125889394229152 0.04486874937932441 0.06923483556121184
0 0.7705363363684155 0.466817670114611 0.05698061814142648 0.06104695289624213
0 0.5522429341078674 0.526618360810549 0.05925801709370878 0.06523786134096927
0 0.48237418472854293 0.5961440977084881 0.06609021395055568 0.07781058667515121
0 0.9302737733687607 0.4795343865372787 0.05213472180843866 0.04641513600678759
0 0.15361272732622303 0.7030386941969103 0.07975460766424938 0.10295603734351459
0 0.36224003115834774 0.649597091502245 0.06667241080740259 0.09031058667515121
0 0.3958159465153672 0.6440008897199421 0.07529684256915926 0.0966575537873934
0 0.4623598861350068 0.6682130319329728 0.09055940556881387 0.11141057956715107
0 0.9471544557511931 0.541804089645703 0.05833907747406926 0.0902136195629088
0 0.8106447339427547 0.5892010176639446 0.06134135042704211 0.06526210311903
0 0.8440751000855625 0.5867298158816417 0.05359021395055568 0.07766513600678758
0 0.6109300882304421 0.6748130781349737 0.08818497380705707 0.10513633778909034
0 0.5682417049939256 0.7419403385847917 0.05359021395055568 0.07766513600678758
0 0.6472400002791959 0.7222812719075195 0.0732135092358258 0.09663331200933291
0 0.8232845390162306 0.6754654167727933 0.09085050399723732 0.11766057956715106
0 0.6998313198270865 0.7331214399003075 0.0766039134266966 0.08001512889878744
0 0.12801904218790452 0.8948992950880617 0.08668383733057068 0.11761209601102986
0 0.45045628894793466 0.8120236363781242 0.0994749357589941 0.12400754667939348
0 0.3208015861635277 0.8687107181731537 0.0863927389021472 0.11136209601102985
0 0.27876961042614773 0.8993917661786687 0.06269980975968477 0.09442876978569667
0 0.7461697673046088 0.7888017581158837 0.0949201378544295 0.11562572978993894
0 0.3852621924498339 0.8929471021642451 0.07025688061722235 0.07785907023127218
0 0.09240574662343826 0.18424094043072792 0.013276262475795815 0.01681211733503017
0 0.19213716157068225 0.9711947706344257 0.09409248690352853 0.05314997156799942
0 0.855347829615292 0.8364631563229753 0.10621009980636652 0.13449693868024185
0 0.705344957544924 0.8829759892319441 0.11425233471127641 0.12834390579248425
0 0.06805928205220702 0.19285305421175805 0.013276262475795815 0.01681211733503023
0 0.35538772980892547 0.9755417910566692 0.09559362338001508 0.04067421334606015
0 0.14170369478993225 0.1763795919796373 0.01981736090421921 0.023134842669211984
0 0.048872634409571875 0.20244623021430339 0.017442929142462482 0.01686060089115138
0 0.16050221119466948 0.1751197493104253 0.013276262475795815 0.01681211733503023
0 0.11091316459975206 0.1892310977615159 0.013276262475795815 0.01681211733503023
0 0.17692629583764996 0.1801341484192739 0.013276262475795815 0.01681211733503023
0 0.26406385883730465 0.16454478129642597 0.017442929142462482 0.01686060089115138
0 0.11907525448132111 0.2151636764269099 0.013276262475795815 0.01681211733503017
0 0.056209945410607864 0.24608714221303074 0.01981736090421924 0.023134842669211984
0 0.1447773063148271 0.22215232086781916 0.01981736090421921 0.023134842669211984
0 0.09087604383903128 0.23943715287503095 0.020011426523168178 0.02730150933587865
0 0.250011333885713 0.19802356529812284 0.026164393713693692 0.025290901336727126
0 0.12445195919605082 0.23384095109272812 0.01981736090421924 0.023134842669211984
0 0.10332752743429406 0.24033336887333406 0.020011426523168178 0.02730150933587865
0 0.1631391750769292 0.23026747819860713 0.01981736090421921 0.023134842669211984
0 0.06916941522042767 0.2584295706556369 0.01981736090421924 0.023134842669211984
0 0.01725445326849072 0.2777734942181214 0.01981736090421924 0.023134842669211984
0 0.1403423633869217 0.25031368353491 0.01981736090421921 0.023134842669211984
0 0.21924362586271748 0.23273795019097113 0.02635845933264266 0.029457568003393792
0 0.12730868293481207 0.26191746753660694 0.01981736090421924 0.023134842669211984
0 0.21369567769622347 0.2400902213027893 0.020011426523168178 0.02730150933587865
0 0.15255126495849824 0.25641823286654647 0.02635845933264266 0.029457568003393792
0 0.19332181417270994 0.2528205181943649 0.02635845933264266 0.029457568003393792
0 0.3894491180048346 0.1995243661680631 0.015650694237552543 0.023086359113090833