0 0.43079899200552524 0.22305342755962926 0.09356167852178696 0.08750174189435196
0 0.9606163220305928 0.2637892014974529 0.024617612902837985 0.08173490121574076
0 0.9055535379114712 0.2619491897191659 0.07355025199861866 0.05998199746685191
0 0.6737955516969142 0.255897504941342 0.1061587113312612 0.08987601595712971
0 0.7719776225544517 0.2702608908332401 0.09801944361687684 0.0938487221375001
0 0.23244567769622346 0.23703498910916646 0.09903541604599107 0.07098054559240748
0 0.5383046743879576 0.2829834511162032 0.08493724676003017 0.08105778140805561
0 0.57355009760286 0.30817654065532357 0.10853314309301823 0.09617450607870381
0 0.9208588731751273 0.33547111195833257 0.09782537799792787 0.08968205547083344
0 0.3820289801504051 0.30951263184013855 0.11269980975968477 0.0962714863218519
0 0.22849302674532251 0.2995592341699535 0.11507424152144156 0.102569976443426
0 0.045413763717147025 0.292465011778287 0.09082752743429405 0.1063487221375001
0 0.8772486782486032 0.4228507576015733 0.13261420347337846 0.12170789741601856
0 0.20816193548581044 0.4009645767484257 0.13905826909232744 0.12602003444740742
0 0.43686626027228936 0.427898084981157 0.12011420347337846 0.12141695668657419
0 0.6587640824394739 0.4445846419727309 0.1320320066165318 0.10920789741601857
0 0.7122714695366361 0.5245011636294438 0.12646123628285294 0.12364576038462971
0 0.010813259719909676 0.5140741870568056 0.02162651943981935 0.08018495921972217
0 0.4638924609897817 0.5625389097026385 0.1392523347112764 0.13018670111407432
0 0.5352822969424094 0.5712826671749995 0.12776830714039042 0.10702758383953727
0 0.9255162936341434 0.6152672792582863 0.09501717066390399 0.1187517418943519
0 0.31349858561114796 0.6638498848794906 0.1540297336635587 0.13469279863175956
0 0.6869917049939257 0.7321565062079161 0.15582196856846858 0.12849128875333354
0 0.189585896612184 0.7104365569915739 0.1259760722354806 0.11322909371796304
0 0.9018860868524993 0.7875059551700918 0.10582196856846858 0.12732752583555562
0 0.8886525966407047 0.8929082489897214 0.09603314309301822 0.09588356534925944
0 0.06728437841371585 0.8623042976193517 0.1345687568274317 0.2200124850552778
0 0.2207501976884225 0.9126159996208794 0.15955485966286803 0.16395644554157418
0 0.4051480198556072 0.9301753788007867 0.1659475368067118 0.12248373936120392
0 0.5779676537127993 0.9282340320434718 0.22825347118776282 0.11977177634175955
0 0.865567867384159 0.11512355078791595 0.07355025199861866 0.059981997466851934
0 0.4545946980981981 0.11428368313212924 0.07582765095090097 0.06419715425509268
0 0.6142836186938061 0.1261749437709254 0.06739728480809314 0.061919860435463
0 0.2023915097882056 0.1003835662367128 0.08236874937932441 0.07059262461981489
0 0.7230764218369593 0.13612921238828643 0.05203768899896393 0.04491376291777781
0 0.29541376371714706 0.11382651076587938 0.0847431811410812 0.07689111474138895
0 0.7534046101469518 0.15519352723134194 0.047871022332297265 0.044816782674629664
0 0.5493834926944968 0.1568205591456014 0.0847431811410812 0.07689111474138895
0 0.11467174993170408 0.12947923961537025 0.058384721808438476 0.04714256661583338
0 0.6902253804806304 0.17123156421189759 0.0716609842842343 0.06410017401194447
0 0.43266830962309294 0.16057767262041628 0.07631281499827339 0.07461382092175933
0 0.8205050523858856 0.1890100198860641 0.07752285304633659 0.05591231104333338
0 0.2629251593611635 0.1634879508620368 0.0849372467600301 0.08105778140805561
0 0.9412641750769292 0.21013168110731403 0.05480025199861866 0.05954558637268524
0 0.057619793218355676 0.17034756117041663 0.08910391342669678 0.08115476165120376
0 0.1196346291709833 0.17930952418986099 0.0849372467600301 0.08105778140805561
0 0.8259530956725373 0.2284236377938882 0.0716609842842343 0.06410017401194447