0 0.5066007993766157 0.14237748910703504 0.03568331719966882 0.047482891094399446
0 0.4585568676828344 0.16202073448912208 0.04830452198739697 0.06889842128457963
0 0.8046507913097833 0.1333365141952185 0.04624542961160927 0.0729680551417718
0 0.39474249024377916 0.20593623380015055 0.02733786338756256 0.045011426523168176
0 0.36652658665298304 0.2202512908722451 0.048280281029851345 0.06473175461791296
0 0.4300924942771953 0.21904412489455 0.03983786338756256 0.04559362338001508
0 0.6490485424163334 0.19381590322270334 0.03576816055107865 0.06206622442773278
0 0.5030637030983397 0.21306527322615665 0.02724089955738004 0.028344759856501513
0 0.5697909721588705 0.20575365646267324 0.03576816055107865 0.06206622442773278
0 0.6218682452528175 0.20922114336620182 0.03576816055107865 0.06206622442773278
0 0.6666962733558025 0.2050573487699031 0.04411361436318468 0.06453768899896405
0 0.5895159761922867 0.21813380148601408 0.031516650533002157 0.04728882547545048
0 0.5081690123621041 0.23101618858317619 0.031516650533002157 0.04728882547545048
0 0.9241576267252889 0.18787423407333426 0.039959068175290706 0.06642695671334836
0 0.2818364542048896 0.27048812875519546 0.03991058626019957 0.058093623380015086
0 0.7135106709619384 0.21765725364974547 0.048280281029851345 0.0647317546179129
0 0.23585767512628236 0.293353406946757 0.04411361436318468 0.06453768899896405
0 0.20861677556890237 0.3191753137569221 0.04830452198739703 0.06889842128457957
0 0.8436402211832484 0.2372634709085669 0.03574391959353278 0.05789955776106612
0 0.5829447835048068 0.273051036390924 0.04624542961160927 0.07296805514177188
0 0.3774697996384713 0.3093266379910214 0.0420787629449426 0.07277398952282291
0 0.6715228116077919 0.2709249307935892 0.029384835284577568 0.03885845933264266
0 0.12093496838731001 0.3463499357589941 0.042006040072305746 0.060273989522822785
0 0.2804190526962654 0.33502294568379154 0.0378030119693206 0.053829923903873936
0 0.5316607072626837 0.31234039922546597 0.035743919593532895 0.05789955776106612
0 0.44510541009916776 0.3249802042989419 0.03991058626019957 0.05809362338001497
0 0.5086834382021529 0.32168970498791344 0.035743919593532895 0.05789955776106612
0 0.8611122051805117 0.2787132497891 0.04411361436318468 0.06453768899896394
0 0.676549337759533 0.3024175128172755 0.04617270673897238 0.060468055141771754
0 0.32511375553274946 0.3537758177541595 0.04194543767844152 0.049857322856156114
0 0.22807512906931635 0.3773887921135964 0.04413785532073031 0.0687043556656306
0 0.7431190405960171 0.32218922938712535 0.04411361436318468 0.06453768899896405
0 0.8098220686990021 0.3190442792903086 0.04196967863598739 0.054023989522822786
0 0.2998895266754522 0.39115309070713244 0.04200604007230571 0.0602739895228229
0 0.3905933097874756 0.3818323512526055 0.04200604007230571 0.0602739895228229
0 0.4917380005237113 0.3688301091787842 0.04200604007230571 0.060273989522822785
0 0.5980425426781889 0.3644037824619826 0.04617270673897238 0.060468055141771754
0 0.3550736190512399 0.39789112682487277 0.04413785532073031 0.0687043556656306
0 0.6772637514993334 0.3587160292220127 0.04617270673897238 0.06046805514177187
0 0.1975940849635945 0.42285681637621647 0.04411361436318468 0.06453768899896394
0 0.27158271949385987 0.42109314777922696 0.04411361436318468 0.06453768899896394
0 0.43946073953001275 0.39973762227525567 0.04413785532073031 0.06870435566563073
0 0.7595614784053865 0.36150715852958787 0.04413785532073054 0.0687043556656306
0 0.6239751250359001 0.3843666925804135 0.04413785532073054 0.0687043556656306
0 0.5665683138208917 0.4014899569865321 0.04413785532073054 0.06870435566563073
0 0.950222839841705 0.36413566059650243 0.05461512438126116 0.0796061863796697
0 0.5487569564179894 0.4183735114393324 0.03995906817529094 0.06642695671334842
0 0.8782387555327494 0.379538028669633 0.05247118865406364 0.06909248690352854
0 0.15768955894278136 0.4762215263295347 0.04200604007230571 0.0602739895228229
0 0.9208804262328323 0.39298553459719315 0.04413785532073031 0.0687043556656306
0 0.6184455990150871 0.43933244389006065 0.04830452198739697 0.06889842128457957
0 0.44742439826077496 0.46366742017982027 0.04411361436318468 0.06453768899896394
0 0.33999334608822085 0.482628563825218 0.03991058626019957 0.05809362338001497
0 0.3660531934730467 0.48071647394364897 0.04200604007230571 0.060273989522822785
0 0.3013425951125987 0.49958345684994027 0.04624542961160927 0.07296805514177188
0 0.017271301589715515 0.5508732952852704 0.03454260317943103 0.08507992390387405
0 0.6609660649274416 0.47361328315095413 0.04411361436318468 0.06453768899896405
0 0.8464736351849046 0.4666242031941825 0.04411361436318468 0.06453768899896394
0 0.7943236392183207 0.475656716290654 0.03991058626019945 0.05809362338001497
0 0.8276387918334948 0.4803342412422456 0.025230289096683598 0.040747727047027144
0 0.9715342375787686 0.46202950509598445 0.039959068175290706 0.06642695671334829
0 0.23626838238896605 0.5809504397562314 0.04194543767844164 0.04985732285615636
0 0.06625248686500215 0.6115839324507282 0.039934827217745224 0.062260290046681634
0 0.8461463822580382 0.5228742031941825 0.04624542961160927 0.07296805514177175
0 0.803395627249 0.5281766972666224 0.04200604007230571 0.0602739895228229
0 0.5260335229038918 0.5631880002731837 0.050412096278275934 0.07316212076072072
0 0.21109869568614653 0.6089527127092045 0.04200604007230571 0.06027398952282302
0 0.9805759244125161 0.5197578194052863 0.03361210434510819 0.049469191618258176
0 0.4779350490556328 0.5922062456552708 0.04617270673897238 0.060468055141771754
0 0.18697067564999367 0.6370035020669146 0.048280281029851345 0.0647317546179129
0 0.7343971574341571 0.5676829478872979 0.03568331719966882 0.04748289109439933
0 0.9158107838975904 0.5479998023115775 0.03991058626019945 0.05809362338001497
0 0.6936751936039746 0.5824574747692124 0.04617270673897238 0.060468055141771754
0 0.3630608242317516 0.6368694411341745 0.04830452198739697 0.06889842128457957
0 0.4183115792407899 0.6321491439185816 0.04830452198739697 0.06889842128457957
0 0.5278017237891317 0.6174516997493249 0.03780301196932048 0.053829923903874054
0 0.30152976802578135 0.6465069732546775 0.048280281029851345 0.0647317546179129
0 0.24828962347743955 0.663824303279745 0.0482802810298514 0.0647317546179129
0 0.5923911173618513 0.619418050176367 0.04617270673897238 0.060468055141771754
0 0.7164645952435266 0.6053998356734316 0.048280281029851345 0.0647317546179129
0 0.9802304907674905 0.5791328194052862 0.033672706738972616 0.059885858284925084
0 0.1219570653202251 0.7079538183065391 0.04828028102985137 0.0647317546179129
0 0.918578229773792 0.6096036848591225 0.04402877101177485 0.0499543556656306
0 0.4733138644349852 0.6701371800363218 0.0504484577145945 0.07941212076072073
0 0.5232835632380531 0.6776743007970426 0.050412096278275934 0.07316212076072096
0 0.15304343885679197 0.7375343104486564 0.04830452198739703 0.06889842128457957
0 0.3511540331838238 0.7134190940153983 0.05255603200547346 0.08367582023686188
0 0.40433357533830155 0.7065184306569975 0.035659076242123194 0.04331622442773266
0 0.31560404125065605 0.7346862029209988 0.04413785532073031 0.0687043556656306
0 0.978764607343775 0.6520009696672157 0.03580452198739697 0.06831622442773266
0 0.9453464306590319 0.6650317780489574 0.04200604007230571 0.060273989522822785
0 0.837396975930431 0.0567155227420729 0.04187271480580464 0.03735732285615618
0 0.6455363816033992 0.08112183760375438 0.04830452198739721 0.06889842128457963
0 0.8988189478274459 0.06582799062156997 0.03986210434510819 0.04976029004668172
0 0.47857882344618474 0.12335921284579628 0.04194543767844152 0.049857322856156204
0 0.7746303253974288 0.09963787179117194 0.04411361436318468 0.06453768899896399
0 0.7068492691914586 0.10898430548325147 0.04830452198739697 0.06889842128457963