0 0.49952444356508574 0.33261455193085165 0.017212235946138795 0.01894393422448471
0 0.5680622777341799 0.33910623992151884 0.010962235946138795 0.0188712088903029
0 0.5410395632096768 0.3373380497029731 0.010840998328478216 0.014704542223636234
0 0.516100182018507 0.33554561770636687 0.010962235946138795 0.0188712088903029
0 0.4836266589253497 0.34217136526630604 0.010962235946138795 0.0188712088903029
0 0.4566039444008466 0.34040317504776046 0.010962235946138795 0.0188712088903029
0 0.5770735648811984 0.3514971519202461 0.011083473563799373 0.023037875556969685
0 0.4356493734498528 0.344812259495033 0.017212235946138795 0.01894393422448483
0 0.5093955409522802 0.3512433430405487 0.010962235946138795 0.0188712088903029
0 0.6007591135747957 0.3605933714725493 0.017212235946138795 0.01894393422448471
0 0.42299782642777717 0.35016604349673003 0.010962235946138795 0.0188712088903029
0 0.6194788041703806 0.3614168621366706 0.017333473563799374 0.0231106008911515
0 0.5497174469081291 0.3611872950350338 0.010962235946138795 0.0188712088903029
0 0.521592446908129 0.3615145590388519 0.015007664995145002 0.01475302577975744
0 0.48936139905029263 0.3598069732654577 0.010962235946138795 0.0188712088903029
0 0.4456417084547077 0.3592743839380635 0.011083473563799373 0.023037875556969567
0 0.39263794607236824 0.35572588261194193 0.017212235946138795 0.01894393422448471
0 0.534952257148305 0.367606987481458 0.010840998328478454 0.014704542223636234
0 0.6408688536997386 0.377828990133701 0.017212235946138795 0.01894393422448483
0 0.5898878058419023 0.3763395803628523 0.01500766499514512 0.01475302577975744
0 0.5805128058419022 0.37644866836412494 0.010840998328478454 0.014704542223636234
0 0.47864163833947476 0.3703448488224273 0.010962235946138795 0.0188712088903029
0 0.5066454007218143 0.37418425148527595 0.015007664995145002 0.01475302577975744
0 0.4068575665527201 0.3680561901655178 0.010962235946138795 0.0188712088903029
0 0.4671529956017263 0.3715198452684272 0.017212235946138795 0.01894393422448483
0 0.3173651614326321 0.3659735866221233 0.017333473563799374 0.0231106008911515
0 0.5502135442953234 0.3799251741460035 0.010840998328478216 0.014704542223636234
0 0.5595279254864933 0.3818994194780642 0.010840998328478454 0.014704542223636234
0 0.6977058793001786 0.3927873412370347 0.017212235946138795 0.01894393422448483
0 0.5386642827487448 0.3831835039253368 0.010840998328478454 0.014704542223636234
0 0.6227664981090087 0.39157671191388277 0.02168199665695667 0.029409084447272586
0 0.6643422365624301 0.3942168763526709 0.010962235946138795 0.0188712088903029
0 0.6061301408467571 0.39072897947170077 0.010840998328478216 0.014704542223636234
0 0.27557725714830494 0.3706250888500018 0.017333473563799374 0.023110600891151377
0 0.5728271169178389 0.39007518125400364 0.011083473563799373 0.023037875556969567
0 0.5166074263222541 0.38968804259497297 0.010962235946138795 0.0188712088903029
0 0.5862778553712603 0.3930426096966098 0.017212235946138795 0.01894393422448471
0 0.48440668786883284 0.38693879015491217 0.010962235946138795 0.01887120889030302
0 0.5300581647756755 0.39265547103757914 0.010962235946138795 0.01887120889030302
0 0.3480999015575751 0.3833182932845477 0.017333473563799374 0.023110600891151377
0 0.4332437835845057 0.39169938038406343 0.017333473563799374 0.0231106008911515
0 0.3937513784644177 0.38903497416721466 0.017333473563799374 0.023110600891151377
0 0.5465429750158514 0.39871153681309435 0.017333473563799374 0.0231106008911515
0 0.5070505698957634 0.3960471305962457 0.010840998328478336 0.014704542223636352
0 0.4654748314423421 0.39340696615745757 0.015007664995145002 0.01475302577975744
0 0.6379671664471971 0.40597823191176163 0.010840998328478216 0.014704542223636234
0 0.4986566177535998 0.39822743104182134 0.017333473563799374 0.0231106008911515
0 0.6472815476383668 0.4079524772438223 0.017212235946138795 0.01894393422448483
0 0.6586489527584547 0.41094414746448904 0.010840998328478216 0.014704542223636234
0 0.7230807390697126 0.415400985677944 0.010962235946138795 0.0188712088903029
0 0.40597859382468166 0.39826452349885116 0.017212235946138795 0.01894393422448483
0 0.3300884741800906 0.39394101506472945 0.017333473563799374 0.0231106008911515
0 0.4527626656114362 0.40084408349248773 0.017333473563799374 0.0231106008911515
0 0.29889909298892076 0.39222130840230496 0.017333473563799374 0.023110600891151377
0 0.5909406194251214 0.41173200525145837 0.010962235946138795 0.0188712088903029
0 0.6262966672829579 0.41340322835776155 0.017212235946138795 0.01894393422448483
0 0.38094828442026646 0.3995970915022449 0.010840998328478336 0.014704542223636234
0 0.6729898108564671 0.4191077883513982 0.017212235946138795 0.01894393422448483
0 0.560701976687373 0.4131251777000036 0.017212235946138795 0.01894393422448483
0 0.1968763784644177 0.3913258221939407 0.02156075903929621 0.02524241778060592
0 0.4203800707315242 0.4043448310524269 0.017333473563799374 0.0231106008911515
0 0.2748498314423421 0.3956250888500018 0.017333473563799374 0.023110600891151377
0 0.70307690657214 0.4229229492361863 0.017333473563799374 0.023110600891151377
0 0.36520204680260604 0.40394557150436594 0.017333473563799374 0.0231106008911515
0 0.7684897407412341 0.4294509998939443 0.017515329990290242 0.02936060089115138
0 0.6084064775231338 0.4198592834712766 0.017212235946138795 0.01894393422448471
0 0.5251943818074609 0.41666228792703364 0.017333473563799256 0.0231106008911515
0 0.5719784535942156 0.4192418479206703 0.010962235946138795 0.0188712088903029
0 0.5532587629986307 0.41841835725654897 0.010719760710817875 0.010537875556969566
0 0.5116830245452094 0.4157781928177608 0.017333473563799374 0.0231106008911515
0 0.476326976687373 0.4141069697114576 0.017333473563799374 0.0231106008911515
0 0.4627550006162912 0.4153062079355181 0.017333473563799374 0.023110600891151377
0 0.44716031002070633 0.4144463546043059 0.017333473563799374 0.023110600891151377
0 0.24029297501585137 0.40227507818800157 0.021803234274617188 0.033575751113939255
0 0.3961186433540397 0.41504027816679046 0.017212235946138795 0.01894393422448483
0 0.2214823562070211 0.4045765875238802 0.02156075903929621 0.02524241778060592
0 0.7412548603858252 0.4349744763420654 0.017333473563799374 0.0231106008911515
0 0.6861071458613222 0.43353355012733774 0.017212235946138795 0.01894393422448483
0 0.646584431336819 0.43191081057715563 0.02156075903929633 0.02524241778060592
0 0.7152131937191586 0.4352774985678227 0.017333473563799374 0.023110600891151377
0 0.6600654791946554 0.4338365723530951 0.017212235946138795 0.01894393422448483
0 0.41150116811871873 0.42319179816466934 0.017212235946138795 0.01894393422448471
0 0.43120190657213997 0.42608650127309367 0.017333473563799374 0.0231106008911515
0 0.8179138620573468 0.4486608638871567 0.02156075903929633 0.02524241778060592
0 0.35322845359421556 0.4217872346170326 0.02156075903929633 0.02524241778060592
0 0.5798571458613222 0.43476988080842793 0.02156075903929633 0.025242417780606038
0 0.5975351697902405 0.4356054923615796 0.017333473563799374 0.023110600891151377
0 0.4820617168123159 0.43174257771060914 0.017212235946138795 0.01894393422448471
0 0.2544216672829579 0.4177303857415774 0.021803234274617188 0.033575751113939255
0 0.2866527151407944 0.4194379715149716 0.02168199665695667 0.029409084447272586
0 0.16918685704278194 0.41247429864206175 0.02168199665695673 0.029409084447272586
0 0.7013684330083407 0.4458517367918832 0.017212235946138795 0.01894393422448471
0 0.5578912176480768 0.4381494194780642 0.017333473563799374 0.0231106008911515
0 0.7563949099151832 0.45145932967327757 0.02156075903929633 0.02524241778060592
0 0.6139896706260011 0.44270322480376145 0.02156075903929633 0.025242417780606038
0 0.6658608381284287 0.44938884701891335 0.017333473563799374 0.023110600891151377
0 0.5442283133637495 0.4424736577021247 0.017333473563799374 0.0231106008911515
0 0.4953305988392465 0.4409600061532153 0.02168199665695667 0.029409084447272586
0 0.7718380534886926 0.45752751633782307 0.02143952142163575 0.021075751113939254
0 0.8757319355156231 0.46569042743479344 0.017515329990290002 0.02936060089115138
0 0.7904971252754471 0.46043434033527775 0.021681996656956908 0.029409084447272586
0 0.8476675543244535 0.4639343581052781 0.017212235946138795 0.01894393422448483
0 0.3320617168123159 0.43348798573097186 0.02168199665695667 0.029409084447272586
0 0.12620573906971252 0.4223462550923039 0.021803234274617188 0.033575751113939255
0 0.5106828141995104 0.45015319281776084 0.02168199665695667 0.029409084447272704
0 0.45041769455491937 0.4456478710481847 0.017333473563799374 0.023110600891151377
0 0.8329023645646294 0.4703540505517022 0.02143952142163575 0.021075751113939372
0 0.6852887919421138 0.4616585501273377 0.017212235946138795 0.01894393422448483
0 0.6488910774176108 0.45999944791006475 0.017333473563799374 0.0231106008911515
0 0.8173076739690444 0.46949419722049 0.02180323427461701 0.033575751113939255
0 0.5292812671774348 0.45514335014854884 0.02168199665695667 0.029409084447272586
0 0.37952374241275577 0.4485554248355782 0.02168199665695667 0.029409084447272586
0 0.19241776467015237 0.4371955181943649 0.021803234274617188 0.033575751113939255
0 0.7661447696847172 0.4742547874496413 0.02168199665695667 0.029409084447272586
0 0.912716675640566 0.4829624087630361 0.025969900941283916 0.03362423467006034
0 0.5789781731332836 0.46497821414176127 0.021803234274617247 0.03357575111393937
0 0.2213722655059132 0.44414779996818327 0.021985090701107938 0.03982575111393925
0 0.4771070056308562 0.4588743946000637 0.021803234274617247 0.03357575111393937
0 0.6361486021822899 0.46847823191176163 0.02168199665695667 0.029409084447272704
0 0.8013795799248932 0.4800926772226112 0.015007664995144884 0.01475302577975744
0 0.7368568654003902 0.47876083900915617 0.017333473563799374 0.023110600891151377
0 0.3635350295597744 0.4612372381710326 0.01757594879912029 0.03144393422448483
0 0.4581448397999503 0.4663842372692757 0.021803234274617247 0.033575751113939255
0 0.6025424842092204 0.47824110036073114 0.026151757367774545 0.03987423467006034
0 0.2990123150352712 0.4599053999575777 0.021803234274617247 0.033575751113939255
0 0.8831559867165029 0.49684346032255106 0.02143952142163575 0.021075751113939254
0 0.7002166756405661 0.4854350701252166 0.017515329990290002 0.02936060089115138
0 0.7199477234984025 0.4872881065669743 0.02156075903929633 0.02524241778060592
0 0.7801825337385785 0.4928350950032171 0.030015329990290003 0.029506051559515002
0 0.6782507474273207 0.4888146087948528 0.026151757367774545 0.03987423467006046
0 0.4287660073023778 0.4740152888287906 0.026151757367774545 0.03987423467006046
0 0.7519969149297482 0.4952456923403684 0.03240175736777454 0.03994696000424227
0 0.8486900585032574 0.5003684496605508 0.026151757367774545 0.03987423467006046
0 0.05133812360392556 0.45445683821345495 0.03240175736777459 0.03994696000424227
0 0.14169033896418945 0.46277732086781914 0.026151757367774545 0.03987423467006034
0 0.5585500089738994 0.4870835110333369 0.021803234274617247 0.033575751113939255
0 0.3963227936136355 0.4795993697220632 0.021803234274617247 0.033575751113939255
0 0.3276637218268809 0.47727434839806276 0.026151757367774545 0.03987423467006046
0 0.8626975131527035 0.5199904238807933 0.02168199665695667 0.029409084447272586
0 0.8168641798193702 0.5205237429981264 0.025848663323623337 0.029457568003393792
0 0.1961712465915599 0.4871349137492134 0.026151757367774604 0.03987423467006046
0 0.2584893901650692 0.49265766040739567 0.026151757367774604 0.03987423467006046
0 0.09944779361363552 0.48305382309569767 0.026212376176604834 0.04195756800339379
0 0.22108031837831454 0.4899690124124863 0.02168199665695667 0.029409084447272704
0 0.15855000897389943 0.4917379324209708 0.025969900941283857 0.03362423467006046