0 0.3451077234040741 0.06433351190240813 0.02354703824712961 0.027483345237938325
0 0.7465156788240743 0.2212791731550947 0.01720005800398165 0.02320758441547029
0 0.7372861491887964 0.22736553192139267 0.02354703824712961 0.027483345237938293
0 0.7909679146397224 0.2074776812716711 0.03410917527851846 0.03391516883094058
0 0.7177369331300002 0.23743673376135502 0.027810685156944476 0.03172274134180585
0 0.5722923917164354 0.2963313544333564 0.021366724670648315 0.023280313852671243
0 0.766331590551528 0.2226663046484657 0.02354703824712961 0.027483345237938293
0 0.6983089423751391 0.2527162689346507 0.025581881458888962 0.025436376623205467
0 0.758216462765278 0.23189584577406386 0.021366724670648315 0.023280313852671243
0 0.7851543257338892 0.22611858711586977 0.019186411094166543 0.01907728246740407
0 0.31526306598254633 0.07943122348270155 0.012790940729444363 0.012718188311602733
0 0.5551901849027782 0.3220639209919192 0.02354703824712961 0.027483345237938293
0 0.8473391399436576 0.2136678620072167 0.015019744427500115 0.019004553030203177
0 0.7389824324967132 0.2555087142806929 0.021366724670648315 0.023280313852671184
0 0.7162839713771298 0.2644837023760879 0.021366724670648315 0.023280313852671243
0 0.7813028448574538 0.23958752434533553 0.025727351823611144 0.03168637662320547
0 0.33176001722370374 0.07243047456483852 0.01720005800398153 0.02320758441547029
0 0.5771136750243521 0.32452908387055734 0.02354703824712961 0.027483345237938293
0 0.5916727632968984 0.32374197023409385 0.019380371580462945 0.027410615800737403
0 0.8404838843711576 0.23229058549211512 0.027956155521666658 0.03797274134180585
0 0.01013008067310203 0.21154924512983447 0.011047038247129656 0.02726515692633562
0 0.8786376300652317 0.21629666611955684 0.029990998733426012 0.03592577272707302
0 0.7125052256830557 0.2810776396055536 0.021366724670648315 0.023280313852671243
0 0.8178339133731484 0.24334890692084343 0.021366724670648315 0.023280313852671243
0 0.8560119041280093 0.22839665421495184 0.021366724670648315 0.023280313852671243
0 0.7620930596496761 0.2642420595186312 0.02354703824712961 0.027483345237938293
0 0.7767248831045835 0.2665799458821677 0.02354703824712961 0.027483345237938293
0 0.8109786578006484 0.2619716304057419 0.02354703824712961 0.027483345237938352
0 0.7583870491379633 0.283960996748097 0.02354703824712961 0.027483345237938293
0 0.9110990121574076 0.2241519859245305 0.015019744427499877 0.019004553030203177
0 0.8585316485555095 0.24718301893355227 0.02354703824712961 0.027483345237938293
0 0.8193362361947687 0.2631587559468104 0.021366724670648315 0.023280313852671243
0 0.7285908818380095 0.3011420416617237 0.019380371580462945 0.027410615800737403
0 0.7493029898674076 0.2962973555143949 0.025727351823611144 0.03168637662320535
0 0.795717333712454 0.2773238950162385 0.027810685156944476 0.03172274134180585
0 0.7183924207184262 0.3103352180687215 0.025727351823611144 0.03168637662320535
0 0.9216611491887965 0.2305838095175328 0.01720005800398141 0.02320758441547029
0 0.8919134720104168 0.24984818776449286 0.02354703824712961 0.027483345237938293
0 0.9156535997966668 0.24089138202839808 0.02354703824712961 0.027483345237938293
0 0.8847430306476854 0.25492924458272465 0.01720005800398165 0.02320758441547029
0 0.32575246783157413 0.08273804707570381 0.01720005800398153 0.02320758441547029
0 0.8549468633477316 0.27211028949635135 0.027810685156944476 0.03172274134180585
0 0.6063054576989818 0.3708533409049968 0.019380371580462945 0.027410615800737403
0 0.9294619621319911 0.2525860860326344 0.02354703824712961 0.027483345237938293
0 0.8128446565340742 0.2974064794317088 0.029990998733426012 0.03592577272707302
0 0.8799226182869446 0.2715049994528902 0.02354703824712961 0.027483345237938293
0 0.8924226182869447 0.27172318776449284 0.02136672467064808 0.023280313852671243
0 0.905116578773241 0.28027470940942895 0.015019744427499877 0.019004553030203177
0 0.9247627750751855 0.27437017423613325 0.019380371580462945 0.027410615800737403
0 0.9340407948320373 0.2703671488031686 0.025727351823611144 0.03168637662320547
0 0.805141694781204 0.32434435389064026 0.027810685156944476 0.03172274134180597
0 0.9156544707438428 0.28566486633576454 0.027810685156944476 0.03172274134180585
0 0.8898794997458336 0.29666864068659216 0.02781068515694424 0.03172274134180597
0 0.9415021769242132 0.27778609198493687 0.02136672467064808 0.023280313852671243
0 0.8620939305968521 0.31076105031881945 0.029990998733426012 0.03592577272707302
0 0.31548127152962974 0.08880622348270156 0.015019744427499997 0.019004553030203177
0 0.9285181466556484 0.3015080546473673 0.029990998733426012 0.03592577272707302
0 0.9525249701105558 0.3040095822446058 0.027956155521666658 0.03797274134180597
0 0.9455242441733335 0.3163823057295042 0.029990998733426012 0.03592577272707302
0 0.6093594644109727 0.4573298565976303 0.03212282218833332 0.038045470779006746
0 0.4756884421209726 0.5299661498886009 0.029990998733426012 0.03592577272707302
0 0.7461806027089355 0.43056326135859363 0.036337978976573974 0.040201533549541084
0 0.9009274089401392 0.3687072819202942 0.029990998733426012 0.03592577272707302
0 0.93825769351463 0.36207018018843573 0.029990998733426012 0.03592577272707302
0 0.7144950625619448 0.45604127488695323 0.03648344934129615 0.04645153354954109
0 0.9653410268479632 0.36254292153024165 0.029990998733426012 0.03592577272707302
0 0.9265092903990282 0.39414365854349964 0.0342061555216669 0.03808183549760725
0 0.9669403299127317 0.3865194372228752 0.019186411094166543 0.01907728246740407
0 0.4457857141589352 0.05047220075453011 0.02136672467064808 0.023280313852671212
0 0.9009525249481023 0.41452243289432733 0.029990998733426012 0.03592577272707302
0 0.8834139070402782 0.42150499945289016 0.032268292553055744 0.044295470779006745
0 0.3386750852310654 0.6379463804090372 0.03212282218833332 0.038045470779006746
0 0.348790359802176 0.08834639231364214 0.01720005800398153 0.02320758441547029
0 0.19027525924300986 0.7040781206698045 0.025581881458888962 0.025436376623205584
0 0.2450471814821765 0.6862917857127165 0.025581881458888903 0.02543637662320535
0 0.9755888490362966 0.4002065627639437 0.01720005800398165 0.02320758441547023
0 0.9260737502520373 0.4201671428508661 0.03212282218833356 0.038045470779006746
0 0.12234959130976915 0.7382947516226562 0.027810685156944476 0.031722741341805735
0 0.22675783763713023 0.7057561699119791 0.029990998733425953 0.03592577272707302
0 0.9898050226691205 0.40983611579414686 0.020389954661758955 0.031613647186004575
0 0.9912705424259725 0.4088308138460806 0.01745891514805512 0.0461606158007374
0 0.2701441617253247 0.6908948290025886 0.025727351823611144 0.03168637662320559
0 0.18451016045875063 0.7248023598473364 0.034206155521666656 0.03808183549760713
0 0.09589662955689879 0.7649053436141836 0.02165766540009262 0.03578031385267124
0 0.9543927107383338 0.42899139988530555 0.025727351823611144 0.03168637662320547
0 0.9699207304951856 0.4250974686081423 0.040504645643240876 0.04027426298674186
0 0.2115692487312969 0.7242334345224758 0.029990998733425953 0.03592577272707302
0 0.1311435807980562 0.7582318771637248 0.032122822188333386 0.038045470779006746
0 0.11462238449611176 0.7641909594149211 0.03648344934129633 0.04645153354954109
0 0.32933812398652784 0.10258426082027117 0.01720005800398153 0.02320758441547029
0 0.3056820536959265 0.6967213625521296 0.029990998733426012 0.03592577272707302
0 0.26871544503324135 0.7189834642839882 0.027810685156944476 0.031722741341805735
0 0.19868219870588028 0.7521220638515728 0.029990998733425953 0.03592577272707302
0 0.3308032789998617 0.7023660725086686 0.027810685156944476 0.031722741341805735
0 0.16987920795101913 0.7672379577911664 0.03633797897657409 0.040201533549541084
0 0.28145789564111173 0.7296183192622576 0.02340156788240743 0.021233345237938295
0 0.32898664133518574 0.7137880411234013 0.02340156788240743 0.021233345237938295
0 0.24667160055490805 0.7560834523793832 0.029990998733426012 0.03592577272707302
0 0.30250943452152845 0.7393569664482622 0.025581881458888962 0.025436376623205584
0 0.49235772162916724 0.6645775205595038 0.029990998733426012 0.03592577272707302
0 0.3530661999724543 0.7194145687206398 0.027810685156944476 0.031722741341805735
0 0.2632897771000006 0.7542910367948535 0.029990998733426012 0.03592577272707302
0 0.11590737271782477 0.8193992927482545 0.017587978976574093 0.0398742510821369
0 0.3480760721862043 0.7286986569241388 0.029990998733426012 0.03592577272707302
0 0.28925870858430613 0.7516205957773592 0.029990998733426012 0.03592577272707302
0 0.20464212892361175 0.7845046423147406 0.032268292553055626 0.04429547077900698
0 0.3317003462489821 0.740907739175335 0.029990998733426012 0.03592577272707302
0 0.38029500367050983 0.7261373100624459 0.027810685156944476 0.031722741341805735
0 0.4092434647900932 0.7172714161228522 0.034206155521666656 0.03808183549760713
0 0.19994294186680625 0.8062887305182395 0.03648344934129633 0.04645153354954109
0 0.31038298264708397 0.7644842429633637 0.034206155521666656 0.03808183549760713
0 0.39923896415680615 0.7347979258631832 0.034206155521666656 0.03808183549760713
0 0.4315063857626858 0.7343199123348235 0.029990998733426012 0.03592577272707302
0 0.3842312715296297 0.0900062591965165 0.02136672467064808 0.023280313852671184
0 0.4501836505803247 0.7315221948022277 0.03212282218833332 0.03804547077900698
0 0.5958463975409728 0.6820025741302262 0.03648344934129615 0.04645153354954109
0 0.4823540919430561 0.7268775146072014 0.04074709625111114 0.050690929653408524
0 0.5342192197293062 0.7184116325722127 0.027810685156944476 0.031722741341805735
0 0.8251810377387968 0.6037473912282099 0.044962253039351904 0.05284699242394287
0 0.33087775607657477 0.7950380411234014 0.029990998733426012 0.03592577272707302
0 0.4189102764667136 0.7747085416639207 0.029990998733426012 0.03592577272707302
0 0.4138231684373154 0.7798259632007529 0.034206155521666656 0.03808183549760713
0 0.5748442197293061 0.7191207445849216 0.027810685156944476 0.031722741341805735
0 0.4396708746176858 0.7719471888499252 0.027810685156944476 0.031722741341805735
0 0.4039017128923612 0.0851433906898875 0.02136672467064808 0.023280313852671184
0 0.2685240973884729 0.8449705838727541 0.03653193946287037 0.04853486688287442
0 0.4976647771000006 0.7583820676374046 0.025727351823611144 0.03168637662320559
0 0.535963993158797 0.7486381482648461 0.03212282218833332 0.03804547077900698
0 0.5143556888274543 0.7597146520528748 0.034206155521666656 0.03808183549760713
0 0.5638707876117136 0.7397540719659523 0.01720005800398141 0.02320758441547023
0 0.6259586215783339 0.7231366801906326 0.036337978976573974 0.040201533549541084
0 0.18020150721606557 0.8975735676396013 0.04074709625111114 0.050690929653408524
0 0.5785511011881951 0.7441752916628221 0.032268292553055744 0.044295470779006745
0 0.6518790629410655 0.7183829058398049 0.036337978976573974 0.040201533549541084
0 0.5570155320392136 0.7583767954508507 0.04278193946287037 0.04864396103867582
0 0.48174970731773215 0.7903828165552674 0.03212282218833332 0.03804547077900698
0 0.45083913816875065 0.804420679109594 0.029990998733426012 0.03592577272707302
0 0.35448359435125004 0.1092706374434766 0.02354703824712961 0.027483345237938325
0 0.2888976455140285 0.8703160486994583 0.03410917527851846 0.033915168830940465
0 0.60781474809801 0.7488510643898951 0.036337978976573974 0.040201533549541084
0 0.36996312398652786 0.10329337283298003 0.021366724670648197 0.023280313852671184
0 0.4254763332041211 0.833132786793755 0.03226829255305551 0.044295470779006745
0 0.340045731382639 0.11526608441327343 0.015019744427500115 0.019004553030203177
0 0.28742043870037115 0.8963213506475246 0.034206155521666656 0.03808183549760713
0 0.678478366005834 0.7427957981556439 0.019186411094166543 0.01907728246740419
0 0.401033969602223 0.856654743503883 0.03633797897657421 0.040201533549541084
0 0.6642587085843061 0.7581662451254407 0.02354703824712961 0.027483345237938293
0 0.6952905030372228 0.7493367159044475 0.034206155521666656 0.03808183549760713
0 0.52101872580801 0.8223055638493759 0.044962253039351904 0.05284699242394287
0 0.6789632672215747 0.7636291314889773 0.021366724670648315 0.023280313852671243
0 0.7440063857626859 0.7397746201248915 0.029990998733426012 0.03592577272707302
0 0.7667048468822691 0.7307996320294965 0.03212282218833332 0.038045470779006746
0 0.6161247073177322 0.7927283409049968 0.03226829255305551 0.044295470779006745
0 0.44798170478458404 0.8605979496723931 0.04074709625111114 0.050690929653408524
0 0.38819540969838034 0.8866267061663132 0.034206155521666656 0.03808183549760713
0 0.7359397480980099 0.7510874945838231 0.036483449341296395 0.04645153354954109
0 0.7153731104333338 0.762182180731152 0.04074709625111126 0.050690929653408524
0 0.6310474715020841 0.8075662272685332 0.025727351823610908 0.03168637662320535
0 0.702316344982408 0.7827791433935822 0.04074709625111126 0.050690929653408524
0 0.8263465425509264 0.7432943598429428 0.036337978976573974 0.040201533549541084
0 0.6118619313550933 0.8332624291084957 0.04278193946287037 0.04864396103867582
0 0.777970090676482 0.7674397889558321 0.036483449341296395 0.04645153354954109
0 0.7997238653725469 0.7626132851678036 0.03212282218833332 0.038045470779006746
0 0.21968960220060266 0.9817356515145524 0.044671312309907424 0.03652869697089519
0 0.8662450616744913 0.757526956163018 0.036483449341296395 0.04645153354954109
0 0.3453433478946767 0.969178198049737 0.044962253039351904 0.05284699242394263
0 0.916026856127408 0.7490247094094289 0.036483449341296395 0.04645153354954109
0 0.8840261301901858 0.7609610562711218 0.04074709625111126 0.050690929653408524
0 0.8356011881941673 0.783023152050678 0.029990998733426012 0.03592577272707302
0 0.6636871370313888 0.017832162874244377 0.02320760739611103 0.012900011904604991
0 0.819128482013797 0.7910655676352076 0.036483449341296395 0.04645153354954109
0 0.7830823147138432 0.808137518393033 0.029990998733426012 0.03592577272707302
0 0.38471617274537045 0.11083959252984983 0.02136672467064808 0.023280313852671184
0 0.8997966005549081 0.7674837916606253 0.027956155521666897 0.03797274134180597
0 0.714187715296297 0.8454609669865845 0.03648344934129615 0.04645153354954109
0 0.6501862634218526 0.8693336607099705 0.03226829255305551 0.044295470779006745
0 0.4590373110433334 0.08298205573279951 0.019186411094166664 0.01907728246740407
0 0.8083732554432878 0.8210738950162385 0.03648344934129615 0.04645153354954109
0 0.9693215715529173 0.7572436764004071 0.03226829255305551 0.044295470779006745
0 0.8529224715020841 0.8114390697994815 0.03653193946287037 0.04853486688287442
0 0.7900354214766675 0.8384549458821676 0.03410917527851846 0.033915168830940465
0 0.8375641671707414 0.8226246677433114 0.02810162588638884 0.04422274134180597
0 0.9939266830029169 0.7724088452313478 0.012146633994166222 0.048425772727073026
0 0.9524860604079173 0.7944345762923033 0.032268292553055744 0.044295470779006745
0 0.3487184955669908 0.1299948766210086 0.01080458763925923 0.016848490259668954
0 0.8854808338374079 0.8234610562711218 0.04074709625111126 0.050690929653408524
0 0.6626143991866674 0.9112003333289397 0.03212282218833332 0.038045470779006746
0 0.8095370183610655 0.8710738950162384 0.04074709625111126 0.050690929653408524
0 0.9334459906256488 0.8263807781322657 0.036337978976573974 0.040201533549541084
0 0.40034117274537045 0.11111232791935324 0.015019744427500115 0.019004553030203177
0 0.36945484865717604 0.12619185714034645 0.01080458763925923 0.016848490259668926
0 0.5779076654000926 0.04548969371899223 0.019186411094166543 0.01907728246740407
0 0.9834623971618522 0.8512664117899107 0.03307520567629562 0.036107596320075194
0 0.538784988221713 0.06459043073225028 0.015019744427500115 0.019004553030203177
0 0.3809616721120834 0.1284751964259823 0.01720005800398153 0.02320758441547029
0 0.40986164311009265 0.11752596915305528 0.015019744427500115 0.019004553030203177
0 0.5358054585864351 0.07078588365434961 0.01720005800398165 0.02320758441547029
0 0.5492016548883797 0.06477225432525255 0.02354703824712961 0.027483345237938325
0 0.35627685790231495 0.14158048646944352 0.01720005800398141 0.02320758441547029
0 0.3965866721120834 0.1287479318154857 0.021366724670648197 0.023280313852671184
0 0.6164250870059722 0.04512077434643395 0.02354703824712961 0.027483345237938325
0 0.3708844362964353 0.14287670616631332 0.02354703824712961 0.027483345237938293
0 0.42878135853560195 0.12514491828712604 0.015019744427499997 0.019004553030203177
0 0.8167878919706019 0.01946330302471103 0.016909117274537047 0.010707584415470291
0 0.43863864690981486 0.011821439932062087 0.012645470364722182 0.006468188311602718
0 0.4207389659317131 0.13749945941272423 0.01720005800398141 0.02320758441547029
0 0.7023742740627777 0.02475491016835276 0.01720005800398165 0.02320758441547029
0 0.5548463993158798 0.08361316612175368 0.01720005800398165 0.02320758441547029
0 0.37541477887490754 0.15857443560351425 0.012790940729444481 0.012718188311602733
0 0.43747836778074084 0.14091537716152785 0.015019744427499997 0.019004553030203177
0 0.38997386714745386 0.15778732196705075 0.015019744427500115 0.019004553030203177
0 0.13525217692421318 0.2637129458865614 0.021366724670648197 0.023280313852671243
0 0.40356402393569457 0.16010702597128704 0.01720005800398153 0.02320758441547029
0 0.4716836523552316 0.13422372835176866 0.01720005800398141 0.02320758441547029
0 0.215750580039815 0.23283950324531244 0.021366724670648197 0.023280313852671184
0 0.6089888209217593 0.08351698213869879 0.02354703824712961 0.027483345237938293
0 0.3881572294827779 0.1692092905817836 0.01080458763925923 0.016848490259668954
0 0.4459814165395835 0.14835250270259634 0.01080458763925923 0.016848490259668954
0 0.3820042097259261 0.17326686309264894 0.01080458763925923 0.016848490259668954
0 0.4233799356631483 0.161494157464658 0.015019744427499997 0.019004553030203177
0 0.4554291517219446 0.15164114393629838 0.015019744427499997 0.019004553030203177
0 0.6360479091943055 0.08294805681383804 0.021366724670648315 0.023280313852671184
0 0.055093204659629885 0.3091697218611438 0.01918641109416668 0.01907728246740407
0 0.4637139949337038 0.14970326947736684 0.02136672467064808 0.023280313852671184
0 0.010084203393055843 0.34378636471860047 0.004651567882407422 0.020906062770534226
0 0.3044584783432871 0.06258273322303262 0.015019744427499997 0.019004553030203177
0 0.00889445352013906 0.20319772943720088 0.008769744427500014 0.018895458874401784
0 0.4380360041788427 0.1648737104948612 0.021366724670648197 0.023280313852671184
0 0.6558153308001853 0.08225185497387567 0.02136672467064808 0.023280313852671184
0 0.01710917439106509 0.3324553079003687 0.019283391337314833 0.023243949134070737
0 0.4980647498729168 0.14926162066760765 0.012790940729444363 0.012718188311602674
0 0.482560975176852 0.15419721861143762 0.015019744427500115 0.019004553030203177
0 0.5228707893866206 0.1413646639574798 0.019089430851018583 0.014910615800737404
0 0.40937848378870384 0.18623960443445484 0.015019744427499997 0.019004553030203177
0 0.3963182345490741 0.027742629867419464 0.021318234549074097 0.021196980519337872
0 0.430066346757315 0.18035325162045937 0.019186411094166664 0.01907728246740407
0 0.06483188057143545 0.32495836309484577 0.021366724670648166 0.023280313852671243
0 0.013572879304861413 0.35946591179650117 0.011047038247129652 0.02726515692633562
0 0.01347589906171326 0.35529924512983446 0.011047038247129652 0.02726515692633562
0 0.20024767629092613 0.2825485854965088 0.021366724670648197 0.023280313852671243
0 0.15589242071842618 0.30051674404659906 0.021366724670648197 0.023280313852671243
0 0.13631895959884285 0.30954627921989475 0.021366724670648197 0.023280313852671243
0 0.07345615463421325 0.33760382196924765 0.021366724670648166 0.023280313852671243
0 0.6832865851061113 0.09939126298234822 0.021366724670648315 0.023280313852671212
0 0.6936547616512037 0.09748975324201717 0.021366724670648315 0.023280313852671184
0 0.030288036093102155 0.3618401628786381 0.023547038247129656 0.027483345237938293
0 0.04266681078916697 0.3568500178569075 0.019089430851018538 0.014910615800737404
0 0.6474101332316667 0.1237548804068403 0.02354703824712961 0.027483345237938293
0 0.6711260159571297 0.11375640800407885 0.025581881458888962 0.025436376623205435
0 0.4781734901215741 0.010429036252137366 0.014680313576481533 0.004421219696869838
0 0.008845963398564983 0.20111439610386755 0.008769744427500014 0.018895458874401784
0 0.6798230252022687 0.12952686687848067 0.029990998733426012 0.03592577272707302
0 0.29331533080018524 0.07592439393739679 0.025581881458888962 0.025436376623205435
0 0.32117363513152786 0.06495698430516958 0.015019744427500115 0.019004553030203177
0 0.858770615374676 0.07850574837075319 0.01720005800398165 0.02320758441547029
0 0.8271820554708335 0.1081504285657795 0.029990998733426012 0.03592577272707302
0 0.864439604862963 0.098388326833921 0.02354703824712961 0.027483345237938325
0 0.7923230252022686 0.13149056168290513 0.019380371580462945 0.027410615800737403
0 0.7562283677807409 0.1464791791073972 0.027810685156944476 0.03172274134180591
0 0.8016737801414815 0.13061253624994051 0.01720005800398165 0.02320758441547029
0 0.007174796098611294 0.21878636471860044 0.004651567882407424 0.020906062770534226
0 0.676311846124028 0.20235262174864618 0.01720005800398165 0.02320758441547029
0 0.7003429146397224 0.20589581601255139 0.025727351823611144 0.03168637662320547
0 0.5665506670457873 0.27332377597018864 0.021366724670648315 0.023280313852671243
0 0.7398777578514817 0.20450341233262667 0.021366724670648315 0.023280313852671184
0 0.689393727582917 0.2275708100602489 0.02354703824712961 0.027483345237938293
0 0.8101292097259261 0.18073981276504208 0.027810685156944476 0.03172274134180591