0 0.3609332690923274 0.12911685118804395 0.1289840893291893 0.17710915367882632
0 0.9248546051815469 0.39292016828383075 0.07035391342669683 0.08033033766188116
0 0.8470207036099704 0.3978064913363138 0.09288244885546557 0.0723970162331528
0 0.12613885387189977 0.3841826320338902 0.08043383733057068 0.11797579653628294
0 0.5797490179192721 0.4025086249961555 0.07413244885546533 0.07206973376574884
0 0.4217067830143622 0.405994906382521 0.12181514970954979 0.20196369480442442
0 0.9845434485792757 0.43370353733097905 0.030913102841448627 0.1487166904758766
0 0.6562530264661265 0.4361094215324385 0.10936079404391895 0.15803187121142226
0 0.08571079156121665 0.4323954886359143 0.08237449352006022 0.1596424632029496
0 0.7895635376322753 0.4602935811635672 0.11502859718707228 0.14564096536722365
0 0.8689727863226281 0.46688377380371787 0.1112500617583033 0.15390156926335596
0 0.6984790678224554 0.4711935335451473 0.06197493575899434 0.12389851406887888
0 0.28246880865492535 0.5003607407990898 0.1507877507572675 0.19830613419816412
0 0.5939528362258114 0.528695750537224 0.09468042790111136 0.15569398484788574
0 0.16241173779738788 0.5149182537869301 0.11648408932918937 0.17689096536722354
0 0.9377569423755256 0.5494429036733341 0.12448611524894868 0.15240007142763
0 0.061661169559144656 0.5194045649348081 0.08470328094744765 0.2096424632029496
0 0.5122947548910967 0.585556312767239 0.14405258670989507 0.18778037337569628