0 0.07236920096372941 0.4845483234475016 0.030913592642768044 0.03452178392896196
0 0.5540603618261113 0.4534381106221661 0.004603398160692033 0.008503111989851675
0 0.5145862113662842 0.45713434119242397 0.00438503241367935 0.004336445323185009
0 0.5084453942397906 0.45947234251053487 0.004603398160692033 0.008503111989851675
0 0.5500028780329509 0.4556912226120178 0.00438503241367935 0.004336445323185009
0 0.510528727573124 0.45938745318227575 0.00438503241367935 0.004336445323185009
0 0.524179577113297 0.4609190058819243 0.00438503241367935 0.004336445323185009
0 0.5428749856765438 0.45911333526092496 0.00438503241367935 0.004336445323185009
0 0.49616375998680323 0.4641483451467567 0.00438503241367935 0.004336445323185009
0 0.5201220933201366 0.463172117871776 0.00438503241367935 0.004336445323185009
0 0.5544425018833834 0.4607297772888328 0.004603398160692033 0.008503111989851675
0 0.5108016847568898 0.46459578651560907 0.004603398160692033 0.008503111989851675
0 0.4921062761936429 0.46640145713660836 0.004603398160692033 0.008503111989851675
0 0.5357470933201366 0.4625354479098321 0.0087700648273587 0.008672890646370017
0 0.5826220933201366 0.4606254380240004 0.004603398160692033 0.008503111989851675
0 0.49846545906714923 0.4682301224851642 0.004603398160692033 0.008503111989851675
0 0.5275229428603095 0.4649583385562022 0.004603398160692033 0.008503111989851675
0 0.49649130860732227 0.4703983451467567 0.004603398160692033 0.008503111989851675
0 0.543257125733816 0.4664050019275916 0.004603398160692033 0.008503111989851675
0 0.5639812761936429 0.4634727753116664 0.004603398160692033 0.008503111989851675
0 0.546382125733816 0.4662776679352028 0.004603398160692033 0.008503111989851675
0 0.5038921581474952 0.47218456583118285 0.004603398160692033 0.008503111989851675
0 0.5153504914808286 0.4717176745257573 0.004603398160692033 0.008503111989851675
0 0.5963275342970628 0.4631986573903157 0.004930946781210821 0.014753111989851676
0 0.6087729428603096 0.46164765475409386 0.004603398160692033 0.008503111989851675
0 0.590132125733816 0.46449499204175987 0.004603398160692033 0.008503111989851675
0 0.623356276193643 0.46105342945627953 0.0087700648273587 0.008672890646370017
0 0.6037829752739888 0.4660265447414085 0.0087700648273587 0.008672890646370017
0 0.509209674354335 0.4740556758438682 0.004603398160692033 0.008503111989851675
0 0.47806885722784126 0.4774123491010894 0.0087700648273587 0.008672890646370017
0 0.5736292333774088 0.46829910666783336 0.008551699080346016 0.00450622397970335
0 0.5798246419406555 0.4670027720163892 0.004603398160692033 0.008503111989851675
0 0.4958317819979277 0.47773245647755297 0.004930946781211058 0.014753111989851676
0 0.5301521905611746 0.4752901158946097 0.0087700648273587 0.008672890646370135
0 0.5602513410210015 0.47197588730151807 0.0087700648273587 0.008672890646370017
0 0.5487930076876683 0.4724427786069436 0.004603398160692033 0.008503111989851675
0 0.5260947067680142 0.4775432278844614 0.009097613447877724 0.014922890646370016
0 0.6185300829175818 0.46855731944359413 0.009097613447877488 0.014922890646370016
0 0.5032326315381007 0.47951867716197916 0.004603398160692033 0.008503111989851675
0 0.5542197067680142 0.47639722195296236 0.0087700648273587 0.008672890646370017
0 0.5075084810782737 0.4814322318387941 0.004603398160692033 0.008503111989851675
0 0.5407326315381007 0.47799066925331374 0.004603398160692033 0.008503111989851675
0 0.6248892657910882 0.47038598479215 0.0087700648273587 0.008672890646370017
0 0.5448992982047673 0.4778208905967954 0.004603398160692033 0.008503111989851675
0 0.6073447067680142 0.47423254408235305 0.009097613447877488 0.014922890646370016
0 0.5720372229748539 0.47775899599609256 0.009097613447877724 0.014922890646370136
0 0.5169926639517801 0.4831335631949611 0.009097613447877724 0.014922890646370136
0 0.5337139220552 0.4834961152355542 0.004930946781211058 0.014753111989851676
0 0.6211047391816936 0.477847430115335 0.004603398160692033 0.008503111989851675
0 0.5587685134919531 0.48351910996311065 0.009097613447877724 0.014922890646370136
0 0.47877854590563246 0.49095401576775605 0.01139931252822374 0.019174446641295854
0 0.5505989544688793 0.4869836672761474 0.009097613447877724 0.014922890646370016
0 0.539140621135546 0.48745055858157293 0.009097613447877724 0.014922890646370016
0 0.6742297391816936 0.47568275224472567 0.009097613447877724 0.014922890646370016
0 0.49149691165264514 0.49461134646486754 0.009097613447877724 0.014922890646370016
0 0.4977469116526451 0.49435667848009 0.009097613447877724 0.014922890646370016
0 0.6089322878022126 0.4846067660848901 0.0087700648273587 0.008672890646370017
0 0.5870572878022126 0.4854981040316116 0.004930946781211058 0.014753111989851676
0 0.5787785459056324 0.486879328011315 0.009097613447877724 0.014922890646370016
0 0.6338231049287063 0.4815047608124465 0.0087700648273587 0.008672890646370017
0 0.6182526963654594 0.4831830974410571 0.009097613447877724 0.014922890646370016
0 0.6039423202158919 0.48898565607220473 0.009097613447877724 0.014922890646370016
0 0.5021319440663244 0.4983535664902384 0.009097613447877724 0.014922890646370016
0 0.5114523526295713 0.4969298978464053 0.009097613447877724 0.014922890646370016
0 0.641442320215892 0.48745764816353937 0.009097613447877724 0.014922890646370136
0 0.2913832994107823 0.5205114999752126 0.01819522689575533 0.02984578129274027
0 0.6601377287791388 0.48565197754253997 0.01764931252822374 0.019429114626073603
0 0.5645773526295713 0.494765219975796 0.009097613447877724 0.014922890646370016
0 0.2822812565945481 0.5261018352857123 0.01764931252822374 0.019429114626073486
0 0.5379307507902633 0.5042021145764988 0.009097613447877724 0.014922890646370016
0 0.5296520088936831 0.5055833385562022 0.01764931252822362 0.019429114626073603
0 0.7540515030893983 0.48495695777087644 0.0225802593094348 0.03418222661592528
0 0.399825815617622 0.5181805882390681 0.01819522689575533 0.02984578129274015
0 0.6325040517099173 0.496172983474039 0.01139931252822374 0.019174446641295854
0 0.2679708804449807 0.53190439391686 0.022143527815409313 0.025848893282591826
0 0.7853015030893983 0.48368361784698866 0.018413592642768133 0.03401244795940682
0 0.622196567916757 0.4986807634486683 0.01139931252822374 0.019174446641295972
0 0.45097666515779494 0.5181841330300513 0.021925162068396748 0.02168222661592528
0 0.6847511593535102 0.49717575026755934 0.019623462988050733 0.017430670620999324
0 0.5664378908475354 0.5103477753116664 0.017649312528223503 0.019429114626073486
0 0.4261950309048076 0.5233694716358283 0.01764931252822374 0.019429114626073603
0 0.594726665157795 0.5123267693801673 0.009097613447877488 0.014922890646370136
0 0.5096375471116473 0.522057231838794 0.01764931252822374 0.019429114626073603
0 0.12635437584671066 0.5585526462359477 0.03562617367696639 0.04510822925214697
0 0.810024116537276 0.4972907239053413 0.021925162068396748 0.02168222661592528
0 0.8203861917671894 0.49582461059737876 0.022361893562422117 0.03001555994925861
0 0.5191763214219068 0.5248002298616278 0.019623462988050733 0.017430670620999324
0 0.649002514697968 0.5122029801787618 0.017649312528223503 0.019429114626073486
0 0.5835412890082274 0.5180019940189262 0.017649312528223503 0.019429114626073603
0 0.6053616975714744 0.516068989405538 0.018195226895755447 0.02984578129274027
0 0.19000522538688366 0.5580468550573757 0.03135032413679338 0.042855117262295295
0 0.8912741165372761 0.493980040103233 0.022361893562422117 0.030015559949258492
0 0.967152008893683 0.4877565796217726 0.026528560229088782 0.030185338605776952
0 0.6191217299851537 0.51968387543852 0.017649312528223503 0.019429114626073603
0 0.6648458804449807 0.5157329768834845 0.017649312528223503 0.019429114626073486
0 0.16012444067406933 0.5655277503171341 0.0311319583897807 0.03868845059562863
0 0.6867208804449807 0.514841638936763 0.018195226895755447 0.02984578129274015
0 0.5984521709620798 0.5236577687211119 0.009097613447877724 0.014922890646370016
0 0.63485591285866 0.5211305388099094 0.022361893562422117 0.03001555994925861
0 0.5288788700424258 0.5306682278844613 0.01764931252822374 0.019429114626073486
0 0.32854689205355037 0.5524017147281397 0.027183657470126712 0.04268533860577695
0 0.4770684938928583 0.5379987944242745 0.021925162068396748 0.021682226615925042
0 0.7710412890082274 0.5103619544755992 0.0225802593094348 0.03418222661592528
0 0.9372712241808687 0.4952374748815308 0.03091359264276813 0.03452178392896196
0 0.400312709180044 0.5473896995698644 0.026528560229088782 0.030185338605776952
0 0.3400598168236369 0.552976490089381 0.026746925976101465 0.034352005272443385
0 0.515610160559525 0.5364283418514795 0.021925162068396748 0.02168222661592528
0 0.4398960425133774 0.5457768023329398 0.021925162068396748 0.021682226615925042
0 0.26028821498432886 0.564578062560693 0.030913592642768013 0.03452178392896196
0 0.8867208804449808 0.506692263423881 0.030695226895755448 0.030355117262295294
0 0.571036859639871 0.5383454413192775 0.017867678275236425 0.023595781292740033
0 0.5814535263065377 0.5379209946779817 0.022361893562422117 0.03001555994925861
0 0.5534923006167972 0.5421920006094807 0.022361893562422117 0.03001555994925861
0 0.5971331177432908 0.5383259913827044 0.01764931252822374 0.019429114626073603
0 0.8391317623988329 0.5148947179738422 0.021925162068396748 0.02168222661592528
0 0.7540972357894385 0.5256668470991356 0.026528560229088782 0.030185338605776952
0 0.30951950550142804 0.5677914966799354 0.026528560229088664 0.030185338605776952
0 0.625312709180044 0.5382216521178721 0.022361893562422117 0.03001555994925861
0 0.816433461479179 0.51999516725136 0.026091828735063417 0.02185200527244362
0 0.5059577740074027 0.5514361218261087 0.018195226895755447 0.029845781292740032
0 0.6991618596398709 0.5331247476313374 0.027183657470126833 0.04268533860577695
0 0.617088558720217 0.5406445427642421 0.022361893562422117 0.03001555994925861
0 0.3855611721680947 0.5646930361984751 0.022361893562422 0.030015559949258374
0 0.536493655961255 0.5564552265663506 0.018195226895755447 0.029845781292740032
0 0.23517460274246602 0.5833475124972661 0.026528560229088664 0.030185338605776952
0 0.6498169568809089 0.547662091509558 0.0225802593094348 0.03418222661592528
0 0.45973787124844073 0.5658461317119404 0.026746925976101347 0.03435200527244362
0 0.5895640645245019 0.5532488820290744 0.022143527815409434 0.025848893282591708
0 0.6800252902142423 0.5464311962497999 0.026965291723114147 0.03851867193911029
0 0.43610708653562635 0.5730723589869212 0.022143527815409434 0.025848893282591708
0 0.7446086235475756 0.543799627073765 0.030695226895755448 0.030355117262295294
0 0.9939631607109534 0.5197741283670886 0.012073678578093213 0.030185338605776952
0 0.9504218920535502 0.527062250242772 0.03365202321713952 0.04710667325722125
0 0.14865724860402307 0.6056628642841522 0.030913592642768013 0.0345217839289622
0 0.8062853226279216 0.5454620585567855 0.030695226895755448 0.030355117262295294
0 0.20594891527068973 0.6033284077570243 0.03584453942397907 0.04927489591881387
0 0.4231113342364914 0.5840408062872726 0.026091828735063417 0.02185200527244362
0 0.29016014096043025 0.5967653899625273 0.026091828735063417 0.02185200527244362
0 0.8635769892945883 0.5431276020296579 0.036172088044498216 0.055524895918813634
0 0.40249636665017074 0.589056366236531 0.026746925976101347 0.03435200527244362
0 0.3588555495236771 0.5929223754633074 0.02948535655047273 0.04693689460070279
0 0.7660424626851939 0.5544090671245064 0.026746925976101465 0.03435200527244362
0 0.890714914064675 0.5430657074289551 0.03365202321713952 0.047106673257221135
0 0.909519505501428 0.543343370141289 0.031131958389780817 0.03868845059562863
0 0.5044159256732446 0.5817717891518309 0.021925162068396748 0.02168222661592528
0 0.3819359905006033 0.5951135928524564 0.026746925976101465 0.03435200527244362
0 0.9771732473980083 0.5395428003061987 0.03562617367696627 0.045108229252147206
0 0.5668613342364914 0.5781834426373885 0.0313503241367935 0.042855117262295295
0 0.742520860845886 0.5637186277328204 0.0313503241367935 0.04285511726229553
0 0.4820451733741096 0.5931222384293486 0.026746925976101465 0.034352005272443385
0 0.9930284622336149 0.5500249063645515 0.013943075532770403 0.042855117262295295
0 0.2527103030288269 0.6191691758686557 0.042422088044498034 0.05577956390359115
0 0.5966830981441961 0.5894949920417598 0.0225802593094348 0.03418222661592528
0 0.2341240773390864 0.6230581798229883 0.02258025930943468 0.03418222661592504
0 0.2228295183160126 0.6266500711284138 0.02948535655047273 0.04693689460070279
0 0.29360826021259273 0.6227221673009348 0.027183657470126712 0.04268533860577695
0 0.43083530302882694 0.611911138302495 0.027183657470126712 0.04268533860577695
0 0.6469014638912088 0.591624314830206 0.033979571837658304 0.053356673257221134
0 0.8143914314775295 0.5806240572386746 0.033979571837658304 0.053356673257221134
0 0.7096198296382215 0.593244301649097 0.047025486205190245 0.06428267589344307
0 0.16054345469466877 0.6531975289736525 0.03562617367696639 0.04510822925214697
0 0.7391686363621602 0.5993475177201351 0.02279862505644748 0.038348893282591945
0 0.058896852855360796 0.6656904393916859 0.03617208804449807 0.055524895918813634
0 0.8453640449254072 0.5939764953122498 0.042422088044498214 0.05577956390359115
0 0.5160837660168777 0.6251397871746645 0.053493851952202694 0.06870401054488724
0 0.1320864767057933 0.6679276462359477 0.02631019448207604 0.026018671939110286
0 0.28444276722289247 0.6669390586063603 0.05744215287185668 0.06470712253473891
0 0.10801453113059716 0.6866546515083913 0.03639045379151075 0.0596915625854803
0 0.4938723586596456 0.6594493477829785 0.0336520232171394 0.047106673257221135
0 0.6831827348092131 0.646516085578059 0.03562617367696627 0.04510822925214697
0 0.7809902186023734 0.6404429538165438 0.03660881953852358 0.06385822925214697
0 0.14611060756652555 0.7164190882638555 0.046807120458177386 0.06011600922677616
0 0.4787342522220676 0.6892951290757187 0.05766051861886936 0.06887378920140558
0 0.559765886475055 0.6818177786069436 0.042422088044498214 0.05577956390359115
0 0.06874988768106988 0.7341857714069083 0.0457064329864011 0.07878111989851723
0 0.8813679292912892 0.6634940440575657 0.05447649781375977 0.08745401054488725
0 0.9594929292912892 0.660310694247846 0.05897071310094546 0.09387378920140559
0 0.6003864571066985 0.6999965480366857 0.03617208804449798 0.055524895918813634
0 0.29961331825544124 0.737305500634268 0.057878884365882045 0.07304045586807224
0 0.9900517337546266 0.7096970190134587 0.019896532490746684 0.07253111989851722
0 0.7656573322760406 0.8060025144248578 0.08385267149072603 0.1323075718122567
0 0.9421858925051294 0.8280384775177526 0.10030097241038002 0.1288200197716634