0 0.7958333333333333 0.09791666666666667 0.025 0.020833333333333332
0 0.7770833333333333 0.10416666666666667 0.015625 0.015625
0 0.8364583333333333 0.09791666666666667 0.020833333333333332 0.025
0 0.8552083333333333 0.096875 0.020833333333333332 0.025
0 0.128125 0.16041666666666668 0.040625 0.04375
0 0.8177083333333334 0.103125 0.025 0.025
0 0.8760416666666667 0.1 0.021875 0.029166666666666667
0 0.5041666666666667 0.13333333333333333 0.027083333333333334 0.03958333333333333
0 0.9020833333333333 0.09791666666666667 0.021875 0.029166666666666667
0 0.9229166666666667 0.09791666666666667 0.010416666666666666 0.01875
0 0.9385416666666667 0.096875 0.015625 0.015625
0 0.8302083333333333 0.10625 0.020833333333333332 0.020833333333333332
0 0.7125 0.11666666666666667 0.025 0.020833333333333332
0 0.7364583333333333 0.11979166666666667 0.034375 0.034375
0 0.7541666666666667 0.11770833333333333 0.029166666666666667 0.021875
0 0.6395833333333333 0.1375 0.027083333333333334 0.029166666666666667
0 0.9416666666666667 0.11041666666666666 0.015625 0.020833333333333332
0 0.7791666666666667 0.12708333333333333 0.027083333333333334 0.034375
0 0.18958333333333333 0.18125 0.040625 0.04375
0 0.8583333333333333 0.12291666666666666 0.021875 0.029166666666666667
0 0.6541666666666667 0.14166666666666666 0.020833333333333332 0.025
0 0.828125 0.13229166666666667 0.027083333333333334 0.034375
0 0.6833333333333333 0.146875 0.020833333333333332 0.025
0 0.73125 0.14166666666666666 0.027083333333333334 0.029166666666666667
0 0.9145833333333333 0.13333333333333333 0.021875 0.0375
0 0.9458333333333333 0.13020833333333334 0.021875 0.029166666666666667
0 0.153125 0.2 0.040625 0.053125
0 0.8916666666666667 0.13854166666666667 0.035416666666666666 0.04791666666666667
0 0.6302083333333334 0.16041666666666668 0.03125 0.034375
0 0.8083333333333333 0.15 0.03125 0.03958333333333333
0 0.9583333333333334 0.13958333333333334 0.027083333333333334 0.03958333333333333
0 0.709375 0.16041666666666668 0.040625 0.053125
0 0.7604166666666666 0.15833333333333333 0.035416666666666666 0.04791666666666667
0 0.12708333333333333 0.21666666666666667 0.041666666666666664 0.058333333333333334
0 0.6552083333333333 0.175 0.03958333333333333 0.03958333333333333
0 0.23854166666666668 0.21666666666666667 0.052083333333333336 0.06875
0 0.609375 0.18333333333333332 0.035416666666666666 0.04791666666666667
0 0.865625 0.16458333333333333 0.03125 0.034375
0 0.6854166666666667 0.17916666666666667 0.03125 0.04375
0 0.3958333333333333 0.209375 0.065625 0.07916666666666666
0 0.18333333333333332 0.228125 0.04583333333333333 0.059375
0 0.46770833333333334 0.21041666666666667 0.058333333333333334 0.078125
0 0.5708333333333333 0.21458333333333332 0.034375 0.034375
0 0.9552083333333333 0.18854166666666666 0.03333333333333333 0.053125
0 0.34270833333333334 0.24583333333333332 0.065625 0.07083333333333333
0 0.7927083333333333 0.209375 0.052083333333333336 0.06458333333333334
0 0.440625 0.23958333333333334 0.071875 0.084375
0 0.6479166666666667 0.22395833333333334 0.05 0.059375
0 0.9177083333333333 0.20104166666666667 0.04375 0.035416666666666666
0 0.5114583333333333 0.23854166666666668 0.021875 0.0375
0 0.6135416666666667 0.25104166666666666 0.04583333333333333 0.05416666666666667
0 0.29583333333333334 0.2833333333333333 0.058333333333333334 0.0875
0 0.6895833333333333 0.24895833333333334 0.059375 0.059375
0 0.4947916666666667 0.27291666666666664 0.05416666666666667 0.059375
0 0.5552083333333333 0.28125 0.04791666666666667 0.078125
0 0.41041666666666665 0.29791666666666666 0.06666666666666667 0.08958333333333333
0 0.9322916666666666 0.25833333333333336 0.084375 0.07708333333333334
0 0.478125 0.3020833333333333 0.078125 0.058333333333333334
0 0.225 0.33541666666666664 0.09791666666666667 0.128125
0 0.34270833333333334 0.328125 0.08333333333333333 0.10833333333333334
0 0.7520833333333333 0.2916666666666667 0.075 0.07916666666666666
0 0.6822916666666666 0.29791666666666666 0.07708333333333334 0.09375
0 0.075 0.36354166666666665 0.096875 0.109375
0 0.60625 0.3333333333333333 0.090625 0.1
0 0.49166666666666664 0.37916666666666665 0.096875 0.10416666666666667
0 0.03125 0.5270833333333333 0.0625 0.15833333333333333
0 0.6572916666666667 0.5145833333333333 0.15416666666666667 0.20208333333333334
0 0.41458333333333336 0.7125 0.19375 0.22291666666666668