0 0.07604166666666666 0.32916666666666666 0.10625 0.153125
0 0.7197916666666667 0.21666666666666667 0.1 0.14166666666666666
0 0.2708333333333333 0.33541666666666664 0.08333333333333333 0.14375
0 0.440625 0.035416666666666666 0.084375 0.07083333333333333
0 0.8416666666666667 0.22291666666666668 0.10833333333333334 0.15625
0 0.9229166666666667 0.20833333333333334 0.07083333333333333 0.10416666666666667
0 0.5885416666666666 0.2916666666666667 0.09791666666666667 0.115625
0 0.22708333333333333 0.3958333333333333 0.115625 0.15416666666666667
0 0.37604166666666666 0.053125 0.06875 0.08333333333333333
0 0.5041666666666667 0.4 0.125 0.165625
0 0.140625 0.10833333333333334 0.10416666666666667 0.1
0 0.13020833333333334 0.5197916666666667 0.11666666666666667 0.16458333333333333
0 0.6416666666666667 0.42291666666666666 0.11875 0.171875
0 0.4239583333333333 0.5229166666666667 0.10416666666666667 0.14791666666666667
0 0.20208333333333334 0.5760416666666667 0.11875 0.171875
0 0.32916666666666666 0.5510416666666667 0.12083333333333333 0.159375
0 0.934375 0.440625 0.12291666666666666 0.190625
0 0.08541666666666667 0.7854166666666667 0.10833333333333334 0.203125
0 0.8489583333333334 0.6270833333333333 0.125 0.16041666666666668
0 0.7385416666666667 0.6729166666666667 0.128125 0.17291666666666666
0 0.3875 0.7583333333333333 0.140625 0.19375
0 0.740625 0.036458333333333336 0.075 0.07291666666666667
0 0.96875 0.7229166666666667 0.0625 0.246875
0 0.6854166666666667 0.052083333333333336 0.09791666666666667 0.103125
0 0.8770833333333333 0.023958333333333335 0.07083333333333333 0.04791666666666667
0 0.27291666666666664 0.13541666666666666 0.09583333333333334 0.11875
0 0.47291666666666665 0.09791666666666667 0.08541666666666667 0.11666666666666667
0 0.3729166666666667 0.171875 0.10625 0.153125
0 0.023958333333333335 0.26666666666666666 0.04791666666666667 0.090625
0 0.890625 0.1 0.08333333333333333 0.10833333333333334
0 0.5697916666666667 0.18333333333333332 0.090625 0.11875
0 0.017708333333333333 0.309375 0.035416666666666666 0.15625