0 0.9622373405694227 0.2380939939298358 0.010962581034198138 0.010901830714039088
0 0.8649757711437939 0.24603345188453538 0.00438503241367935 0.004360732285615635
0 0.938497372983102 0.24114478328754593 0.01118094678121082 0.015068497380705755
0 0.9270936310865217 0.24165276950210302 0.006795914367531708 0.010707765095090119
0 0.9198565558566082 0.242354821335609 0.010744215287185692 0.006735164047372362
0 0.9477631901095955 0.2394980975968478 0.00438503241367935 0.004360732285615635
0 0.9105361472933614 0.24295984035964052 0.010744215287185692 0.006735164047372422
0 0.8818608035574732 0.2509763810269979 0.006795914367531708 0.010707765095090119
0 0.9430461797070407 0.24863051557316157 0.006795914367531708 0.010707765095090119
0 0.9208392017181652 0.261104821335609 0.010744215287185692 0.006735164047372362
0 0.9716625026378193 0.259315458501067 0.013482645861557074 0.019332196856846905
0 0.932406717925005 0.26372183512105196 0.00438503241367935 0.004360732285615635
0 0.9128880084421042 0.2680083567643778 0.011180946781211058 0.015068497380705755
0 0.8707255894763025 0.2764358508368177 0.01118094678121082 0.015068497380705755
0 0.9565288255685978 0.2679627124300084 0.011180946781211058 0.015068497380705755
0 0.9275805246489438 0.27077091976403245 0.006795914367531708 0.010707765095090119
0 0.9048822237292898 0.2738702255264799 0.007014280114544154 0.014874431761756787
0 0.9726451484993762 0.27806545850106706 0.01118094678121082 0.015068497380705755
0 0.893091912407081 0.28682969533629965 0.011180946781211058 0.015068497380705755
0 0.792100407808811 0.3029084210053836 0.007014280114544391 0.014874431761756787
0 0.7559150316592435 0.3064186801729136 0.007232645861556837 0.019041098428423452
0 0.8274078916019714 0.30247464543311636 0.007014280114544391 0.014874431761756787
0 0.7694566983259101 0.3070493934344977 0.017758495401730082 0.021609595809129207
0 0.8791636763147856 0.2986504656699784 0.013482645861557074 0.019332196856846905
0 0.9134294934412793 0.2981681736929739 0.011180946781211058 0.015068497380705755
0 0.838975407808811 0.3050916592185594 0.011180946781211058 0.015068497380705755
0 0.8101908811994164 0.3110248665525834 0.013482645861556838 0.019332196856846905
0 0.9715990524643531 0.29776009235825923 0.011180946781211058 0.015068497380705755
0 0.739958053670368 0.3191840843637845 0.017758495401730082 0.021609595809129207
0 0.9356866334985515 0.30647868485912255 0.017758495401730082 0.021609595809129207
0 0.8975816983259102 0.31301691121717806 0.010962581034198374 0.010901830714039088
0 0.7208760756814925 0.33180393934044367 0.013482645861557074 0.019332196856846905
0 0.7697252261413196 0.3320008770297605 0.007014280114544391 0.014874431761756787
0 0.8401218279806275 0.3269666592185594 0.007014280114544391 0.014874431761756787
0 0.7636390004515791 0.33483477860133704 0.007014280114544391 0.014874431761756787
0 0.7999335594746528 0.3334078527671404 0.017976861148742765 0.025776262475795876
0 0.8505930860840473 0.3284934899325984 0.007014280114544391 0.014874431761756787
0 0.9758158811994164 0.31873897490580433 0.017976861148742765 0.025776262475795876
0 0.8548689356242203 0.33077088888488065 0.013701011608569758 0.02349886352351357
0 0.7752065166584187 0.33745179238678 0.007232645861557074 0.019041098428423452
0 0.8301418928079862 0.3348148285045203 0.013701011608569758 0.02349886352351357
0 0.6295871197037416 0.3545693126521628 0.017758495401730082 0.021609595809129207
0 0.6440612701635686 0.35316520898515075 0.017758495401730082 0.021609595809129207
0 0.9242784622336148 0.32672982133560896 0.01118094678121082 0.015068497380705755
0 0.898509752750714 0.3307252445505114 0.013482645861557074 0.019332196856846905
0 0.9606276126934418 0.326344562168079 0.013482645861556838 0.019332196856846905
0 0.8138573661985917 0.3413302326953912 0.017758495401730082 0.021609595809129207
0 0.706397495853309 0.35295119326938507 0.013482645861556838 0.019332196856846905
0 0.6940066787268153 0.3544523297458716 0.013482645861556838 0.019332196856846905
0 0.6588083778071614 0.3569694386514721 0.013482645861556838 0.019332196856846905
0 0.9123243766011465 0.33656429114542885 0.011180946781211058 0.015068497380705755
0 0.9424235270609735 0.33588793354947544 0.013701011608569758 0.02349886352351357
0 0.933212301371233 0.33857628590684025 0.013482645861557074 0.019332196856846905
0 0.8681878071755179 0.34697808574172756 0.013701011608569758 0.02349886352351357
0 0.6024993570020517 0.373051036390924 0.013482645861557074 0.019332196856846905
0 0.8610599148191107 0.34976347090856685 0.007014280114544391 0.014874431761756787
0 0.9282769252216655 0.34354203721648735 0.013701011608569758 0.02349886352351357
0 0.97893645183106 0.3386276743819454 0.017758495401730082 0.02160959580912909
0 0.8912136567156909 0.3501287799792801 0.013482645861557074 0.019332196856846905
0 0.6109418732088915 0.3755225009621552 0.017758495401730082 0.021609595809129207
0 0.809522495853309 0.35775431733837165 0.013482645861556838 0.019332196856846905
0 0.7692796359105813 0.363153844220286 0.01370101160856952 0.02349886352351357
0 0.9533861080951719 0.3467897642635144 0.013482645861557074 0.019332196856846905
0 0.8459262377498893 0.35841072483750835 0.013482645861556838 0.019332196856846905
0 0.5439978199901024 0.38695226798756804 0.013482645861556838 0.019332196856846905
0 0.7880842273473344 0.36506880617222304 0.017976861148742765 0.025776262475795876
0 0.7313384750481994 0.37281707057834157 0.007232645861557074 0.019041098428423452
0 0.7044189160251256 0.3746806440551733 0.017758495401730082 0.021609595809129207
0 0.8791503882097162 0.35787991645576667 0.017976861148742765 0.025776262475795876
0 0.822295453037075 0.3635448475285518 0.017976861148742765 0.025776262475795755
0 0.678704797978978 0.3797177339367424 0.013482645861557074 0.019332196856846905
0 0.7408772493584589 0.3763787182209767 0.013482645861557074 0.019332196856846905
0 0.7233872817721383 0.37972060600711033 0.013701011608569758 0.02349886352351357
0 0.6562248628063365 0.3869837063658565 0.020278560229088784 0.030039961951937026
0 0.9542595710832226 0.36345643093018104 0.013482645861556838 0.019332196856846905
0 0.5148267239550793 0.4053369589168548 0.017976861148742765 0.025776262475795876
0 0.5943799600473746 0.3965727220816222 0.017976861148742765 0.025776262475795876
0 0.929696302577248 0.3706253705498207 0.013482645861556838 0.019332196856846905
0 0.4995292725755983 0.4108592128457963 0.013701011608569758 0.02349886352351357
0 0.7602277551627438 0.3887103468395804 0.01370101160856952 0.02349886352351357
0 0.9051330340712732 0.37779431016946036 0.017976861148742765 0.025776262475795876
0 0.5700896487251658 0.40894999503459517 0.013701011608569758 0.02349886352351357
0 0.9826575282669884 0.36997470719141984 0.013482645861556838 0.019332196856846905
0 0.8534318407952121 0.38266015659926506 0.020278560229088784 0.030039961951936908
0 0.9623701093011867 0.37942104576334174 0.017758495401730082 0.021609595809129207
0 0.6614833582080666 0.40801110531813883 0.017976861148742765 0.025776262475795876
0 0.8941114322319651 0.385593963050684 0.020824474596620252 0.04045662861860369
0 0.7019445838978072 0.406778245102891 0.02060610884960757 0.036289961951937025
0 0.6760666915414 0.40869033498446006 0.017976861148742765 0.025776262475795876
0 0.9438384750481994 0.3827144171447382 0.02444522689575545 0.030234027570885995
0 0.6368654982653388 0.4141383782711117 0.017758495401730082 0.02160959580912909
0 0.7590178848174612 0.40527998069677257 0.017976861148742765 0.025776262475795876
0 0.8200394866567692 0.3998091152429363 0.017976861148742765 0.025776262475795876
0 0.8708081961396699 0.39697808574172755 0.020824474596620252 0.04045662861860369
0 0.6494746811388451 0.4168039084612919 0.017976861148742765 0.025776262475795876
0 0.7425695838978071 0.40867038488764335 0.017758495401730082 0.021609595809129207
0 0.615372638322611 0.4204112004382964 0.017976861148742765 0.025776262475795876
0 0.6010622621730434 0.4249403041053084 0.017976861148742765 0.025776262475795876
0 0.4904773918277608 0.43641571546509056 0.017758495401730082 0.021609595809129207
0 0.9754160236687184 0.3904199092868553 0.017758495401730082 0.021609595809129207
0 0.4501799404482798 0.44077357568033826 0.024772775516274357 0.036484027570885876
0 0.28888095205684955 0.4561216832079958 0.017758495401730082 0.021609595809129207
0 0.9331444218294105 0.39676407002596187 0.01370101160856952 0.02349886352351357
0 0.7928425410815729 0.4162075056483641 0.017758495401730082 0.02160959580912909
0 0.5404773918277608 0.438744502892478 0.011180946781211058 0.015068497380705755
0 0.9201486695302755 0.40655002343104446 0.02060610884960757 0.03628996195193691
0 0.4341683710226512 0.45249731320454245 0.020606108849607688 0.03628996195193691
0 0.5530865747012671 0.44141003308265814 0.020278560229088784 0.030039961951937026
0 0.40944132820641704 0.45654125282418206 0.013701011608569758 0.02349886352351357
0 0.3806022101602694 0.46143279349153943 0.020278560229088784 0.030039961951937026
0 0.659777735563649 0.4349488894372604 0.020824474596620252 0.04045662861860369
0 0.9940126032711124 0.4059735707149334 0.011974793457775235 0.025776262475795876
0 0.5916828328046871 0.44424680672460265 0.024772775516274236 0.036484027570885876
0 0.2205632541825184 0.4809960840906008 0.017758495401730023 0.021609595809129207
0 0.4966683710226512 0.45540829748877676 0.02444522689575545 0.030234027570885877
0 0.34567686642438117 0.4691582357304733 0.017758495401730082 0.021609595809129207
0 0.7251843698166364 0.4338387562690398 0.02060610884960757 0.036289961951937025
0 0.28986359791840655 0.47487168320799583 0.017976861148742765 0.025776262475795876
0 0.8266126059089316 0.42609336393328906 0.020606108849607806 0.03628996195193691
0 0.9425695838978072 0.4179855345971931 0.01370101160856952 0.02349886352351357
0 0.2797744798722589 0.4806365191606234 0.017976861148742647 0.025776262475795876
0 0.522764629126071 0.45766287427387436 0.022143527815409434 0.025970328094744845
0 0.6210132737816132 0.4487302660572453 0.02060610884960757 0.036289961951937025
0 0.4297243178038622 0.4668380645141896 0.020606108849607688 0.036289961951937025
0 0.7502389612533894 0.43604481664940015 0.007232645861556837 0.019041098428423452
0 0.7368064774602291 0.4374974367211493 0.022143527815409434 0.025970328094744845
0 0.6945348756209211 0.443841597460256 0.020278560229088784 0.030039961951937026
0 0.40603894165429466 0.47093052053856643 0.020278560229088784 0.030039961951937026
0 0.787629778379883 0.43570807388660737 0.014028560229088782 0.029748863523513573
0 0.24057328659619776 0.486084562447275 0.020278560229088662 0.030039961951937026
0 0.777376886023476 0.438347909839235 0.02970372229748553 0.05126142652316818
0 0.764053585103822 0.44188386324431755 0.017976861148742765 0.025776262475795755
0 0.26595542665346994 0.49454062282763533 0.017976861148742706 0.025776262475795876
0 0.86460392883971 0.4372149545038297 0.02970372229748553 0.05126142652316818
0 0.6071942205628242 0.4626343697242573 0.020278560229088784 0.030039961951936908
0 0.8936614126328704 0.436490080503139 0.017976861148742765 0.025776262475795876
0 0.4004986303320859 0.48418108877680965 0.024772775516274357 0.03648402757088599
0 0.9702534230354253 0.43070529445369465 0.02937617367696627 0.045011426523168176
0 0.8140535851038221 0.444212650671705 0.02444522689575545 0.030234027570885995
0 0.5420605434936027 0.46895283622581135 0.02060610884960757 0.036289961951937025
0 0.5671151349303559 0.4711588966061717 0.024772775516274236 0.03648402757088599
0 0.30235916855005013 0.49519703032677204 0.022143527815409434 0.025970328094744845
0 0.927049337402957 0.4390842721213973 0.02060610884960757 0.036289961951937025
0 0.33974998567654374 0.49486028756397926 0.017758495401730082 0.021609595809129207
0 0.6385534034363306 0.4661731951997078 0.014246925976101466 0.03391553019018024
0 0.49167397406797403 0.4790755323936866 0.020606108849607806 0.036289961951937025
0 0.2581134162509151 0.5035274915897375 0.013482645861557015 0.019332196856846905
0 0.9128481441268957 0.44569670912174264 0.02060610884960757 0.036289961951937025
0 0.19012769636545943 0.514908742210413 0.024772775516274357 0.03648402757088599
0 0.13848109452615145 0.5208162553068845 0.020606108849607688 0.03628996195193691
0 0.698915478666244 0.467945480007801 0.017976861148742765 0.025776262475795876
0 0.22658602969879277 0.5166068163762164 0.02444522689575533 0.030234027570885995
0 0.32801426579108806 0.5088614240404657 0.017976861148742765 0.025776262475795876
0 0.9422877679773284 0.4522635017877186 0.022143527815409434 0.025970328094744845
0 0.2464322878022126 0.5185702947328906 0.028939442182941023 0.03667809318983496
0 0.31469096487143405 0.5123973774455484 0.017976861148742765 0.025776262475795876
0 0.6724326511371956 0.4781423868179661 0.02444522689575545 0.030234027570885877
0 0.8898178652183665 0.46228916514611945 0.024772775516274236 0.036484027570885876
0 0.8391583386089718 0.46720352798066145 0.025209507010299604 0.044817360904219325
0 0.6210044150449003 0.4882165665811042 0.025209507010299604 0.044817360904219325
0 0.2777368792389658 0.5210674535416744 0.02444522689575545 0.030234027570885995
0 0.1651778584338561 0.5345291654253155 0.024772775516274357 0.03648402757088576
0 0.12170081561762197 0.5376998097596848 0.025209507010299722 0.044817360904219325
0 0.4588821257338159 0.5076828243706911 0.02499114126328704 0.04065069423755266
0 0.26375405170991734 0.5318465572086865 0.024772775516274357 0.036484027570885876
0 0.18617496607744896 0.5386244935200603 0.024772775516274357 0.03648402757088599
0 0.6082816199295311 0.5032108533195201 0.025209507010299604 0.04481736090421921
0 0.5432025342970628 0.5105709864877407 0.02499114126328692 0.04065069423755254
0 0.4429797391816936 0.5214898952282286 0.022143527815409434 0.025970328094744723
0 0.06654264435268534 0.5559132572372073 0.020824474596620388 0.04045662861860369
0 0.1400642461919933 0.5510245886402179 0.020606108849607688 0.03628996195193679
0 0.9435433710226512 0.476221835121052 0.017976861148742765 0.025776262475795876
0 0.75022567314832 0.4952742674351884 0.02444522689575545 0.030234027570885877
0 0.7129986303320859 0.49873601019798114 0.022143527815409434 0.025970328094744845
0 0.5942987924004826 0.513989956986532 0.017976861148742765 0.025776262475795876
0 0.5603059324577548 0.5196805822968699 0.028939442182940905 0.03667809318983496
0 0.20459298808857349 0.55299093906726 0.025209507010299722 0.04481736090421909
0 0.32564911653727596 0.5430423584215167 0.029157807929953705 0.04084475985650139
0 0.9140993178038622 0.4893981927170054 0.02060610884960757 0.036289961951937025
0 0.8086681893551597 0.5000745194338071 0.025209507010299604 0.044817360904219325
0 0.29883874038770847 0.546989265231682 0.024772775516274357 0.03648402757088576
0 0.11697937584671067 0.5665753779979281 0.020278560229088693 0.03003996195193679
0 0.9937580830690103 0.4850917209768628 0.012483833861979576 0.044817360904219325
0 0.7798836627457653 0.506007726767831 0.03387038896415196 0.05145549214211715
0 0.5783964058483603 0.5277970278440696 0.02499114126328692 0.04065069423755254
0 0.4874394278594848 0.5370692508938594 0.025209507010299722 0.04481736090421909
0 0.8339411465389257 0.5064472464808341 0.020824474596620252 0.04045662861860369
0 0.9838909844705289 0.4926487918344004 0.020278560229088784 0.030039961951937026
0 0.40382870797402914 0.5477227554434764 0.025209507010299722 0.044817360904219325
0 0.257058461479179 0.5627084259707885 0.02082447459662037 0.040456628618603455
0 0.9250618988380607 0.5003000234310444 0.02499114126328692 0.04065069423755254
0 0.894303221768839 0.5082195312889273 0.029703722297485295 0.05126142652316818
0 0.3493300633184869 0.5586930526590694 0.029703722297485295 0.051261426523168056
0 0.6450630725150269 0.5309020777472528 0.02499114126328692 0.04065069423755254
0 0.1054620217082677 0.5847431811410811 0.025209507010299722 0.04481736090421909
0 0.5894135783193117 0.5397405252247753 0.028721076435928458 0.032511426523168296
0 0.18819484923731616 0.5771661601867268 0.024772775516274357 0.03648402757088599
0 0.24417189205355033 0.5745777127092045 0.025209507010299722 0.04481736090421909
0 0.6918834810782738 0.5320436492937619 0.028939442182940905 0.036678093189834726
0 0.9700173398149867 0.5055112288347456 0.025209507010299604 0.04481736090421921
0 0.946222780791913 0.5075203515257892 0.02937617367696627 0.045011426523168294
0 0.8750028780329508 0.5166727195989197 0.025209507010299604 0.044817360904219325
0 0.8543333190098771 0.518827391504175 0.03408875471116488 0.055622158808783816
0 0.7251076315381009 0.5315128409120202 0.02937617367696627 0.04501142652316806
0 0.29400811774329083 0.5737815001365919 0.029376173676966388 0.04501142652316806
0 0.08303667797237954 0.5930508202368618 0.029922088044498037 0.05542809318983473
0 0.6591506535492253 0.5419494576755036 0.03408875471116465 0.055622158808783934
0 0.6281190192962379 0.5446606322000531 0.028721076435928458 0.032511426523168296
0 0.07289296848947872 0.5977739895228228 0.020278560229088693 0.03003996195193679
0 0.7626076315381008 0.5332594314825607 0.017976861148742765 0.025776262475795755
0 0.5281145899278815 0.5597462076072077 0.02499114126328704 0.04065069423755242
0 0.4423113538355861 0.5682193460140169 0.021925162068396748 0.021803661428078176
0 0.9979771264882518 0.5146950352861646 0.0040457470234964415 0.05959475985650151
0 0.7509265030893982 0.5483022346257139 0.029157807929953823 0.04084475985650163
0 0.16165300090315807 0.6060645505921547 0.034088754711164765 0.0556221588087837
0 0.053151463891208735 0.6176369947614115 0.023672088044498066 0.05513699476141151
0 0.9854749118040735 0.5292041579772081 0.02905017639185298 0.05145549214211715
0 0.9300975991244215 0.5369039059785895 0.025209507010299604 0.04481736090421909
0 0.7129307507902634 0.5569237943171027 0.02937617367696627 0.04501142652316806
0 0.6211504718817338 0.5703141676288219 0.02872107643592822 0.03251142652316806
0 0.18703514096043025 0.6145206109725152 0.024772775516274357 0.03648402757088599
0 0.28977800090315803 0.6120320683748351 0.025209507010299722 0.04481736090421909
0 0.5948314186629449 0.5836360744389871 0.03387038896415196 0.051455492142117025
0 0.34158837705272554 0.6092495552783637 0.02499114126328704 0.04065069423755242
0 0.2145006143510357 0.6230737041623501 0.038364604251337774 0.057899557761066
0 0.838149116537276 0.566912429552238 0.03562617367696627 0.04530252495159175
0 0.502118655961255 0.5990612646793022 0.029703722297485413 0.051261426523168056
0 0.13088989446558008 0.633727208711967 0.03387038896415208 0.051455492142117025
0 0.4400007960185272 0.6034419470617346 0.021042840343633056 0.044623295285270356
0 0.08532951831601258 0.6368008202368619 0.025209507010299722 0.04481736090421909
0 0.8930299012500903 0.5632337990033117 0.03408875471116488 0.0556221588087837
0 0.2737118400407762 0.6227141392323726 0.03562617367696639 0.04530252495159175
0 0.4608887207886137 0.6054539418231462 0.029376173676966388 0.04501142652316806
0 0.5499261397544153 0.5992096859638818 0.02937617367696627 0.04501142652316806
0 0.7899004718817337 0.5781738251962545 0.02937617367696627 0.045011426523168294
0 0.7735067623988331 0.5826058960537921 0.029157807929953587 0.04084475985650139
0 0.6572723978578352 0.6052485423184841 0.03430712045817756 0.05978882547545036
0 0.06766691768271947 0.6765040085468544 0.023672088044498066 0.05513699476141151
0 0.39322612015532055 0.6428283427057511 0.03452548620519001 0.06395549214211703
0 0.3477749268792594 0.6479852875639793 0.03562617367696639 0.04530252495159175
0 0.8400598168236368 0.6033707628855713 0.03803705563081886 0.051649557761065994
0 0.6892320865356264 0.6202457011272681 0.03408875471116488 0.0556221588087837
0 0.4762319048681349 0.6404596550847301 0.029922088044498096 0.055428093189834965
0 0.7068312369954534 0.6189871466744676 0.038692152871856914 0.064149557761066
0 0.3107662498100379 0.6556136969934389 0.030358819538523343 0.06376142652316806
0 0.7876990969381813 0.6154797595773055 0.035516990803460165 0.04321919161825818
0 0.5034790125117278 0.6448460816078985 0.038364604251337774 0.057899557761066
0 0.40939703452285225 0.6539727554434764 0.03408875471116465 0.0556221588087837
0 0.1980390253263123 0.6856935591390091 0.038364604251337774 0.057899557761066
0 0.12270704733743681 0.6956935282598574 0.029703722297485413 0.051261426523168056
0 0.10521707975111617 0.6990354160459911 0.025209507010299722 0.04481736090421909
0 0.8756904198689597 0.6289301375752335 0.03803705563081886 0.051649557761065994
0 0.15916538067077018 0.6973916024256608 0.038364604251337774 0.057899557761066
0 0.580066593545926 0.6588044458203834 0.042968002412029686 0.06642695671334829
0 0.5616441421664452 0.6641811505351131 0.02937617367696627 0.04501142652316806
0 0.9986484460267752 0.6259107865958118 0.002703107946449753 0.032511426523168296
0 0.7936126895809491 0.6490071585295879 0.029157807929953587 0.04084475985650163
0 0.3460102834297321 0.6936245552783636 0.029376173676966388 0.04501142652316806
0 0.9301846351561454 0.6377029906215699 0.04253127091800432 0.05809362338001497
0 0.7702002706151475 0.658307947887298 0.02937617367696627 0.04501142652316806
0 0.29041538067077016 0.7035046694225529 0.029703722297485295 0.0512614265231683
0 0.37956198251007817 0.699343746896622 0.030140453791510778 0.059594759856501395
0 0.09314938187678502 0.7265297027844071 0.0385829699983504 0.062066224427732665
0 0.6567087660168777 0.6738044766995351 0.03803705563081863 0.051649557761065994
0 0.4003407244066583 0.6992724083247001 0.03693636815904237 0.07030252495159175
0 0.979568682722078 0.644198444715624 0.04086263455584411 0.05809362338001497
0 0.4709011005562258 0.6973631905134989 0.03869215287185668 0.064149557761066
0 0.25790091888873434 0.7175771444709612 0.034307120458177444 0.0597888254754506
0 0.8494761201553206 0.6640785279806615 0.038364604251337656 0.057899557761066
0 0.8233208412467911 0.6805254347908266 0.029703722297485295 0.0512614265231683
0 0.5019828968776099 0.7154368329175455 0.038364604251337656 0.057899557761066
0 0.9012274754997784 0.6799974984794529 0.04713466907869635 0.06662102233229726
0 0.7236439604989536 0.7018610101979811 0.04998228252657408 0.08130138847510508
0 0.7982072290049284 0.6970208580057289 0.038692152871856914 0.064149557761066
0 0.9981231833250853 0.6780426363338824 0.0037536333498292625 0.057899557761066
0 0.9506771317638903 0.691652769502103 0.03968365747012683 0.043413257237207147
0 0.3511507372212429 0.7520549214211715 0.029922088044497978 0.05542809318983473
0 0.27696960877254034 0.7641867402800903 0.038364604251337656 0.057899557761066
0 0.326860425899034 0.7644321943741444 0.042749636665017 0.062260290046681634
0 0.22466348032383793 0.7773374036384912 0.041103034825709095 0.07049659057054072
0 0.46864070480756354 0.7533706084898129 0.042749636665017 0.062260290046681634
0 0.5391464895203779 0.750419724011945 0.041539766319734404 0.07882992390387406
0 0.3944595763588611 0.7655024273487316 0.04220372229748541 0.05184362338001496
0 0.6955101017622406 0.7400373677939347 0.03693636815904237 0.07030252495159175
0 0.9607027996365718 0.7243325674066675 0.03562617367696627 0.04530252495159175
0 0.09559713779396463 0.8128910033082659 0.041539766319734404 0.07882992390387406
0 0.6405157048075636 0.7613758152714569 0.03869215287185668 0.064149557761066
0 0.7910660485434516 0.7590356939583566 0.045269701492375705 0.07069065618948946
0 0.6733532858417618 0.7732964904849781 0.04253127091800432 0.05809362338001497
0 0.4840340509554814 0.809161138679993 0.04998228252657408 0.08130138847510508
0 0.3992724815298528 0.8176827934915394 0.04559725011289473 0.07694065618948968
0 0.5833243622776902 0.8002770468681012 0.03452548620519001 0.06395549214211703
0 0.620769770840937 0.800981970771975 0.04823535655047285 0.047968055141771986
0 0.9866559912550391 0.7675517590249259 0.02668801748992185 0.08110732285615635
0 0.8360716515887745 0.7850317162906539 0.04253127091800432 0.05809362338001497
0 0.2863268912991145 0.8435959889704433 0.04943636815904237 0.07088472180843866
0 0.9604711457844898 0.7793953515257892 0.04998228252657408 0.08130138847510508
0 0.3277206007820153 0.8403283118265994 0.04998228252657408 0.08130138847510508
0 0.8697325335426268 0.7928342412422454 0.04713466907869635 0.06662102233229726
0 0.43145053595465666 0.8368466189669898 0.03869215287185668 0.064149557761066
0 0.13911548394188253 0.8699914764263514 0.05250234735393278 0.0897317546179129
0 0.7402294595187283 0.8200545075786869 0.053930583446228295 0.07732878742738739
0 0.24723045152820322 0.8708705158523576 0.054148949193240745 0.08149545409405429
0 0.17825765641283406 0.8832449167349626 0.056778196894105785 0.0920091535701952
0 0.5671401598050891 0.8483620849161642 0.04559725011289473 0.07694065618948968
0 0.6300222998623612 0.858564735867065 0.04581561585990765 0.08110732285615635
0 0.8639649977366924 0.8414044433376809 0.04998228252657408 0.08130138847510508
0 0.4609358925051294 0.8839413788234914 0.05020064827358676 0.08546805514177175
0 0.2420132594581569 0.9101142343525302 0.06061731494025343 0.08595321918914417
0 0.8203743426785955 0.8622349046006464 0.05699656264111847 0.09617582023686187
0 0.9571100625640512 0.8540557366926286 0.04866322930778513 0.09578768899896394
0 0.3616411518145641 0.9125686208973126 0.04943636815904237 0.07088472180843843
0 0.5161943879068593 0.9072975652031611 0.06346492838813116 0.10063358533195199
0 0.9353398160692009 0.8748633757884093 0.05699656264111847 0.09617582023686187
0 0.7590163334820555 0.9009420705783415 0.06094486356077245 0.09220321918914418
0 0.39573433589408524 0.948447629444167 0.04998228252657408 0.08130138847510508
0 0.1473720789966803 0.9650941916182583 0.06423806723938838 0.06981161676348341
0 0.5810462490556021 0.9352570658921326 0.054367314940253424 0.08566212076072072
0 0.7114773775043045 0.9257451328890247 0.06039894919324074 0.0817865525224775
0 0.33635490652572886 0.9654253446360739 0.05130133574536302 0.06681508795124623