0 0.5770833333333333 0.4322916666666667 0.03333333333333333 0.040625
0 0.71875 0.4666666666666667 0.03333333333333333 0.03333333333333333
0 0.7479166666666667 0.47291666666666665 0.0375 0.04583333333333333
0 0.5010416666666667 0.434375 0.021875 0.027083333333333334
0 0.19791666666666666 0.39375 0.03333333333333333 0.040625
0 0.44583333333333336 0.43333333333333335 0.029166666666666667 0.04791666666666667
0 0.23333333333333334 0.40208333333333335 0.03958333333333333 0.05
0 0.328125 0.41875 0.03333333333333333 0.03333333333333333
0 0.515625 0.4479166666666667 0.021875 0.027083333333333334
0 0.5625 0.4583333333333333 0.028125 0.040625
0 0.6854166666666667 0.478125 0.03333333333333333 0.040625
0 0.6104166666666667 0.4666666666666667 0.025 0.03958333333333333
0 0.6010416666666667 0.4666666666666667 0.014583333333333334 0.03333333333333333
0 0.2635416666666667 0.41354166666666664 0.028125 0.03125
0 0.8166666666666667 0.5010416666666667 0.034375 0.04583333333333333
0 0.3541666666666667 0.43020833333333336 0.022916666666666665 0.034375
0 0.10520833333333333 0.390625 0.028125 0.035416666666666666
0 0.4197916666666667 0.4427083333333333 0.034375 0.05
0 0.8677083333333333 0.5166666666666667 0.03333333333333333 0.03333333333333333
0 0.3645833333333333 0.43645833333333334 0.022916666666666665 0.03125
0 0.575 0.4708333333333333 0.022916666666666665 0.034375
0 0.18125 0.4083333333333333 0.021875 0.027083333333333334
0 0.7166666666666667 0.49166666666666664 0.03333333333333333 0.03333333333333333
0 0.6364583333333333 0.4791666666666667 0.021875 0.027083333333333334
0 0.53125 0.465625 0.029166666666666667 0.04583333333333333
0 0.659375 0.48541666666666666 0.025 0.04375
0 0.46458333333333335 0.45729166666666665 0.028125 0.040625
0 0.5083333333333333 0.4666666666666667 0.029166666666666667 0.04583333333333333
0 0.16041666666666668 0.41458333333333336 0.029166666666666667 0.04583333333333333
0 0.30416666666666664 0.43645833333333334 0.028125 0.035416666666666666
0 0.11875 0.40729166666666666 0.022916666666666665 0.03125
0 0.2708333333333333 0.4354166666666667 0.021875 0.027083333333333334
0 0.47708333333333336 0.4708333333333333 0.028125 0.035416666666666666
0 0.3854166666666667 0.4552083333333333 0.028125 0.03125
0 0.6229166666666667 0.49270833333333336 0.029166666666666667 0.04583333333333333
0 0.5447916666666667 0.48333333333333334 0.034375 0.04583333333333333
0 0.6729166666666667 0.50625 0.034375 0.04583333333333333
0 0.32708333333333334 0.45625 0.029166666666666667 0.04583333333333333
0 0.6416666666666667 0.50625 0.022916666666666665 0.03125
0 0.8927083333333333 0.55 0.040625 0.059375
0 0.13854166666666667 0.43125 0.021875 0.027083333333333334
0 0.8020833333333334 0.5354166666666667 0.03333333333333333 0.040625
0 0.0875 0.425 0.03333333333333333 0.040625
0 0.8552083333333333 0.546875 0.040625 0.059375
0 0.284375 0.4583333333333333 0.029166666666666667 0.04791666666666667
0 0.3145833333333333 0.4708333333333333 0.040625 0.059375
0 0.20416666666666666 0.4552083333333333 0.034375 0.04583333333333333
0 0.7802083333333333 0.546875 0.03333333333333333 0.035416666666666666
0 0.7145833333333333 0.5395833333333333 0.03958333333333333 0.05
0 0.25625 0.47291666666666665 0.035416666666666666 0.05416666666666667
0 0.3333333333333333 0.48541666666666666 0.022916666666666665 0.034375
0 0.10208333333333333 0.45208333333333334 0.03958333333333333 0.05416666666666667
0 0.48333333333333334 0.5145833333333333 0.034375 0.05
0 0.45416666666666666 0.5114583333333333 0.04375 0.05625
0 0.6645833333333333 0.5447916666666667 0.03958333333333333 0.05
0 0.50625 0.5229166666666667 0.029166666666666667 0.04791666666666667
0 0.6354166666666666 0.5479166666666667 0.035416666666666666 0.035416666666666666
0 0.159375 0.4739583333333333 0.034375 0.04583333333333333
0 0.7354166666666667 0.565625 0.03333333333333333 0.040625
0 0.23229166666666667 0.48854166666666665 0.03958333333333333 0.05416666666666667
0 0.21458333333333332 0.48541666666666666 0.034375 0.05
0 0.9177083333333333 0.6104166666666667 0.0375 0.04583333333333333
0 0.6395833333333333 0.56875 0.035416666666666666 0.03333333333333333
0 0.2864583333333333 0.5145833333333333 0.03958333333333333 0.05416666666666667
0 0.06458333333333334 0.48333333333333334 0.034375 0.04583333333333333
0 0.17604166666666668 0.5041666666666667 0.03333333333333333 0.040625
0 0.6885416666666667 0.5854166666666667 0.03958333333333333 0.05416666666666667
0 0.5541666666666667 0.5697916666666667 0.034375 0.04583333333333333
0 0.721875 0.6052083333333333 0.03958333333333333 0.05416666666666667
0 0.83125 0.625 0.041666666666666664 0.046875
0 0.6302083333333334 0.5958333333333333 0.04375 0.052083333333333336
0 0.5677083333333334 0.590625 0.0375 0.04583333333333333
0 0.38645833333333335 0.5666666666666667 0.05 0.06041666666666667
0 0.7885416666666667 0.6354166666666666 0.04375 0.05625
0 0.7645833333333333 0.6375 0.025 0.04375
0 0.9072916666666667 0.6645833333333333 0.04375 0.05625
0 0.04583333333333333 0.540625 0.05 0.06041666666666667
0 0.465625 0.6114583333333333 0.041666666666666664 0.041666666666666664
0 0.28958333333333336 0.5833333333333334 0.0375 0.06458333333333334
0 0.5677083333333334 0.6354166666666666 0.0375 0.04583333333333333
0 0.26666666666666666 0.5895833333333333 0.040625 0.059375
0 0.5364583333333334 0.6375 0.04583333333333333 0.065625
0 0.13125 0.5791666666666667 0.04791666666666667 0.05625
0 0.459375 0.6520833333333333 0.052083333333333336 0.07083333333333333
0 0.103125 0.6083333333333333 0.05 0.065625
0 0.7072916666666667 0.715625 0.058333333333333334 0.08125
0 0.58125 0.7104166666666667 0.05 0.065625
0 0.6083333333333333 0.7166666666666667 0.040625 0.06458333333333334
0 0.2947916666666667 0.671875 0.046875 0.046875
0 0.6447916666666667 0.7270833333333333 0.05416666666666667 0.09375
0 0.190625 0.6625 0.03958333333333333 0.05416666666666667
0 0.6239583333333333 0.7354166666666667 0.041666666666666664 0.06875
0 0.81875 0.7791666666666667 0.06041666666666667 0.071875
0 0.35 0.7083333333333334 0.05 0.065625
0 0.75625 0.7729166666666667 0.053125 0.07916666666666666
0 0.48541666666666666 0.7364583333333333 0.0625 0.08541666666666667
0 0.2947916666666667 0.7177083333333333 0.065625 0.08125
0 0.9333333333333333 0.8239583333333333 0.053125 0.084375
0 0.052083333333333336 0.6979166666666666 0.09166666666666666 0.134375
0 0.15104166666666666 0.721875 0.04583333333333333 0.065625
0 0.5302083333333333 0.7822916666666667 0.071875 0.09166666666666666
0 0.39791666666666664 0.7635416666666667 0.052083333333333336 0.07083333333333333
0 0.725 0.8145833333333333 0.05625 0.071875
0 0.33541666666666664 0.7875 0.046875 0.07083333333333333
0 0.004166666666666667 0.7520833333333333 0.008333333333333333 0.05
0 0.8708333333333333 0.9083333333333333 0.090625 0.11666666666666667
0 0.11875 0.7885416666666667 0.06041666666666667 0.07708333333333334
0 0.6104166666666667 0.878125 0.078125 0.096875
0 0.2791666666666667 0.828125 0.10208333333333333 0.13541666666666666
0 0.6989583333333333 0.9395833333333333 0.11041666666666666 0.12083333333333333