0 0.4120263242340993 0.17580475540848794 0.07272834518845363 0.08661670238048161
0 0.27465192335149424 0.24314180356962403 0.08115871133126132 0.08884549458821679
0 0.19003721339817592 0.28121600108103856 0.0727283451884535 0.08661670238048166
0 0.6156364882814717 0.1897669821386988 0.06609021395055568 0.07817427489134694
0 0.7664327008540842 0.14243978895583212 0.0768950118551203 0.08668943181768256
0 0.3862329837318546 0.27006913365544805 0.05073061814142647 0.061253055194477095
0 0.504132510613769 0.23153510497497412 0.05896691866528533 0.05931518073554554
0 0.34994589385028557 0.29545623538730653 0.07093611028354362 0.09283033766188116
0 0.1865783427057511 0.36338039123260363 0.06153541604599108 0.06976821212081272
0 0.3076028695876655 0.3249009096300303 0.07946350923582593 0.09714246320294961
0 0.44454349489800327 0.2929441634169605 0.0745205800933635 0.08040306709908206
0 0.2747318781345199 0.35659255843978954 0.07500574414073581 0.09081973376574873
0 0.5455594673271175 0.27180936796171606 0.07272834518845363 0.08661670238048166
0 0.5920463360892195 0.2642942407968929 0.0858105420453003 0.09933489069208434
0 0.5197375605169523 0.29841995995324344 0.06609021395055568 0.07817427489134694
0 0.6870063741372825 0.24721701785251377 0.07926944361687684 0.092975796536283
0 0.8006193793758711 0.22838374404220535 0.0797546076642495 0.10339246320294967
0 0.06885293134596893 0.47269320616851024 0.07946350923582593 0.09714246320294961
0 0.4178283427057511 0.3674168749972539 0.08115871133126132 0.08884549458821679
0 0.23471764129928724 0.4360372326825133 0.0727283451884535 0.08661670238048155
0 0.7741924535416744 0.26435115367443257 0.06381281499827338 0.07397124350607982
0 0.1647347810840395 0.47540764989079776 0.07689501185512022 0.08668943181768256
0 0.38757436503804843 0.41060322185894693 0.09424090818810811 0.10156368289981946
0 0.46734605072874663 0.40262826352506437 0.07946350923582593 0.09714246320294961
0 0.653293525777155 0.3725677548657718 0.0709361102835435 0.09283033766188116
0 0.31178102453580375 0.5039948468594961 0.0745205800933635 0.08040306709908217
0 0.7355851924438217 0.37400416125048974 0.08174090818810811 0.10134549458821666
0 0.6128654634664719 0.4207806114677959 0.08401830714039041 0.10554852597348395
0 0.8294094030861116 0.39958072456154325 0.08174090818810811 0.10134549458821679
0 0.23746599834286097 0.6067796542193455 0.09225460766424938 0.10361065151455241
0 0.48128446484441495 0.5454638733734993 0.09710050399723731 0.11826671428508652
0 0.4964329170081463 0.6695858479405347 0.09186647642635155 0.09527731818121907