0 0.13541666666666666 0.39895833333333336 0.010416666666666666 0.014583333333333334
0 0.146875 0.4010416666666667 0.010416666666666666 0.014583333333333334
0 0.40520833333333334 0.378125 0.010416666666666666 0.014583333333333334
0 0.17916666666666667 0.4 0.010416666666666666 0.014583333333333334
0 0.3645833333333333 0.39166666666666666 0.010416666666666666 0.010416666666666666
0 0.41770833333333335 0.38645833333333335 0.010416666666666666 0.010416666666666666
0 0.035416666666666666 0.421875 0.015625 0.015625
0 0.3770833333333333 0.39479166666666665 0.015625 0.015625
0 0.22916666666666666 0.41041666666666665 0.015625 0.015625
0 0.21770833333333334 0.41041666666666665 0.00625 0.014583333333333334
0 0.32395833333333335 0.4041666666666667 0.010416666666666666 0.014583333333333334
0 0.43020833333333336 0.39479166666666665 0.009375 0.00625
0 0.16666666666666666 0.41770833333333335 0.015625 0.020833333333333332
0 0.022916666666666665 0.43020833333333336 0.015625 0.020833333333333332
0 0.5333333333333333 0.3854166666666667 0.015625 0.015625
0 0.31354166666666666 0.40729166666666666 0.010416666666666666 0.010416666666666666
0 0.3385416666666667 0.40520833333333334 0.015625 0.015625
0 0.38645833333333335 0.4010416666666667 0.010416666666666666 0.010416666666666666
0 0.20729166666666668 0.4166666666666667 0.00625 0.014583333333333334
0 0.1125 0.425 0.015625 0.020833333333333332
0 0.19583333333333333 0.42083333333333334 0.015625 0.015625
0 0.9604166666666667 0.353125 0.010416666666666666 0.014583333333333334
0 0.26979166666666665 0.415625 0.015625 0.020833333333333332
0 0.54375 0.39166666666666666 0.00625 0.014583333333333334
0 0.553125 0.39166666666666666 0.00625 0.009375
0 0.0020833333333333333 0.44166666666666665 0.003125 0.022916666666666665
0 0.09895833333333333 0.43333333333333335 0.015625 0.015625
0 0.31875 0.41875 0.015625 0.015625
0 0.16875 0.43854166666666666 0.015625 0.020833333333333332
0 0.9541666666666667 0.371875 0.020833333333333332 0.025
0 0.9354166666666667 0.378125 0.010416666666666666 0.01875
0 0.26666666666666666 0.4395833333333333 0.015625 0.020833333333333332
0 0.9145833333333333 0.384375 0.015625 0.015625
0 0.6802083333333333 0.409375 0.021875 0.03333333333333333
0 0.9291666666666667 0.3885416666666667 0.015625 0.025
0 0.5822916666666667 0.42291666666666666 0.03125 0.03958333333333333
0 0.9854166666666667 0.38958333333333334 0.015625 0.020833333333333332
0 0.971875 0.3958333333333333 0.015625 0.025
0 0.9145833333333333 0.403125 0.015625 0.025
0 0.5020833333333333 0.44166666666666665 0.021875 0.0375
0 0.05 0.48125 0.034375 0.03958333333333333
0 0.9541666666666667 0.40208333333333335 0.020833333333333332 0.020833333333333332
0 0.22291666666666668 0.46875 0.03125 0.03958333333333333
0 0.6052083333333333 0.4354166666666667 0.020833333333333332 0.025
0 0.44583333333333336 0.45416666666666666 0.015625 0.020833333333333332
0 0.32708333333333334 0.4666666666666667 0.035416666666666666 0.04791666666666667
0 0.571875 0.44583333333333336 0.020833333333333332 0.025
0 0.9510416666666667 0.4166666666666667 0.015625 0.020833333333333332
0 0.528125 0.45625 0.04583333333333333 0.05
0 0.6333333333333333 0.446875 0.03125 0.03125
0 0.27291666666666664 0.48020833333333335 0.027083333333333334 0.034375
0 0.259375 0.4822916666666667 0.027083333333333334 0.029166666666666667
0 0.3625 0.47291666666666665 0.035416666666666666 0.04791666666666667
0 0.5489583333333333 0.45625 0.021875 0.03333333333333333
0 0.13958333333333334 0.49166666666666664 0.03333333333333333 0.04791666666666667
0 0.9302083333333333 0.42604166666666665 0.015625 0.015625
0 0.4666666666666667 0.4708333333333333 0.03125 0.04375
0 0.9635416666666666 0.42916666666666664 0.020833333333333332 0.020833333333333332
0 0.39375 0.48125 0.03333333333333333 0.04791666666666667
0 0.121875 0.5041666666666667 0.040625 0.04791666666666667
0 0.30625 0.49375 0.040625 0.04791666666666667
0 0.184375 0.5083333333333333 0.03125 0.04375
0 0.22708333333333333 0.5083333333333333 0.046875 0.06458333333333334
0 0.16979166666666667 0.5239583333333333 0.027083333333333334 0.04375
0 0.034375 0.5427083333333333 0.0375 0.058333333333333334
0 0.509375 0.5041666666666667 0.034375 0.071875
0 0.9802083333333333 0.4666666666666667 0.034375 0.06666666666666667
0 0.9364583333333333 0.4708333333333333 0.040625 0.053125
0 0.478125 0.5166666666666667 0.04583333333333333 0.05416666666666667
0 0.10416666666666667 0.5510416666666667 0.040625 0.053125
0 0.40520833333333334 0.5291666666666667 0.03125 0.034375
0 0.6822916666666666 0.5104166666666666 0.025 0.025
0 0.017708333333333333 0.5677083333333334 0.034375 0.071875
0 0.528125 0.5229166666666667 0.041666666666666664 0.06666666666666667
0 0.321875 0.5572916666666666 0.04583333333333333 0.059375
0 0.8145833333333333 0.5354166666666667 0.046875 0.06458333333333334
0 0.9458333333333333 0.5260416666666666 0.035416666666666666 0.053125
0 0.7135416666666666 0.5479166666666667 0.022916666666666665 0.05625
0 0.43645833333333334 0.575 0.04583333333333333 0.05416666666666667
0 0.734375 0.5541666666666667 0.03125 0.04375
0 0.6958333333333333 0.559375 0.041666666666666664 0.06666666666666667
0 0.9104166666666667 0.5427083333333333 0.040625 0.053125
0 0.6072916666666667 0.6416666666666667 0.046875 0.06875
0 0.59375 0.7458333333333333 0.04583333333333333 0.059375