0 0.9705507802414624 0.4191334667548175 0.02331870449537329 0.08650849540173008
0 0.8086074964374871 0.4273384607247432 0.041644372833561503 0.0729078079299537
0 0.34541038013593933 0.42705819613966994 0.030560899269762132 0.04944522689575545
0 0.3617739527584548 0.43834832579438726 0.025909282132453627 0.0325601944820761
0 0.8434482844202665 0.4489862362410175 0.0350912787894103 0.062163592642768016
0 0.8881490228736877 0.4544586680214037 0.04152313521590116 0.06874114126328704
0 0.7692171664471971 0.4544852442315426 0.041341278789410296 0.06249114126328704
0 0.5492133339496247 0.45025811774329083 0.026394232603095702 0.049226861148742765
0 0.5679936433540397 0.4501990969381812 0.03062151807859242 0.051528560229088666
0 0.25813369288339777 0.45065210688915697 0.04134127878941036 0.06249114126328704
0 0.7367436433540396 0.4590429096921944 0.04581103950022817 0.07312617367696639
0 0.41858066895447954 0.4580175214824782 0.035273135215901044 0.06841359264276801
0 0.6636148108564671 0.46251317578613926 0.030075948799120292 0.03277856022908878
0 0.448819311692228 0.4585590064816534 0.034848803554089376 0.053830259309434796
0 0.5176299305010582 0.4600787079740291 0.041098803554089375 0.05415780792995371
0 0.3902435031235737 0.4638352193568094 0.026394232603095584 0.049226861148742765
0 0.22741009967500733 0.4667772885566484 0.017757805225611042 0.038373462988050736
0 0.17214114753284376 0.4659672757420639 0.034848803554089376 0.053830259309434796
0 0.5401828843147435 0.47377971958259885 0.030560899269762132 0.04944522689575533
0 0.020258143881654884 0.4652340012060148 0.04051628776330977 0.06260032413679349
0 0.611966956101498 0.48067152871856744 0.04152313521590116 0.06874114126328704
0 0.6651525749103283 0.4813723586596456 0.030257805225610925 0.03902856022908878
0 0.7005995509814101 0.48218680084258664 0.030257805225610925 0.03902856022908878
0 0.9112283834789826 0.48592260440005997 0.03527313521590116 0.06841359264276801
0 0.9508117168123159 0.4879970789966803 0.05193980188256783 0.06928705563081874
0 0.8276828843147435 0.48884695612647316 0.041098803554089375 0.05415780792995371
0 0.29570545860878056 0.4860053233823576 0.04342461212274363 0.06260032413679349
0 0.14025465004012624 0.4862045326394689 0.04306089926976225 0.05010032413679338
0 0.8774100996750074 0.5008423450906253 0.054023135215901165 0.0693962385043251
0 0.06194779361363552 0.4883601748829812 0.04109880355408936 0.054157807929953825
0 0.6560311970622019 0.5080189604989537 0.03472756593642903 0.04966359264276801
0 0.48370155599597503 0.5146363734346809 0.04128065998058001 0.060407807929953705
0 0.27494389100083 0.5183014194173806 0.03062151807859242 0.051528560229088784