0 0.8367135730436732 0.08921713126974302 0.033215291723114146 0.037681807181592336
0 0.7607309271821163 0.07003079403392139 0.026965291723114147 0.03764544574527389
0 0.547857645861557 0.021931625677866204 0.033215291723114146 0.03768180718159235
0 0.5892159203976061 0.1752505533382314 0.04307718528553603 0.06689695576335032
0 0.7677687931549184 0.22419140046120165 0.044942152871856676 0.06274240957545647
0 0.4568195002257895 0.1526119631755435 0.047243851952202695 0.06692119672089596
0 0.47121547339060554 0.010030894869324809 0.025764280114544392 0.014728779078607217
0 0.9802245556308188 0.12754132382629504 0.03955088873836251 0.04396816861791084
0 0.41274195160527055 0.1461074331213142 0.049218002412029685 0.06484998386633543
0 0.7052687931549184 0.22382778609801693 0.047243851952202695 0.06692119672089596
0 0.6207890396497686 0.20146796694710398 0.043295551032548944 0.07106362243001699
0 0.34459688677791184 0.1373801842278641 0.049218002412029685 0.06484998386633549
0 0.21488873511206996 0.1064264414500021 0.05173806723938838 0.07319543767844161
0 0.13046357304367326 0.08510828896575583 0.058533981606920096 0.08364846578142675
0 0.5283580928685576 0.18635133254776642 0.04253127091800432 0.05648028909668366
0 0.7258793313728825 0.23956793064635876 0.04494215287185691 0.06274240957545653
0 0.9926227363180848 0.31302465312621225 0.014754527363830287 0.06475302003615285
0 0.6797037222974853 0.05393915560116768 0.033215291723114146 0.03768180718159235
0 0.6628732813205592 0.0507171917709851 0.022689442182940903 0.0355378714543949
0 0.8433058487857371 0.27461561721825045 0.049218002412029685 0.06484998386633549
0 0.8731822041301951 0.28832697058773665 0.04746221769921562 0.07108786338756255
0 0.9589765814857772 0.31590118331136935 0.046807120458177566 0.05858786338756256
0 0.3785262965471735 0.16881805164884287 0.05173806723938838 0.07319543767844158
0 0.7704880672393883 0.07737700285506577 0.026419377355582203 0.027228779078607226
0 0.9404892409163549 0.12210270139627806 0.042312905170991635 0.05231362243001699
0 0.48635944821301536 0.1996445293995902 0.05173806723938838 0.07319543767844164
0 0.787328805969503 0.27949669762471757 0.04746221769921562 0.07108786338756255
0 0.9235599148191107 0.31569513517223136 0.054367314940253424 0.08362422482388113
0 0.5964942989592033 0.23464979429577706 0.055904733906055055 0.07321967863598727
0 0.23790572591553 0.14821431290439702 0.058533981606920096 0.08364846578142675
0 0.46919702924721374 0.20995817199668787 0.055904733906055055 0.07321967863598727
0 0.3004012965471735 0.16836353369486196 0.05075542137783143 0.05444543767844164
0 0.5986219259761014 0.036805850501747304 0.029266990803460166 0.041824232890713374
0 0.2614774898232347 0.16084763817089806 0.04768058344622806 0.07525453005422929
0 0.1085797143069603 0.1245522367932017 0.0641288843658821 0.07118482721774519
0 0.5519755894763025 0.23959753733549466 0.04494215287185691 0.06274240957545647
0 0.786604390170167 0.08684290644586194 0.029266990803460166 0.041824232890713374
0 0.31787210764359286 0.004973373012855604 0.02741088195385236 0.0064075662240467065
0 0.5861219259761015 0.036733127629110365 0.026965291723114147 0.03764544574527388
0 0.4091625026378193 0.21689834477894265 0.049218002412029685 0.06484998386633543
0 0.3374557063164352 0.19981958183399998 0.049218002412029685 0.06484998386633549
0 0.6719221717165156 0.28299067771949254 0.05666901402059944 0.0878030119693206
0 0.8549692597610137 0.33820576580000844 0.05173806723938838 0.07319543767844164
0 0.7000973337849123 0.3039815772768726 0.05173806723938838 0.07319543767844164
0 0.3670546751087708 0.2281082082974331 0.05568636815904237 0.06905301196932061
0 0.9838984041907664 0.38796405073234813 0.03220319161846727 0.08570755815721445
0 0.14979636137453223 0.1758181323171656 0.06270064827358676 0.08367270673897238
0 0.10544585557024737 0.16410526892960295 0.06697649781375976 0.0857802810298514
0 0.8004190140205995 0.09213002289121862 0.02016937735558244 0.027192417642288753
0 0.8015668732088914 0.35247396668524833 0.06018058344622806 0.07532725292686623
0 0.29189090079851127 0.22454687106161145 0.05996221769921538 0.07116058626019957
0 0.4462124830387245 0.2681399993453609 0.06270064827358676 0.08367270673897238
0 0.5507022689575537 0.29478162971128236 0.044942152871856676 0.06274240957545653
0 0.6320570224627036 0.3171232681440361 0.050746562641118466 0.09401665053300216
0 0.19441539499422641 0.2125249354653418 0.06697649781375976 0.08578028102985134
0 0.8714588640123515 0.39453454891203177 0.05710574551462481 0.09613634530265394
0 0.9267173594140814 0.41568301469345853 0.05688737976761213 0.09196967863598728
0 0.3286133325788975 0.2695385256280297 0.062482282526574076 0.07950604007230572
0 0.6031588836114462 0.3419475212018301 0.06511153022743912 0.08993482721774532
0 0.4265329895974452 0.011853637909042432 0.028065979194890407 0.01890756622404671
0 0.710949292929129 0.07390656921004028 0.025209507010299604 0.04388332526650108
0 0.09753596562586994 0.23174693962968576 0.07607411126163746 0.10041209627827605
0 0.2376637743102595 0.0045067345801018946 0.025327548620519023 0.006395445745273885
0 0.9030984237898613 0.12396786611170058 0.026637743102594886 0.03139544574527389
0 0.8471804017787365 0.1101050067575541 0.03299692597610147 0.03351514051492567
0 0.5208672169447796 0.3414687622903036 0.06270064827358676 0.08367270673897238
0 0.2530629888430093 0.2784711281528216 0.07322649781375977 0.0858166424661699
0 0.48645390396497684 0.022615738220734573 0.035407807929953704 0.039777260993698514
0 0.9854948439616777 0.14631556478384067 0.02247107643592822 0.031371204787728264
0 0.8912372425739487 0.4540065127422144 0.07607411126163725 0.10041209627827594
0 0.813389629126071 0.43897472169428653 0.07629247700865018 0.1045787629449426
0 0.36187878637040816 0.32804760590356896 0.08067750942232953 0.10876967056915501
0 0.6944256927474147 0.4143315813102887 0.06763159505479782 0.09828028102985134
0 0.4369835398755581 0.35035288290000416 0.052393164480426434 0.08569543767844152
0 0.25345254862051897 0.007722638170898071 0.03190509724103799 0.012681807181592354
0 0.1812927423481592 0.2999219113957728 0.07322649781375977 0.0858166424661699
0 0.5508690336196942 0.03965207948997236 0.026637743102594886 0.03139544574527389
0 0.5688503241367934 0.0449634368928747 0.026637743102595125 0.03139544574527388
0 0.6207108623547576 0.06088538862280888 0.03979284034363294 0.04396816861791083
0 0.9759066270912592 0.5253913278597112 0.0481867458174816 0.09624542961160927
0 0.40419169154139994 0.38036122833358593 0.08067750942232953 0.10876967056915501
0 0.08995362430201152 0.3056386103297685 0.08912002562916914 0.11090148581757961
0 0.738053221768839 0.4718595973130254 0.08089587516934221 0.11293633723582168
0 0.8878009724103801 0.13012696252090442 0.03387038896415196 0.05018180718159234
0 0.4917374242414401 0.4214831679632718 0.07256254183600888 0.1128878553207303
0 0.9180844926868434 0.5291398380087154 0.07190744459497082 0.1003878553207303
0 0.5941984682636893 0.449154344517087 0.06927819689410579 0.08995906817529094
0 0.6978989491932407 0.08320278609801693 0.026637743102594886 0.03139544574527389
0 0.3651838391376182 0.013579417118577467 0.030367678275236423 0.0230863533694862
0 0.3296579895974452 0.011290035646106134 0.03014931252822374 0.01891968670281953
0 0.138650849540173 0.0028893451717261053 0.027301699080346017 0.004324232890713374
0 0.6367180024120297 0.06826795888027172 0.029266990803460166 0.041824232890713374
0 0.3832197210914705 0.01993244118814647 0.03727277551627436 0.035622714805804666
0 0.23132518694312998 0.40018250168938857 0.08067750942232947 0.1087696705691549
0 0.9811902035271876 0.6024989021505902 0.03761959294562492 0.12537573484195738
0 0.7276661216641922 0.0948308061341698 0.03562617367696627 0.04394392766036518
0 0.7657666274684771 0.10650730808541396 0.03979284034363294 0.04396816861791084
0 0.8079792085026756 0.1171663843275371 0.026965291723114147 0.03764544574527389
0 0.46814063545900214 0.030839987245112496 0.026637743102595125 0.031395445745273885
0 0.07233232700040215 0.40654695172993416 0.10720606965141816 0.13808178298109558
0 0.43672973918169355 0.5044710676515796 0.08243329413514383 0.10253179104792783
0 0.7631904198689596 0.5938436816219809 0.08812852103089928 0.13172269867214012
0 0.621860160559525 0.5596982762108683 0.0925135534445784 0.13591360629635243
0 0.58874674430861 0.06694752120183009 0.026637743102594886 0.03139544574527389
0 0.5127640984470528 0.04776118396600846 0.03595372229748541 0.050193927660365185
0 0.8286383574536308 0.6504572959851654 0.09515165988215651 0.10677118058723162
0 0.9986676586761417 0.1734958619473566 0.0026646826477166505 0.03964393572719747
0 0.5519608623547576 0.06048541282330569 0.026419377355582203 0.027228779078607226
0 0.7018974121812914 0.09988763348284285 0.026637743102594886 0.03139544574527389
0 0.6660440140205994 0.0913482520103715 0.035953722297485294 0.050193927660365185
0 0.30575424770086507 0.012192316806885328 0.02817516206839675 0.020990899557380042
0 0.9720579308001608 0.1681057214324309 0.03595372229748553 0.05019392766036515
0 0.4054222697119895 0.02630970621526112 0.03584453942397907 0.048110594327031846
0 0.22997955751420213 0.5334673531076305 0.10336695160527055 0.14430754202354995
0 0.14506462385043253 0.006050706608044576 0.027629247700865042 0.010574232890713376
0 0.8529302201112451 0.14033758104843308 0.03562617367696627 0.04394392766036515
0 0.595027637568175 0.6636770754565562 0.08758260666336734 0.12130603200547346
0 0.4082506143510357 0.616771079751828 0.09854518769756583 0.1317833010660043
0 0.0611203746406958 0.5304022609936985 0.07485538217964184 0.1566378553207303
0 0.6885328079299537 0.043577031088978715 0.02389931252822374 0.01888332526650105
0 0.8340710372377387 0.1381451634061443 0.03573535655047285 0.046027260993698485
0 0.43513485074618785 0.036896059584747315 0.029266990803460048 0.041824232890713374
0 0.9835907877278516 0.17860723145050733 0.03281842454429693 0.048134835284577446
0 0.7909259724103801 0.1295633602579681 0.03299692597610147 0.0335151405149257
0 0.2589338391376182 0.012961272701163463 0.03453434494190303 0.023110594327031844
0 0.6145876503827596 0.7189823726200721 0.11520299562751954 0.17145147775074723
0 0.8204968136571712 0.7732891193004224 0.10106525252492442 0.14012875487811036
0 0.9432408472768654 0.8104504404025796 0.10577783355912279 0.15056966250232287
0 0.6158256482735868 0.08689069385315706 0.03562617367696627 0.04394392766036518
0 0.16000196969549357 0.6288643492051423 0.09251355344457851 0.13591360629635243
0 0.3461018611487427 0.027005939236902313 0.038037055630818745 0.050206048139138
0 0.188978398160692 0.009430236662273873 0.032123462988050674 0.016848473848259018
0 0.28530305442480386 0.01936277868582376 0.04560610884960769 0.03567119672089596
0 0.9351038451676925 0.17830421948118677 0.042312905170991635 0.05231362243001699
0 0.5784348311470932 0.08875585856857958 0.03562617367696627 0.04394392766036515
0 0.24018383913761818 0.012852188392208051 0.026201011608569698 0.02306211241194055
0 0.49385918287350633 0.004955886802492535 0.01688503241367935 0.004263630496849256
0 0.8908625222369141 0.16867468942695749 0.026965291723114147 0.03764544574527389
0 0.7030984237898612 0.12280430014950952 0.02948535655047285 0.04599089955738004
0 0.2226937592323674 0.7521082687986751 0.11498462988050685 0.1672848110840808
0 0.5965798959744518 0.09719221597148192 0.02948535655047285 0.04599089955738004
0 0.9006742537309393 0.17706256491476852 0.03387038896415196 0.05018180718159234
0 0.6759470985957752 0.9141726260706496 0.11542136137453222 0.1716547478587008
0 0.5409894225838463 0.08957935661733542 0.029485356550472613 0.04599089955738004
0 0.5273385730436733 0.08741724017197873 0.035735356550472615 0.04602726099369851
0 0.19106173149402533 0.009442357141046695 0.03629012965471734 0.016872714805804667
0 0.5094118739633272 0.08314754943574307 0.03321529172311403 0.037681807181592336
0 0.8927140893992351 0.9564271359577982 0.1360540464342788 0.08714572808440361
0 0.7436098115479983 0.14074292257952647 0.04187617367696627 0.04398028909668365
0 0.45990762626246223 0.07244605151791504 0.04253127091800432 0.05648028909668366
0 0.4124321204581774 0.06071500741219317 0.03573535655047273 0.04602726099369851
0 0.13601717247095152 0.01224616445356687 0.03453434494190303 0.02311059432703184
0 0.664720531433454 0.12570507129221226 0.026965291723114147 0.03764544574527389
0 0.3291812814692815 0.9162195979676645 0.11401084275566285 0.10896359822952016
0 0.733047088044498 0.05841489447654135 0.026419377355582203 0.027228779078607226
0 0.7108991308607322 0.05307929611609337 0.02641937735558244 0.027228779078607213
0 0.6359035602290888 0.03285735245299146 0.020169377355582205 0.027192417642288753
0 0.6243360440222491 0.0307073564864076 0.026419377355582203 0.02722877907860722
0 0.5737355382179641 0.0189581316625265 0.02620101160856952 0.023062112411940547
0 0.8433279956275196 0.1756875850818492 0.030695226895755448 0.02933635336948619
0 0.7968941564899015 0.16396260121551373 0.029266990803460166 0.041824232890713374
0 0.32515491557354653 0.04458700754312099 0.044942152871856794 0.06274240957545647
0 0.7136198439616777 0.1447338423039872 0.03573535655047285 0.046027260993698485
0 0.47520064827358677 0.08607256153599147 0.03573535655047273 0.04602726099369851
0 0.7811599736163951 0.1617883642913842 0.03573535655047285 0.046027260993698485
0 0.148680946781211 0.01544388732620381 0.03902856022908866 0.029384835284577488
0 0.48594486356077243 0.09238316392985559 0.02948535655047273 0.04599089955738004
0 0.9857242831295816 0.22130950454445428 0.028551433740836765 0.05018180718159234
0 0.6052909399967009 0.12431797098052014 0.0338703889641522 0.05018180718159237
0 0.9156028531582175 0.10425498255705727 0.026419377355582203 0.027228779078607226
0 0.7467525290214243 0.0616186775885647 0.020169377355582205 0.027192417642288753
0 0.48037210764359284 0.005918770357135848 0.019077548620519025 0.006359084308955413
0 0.8988270036180446 0.10207468539354132 0.03299692597610147 0.03351514051492567
0 0.8830382293077851 0.09885878180274515 0.026637743102594886 0.03139544574527389
0 0.4345387743102595 0.005652119824133728 0.02741088195385236 0.006407566224046709
0 0.2079423345393482 0.033491594065176204 0.04921800241202975 0.06484998386633546
0 0.9202932873506336 0.21362392231767086 0.02948535655047285 0.04599089955738004
0 0.7472217051104205 0.16992170972496598 0.04001120609064562 0.048134835284577446
0 0.9733046751087708 0.23163526762032477 0.03573535655047285 0.046027260993698485
0 0.675733274536049 0.15700961344668996 0.04253127091800432 0.05648028909668366
0 0.5702018219505531 0.13036192284138212 0.051519701492375704 0.06902877101177497
0 0.1369452268957554 0.0299544977869002 0.044723787124844115 0.0585757429087898
0 0.5420768219505532 0.130198296377949 0.029485356550472613 0.04599089955738004
0 0.7014429632138401 0.17069672585863052 0.03595372229748553 0.05019392766036515
0 0.5150200648273587 0.01132709159022077 0.02587346298805073 0.016812112411940548
0 0.419900849540173 0.0045256098060572954 0.02313503241367935 0.0042999919331677275
0 0.8154435082163147 0.08076259314868146 0.03299692597610147 0.03351514051492567
0 0.9898341436753169 0.2453102595534925 0.020331712649366316 0.06268180718159234
0 0.8808191368908066 0.21547696655432053 0.044942152871856676 0.06274240957545647
0 0.41861867028471134 0.09928091503640549 0.04680712045817733 0.05858786338756262
0 0.2868271852855361 0.06831505177977068 0.04637038896415208 0.050254530054229286
0 0.17712906603337356 0.041643120216917184 0.04494215287185674 0.06274240957545647
0 0.8451841044771273 0.21110425174851588 0.03573535655047285 0.046027260993698485
0 0.22482293758467106 0.057540830989305715 0.0416578079299537 0.03981362243001697
0 0.49810845620354044 0.12577709965705305 0.04253127091800432 0.05648028909668366
0 0.2469708947684369 0.0628764293497537 0.0385829699983504 0.06062271480580466
0 0.3241589816069201 0.08519382682496175 0.051519701492375704 0.06902877101177494
0 0.352884487411205 0.09681578662172823 0.04253127091800432 0.05648028909668366
0 0.9354726971198952 0.2449527054296942 0.05173806723938838 0.07319543767844164
0 0.8235274702241399 0.21514365338806787 0.038364604251337656 0.05645604813913797
0 0.8684003045376986 0.09773227178466873 0.026965291723114147 0.03764544574527389
0 0.6644888775813719 0.18089522390738638 0.049218002412029685 0.06484998386633549
0 0.7869599540173002 0.21284821167621015 0.038582969998350335 0.06062271480580463
0 0.6266067375240997 0.17338538862280886 0.035735356550472615 0.046027260993698485
0 0.8062012769480787 0.22233229598516555 0.038582969998350335 0.060622714805804695
0 0.8611868151660429 0.23827242843325896 0.04494215287185691 0.06274240957545642
0 0.26719486356077243 0.0911105136587091 0.04253127091800432 0.05648028909668366