0 0.6052083333333333 0.08541666666666667 0.010416666666666666 0.010416666666666666
0 0.6583333333333333 0.08333333333333333 0.020833333333333332 0.015625
0 0.5666666666666667 0.09479166666666666 0.015625 0.015625
0 0.7208333333333333 0.08020833333333334 0.020833333333333332 0.015625
0 0.7479166666666667 0.078125 0.020833333333333332 0.015625
0 0.509375 0.10208333333333333 0.015625 0.015625
0 0.6104166666666667 0.09270833333333334 0.010416666666666666 0.010416666666666666
0 0.5260416666666666 0.10208333333333333 0.014583333333333334 0.010416666666666666
0 0.6458333333333334 0.09166666666666666 0.015625 0.015625
0 0.4708333333333333 0.109375 0.015625 0.020833333333333332
0 0.5416666666666666 0.103125 0.014583333333333334 0.010416666666666666
0 0.4864583333333333 0.11041666666666666 0.020833333333333332 0.015625
0 0.5854166666666667 0.10208333333333333 0.015625 0.015625
0 0.7010416666666667 0.09166666666666666 0.015625 0.015625
0 0.68125 0.09583333333333334 0.015625 0.015625
0 0.503125 0.11145833333333334 0.015625 0.015625
0 0.6322916666666667 0.10208333333333333 0.015625 0.020833333333333332
0 0.7270833333333333 0.096875 0.015625 0.015625
0 0.6604166666666667 0.10416666666666667 0.014583333333333334 0.010416666666666666
0 0.5177083333333333 0.11979166666666667 0.015625 0.015625
0 0.5958333333333333 0.1125 0.014583333333333334 0.010416666666666666
0 0.49270833333333336 0.121875 0.015625 0.015625
0 0.6125 0.11458333333333333 0.020833333333333332 0.020833333333333332
0 0.7666666666666667 0.10208333333333333 0.020833333333333332 0.015625
0 0.8510416666666667 0.09583333333333334 0.01875 0.010416666666666666
0 0.5854166666666667 0.11875 0.020833333333333332 0.015625
0 0.5270833333333333 0.12291666666666666 0.020833333333333332 0.020833333333333332
0 0.44479166666666664 0.13333333333333333 0.015625 0.020833333333333332
0 0.7104166666666667 0.11041666666666666 0.015625 0.015625
0 0.4583333333333333 0.134375 0.015625 0.020833333333333332
0 0.484375 0.134375 0.015625 0.020833333333333332
0 0.7791666666666667 0.10833333333333334 0.020833333333333332 0.020833333333333332
0 0.8677083333333333 0.103125 0.020833333333333332 0.015625
0 0.721875 0.115625 0.015625 0.015625
0 0.8354166666666667 0.10625 0.020833333333333332 0.020833333333333332
0 0.6510416666666666 0.12395833333333334 0.020833333333333332 0.015625
0 0.5625 0.13229166666666667 0.015625 0.015625
0 0.6791666666666667 0.12395833333333334 0.015625 0.015625
0 0.6041666666666666 0.13020833333333334 0.020833333333333332 0.015625
0 0.4427083333333333 0.14791666666666667 0.025 0.025
0 0.696875 0.12708333333333333 0.020833333333333332 0.020833333333333332
0 0.5125 0.14375 0.020833333333333332 0.015625
0 0.85 0.11666666666666667 0.020833333333333332 0.020833333333333332
0 0.584375 0.13958333333333334 0.020833333333333332 0.015625
0 0.8104166666666667 0.121875 0.020833333333333332 0.020833333333333332
0 0.534375 0.14791666666666667 0.020833333333333332 0.015625
0 0.615625 0.14166666666666666 0.020833333333333332 0.020833333333333332
0 0.675 0.13645833333333332 0.025 0.020833333333333332
0 0.90625 0.12291666666666666 0.025 0.020833333333333332
0 0.6645833333333333 0.14791666666666667 0.020833333333333332 0.020833333333333332
0 0.471875 0.175 0.020833333333333332 0.025
0 0.54375 0.17291666666666666 0.020833333333333332 0.020833333333333332
0 0.7739583333333333 0.15520833333333334 0.020833333333333332 0.020833333333333332
0 0.6822916666666666 0.16354166666666667 0.025 0.020833333333333332
0 0.6385416666666667 0.16979166666666667 0.020833333333333332 0.020833333333333332
0 0.8583333333333333 0.15208333333333332 0.029166666666666667 0.021875
0 0.7166666666666667 0.16458333333333333 0.029166666666666667 0.021875
0 0.5114583333333333 0.18541666666666667 0.020833333333333332 0.020833333333333332
0 0.6135416666666667 0.17708333333333334 0.025 0.025
0 0.79375 0.165625 0.029166666666666667 0.021875
0 0.2635416666666667 0.21145833333333333 0.025 0.025
0 0.8208333333333333 0.165625 0.029166666666666667 0.027083333333333334
0 0.6604166666666667 0.17916666666666667 0.020833333333333332 0.020833333333333332
0 0.4395833333333333 0.19791666666666666 0.025 0.020833333333333332
0 0.5333333333333333 0.190625 0.020833333333333332 0.020833333333333332
0 0.4583333333333333 0.20416666666666666 0.025 0.015625
0 0.7416666666666667 0.18333333333333332 0.025 0.025
0 0.9197916666666667 0.17083333333333334 0.034375 0.03125
0 0.6041666666666666 0.20104166666666667 0.025 0.020833333333333332
0 0.6541666666666667 0.19791666666666666 0.020833333333333332 0.020833333333333332
0 0.49375 0.21458333333333332 0.029166666666666667 0.021875
0 0.9645833333333333 0.17708333333333334 0.0125 0.0375
0 0.353125 0.22916666666666666 0.025 0.025
0 0.415625 0.22395833333333334 0.025 0.025
0 0.3770833333333333 0.23125 0.029166666666666667 0.021875
0 0.434375 0.22708333333333333 0.020833333333333332 0.025
0 0.5145833333333333 0.21979166666666666 0.020833333333333332 0.020833333333333332
0 0.45729166666666665 0.22395833333333334 0.025 0.020833333333333332
0 0.5729166666666666 0.21458333333333332 0.029166666666666667 0.021875
0 0.2916666666666667 0.24375 0.025 0.020833333333333332
0 0.7416666666666667 0.209375 0.03958333333333333 0.027083333333333334
0 0.8145833333333333 0.21041666666666667 0.034375 0.027083333333333334
0 0.47708333333333336 0.23958333333333334 0.020833333333333332 0.025
0 0.49375 0.23958333333333334 0.015625 0.020833333333333332
0 0.9291666666666667 0.20416666666666666 0.034375 0.03125
0 0.6260416666666667 0.23125 0.029166666666666667 0.027083333333333334
0 0.5739583333333333 0.23541666666666666 0.03125 0.03125
0 0.5416666666666666 0.23854166666666668 0.03125 0.03125
0 0.3625 0.25625 0.027083333333333334 0.029166666666666667
0 0.8958333333333334 0.21875 0.029166666666666667 0.027083333333333334
0 0.6708333333333333 0.24375 0.029166666666666667 0.027083333333333334
0 0.6135416666666667 0.24791666666666667 0.029166666666666667 0.021875
0 0.828125 0.24166666666666667 0.025 0.025
0 0.17291666666666666 0.29791666666666666 0.029166666666666667 0.027083333333333334
0 0.475 0.27291666666666664 0.025 0.015625
0 0.91875 0.23854166666666668 0.034375 0.027083333333333334
0 0.008333333333333333 0.3177083333333333 0.015625 0.027083333333333334
0 0.16979166666666667 0.30625 0.034375 0.027083333333333334
0 0.7645833333333333 0.25416666666666665 0.034375 0.03125
0 0.5270833333333333 0.27708333333333335 0.034375 0.027083333333333334
0 0.3145833333333333 0.29583333333333334 0.025 0.025
0 0.74375 0.25833333333333336 0.034375 0.03125
0 0.6604166666666667 0.26666666666666666 0.029166666666666667 0.027083333333333334
0 0.6125 0.2708333333333333 0.029166666666666667 0.027083333333333334
0 0.7 0.26458333333333334 0.03958333333333333 0.03125
0 0.08645833333333333 0.31979166666666664 0.025 0.020833333333333332
0 0.27291666666666664 0.303125 0.03125 0.034375
0 0.6447916666666667 0.27291666666666664 0.025 0.025
0 0.5177083333333333 0.284375 0.029166666666666667 0.021875
0 0.6291666666666667 0.27708333333333335 0.025 0.025
0 0.47708333333333336 0.290625 0.03125 0.03125
0 0.5666666666666667 0.28229166666666666 0.03958333333333333 0.03125
0 0.7885416666666667 0.265625 0.034375 0.027083333333333334
0 0.29791666666666666 0.30833333333333335 0.020833333333333332 0.020833333333333332
0 0.221875 0.31979166666666664 0.04375 0.040625
0 0.35104166666666664 0.30833333333333335 0.029166666666666667 0.027083333333333334
0 0.084375 0.34375 0.034375 0.03125
0 0.8020833333333334 0.28541666666666665 0.034375 0.03125
0 0.878125 0.2791666666666667 0.034375 0.027083333333333334
0 0.4979166666666667 0.31145833333333334 0.03125 0.034375
0 0.6666666666666666 0.30625 0.04375 0.035416666666666666
0 0.16875 0.35 0.03125 0.03958333333333333
0 0.7427083333333333 0.3020833333333333 0.03958333333333333 0.03958333333333333
0 0.8416666666666667 0.29583333333333334 0.04375 0.035416666666666666
0 0.28958333333333336 0.3489583333333333 0.025 0.020833333333333332
0 0.6291666666666667 0.321875 0.03125 0.03125
0 0.6885416666666667 0.31666666666666665 0.029166666666666667 0.027083333333333334
0 0.6083333333333333 0.3260416666666667 0.04375 0.035416666666666666
0 0.9510416666666667 0.3072916666666667 0.034375 0.034375
0 0.007291666666666667 0.40208333333333335 0.014583333333333334 0.04375
0 0.340625 0.38125 0.03958333333333333 0.03125
0 0.271875 0.38958333333333334 0.05416666666666667 0.04583333333333333
0 0.7604166666666666 0.3489583333333333 0.040625 0.04375
0 0.24791666666666667 0.40208333333333335 0.029166666666666667 0.027083333333333334
0 0.85625 0.35104166666666664 0.05 0.04583333333333333
0 0.8041666666666667 0.3614583333333333 0.034375 0.034375
0 0.3385416666666667 0.40520833333333334 0.04375 0.03125
0 0.7229166666666667 0.3729166666666667 0.04583333333333333 0.05
0 0.6291666666666667 0.38645833333333335 0.04791666666666667 0.040625
0 0.45208333333333334 0.40208333333333335 0.03958333333333333 0.03958333333333333
0 0.029166666666666667 0.44166666666666665 0.034375 0.03958333333333333
0 0.22083333333333333 0.4427083333333333 0.04375 0.040625
0 0.7958333333333333 0.40729166666666666 0.04583333333333333 0.04583333333333333
0 0.10208333333333333 0.48541666666666666 0.029166666666666667 0.027083333333333334
0 0.36666666666666664 0.47291666666666665 0.05 0.04583333333333333
0 0.128125 0.49583333333333335 0.05416666666666667 0.05
0 0.01875 0.5052083333333334 0.0375 0.058333333333333334
0 0.0625 0.5166666666666667 0.04583333333333333 0.04583333333333333
0 0.6083333333333333 0.48333333333333334 0.05416666666666667 0.04583333333333333
0 0.03333333333333333 0.5708333333333333 0.05 0.05416666666666667