0 0.2552083333333333 0.30833333333333335 0.025 0.04791666666666667
0 0.5958333333333333 0.36666666666666664 0.03958333333333333 0.05416666666666667
0 0.790625 0.39791666666666664 0.059375 0.06666666666666667
0 0.8833333333333333 0.41458333333333336 0.034375 0.05
0 0.9645833333333333 0.434375 0.07083333333333333 0.121875
0 0.225 0.315625 0.0625 0.090625
0 0.18333333333333332 0.3104166666666667 0.05625 0.07708333333333334
0 0.5041666666666667 0.3697916666666667 0.05 0.065625
0 0.446875 0.3625 0.03958333333333333 0.07291666666666667
0 0.34791666666666665 0.346875 0.040625 0.059375
0 0.30104166666666665 0.3416666666666667 0.058333333333333334 0.084375
0 0.8041666666666667 0.42916666666666664 0.053125 0.07916666666666666
0 0.659375 0.41354166666666664 0.052083333333333336 0.07083333333333333
0 0.734375 0.43645833333333334 0.053125 0.053125
0 0.40625 0.384375 0.07916666666666666 0.10625
0 0.103125 0.3572916666666667 0.13958333333333334 0.178125
0 0.7041666666666667 0.4708333333333333 0.040625 0.03333333333333333
0 0.596875 0.4666666666666667 0.052083333333333336 0.07083333333333333
0 0.4822916666666667 0.4510416666666667 0.05 0.06041666666666667
0 0.19583333333333333 0.4083333333333333 0.06666666666666667 0.08541666666666667
0 0.8 0.5302083333333333 0.0625 0.090625
0 0.7052083333333333 0.5208333333333334 0.05625 0.07708333333333334
0 0.3333333333333333 0.48541666666666666 0.096875 0.13541666666666666
0 0.9270833333333334 0.5822916666666667 0.12291666666666666 0.21041666666666667
0 0.6364583333333333 0.540625 0.06666666666666667 0.1125
0 0.5416666666666666 0.5333333333333333 0.078125 0.128125
0 0.7208333333333333 0.6104166666666667 0.08958333333333333 0.10833333333333334
0 0.08958333333333333 0.5875 0.13541666666666666 0.18125
0 0.46145833333333336 0.653125 0.09166666666666666 0.1625
0 0.703125 0.7541666666666667 0.11041666666666666 0.165625
0 0.996875 0.25833333333333336 0.00625 0.027083333333333334
0 0.9614583333333333 0.26145833333333335 0.016666666666666666 0.025
0 0.7822916666666667 0.24479166666666666 0.016666666666666666 0.025
0 0.9083333333333333 0.26458333333333334 0.021875 0.027083333333333334
0 0.6395833333333333 0.225 0.00625 0.014583333333333334
0 0.65 0.23125 0.0125 0.020833333333333332
0 0.796875 0.25416666666666665 0.010416666666666666 0.015625
0 0.8854166666666666 0.26875 0.022916666666666665 0.034375
0 0.6614583333333334 0.23541666666666666 0.0125 0.020833333333333332
0 0.6822916666666666 0.240625 0.010416666666666666 0.015625
0 0.8625 0.26979166666666665 0.022916666666666665 0.03125
0 0.3927083333333333 0.19583333333333333 0.016666666666666666 0.020833333333333332
0 0.54375 0.22083333333333333 0.010416666666666666 0.010416666666666666
0 0.6291666666666667 0.23541666666666666 0.010416666666666666 0.010416666666666666
0 0.4479166666666667 0.20625 0.010416666666666666 0.015625
0 0.8020833333333334 0.2625 0.0125 0.020833333333333332
0 0.6989583333333333 0.24791666666666667 0.0125 0.020833333333333332
0 0.7104166666666667 0.24895833333333334 0.016666666666666666 0.025
0 0.46041666666666664 0.2125 0.016666666666666666 0.020833333333333332
0 0.33958333333333335 0.19583333333333333 0.016666666666666666 0.025
0 0.4739583333333333 0.21666666666666667 0.010416666666666666 0.015625
0 0.6166666666666667 0.24166666666666667 0.0125 0.020833333333333332
0 0.5125 0.225 0.00625 0.014583333333333334
0 0.16041666666666668 0.16979166666666667 0.01875 0.029166666666666667
0 0.5020833333333333 0.22604166666666667 0.010416666666666666 0.015625
0 0.9635416666666666 0.2989583333333333 0.028125 0.035416666666666666
0 0.7864583333333334 0.2708333333333333 0.016666666666666666 0.020833333333333332
0 0.5375 0.23125 0.0125 0.020833333333333332
0 0.10104166666666667 0.16458333333333333 0.022916666666666665 0.03125
0 0.9395833333333333 0.29791666666666666 0.0125 0.025
0 0.32083333333333336 0.19895833333333332 0.0125 0.020833333333333332
0 0.11458333333333333 0.16666666666666666 0.015625 0.015625
0 0.409375 0.21354166666666666 0.0125 0.020833333333333332
0 0.5895833333333333 0.24166666666666667 0.015625 0.015625
0 0.775 0.27291666666666664 0.0125 0.020833333333333332
0 0.4322916666666667 0.21979166666666666 0.016666666666666666 0.025
0 0.484375 0.23020833333333332 0.0125 0.025
0 0.20208333333333334 0.18541666666666667 0.022916666666666665 0.03125
0 0.9072916666666667 0.296875 0.034375 0.04583333333333333
0 0.6885416666666667 0.2625 0.016666666666666666 0.025
0 0.13958333333333334 0.178125 0.016666666666666666 0.025
0 0.36666666666666664 0.21458333333333332 0.016666666666666666 0.020833333333333332
0 0.7666666666666667 0.27708333333333335 0.016666666666666666 0.025
0 0.7541666666666667 0.275 0.020833333333333332 0.03958333333333333
0 0.440625 0.228125 0.0125 0.020833333333333332
0 0.353125 0.21458333333333332 0.016666666666666666 0.025
0 0.659375 0.2625 0.010416666666666666 0.015625
0 0.8395833333333333 0.2916666666666667 0.03333333333333333 0.03333333333333333
0 0.3854166666666667 0.21979166666666666 0.016666666666666666 0.020833333333333332
0 0.5770833333333333 0.24895833333333334 0.016666666666666666 0.020833333333333332
0 0.6270833333333333 0.2604166666666667 0.010416666666666666 0.015625
0 0.23125 0.196875 0.028125 0.035416666666666666
0 0.7166666666666667 0.27395833333333336 0.025 0.03958333333333333
0 0.5197916666666667 0.24270833333333333 0.016666666666666666 0.020833333333333332
0 0.8104166666666667 0.28958333333333336 0.022916666666666665 0.03125
0 0.06666666666666667 0.17291666666666666 0.028125 0.040625
0 0.565625 0.2520833333333333 0.016666666666666666 0.020833333333333332
0 0.39791666666666664 0.22604166666666667 0.01875 0.029166666666666667
0 0.921875 0.30833333333333335 0.020833333333333332 0.03958333333333333
0 0.46145833333333336 0.23854166666666668 0.016666666666666666 0.025
0 0.9854166666666667 0.321875 0.029166666666666667 0.046875
0 0.8614583333333333 0.30416666666666664 0.028125 0.035416666666666666
0 0.6958333333333333 0.28020833333333334 0.022916666666666665 0.03125
0 0.4270833333333333 0.23958333333333334 0.027083333333333334 0.027083333333333334
0 0.3260416666666667 0.22395833333333334 0.016666666666666666 0.020833333333333332
0 0.47708333333333336 0.24791666666666667 0.016666666666666666 0.025
0 0.096875 0.1875 0.021875 0.027083333333333334
0 0.7916666666666666 0.3020833333333333 0.021875 0.027083333333333334
0 0.8833333333333333 0.31666666666666665 0.022916666666666665 0.034375
0 0.5020833333333333 0.25625 0.034375 0.04583333333333333
0 0.6583333333333333 0.2833333333333333 0.016666666666666666 0.020833333333333332
0 0.6083333333333333 0.278125 0.034375 0.04583333333333333
0 0.6375 0.2833333333333333 0.021875 0.027083333333333334
0 0.33958333333333335 0.23854166666666668 0.021875 0.027083333333333334
0 0.9364583333333333 0.3333333333333333 0.022916666666666665 0.034375
0 0.275 0.23020833333333332 0.016666666666666666 0.025
0 0.46458333333333335 0.2604166666666667 0.016666666666666666 0.025
0 0.5229166666666667 0.26979166666666665 0.021875 0.027083333333333334
0 0.5447916666666667 0.27708333333333335 0.021875 0.027083333333333334
0 0.18333333333333332 0.22291666666666668 0.040625 0.06458333333333334
0 0.9666666666666667 0.3489583333333333 0.040625 0.03333333333333333
0 0.140625 0.22083333333333333 0.052083333333333336 0.07083333333333333
0 0.35833333333333334 0.2552083333333333 0.028125 0.040625
0 0.41354166666666664 0.26458333333333334 0.028125 0.03125
0 0.43854166666666666 0.2677083333333333 0.029166666666666667 0.04791666666666667
0 0.38333333333333336 0.259375 0.020833333333333332 0.016666666666666666
0 0.303125 0.24791666666666667 0.022916666666666665 0.03125
0 0.9135416666666667 0.346875 0.025 0.04375
0 0.0875 0.21875 0.03333333333333333 0.035416666666666666
0 0.053125 0.215625 0.034375 0.04583333333333333
0 0.759375 0.32708333333333334 0.025 0.04375
0 0.6479166666666667 0.3145833333333333 0.028125 0.035416666666666666
0 0.3125 0.26458333333333334 0.03333333333333333 0.035416666666666666
0 0.33645833333333336 0.2708333333333333 0.028125 0.040625
0 0.8354166666666667 0.3489583333333333 0.05 0.06041666666666667
0 0.540625 0.30416666666666664 0.021875 0.027083333333333334
0 0.49270833333333336 0.296875 0.028125 0.040625
0 0.5104166666666666 0.3020833333333333 0.01875 0.034375
0 0.7791666666666667 0.3458333333333333 0.0375 0.04583333333333333
0 0.37604166666666666 0.28125 0.022916666666666665 0.03125
0 0.51875 0.30625 0.01875 0.029166666666666667
0 0.6916666666666667 0.3385416666666667 0.03958333333333333 0.05416666666666667
0 0.5708333333333333 0.31875 0.03958333333333333 0.05416666666666667
0 0.6291666666666667 0.3375 0.034375 0.04583333333333333
0 0.8604166666666667 0.38125 0.021875 0.027083333333333334
0 0.7166666666666667 0.36354166666666665 0.025 0.03958333333333333