0 0.6510416666666666 0.03144337775945047 0.01875 0.021378902612805506
0 0.052083333333333336 0.41089047022075603 0.03958333333333333 0.05323509070110788
0 0.5041666666666667 0.3698780850702518 0.027083333333333334 0.036204711181459716
0 0.6385416666666667 0.359204664906469 0.04375 0.059606328318768456
0 0.8229166666666666 0.34894442948794535 0.04583333333333333 0.07216694712759875
0 0.353125 0.39464988809672596 0.052083333333333336 0.07859880355408938
0 0.28854166666666664 0.41047903835632177 0.05 0.04728818474525909
0 0.9302083333333333 0.3510246314760362 0.041666666666666664 0.047045709509938166
0 0.11145833333333334 0.43449310627241794 0.04375 0.06377299498543512
0 0.178125 0.4312245748216524 0.05 0.06603818474525909
0 0.5208333333333334 0.3995297022075604 0.03958333333333333 0.057401757367774545
0 0.5583333333333333 0.40062084076650467 0.04375 0.059606328318768456
0 0.7677083333333333 0.02858803105394399 0.01875 0.013045569279472173
0 0.023958333333333335 0.4569471163015477 0.03958333333333333 0.05323509070110788
0 0.628125 0.03806823752898448 0.025 0.02572742570596289
0 0.7583333333333333 0.39498191308087455 0.052083333333333336 0.07859880355408938
0 0.265625 0.44106223145918916 0.04375 0.059606328318768456
0 0.8104166666666667 0.3902473833016306 0.052083333333333336 0.07443213688742271
0 0.4395833333333333 0.057582235329847624 0.01875 0.02554556927947217
0 0.221875 0.45437256980708735 0.05 0.07020485141192576
0 0.9677083333333333 0.3864907700349805 0.0375 0.05317447189227759
0 0.6083333333333333 0.41978402551176386 0.04791666666666667 0.05972756593642892
0 0.9083333333333333 0.39413813398331865 0.05 0.06603818474525909
0 0.7 0.4182845864336278 0.04375 0.06377299498543512
0 0.4479166666666667 0.447408043898502 0.03958333333333333 0.057401757367774545
0 0.04895833333333333 0.491007875340844 0.05625 0.07455337450508318
0 0.29270833333333335 0.4710169426406489 0.05625 0.07455337450508318
0 0.4125 0.4672108574817211 0.04375 0.059606328318768456
0 0.9375 0.42102846397360866 0.05625 0.07455337450508318
0 0.5458333333333333 0.05338212791352327 0.025 0.02572742570596289
0 0.5229166666666667 0.4693819876830573 0.05416666666666667 0.06615942236291966
0 0.6010416666666667 0.463321859680858 0.03333333333333333 0.030136567607950582
0 0.36041666666666666 0.4906953872609651 0.05 0.07020485141192576
0 0.9833333333333333 0.44215374443454064 0.029166666666666667 0.06334866332362334
0 0.7572916666666667 0.46682660367645945 0.035416666666666666 0.051030519750114085
0 0.6854166666666667 0.48348525477181614 0.0375 0.06984113855894426
0 0.6614583333333334 0.4859131384702683 0.03958333333333333 0.07615175736777455
0 0.6083333333333333 0.04999235884509719 0.025 0.03406075903929624
0 0.6458333333333334 0.4885834974040415 0.05416666666666667 0.08490942236291966
0 0.11145833333333334 0.5480347729390845 0.058333333333333334 0.08503065998058
0 0.06770833333333333 0.5675951112869828 0.052083333333333336 0.07443213688742271
0 0.8229166666666666 0.49894442948794543 0.04791666666666667 0.08264423260309559
0 0.7864583333333334 0.5041336003334161 0.0625 0.08098523093157392
0 0.6072916666666667 0.5228787161073487 0.058333333333333334 0.10586399331391334
0 0.48125 0.5348362781731191 0.04375 0.06377299498543512
0 0.921875 0.5007821562407152 0.06041666666666667 0.07675794545607696
0 0.38645833333333335 0.5602031223713432 0.05 0.07020485141192599
0 0.2989583333333333 0.5805737990671396 0.058333333333333334 0.08503065998058
0 0.978125 0.5222105307457984 0.04375 0.08460632831876845
0 0.5083333333333333 0.5793743226879122 0.06875 0.07283375402473122
0 0.22604166666666667 0.6097021407580812 0.07083333333333333 0.08747770616689507
0 0.14583333333333334 0.6198683166181169 0.05 0.05145485141192575
0 0.7197916666666667 0.5709437984508484 0.06458333333333334 0.09562918307373754
0 0.9260416666666667 0.5540283938583758 0.03958333333333333 0.04073509070110788
0 0.7979166666666667 0.5836336704486491 0.058333333333333334 0.08503065998058
0 0.8927083333333333 0.5791001595837585 0.05416666666666667 0.06615942236291966
0 0.9666666666666667 0.5895854606305655 0.05416666666666667 0.0890760890295861
0 0.6614583333333334 0.6286214718036016 0.06041666666666667 0.09342461212274362
0 0.525 0.6454842731585543 0.06041666666666667 0.07675794545607696
0 0.15 0.6918645542357774 0.06666666666666667 0.09152313521590116
0 0.353125 0.675899888096726 0.07291666666666667 0.10628832497572513
0 0.2947916666666667 0.6835775614494791 0.0625 0.10390189759824059
0 0.9416666666666667 0.6357330349246024 0.06041666666666667 0.07675794545607696
0 0.7833333333333333 0.665501005453504 0.058333333333333334 0.08086399331391333
0 0.08645833333333333 0.7420990138997883 0.08125 0.10861413354437938
0 0.5572916666666666 0.7328821980287562 0.07291666666666667 0.09170499164239156
0 0.24375 0.1123007339664716 0.010416666666666666 0.010719760710817875
0 0.7635416666666667 0.7503417934362834 0.058333333333333334 0.08919732664724668
0 0.9885416666666667 0.7277219581232829 0.022916666666666665 0.12775014023046605
0 0.3958333333333333 0.8417259070110793 0.07291666666666667 0.1104549916423918
0 0.31979166666666664 0.10930498715544207 0.016666666666666666 0.017151617137308624
0 0.3885416666666667 0.10401374118017337 0.0125 0.017030379519648104
0 0.4083333333333333 0.103547953197394 0.010416666666666666 0.01905309404415121
0 0.39895833333333336 0.10431683522432458 0.0125 0.017030379519648104
0 0.5885416666666666 0.8452498134945432 0.06875 0.10825042069139812
0 0.115625 0.8919060105567451 0.07916666666666666 0.12938684806888243
0 0.21979166666666666 0.12306195099825713 0.01875 0.02554556927947219
0 0.2520833333333333 0.12295987586845923 0.0125 0.021197046186314773
0 0.7916666666666666 0.9230351473554919 0.06875 0.09991708735806479
0 0.8739583333333333 0.9150129236376198 0.07708333333333334 0.11057622926005213
0 0.19375 0.05355421588787913 0.010416666666666666 0.004469760710817876
0 0.45729166666666665 0.9704936671942819 0.10208333333333333 0.05901266561143619
0 0.3572916666666667 0.12081279238105308 0.01875 0.02137890261280552
0 0.37916666666666665 0.11936595654043729 0.014583333333333334 0.025424331661811697
0 0.7947916666666667 0.08250107556873715 0.029166666666666667 0.025848663323623396
0 0.32708333333333334 0.1261838196530146 0.01875 0.025545569279472158
0 0.2989583333333333 0.12953213240047298 0.010416666666666666 0.010719760710817875
0 0.8239583333333333 0.08334973889236051 0.025 0.03406075903929624
0 0.4041666666666667 0.12113504891306685 0.01875 0.02554556927947219
0 0.3927083333333333 0.1280933121311672 0.01875 0.02554556927947219
0 0.37395833333333334 0.12963107618502837 0.0125 0.0211970461863148
0 0.340625 0.13282784191041114 0.01875 0.02137890261280552
0 0.31875 0.1353163444176936 0.014583333333333334 0.02542433166181167
0 0.309375 0.13816855977795753 0.0125 0.017030379519648104
0 0.65 0.10641306835503533 0.025 0.03406075903929621
0 0.44583333333333336 0.12651409175633835 0.01875 0.02554556927947219
0 0.8552083333333333 0.09155068769148081 0.025 0.03406075903929621
0 0.20833333333333334 0.053978547549690815 0.01875 0.01096223594613884
0 0.7947916666666667 0.09812607556873715 0.029166666666666667 0.030015329990290062
0 0.5291666666666667 0.12477217744288134 0.025 0.029894092372629574
0 0.425 0.13424123700136928 0.00625 0.014765189759824082
0 0.30104166666666665 0.14834275120930324 0.0125 0.017030379519648163
0 0.4166666666666667 0.1371237617660483 0.01875 0.02137890261280552
0 0.709375 0.11022403774003056 0.020833333333333332 0.031856188088302415
0 0.6166666666666667 0.12419316741375148 0.014583333333333334 0.02542433166181167
0 0.46770833333333334 0.13756725591572255 0.016666666666666666 0.017151617137308624
0 0.38333333333333336 0.14761219415809776 0.025 0.029894092372629542
0 0.5645833333333333 0.1330943638596621 0.01875 0.02554556927947219
0 0.6 0.12995821694310955 0.025 0.03406075903929621
0 0.5 0.1385068474525913 0.020833333333333332 0.031856188088302415
0 0.4552083333333333 0.1434535430627411 0.0125 0.021197046186314773
0 0.8010416666666667 0.1128912653285612 0.025 0.029894092372629542
0 0.5458333333333333 0.1377571279135233 0.020833333333333332 0.031856188088302415
0 0.6958333333333333 0.12649668214930065 0.025 0.03406075903929621
0 0.40729166666666666 0.15143431045964556 0.025 0.029894092372629542
0 0.209375 0.17380052362077258 0.016666666666666666 0.017151617137308624
0 0.4510416666666667 0.15270730544508063 0.01875 0.02137890261280552
0 0.4739583333333333 0.15129077900887994 0.016666666666666666 0.017151617137308624
0 0.33958333333333335 0.16404753250599605 0.01875 0.02137890261280552
0 0.4270833333333333 0.15513518914353283 0.025 0.029894092372629542
0 0.9020833333333333 0.11062294422349457 0.01875 0.02554556927947219
0 0.5729166666666666 0.14375350576164975 0.027083333333333334 0.036204711181459834
0 0.325 0.16778986751085104 0.025 0.03406075903929621
0 0.309375 0.17150189311129088 0.025 0.03406075903929621
0 0.5145833333333333 0.15247284578106965 0.020833333333333332 0.03602285475496909
0 0.16770833333333332 0.05800481411083444 0.010416666666666666 0.0065530940441512085
0 0.6197916666666666 0.14720076229366352 0.025 0.03406075903929621
0 0.278125 0.1789259443121706 0.0125 0.021197046186314832
0 0.26145833333333335 0.1794826605081953 0.016666666666666666 0.017151617137308624
0 0.48854166666666665 0.1621317773373583 0.01875 0.02137890261280552
0 0.7625 0.13572815069853508 0.020833333333333332 0.031856188088302415
0 0.17916666666666667 0.05833821755940077 0.0125 0.01078037951964812
0 0.2833333333333333 0.1822024913342462 0.01875 0.025545569279472127
0 0.004166666666666667 0.21366290428432716 0.008333333333333333 0.03565914190198764
0 0.640625 0.14884861704863261 0.027083333333333334 0.036204711181459834
0 0.9291666666666667 0.12495265540495439 0.01875 0.027628902612805522
0 0.7447916666666666 0.14250455749014465 0.0125 0.021197046186314773
0 0.5364583333333334 0.16456767660712052 0.027083333333333334 0.036204711181459834
0 0.21770833333333334 0.19383466552276024 0.01875 0.02554556927947219
0 0.8104166666666667 0.13816404996829726 0.027083333333333334 0.036204711181459834
0 0.55625 0.16306022195767447 0.01875 0.02137890261280546
0 0.7270833333333333 0.1482392976150876 0.020833333333333332 0.031856188088302415
0 0.15729166666666666 0.20145172006668322 0.01875 0.025545569279472127
0 0.33958333333333335 0.1869641991726627 0.029166666666666667 0.03418199665695673
0 0.6854166666666667 0.15431858810514945 0.03125 0.03840928213245363
0 0.25833333333333336 0.19397506562828326 0.025 0.029894092372629542
0 0.56875 0.1644656014773226 0.01875 0.02137890261280552
0 0.19479166666666667 0.20150119195896093 0.020833333333333332 0.03602285475496909
0 0.296875 0.19509651359164276 0.025 0.025727425705962877
0 0.003125 0.22717426154657872 0.00625 0.03351518975982408
0 0.35833333333333334 0.18959310178546823 0.01875 0.025545569279472127
0 0.42291666666666666 0.18313895152587237 0.01875 0.025545569279472127
0 0.409375 0.18691159593514245 0.025 0.03406075903929621
0 0.9125 0.14217603826764577 0.025 0.03406075903929621
0 0.37395833333333334 0.1942144095183617 0.025 0.025727425705962877
0 0.93125 0.14167994088045127 0.020833333333333332 0.031856188088302415
0 0.13125 0.21736065162297186 0.027083333333333334 0.036204711181459834
0 0.3927083333333333 0.19267664546450053 0.01875 0.02137890261280552
0 0.49583333333333335 0.18838560983493083 0.025 0.03406075903929621
0 0.234375 0.21723628266006884 0.025 0.03406075903929621
0 0.21041666666666667 0.21966416635852107 0.027083333333333334 0.0403713778481265
0 0.43333333333333335 0.20219204557002357 0.027083333333333334 0.036204711181459834
0 0.6458333333333334 0.18129183073737487 0.027083333333333334 0.044538044514793165
0 0.30416666666666664 0.21301701275588192 0.01875 0.02137890261280552
0 0.005208333333333333 0.24494321368874228 0.010416666666666666 0.04405309404415121
0 0.4 0.20643047796207303 0.020833333333333332 0.019356188088302417
0 0.265625 0.2191872314591891 0.025 0.025727425705962877
0 0.09270833333333334 0.23603087032627906 0.01875 0.025545569279472127
0 0.3416666666666667 0.21202481798149292 0.01875 0.025545569279472127
0 0.07604166666666666 0.2365875865223038 0.020833333333333332 0.019356188088302417
0 0.10729166666666666 0.2333302019880908 0.025 0.03406075903929621
0 0.8885416666666667 0.16127058863276467 0.027083333333333334 0.036204711181459834
0 0.8677083333333333 0.16483106721112892 0.027083333333333334 0.036204711181459834
0 0.37916666666666665 0.21103262320710398 0.01875 0.025545569279472127
0 0.003125 0.25009092821324536 0.00625 0.021015189759824082
0 0.321875 0.22082393929760566 0.025 0.029894092372629542
0 0.146875 0.23760695935586534 0.025 0.025727425705962877
0 0.24895833333333334 0.2280772809885472 0.020833333333333332 0.031856188088302415
0 0.36354166666666665 0.2189113154742105 0.025 0.029894092372629542
0 0.48020833333333335 0.21397263543537068 0.029166666666666667 0.030015329990290003
0 0.2864583333333333 0.23229341954749155 0.03125 0.04257594879912029
0 0.052083333333333336 0.25359880355408937 0.01875 0.02137890261280552
0 0.07916666666666666 0.25022018140221586 0.01875 0.02554556927947219
0 0.3072916666666667 0.23185794096912726 0.027083333333333334 0.036204711181459834
0 0.3958333333333333 0.2229759070110792 0.027083333333333334 0.036204711181459834
0 0.228125 0.2389294262335781 0.027083333333333334 0.036204711181459834
0 0.9260416666666667 0.17694506052504233 0.03125 0.04257594879912029
0 0.16666666666666666 0.2485995047064193 0.027083333333333334 0.03620471118145977
0 0.528125 0.2184918680384662 0.027083333333333334 0.036204711181459834
0 0.28541666666666665 0.05205477680974309 0.016666666666666666 0.017151617137308596
0 0.9041666666666667 0.18360022969899148 0.025 0.025727425705962877
0 0.12604166666666666 0.25679243793422957 0.027083333333333334 0.036204711181459834
0 0.028125 0.2674850205858749 0.020833333333333332 0.031856188088302415
0 0.14166666666666666 0.25933041233378973 0.027083333333333334 0.036204711181459834
0 0.371875 0.2389454573761981 0.020833333333333332 0.03602285475496909
0 0.18958333333333333 0.2575996449368853 0.027083333333333334 0.036204711181459834
0 0.06770833333333333 0.2696784446203162 0.025 0.029894092372629542
0 0.4354166666666667 0.23454433104552047 0.027083333333333334 0.044538044514793165
0 0.5145833333333333 0.2285145124477363 0.025 0.025727425705962877
0 0.41770833333333335 0.2381957378371301 0.027083333333333334 0.0403713778481265
0 0.33958333333333335 0.24738086583932936 0.027083333333333334 0.044538044514793165
0 0.5614583333333333 0.22883676897975005 0.029166666666666667 0.025848663323623337
0 0.4864583333333333 0.2349878251951947 0.027083333333333334 0.036204711181459834
0 0.9197916666666667 0.19447153743188494 0.01875 0.02137890261280552
0 0.471875 0.23768849353338303 0.027083333333333334 0.036204711181459834
0 0.32395833333333335 0.25317622477310253 0.035416666666666666 0.03853051975011409
0 0.15416666666666667 0.2690691251867712 0.03125 0.04257594879912029
0 0.090625 0.2776369181841155 0.027083333333333334 0.036204711181459834
0 0.3625 0.25638100606979536 0.03125 0.04674261546578696
0 0.004166666666666667 0.2969962376176605 0.008333333333333333 0.048159141901987584
0 0.39166666666666666 0.2582713360600854 0.027083333333333334 0.0403713778481265
0 0.6052083333333333 0.24052643063185183 0.03125 0.03840928213245363
0 0.7302083333333333 0.2285385591616663 0.03125 0.04674261546578696
0 0.903125 0.21586158696124302 0.041666666666666664 0.05121237617660483
0 0.06770833333333333 0.2936367779536495 0.03125 0.03840928213245363
0 0.5208333333333334 0.03286303554089371 0.025 0.0257274257059629
0 0.2989583333333333 0.05349046573380632 0.01875 0.021378902612805506
0 0.036458333333333336 0.2958524958211959 0.025 0.029894092372629542
0 0.6333333333333333 0.2413447845510601 0.014583333333333334 0.029590998328478335
0 0.20833333333333334 0.28210354754969086 0.029166666666666667 0.03418199665695667
0 0.103125 0.29258396437043027 0.029166666666666667 0.030015329990290003
0 0.12708333333333333 0.2922394140053114 0.027083333333333334 0.0403713778481265
0 0.5166666666666667 0.25565846458989994 0.03125 0.04257594879912029
0 0.007291666666666667 0.3085454991642392 0.014583333333333334 0.02542433166181167
0 0.5645833333333333 0.25705269719299545 0.041666666666666664 0.047045709509938166
0 0.459375 0.2685747806804016 0.029166666666666667 0.05084866332362334
0 0.6166666666666667 0.25440150074708484 0.035416666666666666 0.057280519750114084
0 0.17604166666666668 0.29783062267948873 0.03125 0.03840928213245363
0 0.036458333333333336 0.3135608291545292 0.029166666666666667 0.03418199665695667
0 0.33229166666666665 0.2857103666750902 0.03125 0.04674261546578696
0 0.057291666666666664 0.31416701724283164 0.025 0.025727425705962877
0 0.415625 0.2808434523616332 0.027083333333333334 0.036204711181459716
0 0.590625 0.2703104323033735 0.029166666666666667 0.03418199665695667
0 0.5052083333333334 0.2813667278080002 0.035416666666666666 0.04686385308344742
0 0.146875 0.31469029268919874 0.027083333333333334 0.04453804451479305
0 0.11458333333333333 0.32000070115233 0.03125 0.03840928213245363
0 0.22291666666666668 0.3116945458781692 0.03125 0.04674261546578696
0 0.6385416666666667 0.2758713315731357 0.03125 0.04257594879912029
0 0.36354166666666665 0.30432798214087714 0.03333333333333333 0.030136567607950582
0 0.7822916666666667 0.26442902938242235 0.027083333333333334 0.0403713778481265
0 0.171875 0.32375105172849494 0.029166666666666667 0.030015329990290003
0 0.2947916666666667 0.3137858947828125 0.020833333333333332 0.031856188088302415
0 0.41458333333333336 0.3047714762905514 0.035416666666666666 0.03853051975011409
0 0.05520833333333333 0.33910639843400137 0.027083333333333334 0.04037137784812638
0 0.00625 0.35018185642649075 0.0125 0.05453037951964816
0 0.8770833333333333 0.2640621851841984 0.041666666666666664 0.05121237617660483
0 0.07604166666666666 0.34387925318897045 0.035416666666666666 0.04686385308344754
0 0.6625 0.029693447874683466 0.025 0.021560759039296225
0 0.38958333333333334 0.3196690505845885 0.027083333333333334 0.04453804451479305
0 0.04583333333333333 0.3544586137942653 0.03958333333333333 0.05323509070110788
0 0.58125 0.30337098099697074 0.03125 0.04674261546578696
0 0.9239583333333333 0.27896777504954545 0.03958333333333333 0.06156842403444121
0 0.8114583333333333 0.2892360260393791 0.035416666666666666 0.051030519750114085
0 0.43125 0.32504809342786 0.03333333333333333 0.03430323427461725
0 0.6052083333333333 0.3124014306318518 0.03958333333333333 0.057401757367774545
0 0.65 0.31162140168836866 0.041666666666666664 0.047045709509938166
0 0.675 0.3123488273943316 0.03958333333333333 0.057401757367774545
0 0.7614583333333333 0.3034061746274533 0.04375 0.059606328318768456
0 0.571875 0.03643152969056796 0.029166666666666667 0.03418199665695672
0 0.16979166666666667 0.36223209958633135 0.04375 0.059606328318768456
0 0.5041666666666667 0.3323780850702518 0.035416666666666666 0.0510305197501142
0 0.3770833333333333 0.34430533773160704 0.03958333333333333 0.057401757367774545
0 0.12708333333333333 0.36828108067197807 0.03125 0.05507594879912029
0 0.559375 0.33502615017091986 0.03958333333333333 0.05323509070110788
0 0.7395833333333334 0.027769677134735733 0.025 0.013227425705962892
0 0.1125 0.3803567490101664 0.041666666666666664 0.05121237617660483
0 0.24791666666666667 0.3728386382507987 0.035416666666666666 0.04686385308344754
0 0.44166666666666665 0.35660118747201125 0.04375 0.059606328318768456
0 0.878125 0.31617582792194676 0.0375 0.06984113855894437
0 0.017708333333333333 0.3994735932083904 0.035416666666666666 0.05311385308344742
0 0.4666666666666667 0.35628694651130743 0.035416666666666666 0.04686385308344742
0 0.7916666666666666 0.32928514735549175 0.04583333333333333 0.05133361379426541
0 0.45729166666666665 0.048722495204904674 0.025 0.03406075903929624
0 0.7083333333333334 0.02894372833561544 0.025 0.01739409237262956
0 0.3020833333333333 0.3785813939470517 0.027083333333333334 0.036204711181459716
0 0.3145833333333333 0.06227844013336647 0.016666666666666666 0.01715161713730861
0 0.36666666666666664 0.3752522436874558 0.020833333333333332 0.031856188088302415
0 0.21041666666666667 0.3925808330251877 0.03958333333333333 0.057401757367774545
0 0.27395833333333336 0.38609637336117675 0.03958333333333333 0.04073509070110788