0 0.421875 0.09166666666666666 0.06458333333333334 0.084375
0 0.7541666666666667 0.134375 0.065625 0.09791666666666667
0 0.31354166666666666 0.08333333333333333 0.06458333333333334 0.07916666666666666
0 0.6479166666666667 0.12708333333333333 0.04791666666666667 0.06458333333333334
0 0.9010416666666666 0.15729166666666666 0.06041666666666667 0.053125
0 0.6270833333333333 0.128125 0.04791666666666667 0.059375
0 0.709375 0.15729166666666666 0.065625 0.09791666666666667
0 0.4895833333333333 0.13333333333333333 0.05 0.07291666666666667
0 0.8177083333333334 0.19166666666666668 0.06458333333333334 0.075
0 0.8729166666666667 0.2 0.05625 0.052083333333333336
0 0.5458333333333333 0.1625 0.078125 0.11875
0 0.9697916666666667 0.21979166666666666 0.06041666666666667 0.11458333333333333
0 0.9260416666666667 0.22604166666666667 0.058333333333333334 0.06041666666666667
0 0.22916666666666666 0.15416666666666667 0.07708333333333334 0.11458333333333333
0 0.44895833333333335 0.18854166666666666 0.06666666666666667 0.071875
0 0.6083333333333333 0.21041666666666667 0.06041666666666667 0.09375
0 0.7520833333333333 0.246875 0.07916666666666666 0.1
0 0.6645833333333333 0.24166666666666667 0.07083333333333333 0.1
0 0.8791666666666667 0.278125 0.06458333333333334 0.11041666666666666
0 0.11458333333333333 0.184375 0.1 0.14375
0 0.3458333333333333 0.21979166666666666 0.08958333333333333 0.13333333333333333
0 0.8333333333333334 0.29583333333333334 0.078125 0.11875
0 0.9947916666666666 0.32395833333333335 0.010416666666666666 0.11458333333333333
0 0.7385416666666667 0.30833333333333335 0.0625 0.10625
0 0.4125 0.28125 0.075 0.12708333333333333
0 0.946875 0.3541666666666667 0.071875 0.103125
0 0.20625 0.014583333333333334 0.071875 0.028125
0 0.6708333333333333 0.5958333333333333 0.08541666666666667 0.109375
0 0.5510416666666667 0.6 0.07708333333333334 0.109375
0 0.26875 0.035416666666666666 0.06875 0.07083333333333333
0 0.4666666666666667 0.603125 0.08125 0.10416666666666667
0 0.03958333333333333 0.5697916666666667 0.078125 0.11875
0 0.36666666666666664 0.04583333333333333 0.05416666666666667 0.041666666666666664
0 0.25 0.6364583333333333 0.08333333333333333 0.11875
0 0.9416666666666667 0.759375 0.0625 0.10625
0 0.39375 0.06041666666666667 0.028125 0.04375
0 0.49166666666666664 0.07708333333333334 0.052083333333333336 0.046875
0 0.10625 0.041666666666666664 0.0875 0.08333333333333333
0 0.35833333333333334 0.08125 0.046875 0.046875