0 0.7015600578869664 0.08958333333333333 0.073985511392506 0.10833333333333334
0 0.26551804064413465 0.146875 0.06338698829934847 0.10208333333333333
0 0.4983855859946887 0.12708333333333333 0.060515610451222085 0.075
0 0.022048840855180725 0.18541666666666667 0.04409768171036145 0.10833333333333334
0 0.9014994390781361 0.09166666666666666 0.07422798662782668 0.11666666666666667
0 0.7918021825461222 0.13854166666666667 0.08047798662782668 0.11666666666666667
0 0.37799887815627203 0.18333333333333332 0.05266722758853059 0.09166666666666666
0 0.06196069341101295 0.23333333333333334 0.07570513187285778 0.09583333333333334
0 0.8527755654088137 0.15520833333333334 0.07386427377484542 0.10416666666666667
0 0.6076010234013031 0.20416666666666666 0.08476589091215393 0.12083333333333333
0 0.258593218175692 0.24166666666666667 0.07570513187285784 0.09583333333333334
0 0.319100813055604 0.23854166666666668 0.0758263694905183 0.1
0 0.49740766948209475 0.23229166666666667 0.07803094044151208 0.10416666666666667
0 0.7725832632181003 0.011458333333333333 0.07150014023046604 0.022916666666666665
0 0.47108695548520685 0.027083333333333334 0.05782608902958633 0.05416666666666667
0 0.05873674962645759 0.30833333333333335 0.0646822771178887 0.075
0 0.1734110111730363 0.30520833333333336 0.07368241734835466 0.09791666666666667
0 0.9442826694820947 0.23229166666666667 0.059341559250342374 0.10625
0 0.01598470506732645 0.08020833333333334 0.0319694101346529 0.06666666666666667
0 0.5679619554852068 0.027083333333333334 0.05782608902958633 0.05416666666666667
0 0.783483127474584 0.28125 0.056288324975725126 0.07291666666666667
0 0.3695888948714885 0.32916666666666666 0.08648551139250588 0.10833333333333334
0 0.23142208797435587 0.35208333333333336 0.078273415676833 0.1125
0 0.036190245711461094 0.37604166666666666 0.07238049142292219 0.07083333333333333
0 0.45883882475625554 0.340625 0.07815217805917267 0.10833333333333334
0 0.9509489855725964 0.28958333333333336 0.05816750804946267 0.1375
0 0.7363161803469854 0.32708333333333334 0.07803094044151208 0.10416666666666667
0 0.2836074964374871 0.384375 0.09971293709846876 0.13333333333333333
0 0.19285186478409896 0.06666666666666667 0.0710535147355492 0.07916666666666666
0 0.13046333394962453 0.42083333333333334 0.0824400823434997 0.1125
0 0.5135528135832192 0.035416666666666666 0.06205337450508305 0.05625
0 0.02956695161454836 0.45208333333333334 0.05913390322909672 0.1
0 0.8156263784644177 0.39375 0.07386427377484542 0.10416666666666667
0 0.6628762382339517 0.4166666666666667 0.08899317638765088 0.12291666666666666
0 0.42278879194211394 0.46979166666666666 0.07410674901016634 0.1125
0 0.5041600295597743 0.465625 0.05396251640707087 0.06458333333333334
0 0.38163600668608655 0.058333333333333334 0.060758085686543 0.08333333333333333
0 0.2890119644591063 0.5208333333333334 0.09150084138279588 0.1375
0 0.9524404090794225 0.453125 0.07256898495630537 0.13125
0 0.03598521901145281 0.5520833333333334 0.07197043802290562 0.10833333333333334
0 0.09974287208647672 0.5458333333333333 0.08727355590729904 0.13541666666666666
0 0.3172087301844891 0.5541666666666667 0.0955462704318021 0.13333333333333333
0 0.5552846088683764 0.534375 0.07281146019162629 0.13958333333333334
0 0.7137694892237854 0.5291666666666667 0.08059922424548725 0.12083333333333333
0 0.67375731441898 0.042708333333333334 0.06915203782870663 0.08541666666666667
0 0.5187464942383503 0.5729166666666666 0.09162207900045646 0.14166666666666666
0 0.8289813044785262 0.5791666666666667 0.07422798662782668 0.11666666666666667
0 0.02421020260438199 0.6958333333333333 0.04842040520876398 0.1375
0 0.1904427691571021 0.6864583333333333 0.08494774733864473 0.12708333333333333
0 0.7452156239120711 0.665625 0.0824400823434999 0.1125
0 0.08112037239462234 0.75625 0.09291736781899664 0.11458333333333333
0 0.6458137964290636 0.7166666666666667 0.07703874566712302 0.14166666666666666
0 0.4768930869191254 0.7583333333333333 0.10608417471612934 0.1375
0 0.33771492275974124 0.7802083333333333 0.1062054123337898 0.14166666666666666
0 0.9244045844118429 0.7364583333333333 0.11043269780928663 0.14375
0 0.07787726612220441 0.8677083333333333 0.09554627043180212 0.13333333333333333
0 0.5398811687350099 0.8489583333333334 0.11601589091215393 0.12083333333333333
0 0.35021805410498374 0.8875 0.11468227711788875 0.075