0 0.8924702532344884 0.15906649555045224 0.015092594555088112 0.015347613447877665
0 0.6332771322422578 0.15068156113224676 0.01746693430085268 0.02379012965471734
0 0.6845370537182479 0.15960654153315196 0.02378968590396037 0.02620101160856964
0 0.9141402300035614 0.18411665761884893 0.017685189110175987 0.03004012965471734
0 0.636197109011331 0.17474907733908643 0.028174607379950582 0.03266937735558238
0 0.6134259455508799 0.17771473239718338 0.024153443919499296 0.03661767827523636
0 0.9929894271010037 0.20504145635226267 0.014021145797992554 0.03639931252822368
0 0.5437434062888749 0.17718210613472116 0.015238097761303493 0.01951428011454439
0 0.7136442003602033 0.18920551032548752 0.02996693430085268 0.02444522689575533
0 0.5761078245586494 0.18095777400740268 0.017685189110175987 0.0300401296547174
0 0.9702215825741883 0.21201000376676682 0.028320110586165962 0.036836044022248986
0 0.8787004191137373 0.2113726239991547 0.01940476442797016 0.019732645861557076
0 0.7830489647881737 0.2115585451511966 0.024153443919499296 0.03661767827523636
0 0.40793983738351186 0.18878062792005615 0.015238097761303611 0.01951428011454439
0 0.7623611346610558 0.2146333830827999 0.02393518911017599 0.030367678275236364
0 0.4194345465183991 0.19042280039100765 0.01940476442797028 0.019732645861557017
0 0.7958399712006049 0.22054697572556795 0.01940476442797016 0.019732645861557017
0 0.8510483045339382 0.22344032187348584 0.024153443919499296 0.03661767827523636
0 0.6801058437959431 0.21136232624596632 0.03219577084040139 0.0287210764359284
0 0.5738558437959431 0.20579399969714318 0.02393518911017599 0.030367678275236364
0 0.37478838305794804 0.19224203527728811 0.02393518911017599 0.030367678275236305
0 0.4812930136688254 0.20510202849277792 0.02378968590396037 0.02620101160856964
0 0.92741735341459 0.2368004967564671 0.024226195522607224 0.038701011608569695
0 0.8826620625494771 0.23549473164274753 0.02393518911017599 0.030367678275236364
0 0.9927662159693 0.24347394014542303 0.014467568061400015 0.019732645861557076
0 0.7138756867479233 0.22560925222206768 0.03248677725283263 0.03705440976926167
0 0.456438516875041 0.20795850067736854 0.028029104173734845 0.028502710688915713
0 0.9109325657556927 0.24113536710174974 0.02393518911017599 0.030367678275236364
0 0.5211309776130361 0.21446816975606495 0.0284656137923817 0.041002710688915714
0 0.25137568674792327 0.20137065430366113 0.02393518911017599 0.030367678275236364
0 0.9695932813030113 0.25356748755992714 0.02378968590396037 0.02620101160856964
0 0.4110053173588006 0.21701481079356247 0.03234127404661701 0.032887743102595006
0 0.6757341538983497 0.23504770239553383 0.028465613792381817 0.04100271068891566
0 0.795671323771232 0.24549238428881476 0.028320110586165962 0.036836044022248986
0 0.6186243662394524 0.23725350670744288 0.03248677725283263 0.03705440976926167
0 0.3852182813030113 0.22294169154139995 0.01940476442797016 0.019732645861557017
0 0.33938494796967794 0.22053966832426056 0.032632280459048243 0.0412210764359284
0 0.4364054511758936 0.22978333860897185 0.02378968590396037 0.026201011608569698
0 0.9555555849929864 0.2684282074453828 0.02393518911017599 0.030367678275236423
0 0.9920701194173953 0.271598940145423 0.015859761165209343 0.03661767827523631
0 0.2780721178425602 0.2214854402224903 0.028174607379950464 0.03266937735558232
0 0.47721233018366305 0.23712073797567873 0.02393518911017599 0.030367678275236364
0 0.36359791191388857 0.22908693803625008 0.015092594555087876 0.015347613447877724
0 0.23881616672321201 0.22878596562586992 0.01940476442797028 0.019732645861557076
0 0.6568882580720844 0.26109379843055697 0.032632280459048486 0.04122107643592834
0 0.41823746400075595 0.24546735941408152 0.017685189110175987 0.0300401296547174
0 0.1430919607945404 0.2268885534445785 0.03234127404661713 0.032887743102595006
0 0.8351951370798538 0.27563726744868206 0.03248677725283263 0.03705440976926179
0 0.06385254252476591 0.2206562709180044 0.02393518911017597 0.030367678275236364
0 0.3995965914054177 0.24760971355252445 0.01940476442797028 0.019732645861557017
0 0.19952383980230992 0.2350448243625829 0.028174607379950464 0.03266937735558238
0 0.12355492473875104 0.233142982812935 0.032486777252832715 0.03705440976926167
0 0.17567463387363827 0.23691422131726003 0.03263228045904836 0.04122107643592834
0 0.5956845553496284 0.2651645703287867 0.03277778366526386 0.045387743102595066
0 0.09851854893719715 0.2307911216641923 0.0284656137923817 0.04100271068891566
0 0.9428869375636135 0.2927185187675916 0.028465613792381817 0.041002710688915776
0 0.7834755617620597 0.28332436227769026 0.017830692316391606 0.03420679632138406
0 0.5011111434922851 0.2664467495842484 0.02832011058616608 0.036836044022248986
0 0.3791633918891773 0.25797621815079447 0.028756620204812934 0.04933604402224899
0 0.7992824407698291 0.28935156716232113 0.024226195522607224 0.03870101160856964
0 0.40757939830160855 0.26778352027646335 0.028029104173734845 0.028502710688915776
0 0.45348548323804966 0.27226887682693607 0.02832011058616608 0.03683604402224911
0 0.037678604230280174 0.24527856022908873 0.032341274046617116 0.032887743102595006
0 0.24824077410316245 0.2604726971198953 0.028174607379950464 0.03266937735558232
0 0.16066802250005463 0.25380368309929585 0.015238097761303611 0.01951428011454439
0 0.13261577410316244 0.25441304764029365 0.02832011058616608 0.03683604402224905
0 0.6839848229838142 0.29266691768271946 0.04096561379238182 0.04165780792995382
0 0.7257969928566965 0.29901724181951284 0.03292328687147972 0.049554409769261794
0 0.8926819143326867 0.31400187170001975 0.04384921475990069 0.06468365747012671
0 0.1187599568009072 0.27448210085908264 0.03248677725283275 0.03705440976926167
0 0.21049937507068167 0.2813694806266947 0.02437169872882284 0.04286767827523642
0 0.18650466593579443 0.27907221091470524 0.03263228045904836 0.04122107643592834
0 0.07508270840401501 0.27427259384878294 0.02832011058616608 0.036836044022248986
0 0.028280460007122817 0.2738993125282237 0.018339953538146252 0.0487901296547174
0 0.1556184239513335 0.2878511344787768 0.03263228045904836 0.04122107643592834
0 0.7956018911017597 0.3328286099785553 0.028611116998597197 0.04516937735558244
0 0.40583667876065693 0.30720307929953716 0.03263228045904836 0.041221076435928455
0 0.5799041394986519 0.31944484923731614 0.03694445033193053 0.04560610884960769
0 0.939606521712637 0.3476538949171591 0.039173286871479716 0.049881958389780816
0 0.6998776851730881 0.3309311977972638 0.033141541680802786 0.05580440976926179
0 0.25185189110175976 0.30433187999340167 0.04111111699859731 0.045824474596620375
0 0.6368816555297301 0.3432261201553206 0.04067460737995058 0.03332447459662037
0 0.732291710822813 0.36590227423319216 0.04370371155368531 0.06051699080346005
0 0.8732440930367981 0.3826471181948699 0.04082011058616596 0.03749114126328704
0 0.9783184731974214 0.3892025199736065 0.04336305360515714 0.06051699080346005
0 0.6814682989654699 0.36947729383228695 0.028611116998597197 0.04516937735558244
0 0.41577054736236196 0.3534731441268958 0.03917328687147948 0.0498819583897807
0 0.06030758341815135 0.3275657975273989 0.03917328687147957 0.0498819583897807
0 0.6472388021716855 0.3718424430860991 0.04067460737995058 0.03332447459662037
0 0.7921395962430139 0.3825556527947895 0.03939154168080303 0.056131958389780814
0 0.38674938390191094 0.35611125056447374 0.03939154168080303 0.056131958389780814
0 0.11405097204456771 0.3480582941351438 0.05060847598165553 0.07959453942397907
0 0.16717597204456772 0.3508424574095554 0.03953704488701864 0.06029862505644736
0 0.03395176611589609 0.34697975350514987 0.03343254809323423 0.064137743102595
0 0.9450231972105331 0.41344266922741857 0.040529104173734724 0.029157807929953823
0 0.5991898638771997 0.39531831222536684 0.03314154168080303 0.05580440976926179
0 0.9916369287323843 0.43497683250183017 0.016726142535231504 0.05569522689575533
0 0.7435218767020622 0.4195185971639707 0.03679894712571515 0.04143944218294102
0 0.8780423799082778 0.43072755917179606 0.04757937180792074 0.05240202321713928
0 0.7030423799082778 0.42155619779726383 0.045132280459048484 0.04187617367696639
0 0.6571726707733905 0.4181125079134578 0.03982805129944988 0.0686319583897807
0 0.7897917196540424 0.4344206203811101 0.04096561379238182 0.0416578079299537
0 0.13566142878892956 0.40117886476678727 0.046732815727420156 0.08770950701029973
0 0.9548843142091302 0.457629400721444 0.04757937180792074 0.052402023217139396
0 0.7716601082804587 0.4511463078528864 0.03636243750706806 0.02893944218294114
0 0.19008272606647356 0.4113092861446187 0.051746038474587405 0.05262038896415208
0 0.15495706581223814 0.4177865106283444 0.03982805129944988 0.06863195838978081
0 0.23839952655023317 0.4252788255685978 0.05046297277543991 0.07542787275731229
0 0.28010256901845376 0.4285041497053912 0.06979498560030244 0.09307718528553603
0 0.8493618302402084 0.4728944075059542 0.05196429328391095 0.05887038896415208
0 0.6920701635735417 0.46465110055622577 0.028174607379950582 0.03266937735558244
0 0.6024868302402083 0.45995623699545335 0.050317469569224234 0.07126120609064562
0 0.9204861699859729 0.4849399585385029 0.04384921475990069 0.06468365747012671
0 0.04285719962933108 0.42334896879233547 0.05707673079097898 0.08617208804449798
0 0.3286376243115368 0.44872368912937016 0.045132280459048366 0.04187617367696639
0 0.7851422549224142 0.4799264050939244 0.04082011058616596 0.03749114126328704
0 0.16959000652552192 0.4497461993061355 0.051746038474587405 0.05262038896415208
0 0.9916501603107808 0.5047139077317436 0.016699679378438505 0.0745544097692618
0 0.7294742677472765 0.49364513417592004 0.06526456091809672 0.0824421528718568
0 0.8531548262465752 0.5219619237127938 0.054847894251430065 0.08189623850432509
0 0.31324411069925673 0.48430855947465284 0.059933868601705124 0.04889045379151078
0 0.783545038587678 0.523512630783665 0.03939154168080303 0.056131958389780814
0 0.8222685842621141 0.5307408472768654 0.058650802902557565 0.07169793758467098
0 0.6346594568574526 0.5177893886612952 0.04096561379238182 0.0416578079299537
0 0.15416011711168798 0.48428940298475154 0.059642862189273886 0.040557120458177325
0 0.9760863398023099 0.5443562618701866 0.04782732039538023 0.09055712045817757
0 0.3658367052543447 0.5016214646456446 0.04772487501413636 0.05656868988380606
0 0.19288366278612418 0.4915176194779521 0.03248677725283275 0.03705440976926179
0 0.6974504632698839 0.5293982081998186 0.03292328687147972 0.049554409769261794
0 0.8946164696823151 0.5480493230795008 0.0464418093149888 0.07937617367696627
0 0.23703379660321708 0.5052687931549185 0.04757937180792074 0.052402023217139396
0 0.0776224208016632 0.49587463666501713 0.06577382213985133 0.09702548620519001
0 0.6029861788172023 0.5338053874552803 0.04757937180792074 0.052402023217139514
0 0.31150139115830505 0.5237281184977267 0.04111111699859731 0.04582447459662049
0 0.11035059708697673 0.5100669712043653 0.042784403870076856 0.09374114126328692
0 0.397209064237403 0.5365379496448198 0.04111111699859731 0.04582447459662049
0 0.719447822252942 0.5638233702682153 0.050317469569224234 0.07126120609064562
0 0.032552979300961855 0.5153476134478777 0.03120371155368528 0.059861893562422
0 0.5966039071893832 0.5594649140646749 0.03248677725283263 0.037054409769261554
0 0.932311580268481 0.5853766900325283 0.05765874361584148 0.10283875471116488
0 0.8406449136018144 0.5805726435982496 0.07875662020481282 0.05195643298640107
0 0.1593949136018144 0.5448698439616777 0.04787037822035198 0.060735356550472845
0 0.42419650174447115 0.5649860688969823 0.05799603847458741 0.052947937584670986
0 0.34733142322046123 0.567196302577248 0.05850529969634207 0.06753127091800432
0 0.2734458414902357 0.5654036439011063 0.05060847598165559 0.07959453942397895
0 0.2175959753073287 0.5739140396497686 0.06526456091809672 0.08244215287185691
0 0.7457705826872792 0.6327873066468716 0.06979498560030256 0.09307718528553603
0 0.47475537034617626 0.6133851997577147 0.052109796490126335 0.06303705563081886
0 0.6625100009570536 0.6305033250399514 0.061607155473184606 0.09680712045817733
0 0.6229630434252742 0.6294705171099977 0.046951070536743585 0.0939595070102996
0 0.9688872721063458 0.6543907884795812 0.06222545578730821 0.12289894919324099
0 0.35719254021905855 0.6113830340712733 0.06359127404661713 0.03452548620519001
0 0.8200562982345976 0.6460382986563464 0.050317469569224234 0.07126120609064562
0 0.8921495530439211 0.6560551077923151 0.04801588142656759 0.06490202321713952
0 0.18772825576637703 0.6118596298805069 0.04111111699859731 0.04582447459662025
0 0.05245709230592597 0.6089294097692618 0.06635583496471381 0.11369215287185691
0 0.532242147599009 0.6517498040090522 0.04513228045904825 0.04187617367696627
0 0.0979398992021168 0.6310685082163147 0.04256614906075346 0.08749114126328691
0 0.5629597421540969 0.6679162890082274 0.04333995353814638 0.0501003241367935
0 0.1337203238843225 0.6433412837325889 0.08345901125002732 0.12706561585990742
0 0.34334995449519984 0.6616058291866423 0.05799603847458741 0.052947937584670986
0 0.7584425490502879 0.6979165543477365 0.05576720193503846 0.04867208804449821
0 0.3040576275742977 0.6678646879233554 0.07696429328391083 0.0601805834462283
0 0.4093387125107389 0.6754617563687586 0.0696494823940867 0.08891051861886937
0 0.7148016764549496 0.6987487140041035 0.04787037822035198 0.060735356550472845
0 0.483406173248734 0.6824627483782335 0.06950397918787109 0.0847438519522027
0 0.21922297373249353 0.6800548567762623 0.07410715547318472 0.09746221769921562
0 0.8334194048271305 0.7309592130238781 0.07476191990115501 0.11621221769921537
0 0.7875133198906893 0.7264738564734056 0.054702391045214446 0.0777295718376583
0 0.0685814408829198 0.6835974317803862 0.04484127404661713 0.03354284034363294
0 0.6023512838348999 0.7240482473980082 0.05886905771188111 0.07794793758467099
0 0.19204374457289503 0.7056642213172601 0.04019180931498892 0.07904862505644748
0 0.6622719208582085 0.7427849592929388 0.08839948239408671 0.08989316448042643
0 0.11446438159620359 0.7171948635607724 0.0599338686017051 0.04889045379151066
0 0.03853184233419863 0.7163346886777912 0.029629639442106608 0.07433604402224887
0 0.32323422454818374 0.740613150911406 0.05901456091809673 0.08211460425133765
0 0.49011914602417384 0.755597780791913 0.04658731252120442 0.08354284034363293
0 0.9812566599453447 0.7963850037667669 0.037486680109310555 0.1214795718376583
0 0.7718784072459286 0.7849208020486015 0.06441800483759626 0.117749636665017
0 0.4363162373730462 0.7631756927474148 0.08423281572742004 0.08967479873341375
0 0.07496703144437461 0.7473574641940656 0.07732805129944985 0.07059725011289472
0 0.7268817173483348 0.8064771121647956 0.09869710901133098 0.1465798959744518
0 0.14592272376076618 0.7843484237898611 0.0811309599505775 0.06039894919324074
0 0.6410053968398641 0.8186126895809491 0.0667658814265676 0.06588466907869635
0 0.8163691548554032 0.8382007176221481 0.09373017471047831 0.12344486356077246
0 0.1911509000460797 0.7991958555702474 0.04917990707629253 0.09823535655047284
0 0.9186707429980598 0.8498006784239586 0.10257276926556642 0.13846492838813115
0 0.05469256671274638 0.7920443773555824 0.05656746956922432 0.07158875471116488
0 0.5329399256958046 0.8503805887218666 0.09775133817092947 0.11949656264111846
0 0.12650804668803511 0.8238815950547979 0.09947091348872371 0.10918907884795814
0 0.38664693852066706 0.8593498628063365 0.11277118112290954 0.13276084275566263
0 0.9772255838401328 0.9090532074453829 0.04554883231973435 0.0939595070102996
0 0.09448424221064232 0.8596346690786963 0.08021165226696908 0.09362309965306774
0 0.053786490607534515 0.8554222697119894 0.050681227584763365 0.08167787275731228
0 0.20192141208352463 0.8694242537309393 0.0507539791878712 0.08376120609064562
0 0.9904464840820125 0.9236321114103596 0.019107031835974907 0.09747107643592821
0 0.6636343760277353 0.9008999268792593 0.11003308336160605 0.11390165988215652
0 0.2625199577579608 0.8777988903959565 0.10685847598165553 0.08254247700864994
0 0.36220580712237216 0.9038184102208408 0.08694445033193053 0.04822649781375977