0 0.12291666666666666 0.22604166666666667 0.021875 0.03958333333333333
0 0.04583333333333333 0.24791666666666667 0.034375 0.058333333333333334
0 0.07916666666666666 0.24375 0.028125 0.04791666666666667
0 0.2708333333333333 0.24479166666666666 0.0375 0.053125
0 0.30625 0.24791666666666667 0.027083333333333334 0.034375
0 0.3385416666666667 0.246875 0.028125 0.053125
0 0.39166666666666666 0.24166666666666667 0.028125 0.04791666666666667
0 0.0125 0.2875 0.025 0.053125
0 0.434375 0.24791666666666667 0.028125 0.04791666666666667
0 0.478125 0.24375 0.0375 0.058333333333333334
0 0.12291666666666666 0.2833333333333333 0.03125 0.03958333333333333
0 0.22916666666666666 0.275 0.03333333333333333 0.04375
0 0.20208333333333334 0.2791666666666667 0.029166666666666667 0.058333333333333334
0 0.540625 0.246875 0.03333333333333333 0.053125
0 0.5166666666666667 0.25625 0.028125 0.04375
0 0.17291666666666666 0.2916666666666667 0.034375 0.058333333333333334
0 0.3020833333333333 0.29270833333333335 0.03333333333333333 0.04375
0 0.146875 0.31145833333333334 0.035416666666666666 0.04791666666666667
0 0.7979166666666667 0.2635416666666667 0.040625 0.08541666666666667
0 0.8385416666666666 0.26666666666666666 0.034375 0.06666666666666667
0 0.23020833333333332 0.3302083333333333 0.0375 0.058333333333333334
0 0.4895833333333333 0.30833333333333335 0.03333333333333333 0.053125
0 0.8770833333333333 0.26979166666666665 0.040625 0.08541666666666667
0 0.084375 0.35833333333333334 0.03333333333333333 0.04375
0 0.12708333333333333 0.353125 0.041666666666666664 0.06458333333333334
0 0.43333333333333335 0.3260416666666667 0.03958333333333333 0.071875
0 0.15208333333333332 0.35833333333333334 0.028125 0.053125
0 0.010416666666666666 0.3770833333333333 0.020833333333333332 0.07708333333333334
0 0.26979166666666665 0.35 0.04791666666666667 0.06875
0 0.640625 0.31354166666666666 0.06875 0.08958333333333333
0 0.5635416666666667 0.3229166666666667 0.04375 0.078125
0 0.36770833333333336 0.3489583333333333 0.05 0.040625
0 0.9395833333333333 0.29375 0.035416666666666666 0.071875
0 0.69375 0.321875 0.04375 0.07291666666666667
0 0.3229166666666667 0.3625 0.03958333333333333 0.07708333333333334
0 0.5395833333333333 0.3416666666666667 0.052083333333333336 0.096875
0 0.9614583333333333 0.31145833333333334 0.040625 0.08541666666666667
0 0.4625 0.36875 0.04375 0.07291666666666667
0 0.09270833333333334 0.4197916666666667 0.052083333333333336 0.05416666666666667
0 0.34479166666666666 0.3958333333333333 0.029166666666666667 0.058333333333333334
0 0.5104166666666666 0.3802083333333333 0.052083333333333336 0.1
0 0.7635416666666667 0.36354166666666665 0.05625 0.11041666666666666
0 0.16875 0.42604166666666665 0.04375 0.06875
0 0.43020833333333336 0.4125 0.04375 0.078125
0 0.2375 0.4395833333333333 0.035416666666666666 0.07708333333333334
0 0.853125 0.3854166666666667 0.058333333333333334 0.07083333333333333
0 0.37916666666666665 0.4427083333333333 0.058333333333333334 0.07916666666666666
0 0.265625 0.45729166666666665 0.053125 0.07291666666666667
0 0.07708333333333334 0.4791666666666667 0.06041666666666667 0.10208333333333333
0 0.628125 0.43333333333333335 0.06041666666666667 0.10625
0 0.19895833333333332 0.4947916666666667 0.059375 0.09375
0 0.035416666666666666 0.528125 0.07083333333333333 0.10208333333333333
0 0.9427083333333334 0.46041666666666664 0.0625 0.125
0 0.31145833333333334 0.5270833333333333 0.05625 0.05625
0 0.5447916666666667 0.5020833333333333 0.06041666666666667 0.10208333333333333
0 0.18229166666666666 0.5520833333333334 0.08541666666666667 0.08333333333333333
0 0.890625 0.49166666666666664 0.06041666666666667 0.09791666666666667
0 0.3302083333333333 0.5916666666666667 0.06458333333333334 0.084375
0 0.8479166666666667 0.55 0.06666666666666667 0.115625
0 0.44895833333333335 0.6145833333333334 0.078125 0.13125
0 0.5541666666666667 0.74375 0.103125 0.15625