0 0.22089822252327493 0.1987758316439448 0.028611893562421997 0.029324232890713377
0 0.3444198243625829 0.18972132982362847 0.017976861148742647 0.025096963830182575
0 0.8605494353984309 0.1367033306091954 0.006795914367531708 0.010453028102985111
0 0.677211672696741 0.15756765964725694 0.010962581034198374 0.01047726906053074
0 0.6927274898232347 0.15539342272312742 0.017758495401730082 0.02093029716351591
0 0.849254876375357 0.13989499324244595 0.0067959143675314715 0.010453028102985111
0 0.20389957786773275 0.21242052238018047 0.010962581034198374 0.010477269060530798
0 0.36234652344292884 0.19378497242072612 0.022143527815409434 0.025121204787728266
0 0.17401879315491844 0.2188462693223864 0.024881958389780696 0.03763332526650108
0 0.3968307063164352 0.19566831785430788 0.017758495401730082 0.02093029716351597
0 0.7148208555702473 0.15943282436267944 0.017976861148742765 0.025096963830182575
0 0.13377593321219058 0.22637428532512313 0.02444522689575533 0.029299991933167745
0 0.8734861668924562 0.1449639410698918 0.017758495401730082 0.02093029716351591
0 0.7294587803403338 0.16038964767793637 0.011180946781211058 0.014643935727197466
0 0.08832473993612945 0.23393260252479195 0.02893944218294105 0.035574232890713375
0 0.748263371777087 0.1613222300356476 0.017758495401730082 0.02093029716351591
0 0.3514886959138804 0.20530996838731 0.017758495401730082 0.02093029716351597
0 0.6251239099950513 0.1776683985226306 0.011180946781211058 0.014643935727197466
0 0.7246871785010259 0.16875328220820177 0.017758495401730082 0.02093029716351597
0 0.8521570812599878 0.1555078727636731 0.01139931252822374 0.01881060239386413
0 0.32906335217799226 0.21481829365381108 0.022143527815409434 0.025121204787728266
0 0.6740276518916314 0.1763419006048026 0.017758495401730082 0.02093029716351591
0 0.649191426201891 0.17961234635007645 0.018195226895755447 0.029263630496849304
0 0.12911351424638895 0.23682125318872188 0.02444522689575536 0.029299991933167745
0 0.20904889039595645 0.23114628142263483 0.01819522689575533 0.029263630496849245
0 0.3457846102814121 0.21576299649029515 0.022143527815409434 0.025121204787728266
0 0.6399802005121503 0.1827918885045542 0.017976861148742765 0.025096963830182575
0 0.7818696622941862 0.16633663570861576 0.018195226895755447 0.029263630496849245
0 0.8337346298805068 0.16186695707262852 0.021925162068396748 0.020954538121061596
0 0.798590920397606 0.16728133854509986 0.017758495401730082 0.02093029716351591
0 0.7323063937882116 0.17496086053249685 0.017758495401730082 0.02093029716351597
0 0.3014296751087708 0.2243569201172442 0.02444522689575545 0.029299991933167745
0 0.14956027815409365 0.24920610864038004 0.017758495401730023 0.02093029716351591
0 0.8115276518916313 0.17554194900579623 0.017976861148742765 0.025096963830182575
0 0.16299276194725393 0.24704399219502335 0.024663592642768014 0.033466658599834415
0 0.561850771143794 0.20304413336458815 0.02444522689575545 0.029299991933167745
0 0.8230405766617179 0.1765169530392124 0.018195226895755447 0.029263630496849304
0 0.77764397482241 0.1851169369055478 0.02444522689575545 0.029299991933167745
0 0.8563739099950513 0.17632302537884717 0.017976861148742765 0.025096963830182634
0 0.913392619477952 0.1707813788792612 0.02444522689575545 0.029299991933167745
0 0.11891078395837848 0.26084624915530574 0.02861189356242203 0.029324232890713377
0 0.07537914970539114 0.2652674458762017 0.03332447459662037 0.03976514051492567
0 0.1376607839583785 0.26073716484635034 0.02444522689575533 0.029299991933167745
0 0.7562057063164354 0.19357753526599583 0.02444522689575545 0.029299991933167745
0 0.8402531576959162 0.18683665587569642 0.021925162068396748 0.020954538121061596
0 0.15553289160197134 0.26375914077678136 0.028939442182941023 0.035574232890713375
0 0.6299958359711526 0.21098355113780473 0.022143527815409434 0.025121204787728266
0 0.9552776518916314 0.1747056359704714 0.0175401296547174 0.016763630496849244
0 0.6477587607412391 0.2119221937349024 0.022143527815409434 0.025121204787728266
0 0.6974858035574732 0.20642296891102127 0.017976861148742765 0.025096963830182575
0 0.9357043509719773 0.1789874471854799 0.011399312528223505 0.01881060239386413
0 0.8096036635002011 0.19847679639062216 0.017758495401730082 0.02093029716351597
0 0.9287402329258296 0.18527986886118478 0.018195226895755447 0.029263630496849245
0 0.2908403753951317 0.2608879763232144 0.017758495401730082 0.02093029716351591
0 0.9734773081557433 0.18397761190090242 0.017758495401730082 0.02093029716351597
0 0.10750261269344183 0.281752305361276 0.02510032413679338 0.041799991933167746
0 0.8503378463737074 0.20032378038788543 0.0175401296547174 0.016763630496849303
0 0.7645346102814121 0.2133267802569576 0.017758495401730082 0.02093029716351591
0 0.953353663500201 0.1976404833552973 0.0175401296547174 0.016763630496849303
0 0.8009929436147455 0.2131146718784332 0.017976861148742765 0.025096963830182575
0 0.8124512769480787 0.21304800924518263 0.017976861148742765 0.025096963830182575
0 0.8862458359711526 0.2094927322487474 0.017976861148742765 0.025096963830182634
0 0.7080072237292898 0.22824342675654355 0.0263101944820761 0.025145445745273894
0 0.7432601160856969 0.2249123786174056 0.022143527815409434 0.025121204787728266
0 0.8675504274079058 0.2106434832243695 0.017976861148742765 0.025096963830182575
0 0.9329570616608931 0.2060950214763589 0.022143527815409434 0.025121204787728266
0 0.07942777476183854 0.30275532539742883 0.03058604402224905 0.027253020036152858
0 0.7685330732694629 0.22997526620546502 0.022143527815409434 0.025121204787728266
0 0.969579169304486 0.20900791309783445 0.017976861148742765 0.025096963830182575
0 0.9147529760284248 0.21662077245198094 0.02444522689575545 0.029299991933167745
0 0.7252198047634882 0.23856312959302764 0.0263101944820761 0.025145445745273894
0 0.273509752750714 0.28808039396550317 0.02444522689575545 0.029299991933167745
0 0.979281717925005 0.21520337094335676 0.011617678275236425 0.0229772690605308
0 0.5700616334985515 0.26030549883432275 0.022143527815409434 0.025121204787728266
0 0.3152310108541338 0.28887965105671337 0.03310610884960781 0.035598473848259
0 0.7526852781540936 0.2456972300356476 0.022143527815409434 0.025121204787728266
0 0.9629425998788572 0.22155033477353936 0.024663592642768132 0.033466658599834415
0 0.8397485466600683 0.2368548365938557 0.017758495401730082 0.02093029716351597
0 0.045375894014001064 0.32900304020323357 0.030586044022249032 0.027253020036152858
0 0.7872786439011062 0.2496639088025627 0.022143527815409434 0.025121204787728266
0 0.11911586160032171 0.3244060965401316 0.03058604402224902 0.027253020036152976
0 0.8828390200506739 0.24389803344567945 0.02444522689575545 0.029299991933167745
0 0.0884117759678534 0.33500457038839065 0.03310610884960769 0.035598473848259
0 0.026184733151619243 0.34057651808490874 0.0183044097692617 0.03134696383018252
0 0.2717495386695432 0.3141402413503291 0.021925162068396748 0.02095453812106148
0 0.7691837411421444 0.2622729931115181 0.0263101944820761 0.025145445745273894
0 0.9131565362575135 0.24580561983680688 0.017976861148742765 0.025096963830182575
0 0.9319065362575134 0.24569653552785145 0.02444522689575545 0.029299991933167745
0 0.5817884946472941 0.28524489644045864 0.024881958389780814 0.03763332526650108
0 0.6917138383831823 0.27522751106549903 0.03332447459662025 0.03976514051492567
0 0.7891937735558237 0.26632451522984296 0.017976861148742765 0.025096963830182575
0 0.867923708728465 0.25753060370314235 0.024663592642768132 0.033466658599834415
0 0.6317339032105411 0.2839123382832442 0.021925162068396748 0.020954538121061596
0 0.8337670744754777 0.26189725826956056 0.03332447459662025 0.03976514051492567
0 0.7427009136130958 0.27388889266889815 0.029157807929953587 0.03974089955738004
0 0.9697886763147856 0.25277003357660727 0.018631958389780816 0.037596963830182635
0 0.9595903753951317 0.25699730263713805 0.018195226895755447 0.029263630496849304
0 0.5546461405088512 0.3041585229038918 0.028939442182940905 0.035574232890713375
0 0.6097998824054314 0.30279566354974524 0.017976861148742765 0.025096963830182516
0 0.5395124634396297 0.31362442649468797 0.021925162068396748 0.020954538121061596
0 0.907229655509676 0.2718897081791784 0.029157807929953587 0.03974089955738004
0 0.8016893441874672 0.2860495192632591 0.028611893562422115 0.029324232890713377
0 0.3241013998182859 0.33884328962039495 0.03332447459662037 0.03976514051492567
0 0.12541159430036194 0.365006855582586 0.0379278727573124 0.048122714805804635
0 0.03209832579438728 0.3738856104606964 0.027074474596620386 0.03972877907860723
0 0.35990020654222477 0.3459289081479236 0.028939442182941023 0.035574232890713375
0 0.30825360470291674 0.35456525345057754 0.029157807929953705 0.03974089955738004
0 0.48737010930118674 0.332683498703395 0.029376173676966388 0.04390756622404671
0 0.6303558291866423 0.31726385233473675 0.02444522689575545 0.029299991933167745
0 0.652121646313136 0.3150532539742888 0.029157807929953587 0.03974089955738004
0 0.9579393441874672 0.2851404833552973 0.02937617367696627 0.04390756622404671
0 0.7000929044165559 0.31581614962918053 0.03354284034363294 0.043931807181592335
0 0.5824893245883724 0.3383820169192315 0.03354284034363294 0.043931807181592335
0 0.5432335398755581 0.3448623060159151 0.03332447459662025 0.03976514051492567
0 0.8679650120601486 0.3179654510879682 0.03584453942397895 0.04811059432703182
0 0.735505141714866 0.3354078283960956 0.03332447459662025 0.03976514051492567
0 0.068656983264514 0.41535228922761147 0.06456561585990744 0.07951816055107865
0 0.7041415294730032 0.3533040291504077 0.03058604402224887 0.027253020036152858
0 0.8891760560823978 0.3449336398729597 0.02444522689575545 0.029299991933167745
0 0.7125250248747332 0.3740949408080361 0.03288774310259489 0.03143180718159234
0 0.6223913478055118 0.38399718163465396 0.037272775516274476 0.03562271480580463
0 0.3945894670576743 0.4113721009663312 0.04143944218294114 0.035646955763350266
0 0.45259525177048865 0.40478272756069217 0.04450542137783143 0.0544090762421232
0 0.2869658224021322 0.4255440325291847 0.08024077792830416 0.10043633723582156
0 0.5635622621730434 0.39475928194634613 0.03332447459662025 0.03976514051492567
0 0.48812110131066166 0.4066600127548875 0.056022775516274353 0.035731799114760085
0 0.1484743178038622 0.44718943794029725 0.09065744459497077 0.10049693962968576
0 0.1672243178038622 0.44708035363134185 0.02510032413679338 0.041799991933167746
0 0.8766126059089316 0.3835601498910362 0.057551335745363016 0.06489846578142675
0 0.9242017239550793 0.3770313788792612 0.051519701492375704 0.06902877101177497
0 0.44326598447052884 0.4454743901939427 0.03354284034363306 0.043931807181592335
0 0.1989066199295311 0.47502960668913585 0.04450542137783143 0.0544090762421232
0 0.5369068015970225 0.4428456353158323 0.03474385195220269 0.06684847384825901
0 0.561574823608147 0.4562479164766115 0.054148949193240745 0.07945755815721446
0 0.962734531885033 0.41640260383407013 0.054148949193240745 0.07945755815721446
0 0.661247274987628 0.449416133495516 0.09865437057107206 0.13386663439933766
0 0.6085044150449003 0.4570168723708896 0.06861424091635465 0.11703028102985134
0 0.5098146095269762 0.4825986553519852 0.07278090758302144 0.11705452198739698
0 0.7636035655047273 0.45403056336898096 0.09492443539843075 0.14217572677512524
0 0.9145360492978875 0.4510684953246179 0.062154733906055054 0.07325604007230571
0 0.4166606859629046 0.5144001371361486 0.11980639378821158 0.1798090520416262
0 0.2953227415937233 0.5651213056231317 0.08801933815739282 0.1296393653388068