0 0.5427407779283041 0.10312708352338848 0.033215291723114146 0.037681807181592336
0 0.31614433815739285 0.13096655776443097 0.04231290517099175 0.05231362243001699
0 0.5898341436753168 0.10756646096244368 0.03979284034363294 0.04396816861791084
0 0.039930038443753695 0.16580680718159238 0.04406868988380605 0.0460757429087898
0 0.43675930574371347 0.12750287886658807 0.039792840343633055 0.043968168617910815
0 0.08247459746682753 0.16293027699643525 0.044287055630818715 0.05024240957545647
0 0.7445511540778715 0.09909443663101906 0.04428705563081887 0.05024240957545647
0 0.4141155962608127 0.13257788693342035 0.026746925976101347 0.033478779078607225
0 0.6306229179855762 0.11092781029851376 0.04001120609064562 0.04813483528457751
0 0.35715147821466503 0.1384945737671677 0.04001120609064562 0.04813483528457751
0 0.5219576066633674 0.12383315182960719 0.035516990803460165 0.04186059432703185
0 0.1916312317198149 0.1593999354653418 0.04428705563081874 0.05024240957545647
0 0.8168082941351439 0.10680425981534812 0.04001120609064562 0.04813483528457751
0 0.46827783355912284 0.15267862580879402 0.04001120609064574 0.04813483528457751
0 0.42079789838648146 0.1607331881303524 0.044287055630818625 0.05024240957545647
0 0.8854402525249244 0.1446921151360785 0.03979284034363294 0.04396816861791084
0 0.7715666078693825 0.15756715547023986 0.04428705563081887 0.05024240957545647
0 0.6451929632138402 0.1703694729317643 0.04680712045817733 0.05858786338756262
0 0.7332433069497284 0.1615095932796093 0.04001120609064562 0.048134835284577446
0 0.598918469018125 0.1815550954927091 0.03979284034363294 0.04396816861791084
0 0.3638249216036209 0.20622108781866028 0.039792840343633055 0.04396816861791078
0 0.26228750263781925 0.21604385102545856 0.039792840343633055 0.04396816861791078
0 0.6943696622941862 0.1748209708495923 0.035516990803460165 0.04186059432703182
0 0.16809634177543745 0.22695070257462843 0.04001120609064574 0.04813483528457751
0 0.560868125282237 0.19070586663541184 0.03573535655047285 0.046027260993698485
0 0.11579021332673496 0.24226663036592144 0.042312905170991726 0.05231362243001699
0 0.3063650512583383 0.22254838107968788 0.042312905170991635 0.05231362243001699
0 0.5146437931549185 0.22271876229030357 0.042312905170991635 0.05231362243001699
0 0.8250058683848318 0.22348304696078763 0.04428705563081887 0.05024240957545647
0 0.7919454922352644 0.2284974526337558 0.04001120609064562 0.04813483528457751
0 0.4410041497053912 0.26810969814842883 0.03749114126328704 0.039789381472471304
0 0.7085531380968215 0.24675657324345643 0.03979284034363294 0.04396816861791078
0 0.7417772885566485 0.24486716757048826 0.041657807929953584 0.03981362243001699
0 0.9344900512583382 0.22620270542969417 0.03573535655047285 0.046027260993698485
0 0.4113417307395895 0.27835061787288956 0.04001120609064574 0.048134835284577446
0 0.24889189280798618 0.2982324936225563 0.04428705563081874 0.05024240957545653
0 0.640622009648119 0.2619815974439532 0.05075542137783131 0.05444543767844158
0 0.6696249020045263 0.2590262841467728 0.035516990803460165 0.04186059432703182
0 0.3434651937276402 0.294617308740053 0.042312905170991635 0.05231362243001693
0 0.2750427423481592 0.3004673329405499 0.04680712045817745 0.05858786338756268
0 0.6076162249353046 0.26803766978358806 0.033215291723114146 0.037681807181592336
0 0.8998922561429692 0.2416216572905562 0.03091359264276813 0.03350302003615286
0 0.5695112897626634 0.2761467742596242 0.041657807929953584 0.03981362243001693
0 0.36654563470456636 0.2978756340065541 0.03551699080346005 0.04186059432703194
0 0.09175514171486607 0.34001361032976857 0.04428705563081874 0.05024240957545653
0 0.03314442182941042 0.3542515100180764 0.03156868988380605 0.04600302003615286
0 0.026398669530275434 0.36462575500903827 0.01742208804449806 0.05425151001807649
0 0.9690199668318847 0.26909890618400634 0.026528560229088782 0.02931211241194056
0 0.5878156995319249 0.30749373808980673 0.04428705563081887 0.05024240957545653
0 0.1382981637259906 0.35382192752943736 0.04001120609064574 0.048134835284577564
0 0.4772308291866424 0.3235119591421274 0.039792840343633055 0.0439681686179109
0 0.6266303233823576 0.3129263002804373 0.035516990803460165 0.04186059432703194
0 0.9179738707968618 0.2885875608813524 0.04428705563081887 0.05024240957545641
0 0.7366648499917521 0.30627701898873033 0.030695226895755448 0.02933635336948619
0 0.5077121197037415 0.3288960394176666 0.039792840343633055 0.0439681686179109
0 0.9792138383831824 0.284778448338484 0.0163302593094348 0.03341817668474315
0 0.7164866138994567 0.3186558142010021 0.050755421377831546 0.05444543767844164
0 0.7891303233823576 0.31387169762471756 0.04001120609064562 0.048134835284577564
0 0.36653234659949696 0.3572324532883949 0.046588754711164644 0.05442119672089589
0 0.8318932481524439 0.3151618341062271 0.04001120609064562 0.048134835284577564
0 0.4309519056225708 0.3544831881303524 0.04001120609064562 0.048134835284577446
0 0.8775628071755179 0.31230348463922925 0.0426404537915109 0.05856362243001693
0 0.32870036861062146 0.3705498910977643 0.03573535655047273 0.0460272609936986
0 0.41077366953027544 0.36686198334262415 0.04001120609064574 0.048134835284577564
0 0.22041719734568482 0.39074689929552436 0.04001120609064574 0.048134835284577564
0 0.1906455955063768 0.3989044856866518 0.04001120609064574 0.048134835284577564
0 0.26427638021919114 0.39308476268308706 0.04658875471116471 0.05442119672089589
0 0.9098663229307785 0.014665588984337515 0.02389931252822374 0.018883325266501057
0 0.3120292725755983 0.390238533694862 0.04428705563081874 0.05024240957545653
0 0.9763529368302353 0.3295398138082186 0.041657807929953584 0.03981362243001693
0 0.8030452713695835 0.36081336025796806 0.042312905170991635 0.05231362243001693
0 0.48636974596620386 0.39854226033905943 0.046588754711164644 0.05442119672089601
0 0.7776587019439548 0.37316185427330784 0.02247107643592822 0.031371204787728146
0 0.6792462829781533 0.3830027981982653 0.04658875471116488 0.05442119672089601
0 0.8927923790131762 0.3644595408451995 0.03979284034363294 0.0439681686179109
0 0.9706444218294105 0.3597057254658471 0.04428705563081887 0.05024240957545653
0 0.5916872621730433 0.40123767785042036 0.03979284034363294 0.0439681686179109
0 0.9490423790131762 0.36478679377206574 0.03573535655047285 0.046027260993698485
0 0.015329895974451778 0.09381060239386411 0.022580259309434705 0.03345453812106157
0 0.9279818211961174 0.4000701351722314 0.04658875471116488 0.05442119672089589
0 0.6792714201718165 0.025820215840554092 0.0350802593094348 0.03352726099369851
0 0.8120248432072418 0.4129330550276199 0.026528560229088782 0.02931211241194056
0 0.7001799404482798 0.4247785491738874 0.0263101944820761 0.025145445745273776
0 0.8557202517704887 0.41214591841518255 0.0426404537915109 0.05856362243001693
0 0.7439299404482799 0.42503307922811673 0.026746925976101465 0.033478779078607225
0 0.6416238119995773 0.4400581155288619 0.035516990803460165 0.04186059432703182
0 0.883131133724341 0.41855348463922926 0.04001120609064562 0.048134835284577564
0 0.5371251673440353 0.452987698017501 0.042312905170991635 0.05231362243001693
0 0.6149226187235163 0.4471922159714819 0.03749114126328692 0.039789381472471304
0 0.8294011985516998 0.42657168552446917 0.03979284034363294 0.04396816861791078
0 0.7414600376893179 0.43751489850995745 0.03803705563081886 0.05020604813913797
0 0.11677429820476742 0.4994855741599512 0.039792840343633055 0.0439681686179109
0 0.7902545967123916 0.4346747297611188 0.03573535655047285 0.046027260993698485
0 0.2992180024120297 0.06630444131907429 0.04231290517099175 0.05231362243001699
0 0.4381624046423454 0.4721975817030722 0.04001120609064574 0.048134835284577564
0 0.7005030597004424 0.4508141556011677 0.04001120609064562 0.048134835284577564
0 0.17126851349195307 0.5060507066080446 0.04658875471116476 0.05442119672089589
0 0.9955138677818245 0.4359352595534925 0.00897226443635096 0.05016968670281952
0 0.6580588248141619 0.4953452319742187 0.046807120458177566 0.05858786338756256
0 0.23222666515779497 0.5366044735864034 0.03508025930943468 0.03352726099369837
0 0.5245026963654594 0.5101884610933715 0.04231290517099187 0.05231362243001693
0 0.5681435134919532 0.5083596578142675 0.046807120458177566 0.05858786338756256
0 0.8343778780329508 0.48179213933657533 0.033215291723114146 0.037681807181592336
0 0.4732928260201768 0.5265521157907176 0.04001120609064562 0.048134835284577564
0 0.8634280544248037 0.022726211545282315 0.03518944218294091 0.03561059432703185
0 0.441601665157795 0.5378225817030722 0.044068689883806064 0.04607574290878962
0 0.2821676443526853 0.5556393048375646 0.04001120609064574 0.048134835284577564
0 0.3753717299851536 0.5457680597156751 0.046588754711164644 0.05442119672089589
0 0.32569927860567266 0.5517271682251275 0.046588754711164644 0.05442119672089613
0 0.40037172998515363 0.545913505460949 0.04680712045817733 0.05858786338756256
0 0.24625522538688366 0.565843863125707 0.04001120609064574 0.048134835284577564
0 0.20091321498432885 0.5749522125927048 0.04001120609064574 0.048134835284577564
0 0.6988933318244617 0.5393194608315158 0.0426404537915109 0.05856362243001693
0 0.07700659505479779 0.09833482318432908 0.04001120609064574 0.04813483528457748
0 0.5946676443526854 0.5574573766534883 0.0350802593094348 0.03352726099369837
0 0.9847858747921241 0.5201829945263778 0.030428250415751753 0.0439681686179109
0 0.9474695251005227 0.5334761913782017 0.03573535655047285 0.0460272609936986
0 0.8988933318244617 0.540483026793707 0.04001120609064562 0.048134835284577564
0 0.5519548816509956 0.5769945132659257 0.04001120609064562 0.048134835284577564
0 0.6475698492373162 0.5733853886228089 0.04428705563081887 0.05024240957545653
0 0.40836422659289856 0.5990688066578811 0.04231290517099175 0.05231362243001693
0 0.4065642605154496 0.06797031264254137 0.04001120609064574 0.04813483528457751
0 0.5910424626851939 0.5876354087898896 0.04658875471116488 0.05442119672089613
0 0.4439446675698247 0.6023998547970191 0.04680712045817745 0.05858786338756256
0 0.5123125275125525 0.5955081639298555 0.03573535655047273 0.04602726099369837
0 0.3000810553279619 0.6192658148556411 0.04428705563081874 0.050242409575456295
0 0.37710979722454213 0.618672605903569 0.04680712045817733 0.05858786338756256
0 0.1267733898673101 0.6505393613053907 0.048453722297485416 0.05026665053300216
0 0.06991845469466879 0.6585393814724713 0.04044793758467107 0.0564681686179109
0 0.7922081516658418 0.0348080550276199 0.035516990803460165 0.04186059432703185
0 0.36330558344622804 0.07709078258831208 0.02893944218294114 0.035574232890713375
0 0.9686761397544152 0.580460275687157 0.03091359264276813 0.03350302003615298
0 0.922347054121947 0.5906042315814352 0.042312905170991635 0.05231362243001693
0 0.667926699080346 0.008051280113356641 0.023353398160692034 0.008466658599834392
0 0.9947842469464291 0.5869526852626135 0.010431506107141785 0.050230289096683596
0 0.4474975403271371 0.6503225817030722 0.03749114126328704 0.03978938147247154
0 0.8664201733741095 0.616312585081849 0.05492208804449821 0.05446967863598739
0 0.5463466907869641 0.6488149711114478 0.04001120609064562 0.048134835284577564
0 0.11859497210752332 0.6931870922448599 0.04001120609064574 0.048134835284577564
0 0.11275081034198345 0.1047908713234671 0.039792840343633055 0.04396816861791084
0 0.4707963470510759 0.6577475736362399 0.04001120609064574 0.048134835284577564
0 0.5135592718211625 0.6590377101177495 0.042312905170991635 0.05231362243001693
0 0.37682355193570677 0.6728210918520764 0.03803705563081863 0.050206048139138204
0 0.18421997210752333 0.6935688873262038 0.03551699080346005 0.0418605943270317
0 0.3406381757861393 0.6778173168068854 0.04001120609064562 0.048134835284577564
0 0.8287519696954936 0.6327550228912187 0.03979284034363294 0.0439681686179109
0 0.7821499268792595 0.6376906454521635 0.033215291723114146 0.037681807181592336
0 0.6663021317638903 0.6526368986408853 0.03979284034363294 0.0439681686179109
0 0.14419547791180817 0.7047908713234672 0.04264045379151072 0.05856362243001693
0 0.30680909015367097 0.6880339955738004 0.04001120609064574 0.048134835284577564
0 0.16656180084258668 0.7142931363505818 0.04932718528553608 0.06693331719966883
0 0.9021880868384832 0.027117107069246225 0.033215291723114146 0.03768180718159235
0 0.08410193049730405 0.7304749838663355 0.03606290517099173 0.052277260993698366
0 0.25444394089985883 0.722093863125707 0.03749114126328704 0.039789381472471304
0 0.016749273330034144 0.12089393572719745 0.023453722297485397 0.05012120478772823
0 0.8433044097692618 0.036146673424220746 0.04001120609064562 0.048134835284577494
0 0.8999084222809893 0.6592027255967748 0.04658875471116488 0.05442119672089589
0 0.9969428233823575 0.6484110185959469 0.006114353235284872 0.048134835284577564
0 0.6960102834297321 0.6830088584376518 0.03573535655047285 0.0460272609936986
0 0.7885002510160528 0.6793815530763757 0.03979284034363294 0.0439681686179109
0 0.40444394089985886 0.7229665375973504 0.048453722297485416 0.05026665053300216
0 0.6086696283716352 0.7054104047564735 0.04001120609064562 0.048134835284577564
0 0.575663843658821 0.7114664770961082 0.03573535655047285 0.04602726099369837
0 0.5343247256126733 0.7174740675206517 0.04428705563081887 0.050242409575456295
0 0.6596567036015486 0.704665689819741 0.04001120609064562 0.048134835284577564
0 0.7467199721075233 0.6968414165948662 0.04001120609064562 0.048134835284577564
0 0.2756003934853547 0.7482506743407155 0.04001120609064574 0.048134835284577564
0 0.4964381561870445 0.7297498386633544 0.039792840343633055 0.0439681686179109
0 0.4613490381408969 0.7357937905242165 0.04001120609064574 0.048134835284577564
0 0.37121536107167535 0.7446415496975988 0.04001120609064574 0.048134835284577564
0 0.31836331825544123 0.749540810822225 0.04001120609064574 0.048134835284577564
0 0.25350259836998557 0.7637423490742143 0.04001120609064574 0.048134835284577564
0 0.09335445951872827 0.7878030119693205 0.0323329699983504 0.060586353369486305
0 0.6296032858417618 0.7471861557320955 0.025209507010299604 0.04388332526650108
0 0.7820731886007237 0.735577010921898 0.033215291723114146 0.037681807181592336
0 0.937668091359686 0.7239860468298598 0.0426404537915109 0.05856362243001693
0 0.6757095763588611 0.7526611395984308 0.03913774310259489 0.0314681686179109
0 0.5702784479101586 0.7676679951810169 0.046588754711164644 0.05442119672089589
0 0.8863490381408968 0.7382663681938726 0.04428705563081887 0.05024240957545653
0 0.6211563402665659 0.7648399469109511 0.03979284034363294 0.0439681686179109
0 0.2255325139435321 0.8062749354653419 0.048453722297485416 0.05026665053300216
0 0.8380458020486015 0.7504815369427111 0.026746925976101465 0.03347877907860711
0 0.48178694331188865 0.7879801479271189 0.046588754711164644 0.05442119672089613
0 0.7646333830827998 0.7604679266129426 0.04428705563081887 0.050242409575456295
0 0.3941733310700258 0.8051733609126072 0.044287055630818625 0.05024240957545653
0 0.6884235127375172 0.7766861355650148 0.04001120609064562 0.048134835284577564
0 0.52202537388626 0.8007104370238025 0.048016990803460044 0.04193331719966883
0 0.30650512739140984 0.8213249072314288 0.04001120609064574 0.048134835284577564
0 0.45387587969054477 0.8117687945576326 0.039792840343633055 0.0439681686179109
0 0.9677037916460468 0.7606080066266263 0.04428705563081887 0.050242409575456295
0 0.3608901598050892 0.8258067063461889 0.05338466907869635 0.06487422482388112
0 0.7392423842888147 0.7926020270555625 0.033215291723114146 0.037681807181592336
0 0.21614865520681917 0.8457916061654246 0.053057120458177384 0.05862422482388112
0 0.2721802894598065 0.8419521924256242 0.042640453791510664 0.05856362243001693
0 0.16559831147093101 0.8548696544354903 0.04658875471116476 0.05442119672089613
0 0.6123183958973845 0.8147732842777006 0.04001120609064562 0.048134835284577564
0 0.11186837629828969 0.8628878553207303 0.03441630333168373 0.060598473848259005
0 0.5377551273914098 0.8226702803752123 0.03321529172311391 0.037681807181592336
0 0.82515037388626 0.8024739666852483 0.03091359264276813 0.03350302003615298
0 0.91780411578284 0.8019716613239722 0.04428705563081887 0.050242409575456295
0 0.8597983310700258 0.8078822879183333 0.04428705563081887 0.050242409575456295
0 0.1587935383666864 0.8839878391870658 0.04921800241202975 0.06484998386633549
0 0.7285439017016693 0.8269043041829256 0.042312905170991635 0.05231362243001693
0 0.4861586876204985 0.8515278748331719 0.042312905170991635 0.05231362243001693
0 0.4178454191145239 0.859461232367002 0.03573535655047273 0.04602726099369837
0 0.44284541911452385 0.8596066781122761 0.028939442182941023 0.035574232890713375
0 0.7854489989427073 0.8397315571097919 0.042312905170991635 0.05231362243001693
0 0.5482175267581167 0.8633437622903036 0.04001120609064562 0.048134835284577564
0 0.23143281848123073 0.8989893290380615 0.044068689883806064 0.046075742908789866
0 0.30605067842395856 0.8921339996072165 0.05338466907869635 0.06487422482388112
0 0.5823697316427475 0.8791626899506687 0.04001120609064562 0.048134835284577564
0 0.2756741414120093 0.9086188590922909 0.05733296999835034 0.060731799114760086
0 0.19398298054962743 0.9195984335140978 0.04231290517099175 0.05231362243001693
0 0.2315375719863806 0.9208582687986752 0.052402023217139396 0.04612422482388112
0 0.13833348635391227 0.9307295139205647 0.04231290517099175 0.05231362243001693
0 0.16157770164109794 0.9371128391870658 0.034861893562421996 0.029360594327031937
0 0.8370321506085491 0.8702307819336729 0.0350802593094348 0.03352726099369837