0 0.37916666666666665 0.3229166666666667 0.00625 0.009375
0 0.16875 0.35208333333333336 0.00625 0.009375
0 0.15729166666666666 0.35625 0.010416666666666666 0.010416666666666666
0 0.27395833333333336 0.33958333333333335 0.010416666666666666 0.015625
0 0.228125 0.3458333333333333 0.00625 0.009375
0 0.39791666666666664 0.3229166666666667 0.00625 0.009375
0 0.17604166666666668 0.3541666666666667 0.00625 0.009375
0 0.315625 0.334375 0.010416666666666666 0.010416666666666666
0 0.22083333333333333 0.34791666666666665 0.00625 0.009375
0 0.3333333333333333 0.33229166666666665 0.010416666666666666 0.010416666666666666
0 0.26458333333333334 0.34375 0.00625 0.009375
0 0.4875 0.3125 0.00625 0.009375
0 0.19479166666666667 0.3541666666666667 0.00625 0.009375
0 0.38645833333333335 0.32916666666666666 0.00625 0.009375
0 0.37604166666666666 0.3302083333333333 0.010416666666666666 0.010416666666666666
0 0.4239583333333333 0.3229166666666667 0.010416666666666666 0.015625
0 0.18541666666666667 0.3572916666666667 0.00625 0.009375
0 0.29270833333333335 0.3416666666666667 0.010416666666666666 0.010416666666666666
0 0.33645833333333336 0.33541666666666664 0.010416666666666666 0.010416666666666666
0 0.2833333333333333 0.34375 0.010416666666666666 0.015625
0 0.353125 0.3333333333333333 0.010416666666666666 0.010416666666666666
0 0.50625 0.3125 0.00625 0.014583333333333334
0 0.16458333333333333 0.3625 0.010416666666666666 0.010416666666666666
0 0.21770833333333334 0.3541666666666667 0.00625 0.009375
0 0.275 0.346875 0.010416666666666666 0.015625
0 0.23333333333333334 0.353125 0.00625 0.014583333333333334
0 0.2520833333333333 0.35 0.010416666666666666 0.015625
0 0.4708333333333333 0.321875 0.010416666666666666 0.015625
0 0.4864583333333333 0.31979166666666664 0.010416666666666666 0.010416666666666666
0 0.22708333333333333 0.35625 0.010416666666666666 0.010416666666666666
0 0.24375 0.3541666666666667 0.00625 0.009375
0 0.5208333333333334 0.3145833333333333 0.010416666666666666 0.010416666666666666
0 0.375 0.3375 0.00625 0.009375
0 0.259375 0.3541666666666667 0.00625 0.014583333333333334
0 0.49583333333333335 0.32083333333333336 0.00625 0.014583333333333334
0 0.409375 0.33541666666666664 0.010416666666666666 0.010416666666666666
0 0.175 0.36770833333333336 0.010416666666666666 0.010416666666666666
0 0.36354166666666665 0.3416666666666667 0.010416666666666666 0.015625
0 0.346875 0.34375 0.010416666666666666 0.015625
0 0.26979166666666665 0.3572916666666667 0.010416666666666666 0.010416666666666666
0 0.31354166666666666 0.35104166666666664 0.010416666666666666 0.010416666666666666
0 0.15416666666666667 0.3729166666666667 0.010416666666666666 0.015625
0 0.2791666666666667 0.35625 0.010416666666666666 0.010416666666666666
0 0.5197916666666667 0.321875 0.00625 0.009375
0 0.16666666666666666 0.371875 0.010416666666666666 0.010416666666666666
0 0.203125 0.36666666666666664 0.010416666666666666 0.015625
0 0.2375 0.3614583333333333 0.00625 0.009375
0 0.38333333333333336 0.3416666666666667 0.004166666666666667 0.004166666666666667
0 0.42604166666666665 0.33541666666666664 0.010416666666666666 0.015625
0 0.246875 0.3625 0.010416666666666666 0.010416666666666666
0 0.3385416666666667 0.35 0.00625 0.009375
0 0.28541666666666665 0.3572916666666667 0.010416666666666666 0.015625
0 0.3020833333333333 0.3541666666666667 0.010416666666666666 0.015625
0 0.32916666666666666 0.35208333333333336 0.010416666666666666 0.015625
0 0.20520833333333333 0.36875 0.00625 0.014583333333333334
0 0.21458333333333332 0.36666666666666664 0.00625 0.009375
0 0.3958333333333333 0.3416666666666667 0.00625 0.009375
0 0.4875 0.32916666666666666 0.004166666666666667 0.004166666666666667
0 0.5385416666666667 0.321875 0.010416666666666666 0.010416666666666666
0 0.22708333333333333 0.36770833333333336 0.00625 0.014583333333333334
0 0.325 0.3541666666666667 0.015625 0.015625
0 0.39375 0.34479166666666666 0.00625 0.009375
0 0.4010416666666667 0.34375 0.00625 0.009375
0 0.521875 0.32708333333333334 0.010416666666666666 0.015625
0 0.4083333333333333 0.3416666666666667 0.00625 0.009375
0 0.5479166666666667 0.3229166666666667 0.00625 0.009375
0 0.49583333333333335 0.3333333333333333 0.00625 0.009375
0 0.5072916666666667 0.33125 0.00625 0.009375
0 0.20833333333333334 0.3729166666666667 0.010416666666666666 0.010416666666666666
0 0.6052083333333333 0.31666666666666665 0.010416666666666666 0.015625
0 0.190625 0.378125 0.010416666666666666 0.015625
0 0.31666666666666665 0.36041666666666666 0.010416666666666666 0.010416666666666666
0 0.3625 0.3541666666666667 0.010416666666666666 0.010416666666666666
0 0.44583333333333336 0.3416666666666667 0.00625 0.014583333333333334
0 0.5322916666666667 0.32916666666666666 0.00625 0.009375
0 0.34791666666666665 0.35520833333333335 0.010416666666666666 0.015625
0 0.465625 0.33958333333333335 0.010416666666666666 0.010416666666666666
0 0.4864583333333333 0.33541666666666664 0.004166666666666667 0.004166666666666667
0 0.225 0.375 0.010416666666666666 0.015625
0 0.28541666666666665 0.36666666666666664 0.00625 0.014583333333333334
0 0.45625 0.34270833333333334 0.010416666666666666 0.015625
0 0.6020833333333333 0.3229166666666667 0.010416666666666666 0.010416666666666666
0 0.4822916666666667 0.33958333333333335 0.010416666666666666 0.010416666666666666
0 0.3854166666666667 0.353125 0.00625 0.009375
0 0.278125 0.36770833333333336 0.015625 0.015625
0 0.4322916666666667 0.3458333333333333 0.010416666666666666 0.010416666666666666
0 0.5208333333333334 0.33541666666666664 0.010416666666666666 0.015625
0 0.24791666666666667 0.37395833333333334 0.015625 0.015625
0 0.3958333333333333 0.3541666666666667 0.010416666666666666 0.010416666666666666
0 0.5447916666666667 0.3333333333333333 0.010416666666666666 0.010416666666666666
0 0.565625 0.33229166666666665 0.010416666666666666 0.010416666666666666
0 0.5770833333333333 0.3302083333333333 0.010416666666666666 0.015625
0 0.4041666666666667 0.3541666666666667 0.010416666666666666 0.015625
0 0.5104166666666666 0.33958333333333335 0.00625 0.009375
0 0.55625 0.3333333333333333 0.010416666666666666 0.015625
0 0.5833333333333334 0.32916666666666666 0.010416666666666666 0.010416666666666666
0 0.42604166666666665 0.35208333333333336 0.010416666666666666 0.015625
0 0.5041666666666667 0.3416666666666667 0.00625 0.009375
0 0.390625 0.35833333333333334 0.010416666666666666 0.015625
0 0.4395833333333333 0.35208333333333336 0.010416666666666666 0.010416666666666666
0 0.378125 0.3625 0.015625 0.015625
0 0.5708333333333333 0.33541666666666664 0.010416666666666666 0.015625
0 0.2604166666666667 0.37916666666666665 0.010416666666666666 0.015625
0 0.490625 0.346875 0.010416666666666666 0.015625
0 0.6302083333333334 0.32708333333333334 0.010416666666666666 0.015625
0 0.48125 0.34791666666666665 0.00625 0.009375
0 0.540625 0.33958333333333335 0.010416666666666666 0.010416666666666666
0 0.47708333333333336 0.35104166666666664 0.010416666666666666 0.015625
0 0.6604166666666667 0.325 0.010416666666666666 0.010416666666666666
0 0.2520833333333333 0.38333333333333336 0.010416666666666666 0.015625
0 0.46041666666666664 0.353125 0.010416666666666666 0.015625
0 0.18854166666666666 0.39166666666666666 0.015625 0.015625
0 0.41041666666666665 0.3625 0.010416666666666666 0.015625
0 0.5270833333333333 0.3458333333333333 0.00625 0.014583333333333334
0 0.2 0.39166666666666666 0.010416666666666666 0.015625
0 0.5458333333333333 0.3458333333333333 0.010416666666666666 0.010416666666666666
0 0.6083333333333333 0.3375 0.010416666666666666 0.010416666666666666
0 0.23229166666666667 0.38958333333333334 0.010416666666666666 0.015625
0 0.45208333333333334 0.359375 0.015625 0.010416666666666666
0 0.371875 0.37083333333333335 0.010416666666666666 0.015625
0 0.215625 0.39166666666666666 0.015625 0.015625
0 0.2708333333333333 0.384375 0.00625 0.009375
0 0.28229166666666666 0.38333333333333336 0.010416666666666666 0.015625
0 0.39895833333333336 0.36666666666666664 0.00625 0.014583333333333334
0 0.4708333333333333 0.35625 0.010416666666666666 0.010416666666666666
0 0.65625 0.3302083333333333 0.010416666666666666 0.010416666666666666
0 0.3302083333333333 0.37916666666666665 0.0125 0.020833333333333332
0 0.390625 0.37083333333333335 0.015625 0.015625
0 0.6354166666666666 0.33541666666666664 0.010416666666666666 0.015625
0 0.2989583333333333 0.38333333333333336 0.0125 0.020833333333333332
0 0.5333333333333333 0.35208333333333336 0.010416666666666666 0.015625
0 0.5416666666666666 0.35208333333333336 0.010416666666666666 0.015625
0 0.2520833333333333 0.39479166666666665 0.015625 0.015625
0 0.6270833333333333 0.3416666666666667 0.010416666666666666 0.015625
0 0.5489583333333333 0.35208333333333336 0.00625 0.009375
0 0.26458333333333334 0.3958333333333333 0.015625 0.015625
0 0.5125 0.36041666666666666 0.010416666666666666 0.010416666666666666
0 0.659375 0.33958333333333335 0.010416666666666666 0.010416666666666666
0 0.6729166666666667 0.3375 0.010416666666666666 0.010416666666666666
0 0.16979166666666667 0.41041666666666665 0.016666666666666666 0.025
0 0.35520833333333335 0.38645833333333335 0.010416666666666666 0.015625
0 0.21770833333333334 0.40625 0.010416666666666666 0.015625
0 0.30833333333333335 0.39375 0.010416666666666666 0.015625
0 0.4239583333333333 0.3770833333333333 0.015625 0.015625
0 0.6885416666666667 0.33958333333333335 0.015625 0.010416666666666666
0 0.7177083333333333 0.33541666666666664 0.004166666666666667 0.004166666666666667
0 0.28229166666666666 0.4 0.015625 0.015625
0 0.6197916666666666 0.35208333333333336 0.015625 0.015625
0 0.6395833333333333 0.3489583333333333 0.010416666666666666 0.015625
0 0.3375 0.39166666666666666 0.0125 0.020833333333333332
0 0.6979166666666666 0.3416666666666667 0.010416666666666666 0.015625
0 0.34479166666666666 0.3927083333333333 0.010416666666666666 0.015625
0 0.7708333333333334 0.3333333333333333 0.016666666666666666 0.020833333333333332
0 0.228125 0.409375 0.015625 0.015625
0 0.3125 0.39791666666666664 0.010416666666666666 0.015625
0 0.45208333333333334 0.378125 0.010416666666666666 0.015625
0 0.5947916666666667 0.35833333333333334 0.015625 0.015625
0 0.7083333333333334 0.3416666666666667 0.010416666666666666 0.015625
0 0.6583333333333333 0.3489583333333333 0.010416666666666666 0.010416666666666666
0 0.6729166666666667 0.3489583333333333 0.010416666666666666 0.010416666666666666
0 0.32708333333333334 0.39791666666666664 0.010416666666666666 0.015625
0 0.4947916666666667 0.37395833333333334 0.010416666666666666 0.015625
0 0.24895833333333334 0.4114583333333333 0.015625 0.015625
0 0.565625 0.36666666666666664 0.010416666666666666 0.010416666666666666
0 0.7166666666666667 0.3458333333333333 0.010416666666666666 0.015625
0 0.19166666666666668 0.4197916666666667 0.010416666666666666 0.015625
0 0.5145833333333333 0.3770833333333333 0.010416666666666666 0.015625
0 0.378125 0.3958333333333333 0.015625 0.015625
0 0.5958333333333333 0.3645833333333333 0.010416666666666666 0.010416666666666666
0 0.4583333333333333 0.384375 0.010416666666666666 0.015625
0 0.6833333333333333 0.35520833333333335 0.010416666666666666 0.015625
0 0.6145833333333334 0.3645833333333333 0.0125 0.020833333333333332
0 0.79375 0.3416666666666667 0.016666666666666666 0.020833333333333332
0 0.6979166666666666 0.35520833333333335 0.010416666666666666 0.015625
0 0.4791666666666667 0.3854166666666667 0.015625 0.015625
0 0.234375 0.42083333333333334 0.015625 0.015625
0 0.5270833333333333 0.37916666666666665 0.010416666666666666 0.015625
0 0.6697916666666667 0.359375 0.010416666666666666 0.010416666666666666
0 0.740625 0.3489583333333333 0.010416666666666666 0.015625
0 0.7364583333333333 0.35208333333333336 0.010416666666666666 0.015625
0 0.43125 0.3958333333333333 0.016666666666666666 0.020833333333333332
0 0.5645833333333333 0.3770833333333333 0.010416666666666666 0.010416666666666666
0 0.15625 0.43333333333333335 0.015625 0.010416666666666666
0 0.3489583333333333 0.40729166666666666 0.015625 0.015625
0 0.5916666666666667 0.3729166666666667 0.010416666666666666 0.015625
0 0.6416666666666667 0.36770833333333336 0.010416666666666666 0.015625
0 0.2604166666666667 0.421875 0.010416666666666666 0.010416666666666666
0 0.5552083333333333 0.3802083333333333 0.015625 0.015625
0 0.165625 0.4354166666666667 0.010416666666666666 0.015625
0 0.6083333333333333 0.3729166666666667 0.010416666666666666 0.015625
0 0.22291666666666668 0.42916666666666664 0.016666666666666666 0.020833333333333332
0 0.5989583333333334 0.3770833333333333 0.00625 0.009375
0 0.634375 0.37083333333333335 0.010416666666666666 0.015625
0 0.2760416666666667 0.421875 0.010416666666666666 0.015625
0 0.2833333333333333 0.42083333333333334 0.016666666666666666 0.020833333333333332
0 0.19166666666666668 0.43333333333333335 0.00625 0.014583333333333334
0 0.20625 0.434375 0.016666666666666666 0.020833333333333332
0 0.6541666666666667 0.37083333333333335 0.010416666666666666 0.015625
0 0.7895833333333333 0.35208333333333336 0.015625 0.015625
0 0.446875 0.40208333333333335 0.0125 0.020833333333333332
0 0.25625 0.42916666666666664 0.015625 0.015625
0 0.3020833333333333 0.42291666666666666 0.010416666666666666 0.010416666666666666
0 0.24791666666666667 0.4354166666666667 0.00625 0.014583333333333334
0 0.4083333333333333 0.4125 0.010416666666666666 0.015625
0 0.2791666666666667 0.43020833333333336 0.010416666666666666 0.015625
0 0.740625 0.365625 0.010416666666666666 0.015625
0 0.6635416666666667 0.37916666666666665 0.015625 0.010416666666666666
0 0.371875 0.42083333333333334 0.016666666666666666 0.020833333333333332
0 0.8145833333333333 0.35833333333333334 0.010416666666666666 0.010416666666666666
0 0.3885416666666667 0.41770833333333335 0.010416666666666666 0.015625
0 0.6052083333333333 0.3875 0.015625 0.015625
0 0.6125 0.38645833333333335 0.010416666666666666 0.015625
0 0.31979166666666664 0.42916666666666664 0.016666666666666666 0.020833333333333332
0 0.69375 0.3770833333333333 0.010416666666666666 0.015625
0 0.26979166666666665 0.43645833333333334 0.00625 0.014583333333333334
0 0.15416666666666667 0.453125 0.015625 0.015625
0 0.5354166666666667 0.4 0.010416666666666666 0.010416666666666666
0 0.5260416666666666 0.40208333333333335 0.010416666666666666 0.015625
0 0.4270833333333333 0.4166666666666667 0.010416666666666666 0.010416666666666666
0 0.7916666666666666 0.3645833333333333 0.010416666666666666 0.010416666666666666
0 0.2989583333333333 0.43645833333333334 0.010416666666666666 0.015625
0 0.35 0.42916666666666664 0.010416666666666666 0.015625
0 0.39791666666666664 0.42291666666666666 0.016666666666666666 0.020833333333333332
0 0.3104166666666667 0.4354166666666667 0.010416666666666666 0.015625
0 0.66875 0.3854166666666667 0.010416666666666666 0.015625
0 0.5958333333333333 0.3958333333333333 0.010416666666666666 0.015625
0 0.7208333333333333 0.3770833333333333 0.016666666666666666 0.020833333333333332
0 0.5885416666666666 0.39791666666666664 0.010416666666666666 0.015625
0 0.6802083333333333 0.3854166666666667 0.010416666666666666 0.015625
0 0.50625 0.4125 0.010416666666666666 0.015625
0 0.7083333333333334 0.384375 0.010416666666666666 0.015625
0 0.5354166666666667 0.4083333333333333 0.010416666666666666 0.015625
0 0.8229166666666666 0.36770833333333336 0.021875 0.021875
0 0.5541666666666667 0.40520833333333334 0.010416666666666666 0.015625
0 0.6479166666666667 0.39166666666666666 0.016666666666666666 0.020833333333333332
0 0.8416666666666667 0.36770833333333336 0.010416666666666666 0.010416666666666666
0 0.440625 0.4239583333333333 0.015625 0.015625
0 0.471875 0.4197916666666667 0.010416666666666666 0.015625
0 0.24583333333333332 0.45208333333333334 0.021875 0.021875
0 0.7479166666666667 0.3802083333333333 0.010416666666666666 0.015625
0 0.5229166666666667 0.4125 0.015625 0.015625
0 0.7614583333333333 0.38125 0.015625 0.015625
0 0.42916666666666664 0.428125 0.010416666666666666 0.015625
0 0.5802083333333333 0.40625 0.010416666666666666 0.015625
0 0.603125 0.403125 0.0125 0.020833333333333332
0 0.5697916666666667 0.4083333333333333 0.010416666666666666 0.015625
0 0.6708333333333333 0.3958333333333333 0.016666666666666666 0.020833333333333332
0 0.8010416666666667 0.378125 0.016666666666666666 0.020833333333333332
0 0.15833333333333333 0.46770833333333334 0.00625 0.014583333333333334
0 0.25833333333333336 0.45416666666666666 0.0125 0.020833333333333332
0 0.734375 0.3875 0.010416666666666666 0.015625
0 0.6229166666666667 0.40520833333333334 0.010416666666666666 0.010416666666666666
0 0.7114583333333333 0.3927083333333333 0.0125 0.020833333333333332
0 0.46875 0.4270833333333333 0.010416666666666666 0.015625
0 0.8885416666666667 0.36770833333333336 0.016666666666666666 0.020833333333333332
0 0.6864583333333333 0.3958333333333333 0.015625 0.015625
0 0.7760416666666666 0.3854166666666667 0.010416666666666666 0.015625
0 0.16875 0.471875 0.0125 0.020833333333333332
0 0.3177083333333333 0.4510416666666667 0.010416666666666666 0.015625
0 0.5125 0.42291666666666666 0.016666666666666666 0.020833333333333332
0 0.5947916666666667 0.4114583333333333 0.010416666666666666 0.015625
0 0.6572916666666667 0.403125 0.010416666666666666 0.015625
0 0.7552083333333334 0.38958333333333334 0.010416666666666666 0.010416666666666666
0 0.07916666666666666 0.484375 0.016666666666666666 0.025
0 0.8677083333333333 0.37604166666666666 0.010416666666666666 0.015625
0 0.3072916666666667 0.45416666666666666 0.016666666666666666 0.020833333333333332
0 0.146875 0.47708333333333336 0.0125 0.020833333333333332
0 0.18125 0.475 0.015625 0.015625
0 0.19479166666666667 0.47291666666666665 0.016666666666666666 0.020833333333333332
0 0.46041666666666664 0.4354166666666667 0.010416666666666666 0.015625
0 0.28125 0.46041666666666664 0.015625 0.015625
0 0.840625 0.38229166666666664 0.016666666666666666 0.020833333333333332
0 0.2635416666666667 0.4635416666666667 0.0125 0.020833333333333332
0 0.47708333333333336 0.43333333333333335 0.015625 0.015625
0 0.628125 0.4114583333333333 0.015625 0.015625
0 0.27291666666666664 0.46458333333333335 0.016666666666666666 0.020833333333333332
0 0.35833333333333334 0.45208333333333334 0.015625 0.015625
0 0.29375 0.46041666666666664 0.0125 0.020833333333333332
0 0.5833333333333334 0.42083333333333334 0.010416666666666666 0.015625
0 0.38958333333333334 0.4479166666666667 0.010416666666666666 0.015625
0 0.209375 0.475 0.016666666666666666 0.020833333333333332
0 0.6427083333333333 0.41458333333333336 0.010416666666666666 0.010416666666666666
0 0.76875 0.396875 0.010416666666666666 0.015625
0 0.6885416666666667 0.4083333333333333 0.010416666666666666 0.015625
0 0.8260416666666667 0.38958333333333334 0.010416666666666666 0.015625
0 0.3333333333333333 0.4583333333333333 0.0125 0.020833333333333332
0 0.41458333333333336 0.44583333333333336 0.015625 0.015625
0 0.603125 0.42083333333333334 0.016666666666666666 0.020833333333333332
0 0.22083333333333333 0.47604166666666664 0.016666666666666666 0.020833333333333332
0 0.34479166666666666 0.4583333333333333 0.010416666666666666 0.010416666666666666
0 0.39791666666666664 0.45208333333333334 0.016666666666666666 0.020833333333333332
0 0.3770833333333333 0.45416666666666666 0.016666666666666666 0.020833333333333332
0 0.803125 0.39479166666666665 0.010416666666666666 0.015625
0 0.8145833333333333 0.3927083333333333 0.010416666666666666 0.015625
0 0.475 0.440625 0.021875 0.027083333333333334
0 0.7 0.4083333333333333 0.015625 0.015625
0 0.9083333333333333 0.38229166666666664 0.016666666666666666 0.020833333333333332
0 0.24375 0.475 0.010416666666666666 0.015625
0 0.9364583333333333 0.378125 0.016666666666666666 0.020833333333333332
0 0.9583333333333334 0.375 0.020833333333333332 0.016666666666666666
0 0.6208333333333333 0.42291666666666666 0.016666666666666666 0.020833333333333332
0 0.115625 0.49270833333333336 0.016666666666666666 0.025
0 0.9479166666666666 0.37916666666666665 0.016666666666666666 0.025
0 0.365625 0.46041666666666664 0.010416666666666666 0.015625
0 0.6666666666666666 0.41770833333333335 0.0125 0.020833333333333332
0 0.5916666666666667 0.42916666666666664 0.016666666666666666 0.020833333333333332
0 0.64375 0.42083333333333334 0.015625 0.015625
0 0.7375 0.4083333333333333 0.0125 0.020833333333333332
0 0.8791666666666667 0.390625 0.016666666666666666 0.020833333333333332
0 0.32083333333333336 0.46979166666666666 0.021875 0.027083333333333334
0 0.159375 0.49166666666666664 0.021875 0.021875
0 0.340625 0.4666666666666667 0.015625 0.015625
0 0.53125 0.4395833333333333 0.016666666666666666 0.020833333333333332
0 0.6729166666666667 0.4197916666666667 0.00625 0.014583333333333334
0 0.8666666666666667 0.39479166666666665 0.015625 0.015625
0 0.13958333333333334 0.496875 0.015625 0.015625
0 0.3541666666666667 0.4666666666666667 0.010416666666666666 0.015625
0 0.5020833333333333 0.44583333333333336 0.010416666666666666 0.015625
0 0.41458333333333336 0.4583333333333333 0.010416666666666666 0.015625
0 0.44166666666666665 0.45416666666666666 0.010416666666666666 0.015625
0 0.8333333333333334 0.39895833333333336 0.010416666666666666 0.015625
0 0.17708333333333334 0.49166666666666664 0.021875 0.021875
0 0.921875 0.38958333333333334 0.020833333333333332 0.0125
0 0.5729166666666666 0.43854166666666666 0.016666666666666666 0.020833333333333332
0 0.6833333333333333 0.42291666666666666 0.016666666666666666 0.020833333333333332
0 0.7927083333333333 0.4083333333333333 0.016666666666666666 0.020833333333333332
0 0.020833333333333332 0.5166666666666667 0.028125 0.034375
0 0.775 0.4125 0.016666666666666666 0.020833333333333332
0 0.51875 0.4479166666666667 0.016666666666666666 0.020833333333333332
0 0.8270833333333333 0.4083333333333333 0.016666666666666666 0.020833333333333332
0 0.20416666666666666 0.4947916666666667 0.010416666666666666 0.015625
0 0.5395833333333333 0.4479166666666667 0.021875 0.027083333333333334
0 0.5833333333333334 0.44166666666666665 0.015625 0.010416666666666666
0 0.08333333333333333 0.5114583333333333 0.016666666666666666 0.025
0 0.365625 0.475 0.015625 0.015625
0 0.6135416666666667 0.4395833333333333 0.010416666666666666 0.015625
0 0.24375 0.49166666666666664 0.010416666666666666 0.015625
0 0.49375 0.45729166666666665 0.016666666666666666 0.025
0 0.6541666666666667 0.434375 0.016666666666666666 0.020833333333333332
0 0.8583333333333333 0.40520833333333334 0.015625 0.015625
0 0.41875 0.46979166666666666 0.015625 0.015625
0 0.8135416666666667 0.4166666666666667 0.016666666666666666 0.020833333333333332
0 0.8520833333333333 0.41041666666666665 0.016666666666666666 0.025
0 0.38958333333333334 0.47604166666666664 0.016666666666666666 0.025
0 0.7416666666666667 0.4270833333333333 0.016666666666666666 0.025
0 0.703125 0.4322916666666667 0.016666666666666666 0.020833333333333332
0 0.778125 0.42083333333333334 0.016666666666666666 0.025
0 0.9072916666666667 0.403125 0.015625 0.010416666666666666
0 0.45416666666666666 0.46979166666666666 0.016666666666666666 0.025
0 0.10729166666666666 0.5177083333333333 0.027083333333333334 0.03125
0 0.9416666666666667 0.4010416666666667 0.021875 0.027083333333333334
0 0.5104166666666666 0.46145833333333336 0.021875 0.027083333333333334
0 0.609375 0.4479166666666667 0.015625 0.015625
0 0.440625 0.47291666666666665 0.010416666666666666 0.015625
0 0.27291666666666664 0.496875 0.016666666666666666 0.025
0 0.928125 0.4041666666666667 0.021875 0.027083333333333334
0 0.2916666666666667 0.496875 0.021875 0.029166666666666667
0 0.6416666666666667 0.4479166666666667 0.015625 0.015625
0 0.7958333333333333 0.42604166666666665 0.016666666666666666 0.025
0 0.5583333333333333 0.459375 0.021875 0.027083333333333334
0 0.22083333333333333 0.5072916666666667 0.021875 0.027083333333333334
0 0.7135416666666666 0.4375 0.016666666666666666 0.020833333333333332
0 0.959375 0.4041666666666667 0.016666666666666666 0.025
0 0.5895833333333333 0.45729166666666665 0.016666666666666666 0.025
0 0.984375 0.4041666666666667 0.008333333333333333 0.028125
0 0.14270833333333333 0.5197916666666667 0.027083333333333334 0.03125
0 0.8854166666666666 0.41458333333333336 0.015625 0.015625
0 0.23229166666666667 0.5072916666666667 0.021875 0.029166666666666667
0 0.353125 0.4895833333333333 0.016666666666666666 0.025
0 0.15833333333333333 0.5166666666666667 0.021875 0.027083333333333334
0 0.5791666666666667 0.46041666666666664 0.021875 0.027083333333333334
0 0.8239583333333333 0.42604166666666665 0.016666666666666666 0.020833333333333332
0 0.203125 0.5135416666666667 0.016666666666666666 0.020833333333333332
0 0.5239583333333333 0.46770833333333334 0.021875 0.027083333333333334
0 0.6041666666666666 0.459375 0.016666666666666666 0.020833333333333332
0 0.65 0.453125 0.010416666666666666 0.015625
0 0.975 0.40729166666666666 0.016666666666666666 0.025
0 0.25104166666666666 0.5083333333333333 0.021875 0.029166666666666667
0 0.23958333333333334 0.5125 0.016666666666666666 0.025
0 0.9166666666666666 0.41770833333333335 0.021875 0.027083333333333334
0 0.3229166666666667 0.5020833333333333 0.016666666666666666 0.025
0 0.38333333333333336 0.49583333333333335 0.021875 0.027083333333333334
0 0.7354166666666667 0.44583333333333336 0.021875 0.027083333333333334
0 0.790625 0.43854166666666666 0.021875 0.029166666666666667
0 0.42291666666666666 0.4895833333333333 0.021875 0.029166666666666667
0 0.86875 0.42916666666666664 0.021875 0.027083333333333334
0 0.18541666666666667 0.525 0.016666666666666666 0.025
0 0.6145833333333334 0.46458333333333335 0.021875 0.029166666666666667
0 0.446875 0.48854166666666665 0.021875 0.029166666666666667
0 0.6760416666666667 0.45625 0.016666666666666666 0.020833333333333332
0 0.43333333333333335 0.49270833333333336 0.016666666666666666 0.029166666666666667
0 0.6395833333333333 0.46458333333333335 0.021875 0.027083333333333334
0 0.209375 0.5270833333333333 0.021875 0.027083333333333334
0 0.46145833333333336 0.49375 0.010416666666666666 0.015625
0 0.34479166666666666 0.5104166666666666 0.0125 0.025
0 0.65625 0.4666666666666667 0.016666666666666666 0.025
0 0.7666666666666667 0.453125 0.021875 0.021875
0 0.12708333333333333 0.5427083333333333 0.021875 0.027083333333333334
0 0.634375 0.471875 0.010416666666666666 0.015625
0 0.47291666666666665 0.4947916666666667 0.016666666666666666 0.025
0 0.07083333333333333 0.5510416666666667 0.016666666666666666 0.025
0 0.89375 0.4375 0.027083333333333334 0.027083333333333334
0 0.96875 0.42916666666666664 0.016666666666666666 0.020833333333333332
0 0.08645833333333333 0.553125 0.021875 0.029166666666666667
0 0.290625 0.525 0.021875 0.027083333333333334
0 0.66875 0.471875 0.016666666666666666 0.025
0 0.22083333333333333 0.5364583333333334 0.016666666666666666 0.025
0 0.58125 0.49270833333333336 0.027083333333333334 0.03125
0 0.5645833333333333 0.49583333333333335 0.027083333333333334 0.03125
0 0.35833333333333334 0.5270833333333333 0.022916666666666665 0.03958333333333333
0 0.9583333333333334 0.44583333333333336 0.021875 0.029166666666666667
0 0.41875 0.5208333333333334 0.027083333333333334 0.03125
0 0.33958333333333335 0.534375 0.022916666666666665 0.034375
0 0.18333333333333332 0.5583333333333333 0.022916666666666665 0.034375
0 0.49583333333333335 0.5145833333333333 0.027083333333333334 0.03125
0 0.9104166666666667 0.4583333333333333 0.03333333333333333 0.035416666666666666
0 0.016666666666666666 0.584375 0.022916666666666665 0.034375
0 0.8166666666666667 0.47708333333333336 0.027083333333333334 0.03125
0 0.203125 0.5635416666666667 0.022916666666666665 0.034375
0 0.08333333333333333 0.5791666666666667 0.027083333333333334 0.021875
0 0.74375 0.4895833333333333 0.021875 0.027083333333333334
0 0.8875 0.47708333333333336 0.027083333333333334 0.03125
0 0.45625 0.5385416666666667 0.021875 0.021875
0 0.4708333333333333 0.5364583333333334 0.027083333333333334 0.03125
0 0.7895833333333333 0.4979166666666667 0.022916666666666665 0.034375
0 0.6385416666666667 0.5208333333333334 0.03333333333333333 0.035416666666666666
0 0.03229166666666667 0.6104166666666667 0.021875 0.029166666666666667
0 0.6041666666666666 0.5291666666666667 0.03333333333333333 0.035416666666666666
0 0.052083333333333336 0.6072916666666667 0.025 0.04375
0 0.08958333333333333 0.6041666666666666 0.03333333333333333 0.040625
0 0.215625 0.5895833333333333 0.027083333333333334 0.03125
0 0.13125 0.603125 0.03333333333333333 0.040625
0 0.6927083333333334 0.5239583333333333 0.029166666666666667 0.021875
0 0.5375 0.5458333333333333 0.034375 0.04583333333333333
0 0.8197916666666667 0.5104166666666666 0.027083333333333334 0.03125
0 0.9666666666666667 0.490625 0.03333333333333333 0.040625
0 0.890625 0.5010416666666667 0.027083333333333334 0.021875
0 0.37916666666666665 0.5729166666666666 0.029166666666666667 0.04375
0 0.771875 0.5208333333333334 0.027083333333333334 0.03125
0 0.5520833333333334 0.553125 0.022916666666666665 0.034375
0 0.39791666666666664 0.575 0.029166666666666667 0.053125
0 0.653125 0.5416666666666666 0.029166666666666667 0.021875
0 0.020833333333333332 0.6302083333333334 0.016666666666666666 0.020833333333333332
0 0.9333333333333333 0.509375 0.03333333333333333 0.040625
0 0.4979166666666667 0.5729166666666666 0.034375 0.04583333333333333
0 0.12916666666666668 0.625 0.027083333333333334 0.027083333333333334
0 0.5770833333333333 0.5645833333333333 0.034375 0.05416666666666667
0 0.04583333333333333 0.6395833333333333 0.028125 0.034375
0 0.46041666666666664 0.5833333333333334 0.04375 0.05416666666666667
0 0.359375 0.5989583333333334 0.027083333333333334 0.03125
0 0.42916666666666664 0.5916666666666667 0.034375 0.05
0 0.8708333333333333 0.5291666666666667 0.034375 0.05416666666666667
0 0.6635416666666667 0.5645833333333333 0.03125 0.03125
0 0.7020833333333333 0.5604166666666667 0.0375 0.04583333333333333
0 0.8927083333333333 0.5333333333333333 0.041666666666666664 0.05
0 0.12083333333333333 0.6447916666666667 0.025 0.016666666666666666
0 0.7854166666666667 0.5520833333333334 0.034375 0.04583333333333333
0 0.7489583333333333 0.5583333333333333 0.027083333333333334 0.03125
0 0.22708333333333333 0.6333333333333333 0.034375 0.05416666666666667
0 0.022916666666666665 0.6625 0.0125 0.029166666666666667
0 0.35104166666666664 0.61875 0.04375 0.05416666666666667
0 0.034375 0.6635416666666667 0.022916666666666665 0.03958333333333333
0 0.18854166666666666 0.64375 0.041666666666666664 0.05
0 0.7708333333333334 0.5645833333333333 0.04375 0.05416666666666667
0 0.984375 0.5333333333333333 0.03125 0.04583333333333333
0 0.3885416666666667 0.6177083333333333 0.035416666666666666 0.03333333333333333
0 0.9229166666666667 0.5479166666666667 0.034375 0.04583333333333333
0 0.12708333333333333 0.6614583333333334 0.0375 0.040625
0 0.5104166666666666 0.6104166666666667 0.03333333333333333 0.040625
0 0.6052083333333333 0.596875 0.059375 0.07708333333333334
0 0.74375 0.5875 0.03333333333333333 0.040625
0 0.6947916666666667 0.6041666666666666 0.04583333333333333 0.06458333333333334
0 0.8791666666666667 0.5895833333333333 0.04375 0.05416666666666667
0 0.28229166666666666 0.6760416666666667 0.05 0.065625
0 0.4791666666666667 0.6479166666666667 0.052083333333333336 0.07916666666666666
0 0.396875 0.6666666666666666 0.05416666666666667 0.07083333333333333
0 0.946875 0.5895833333333333 0.041666666666666664 0.046875
0 0.5791666666666667 0.64375 0.04791666666666667 0.06041666666666667
0 0.6822916666666666 0.6333333333333333 0.071875 0.09583333333333334
0 0.12916666666666668 0.7229166666666667 0.059375 0.06666666666666667
0 0.8395833333333333 0.634375 0.05416666666666667 0.065625
0 0.7927083333333333 0.8375 0.15 0.07916666666666666