0 0.609375 0.019791666666666666 0.020833333333333332 0.025
0 0.11666666666666667 0.07291666666666667 0.028125 0.04791666666666667
0 0.4270833333333333 0.10833333333333334 0.015625 0.020833333333333332
0 0.22708333333333333 0.090625 0.021875 0.03333333333333333
0 0.5739583333333333 0.125 0.015625 0.025
0 0.5541666666666667 0.12291666666666666 0.021875 0.0375
0 0.15 0.08854166666666667 0.021875 0.029166666666666667
0 0.4635416666666667 0.11770833333333333 0.027083333333333334 0.034375
0 0.7385416666666667 0.14166666666666666 0.027083333333333334 0.034375
0 0.2833333333333333 0.10208333333333333 0.015625 0.025
0 0.29583333333333334 0.10520833333333333 0.015625 0.025
0 0.325 0.10833333333333334 0.021875 0.029166666666666667
0 0.5010416666666667 0.12291666666666666 0.021875 0.029166666666666667
0 0.8208333333333333 0.15625 0.027083333333333334 0.034375
0 0.17291666666666666 0.1 0.027083333333333334 0.04375
0 0.7739583333333333 0.15416666666666667 0.027083333333333334 0.034375
0 0.24375 0.10833333333333334 0.021875 0.029166666666666667
0 0.09375 0.09791666666666667 0.021875 0.03333333333333333
0 0.19479166666666667 0.10625 0.021875 0.03333333333333333
0 0.5322916666666667 0.13541666666666666 0.021875 0.03333333333333333
0 0.5822916666666667 0.14166666666666666 0.021875 0.029166666666666667
0 0.44583333333333336 0.13333333333333333 0.016666666666666666 0.029166666666666667
0 0.20416666666666666 0.11458333333333333 0.021875 0.0375
0 0.6833333333333333 0.15625 0.027083333333333334 0.034375
0 0.425 0.13541666666666666 0.021875 0.0375
0 0.6364583333333333 0.159375 0.027083333333333334 0.034375
0 0.38333333333333336 0.13958333333333334 0.021875 0.029166666666666667
0 0.6854166666666667 0.028125 0.020833333333333332 0.020833333333333332
0 0.315625 0.13333333333333333 0.027083333333333334 0.034375
0 0.34791666666666665 0.13854166666666667 0.027083333333333334 0.034375
0 0.2791666666666667 0.13333333333333333 0.027083333333333334 0.04375
0 0.23958333333333334 0.13125 0.021875 0.03333333333333333
0 0.359375 0.14166666666666666 0.021875 0.029166666666666667
0 0.7979166666666667 0.18229166666666666 0.03125 0.034375
0 0.47708333333333336 0.15416666666666667 0.027083333333333334 0.034375
0 0.709375 0.17708333333333334 0.027083333333333334 0.03958333333333333
0 0.49895833333333334 0.16041666666666668 0.027083333333333334 0.034375
0 0.8520833333333333 0.19375 0.021875 0.03333333333333333
0 0.89375 0.196875 0.03125 0.03958333333333333
0 0.33541666666666664 0.15520833333333334 0.021875 0.03333333333333333
0 0.759375 0.19166666666666668 0.027083333333333334 0.034375
0 0.12916666666666668 0.13958333333333334 0.027083333333333334 0.03958333333333333
0 0.5604166666666667 0.17916666666666667 0.03125 0.03958333333333333
0 0.5302083333333333 0.17708333333333334 0.027083333333333334 0.034375
0 0.9354166666666667 0.21458333333333332 0.03125 0.034375
0 0.640625 0.19166666666666668 0.027083333333333334 0.034375
0 0.46041666666666664 0.178125 0.027083333333333334 0.04375
0 0.23333333333333334 0.16041666666666668 0.021875 0.03333333333333333
0 0.4125 0.17708333333333334 0.027083333333333334 0.03958333333333333
0 0.371875 0.17708333333333334 0.027083333333333334 0.03958333333333333
0 0.5864583333333333 0.19791666666666666 0.021875 0.041666666666666664
0 0.5229166666666667 0.01875 0.021875 0.029166666666666667
0 0.8333333333333334 0.22291666666666668 0.027083333333333334 0.034375
0 0.28229166666666666 0.17916666666666667 0.027083333333333334 0.029166666666666667
0 0.6552083333333333 0.21145833333333333 0.027083333333333334 0.034375
0 0.30104166666666665 0.18020833333333333 0.021875 0.0375
0 0.4979166666666667 0.19791666666666666 0.027083333333333334 0.034375
0 0.06979166666666667 0.1625 0.021875 0.0375
0 0.178125 0.17395833333333333 0.021875 0.029166666666666667
0 0.159375 0.175 0.027083333333333334 0.034375
0 0.5333333333333333 0.20833333333333334 0.027083333333333334 0.03958333333333333
0 0.334375 0.190625 0.027083333333333334 0.03958333333333333
0 0.7197916666666667 0.03854166666666667 0.020833333333333332 0.025
0 0.5552083333333333 0.21979166666666666 0.021875 0.0375
0 0.14791666666666667 0.18541666666666667 0.027083333333333334 0.04375
0 0.21770833333333334 0.19375 0.020833333333333332 0.025
0 0.478125 0.21875 0.021875 0.029166666666666667
0 0.49166666666666664 0.22083333333333333 0.015625 0.025
0 0.37395833333333334 0.21041666666666667 0.027083333333333334 0.04375
0 0.91875 0.2604166666666667 0.021875 0.0375
0 0.2708333333333333 0.203125 0.027083333333333334 0.03958333333333333
0 0.9541666666666667 0.265625 0.020833333333333332 0.020833333333333332
0 0.6020833333333333 0.234375 0.03125 0.04375
0 0.746875 0.24895833333333334 0.027083333333333334 0.034375
0 0.0875 0.19166666666666668 0.03125 0.03958333333333333
0 0.8875 0.26145833333333335 0.03125 0.034375
0 0.44166666666666665 0.22708333333333333 0.027083333333333334 0.034375
0 0.4083333333333333 0.22708333333333333 0.015625 0.025
0 0.6708333333333333 0.2520833333333333 0.03125 0.03958333333333333
0 0.8395833333333333 0.26666666666666666 0.03125 0.03958333333333333
0 0.22083333333333333 0.21666666666666667 0.021875 0.029166666666666667
0 0.6895833333333333 0.2635416666666667 0.027083333333333334 0.034375
0 0.9510416666666667 0.290625 0.021875 0.0375
0 0.25625 0.23229166666666667 0.03125 0.04375
0 0.334375 0.23958333333333334 0.021875 0.03333333333333333
0 0.471875 0.021875 0.025 0.025
0 0.421875 0.2520833333333333 0.028125 0.04791666666666667
0 0.4791666666666667 0.25729166666666664 0.027083333333333334 0.04375
0 0.5270833333333333 0.265625 0.020833333333333332 0.025
0 0.6333333333333333 0.03854166666666667 0.021875 0.029166666666666667
0 0.37083333333333335 0.25625 0.027083333333333334 0.03958333333333333
0 0.575 0.27708333333333335 0.027083333333333334 0.04375
0 0.6364583333333333 0.2864583333333333 0.035416666666666666 0.04791666666666667
0 0.09583333333333334 0.24166666666666667 0.03125 0.04375
0 0.88125 0.3104166666666667 0.035416666666666666 0.053125
0 0.21041666666666667 0.2520833333333333 0.03125 0.04375
0 0.6625 0.2916666666666667 0.027083333333333334 0.04375
0 0.29791666666666666 0.2635416666666667 0.027083333333333334 0.03958333333333333
0 0.7895833333333333 0.30833333333333335 0.021875 0.03333333333333333
0 0.7395833333333334 0.3072916666666667 0.027083333333333334 0.029166666666666667
0 0.44583333333333336 0.28854166666666664 0.021875 0.041666666666666664
0 0.32395833333333335 0.27708333333333335 0.027083333333333334 0.04375
0 0.7645833333333333 0.32083333333333336 0.03125 0.04375
0 0.14375 0.26666666666666666 0.03125 0.034375
0 0.48541666666666666 0.29791666666666666 0.027083333333333334 0.03958333333333333
0 0.6010416666666667 0.30833333333333335 0.03125 0.04375
0 0.5458333333333333 0.30833333333333335 0.034375 0.03958333333333333
0 0.39895833333333336 0.29791666666666666 0.027083333333333334 0.03958333333333333
0 0.5708333333333333 0.036458333333333336 0.021875 0.029166666666666667
0 0.26666666666666666 0.2916666666666667 0.027083333333333334 0.03958333333333333
0 0.21666666666666667 0.28958333333333336 0.03125 0.03958333333333333
0 0.8583333333333333 0.3458333333333333 0.03333333333333333 0.053125
0 0.43333333333333335 0.30833333333333335 0.027083333333333334 0.03958333333333333
0 0.9270833333333334 0.35208333333333336 0.035416666666666666 0.053125
0 0.7229166666666667 0.33541666666666664 0.027083333333333334 0.03958333333333333
0 0.8083333333333333 0.3458333333333333 0.027083333333333334 0.03958333333333333
0 0.3770833333333333 0.3125 0.021875 0.041666666666666664
0 0.13541666666666666 0.30104166666666665 0.03125 0.03958333333333333
0 0.48854166666666665 0.33958333333333335 0.035416666666666666 0.04375
0 0.3416666666666667 0.01875 0.016666666666666666 0.029166666666666667
0 0.78125 0.37083333333333335 0.03333333333333333 0.04791666666666667
0 0.6541666666666667 0.3625 0.03333333333333333 0.04791666666666667
0 0.5479166666666667 0.036458333333333336 0.020833333333333332 0.020833333333333332
0 0.26145833333333335 0.3333333333333333 0.027083333333333334 0.03958333333333333
0 0.8302083333333333 0.39166666666666666 0.035416666666666666 0.053125
0 0.90625 0.40520833333333334 0.03333333333333333 0.04791666666666667
0 0.42083333333333334 0.36354166666666665 0.035416666666666666 0.053125
0 0.3729166666666667 0.36041666666666666 0.035416666666666666 0.053125
0 0.5645833333333333 0.3802083333333333 0.028125 0.04791666666666667
0 0.7114583333333333 0.3927083333333333 0.03333333333333333 0.04791666666666667
0 0.7572916666666667 0.39895833333333336 0.0375 0.058333333333333334
0 0.30416666666666664 0.36666666666666664 0.027083333333333334 0.04375
0 0.38333333333333336 0.027083333333333334 0.021875 0.029166666666666667
0 0.4395833333333333 0.03229166666666667 0.021875 0.029166666666666667
0 0.18229166666666666 0.35833333333333334 0.027083333333333334 0.03958333333333333
0 0.33229166666666665 0.3770833333333333 0.03333333333333333 0.053125
0 0.384375 0.38333333333333336 0.028125 0.053125
0 0.8479166666666667 0.4239583333333333 0.03333333333333333 0.053125
0 0.4791666666666667 0.39166666666666666 0.027083333333333334 0.03958333333333333
0 0.4875 0.035416666666666666 0.021875 0.029166666666666667
0 0.5208333333333334 0.40208333333333335 0.03125 0.04375
0 0.7916666666666666 0.42604166666666665 0.03333333333333333 0.04791666666666667
0 0.26666666666666666 0.37916666666666665 0.028125 0.04791666666666667
0 0.6697916666666667 0.41770833333333335 0.03333333333333333 0.04791666666666667
0 0.09791666666666667 0.378125 0.027083333333333334 0.03958333333333333
0 0.6 0.4270833333333333 0.027083333333333334 0.04375
0 0.16458333333333333 0.39166666666666666 0.035416666666666666 0.053125
0 0.8770833333333333 0.075 0.015625 0.020833333333333332
0 0.24479166666666666 0.019791666666666666 0.021875 0.029166666666666667
0 0.6958333333333333 0.059375 0.020833333333333332 0.020833333333333332
0 0.6447916666666667 0.4427083333333333 0.03125 0.03958333333333333
0 0.22291666666666668 0.41041666666666665 0.0375 0.058333333333333334
0 0.4114583333333333 0.4270833333333333 0.03333333333333333 0.04791666666666667
0 0.5010416666666667 0.4375 0.03125 0.04375
0 0.9166666666666666 0.48541666666666666 0.035416666666666666 0.053125
0 0.9520833333333333 0.49270833333333336 0.035416666666666666 0.053125
0 0.8239583333333333 0.484375 0.040625 0.053125
0 0.09791666666666667 0.42083333333333334 0.03333333333333333 0.04791666666666667
0 0.29583333333333334 0.027083333333333334 0.021875 0.029166666666666667
0 0.64375 0.47604166666666664 0.03333333333333333 0.04791666666666667
0 0.03958333333333333 0.425 0.03333333333333333 0.053125
0 0.7479166666666667 0.065625 0.021875 0.03333333333333333
0 0.7083333333333334 0.49166666666666664 0.035416666666666666 0.053125
0 0.29583333333333334 0.4635416666666667 0.0375 0.058333333333333334
0 0.6052083333333333 0.490625 0.035416666666666666 0.053125
0 0.3458333333333333 0.4791666666666667 0.03125 0.04375
0 0.765625 0.5208333333333334 0.0375 0.058333333333333334
0 0.45625 0.49583333333333335 0.040625 0.053125
0 0.8729166666666667 0.5333333333333333 0.041666666666666664 0.0625
0 0.39791666666666664 0.49375 0.035416666666666666 0.053125
0 0.5708333333333333 0.5104166666666666 0.03333333333333333 0.053125
0 0.18541666666666667 0.484375 0.035416666666666666 0.053125
0 0.25 0.49166666666666664 0.035416666666666666 0.04791666666666667
0 0.5239583333333333 0.5166666666666667 0.035416666666666666 0.04791666666666667
0 0.359375 0.036458333333333336 0.021875 0.029166666666666667
0 0.8166666666666667 0.546875 0.035416666666666666 0.04791666666666667
0 0.940625 0.559375 0.0375 0.0625
0 0.790625 0.07708333333333334 0.020833333333333332 0.020833333333333332
0 0.215625 0.027083333333333334 0.021875 0.029166666666666667
0 0.5989583333333334 0.06041666666666667 0.015625 0.025
0 0.6375 0.06354166666666666 0.016666666666666666 0.029166666666666667
0 0.109375 0.5020833333333333 0.035416666666666666 0.053125
0 0.8197916666666667 0.08229166666666667 0.021875 0.029166666666666667
0 0.028125 0.5208333333333334 0.05416666666666667 0.04583333333333333
0 0.2833333333333333 0.5510416666666667 0.03125 0.04375
0 0.5041666666666667 0.05625 0.020833333333333332 0.020833333333333332
0 0.865625 0.6208333333333333 0.040625 0.053125
0 0.6052083333333333 0.5979166666666667 0.035416666666666666 0.053125
0 0.41041666666666665 0.5979166666666667 0.035416666666666666 0.053125
0 0.5322916666666667 0.6114583333333333 0.0375 0.058333333333333334
0 0.7083333333333334 0.07708333333333334 0.021875 0.029166666666666667
0 0.022916666666666665 0.571875 0.035416666666666666 0.053125
0 0.1375 0.5822916666666667 0.046875 0.06458333333333334
0 0.653125 0.6322916666666667 0.035416666666666666 0.053125
0 0.46041666666666664 0.621875 0.040625 0.053125
0 0.765625 0.6583333333333333 0.040625 0.053125
0 0.33541666666666664 0.6229166666666667 0.041666666666666664 0.058333333333333334
0 0.49583333333333335 0.005208333333333333 0.010416666666666666 0.010416666666666666
0 0.45416666666666666 0.004166666666666667 0.020833333333333332 0.008333333333333333
0 0.7270833333333333 0.6645833333333333 0.041666666666666664 0.058333333333333334
0 0.209375 0.6302083333333334 0.04791666666666667 0.040625
0 0.309375 0.04895833333333333 0.015625 0.025
0 0.8854166666666666 0.09895833333333333 0.021875 0.029166666666666667
0 0.04895833333333333 0.634375 0.041666666666666664 0.058333333333333334
0 0.24791666666666667 0.04375 0.020833333333333332 0.025
0 0.4083333333333333 0.06041666666666667 0.025 0.020833333333333332
0 0.475 0.065625 0.020833333333333332 0.020833333333333332
0 0.58125 0.075 0.021875 0.029166666666666667
0 0.22291666666666668 0.6708333333333333 0.040625 0.053125
0 0.775 0.09166666666666666 0.027083333333333334 0.034375
0 0.33645833333333336 0.05625 0.021875 0.029166666666666667
0 0.7072916666666667 0.7364583333333333 0.041666666666666664 0.058333333333333334
0 0.4270833333333333 0.7208333333333333 0.04583333333333333 0.059375
0 0.546875 0.07395833333333333 0.016666666666666666 0.029166666666666667
0 0.8395833333333333 0.759375 0.046875 0.06458333333333334
0 0.8916666666666667 0.7708333333333334 0.04583333333333333 0.04583333333333333
0 0.6135416666666667 0.7520833333333333 0.041666666666666664 0.058333333333333334
0 0.31666666666666665 0.7333333333333333 0.035416666666666666 0.053125
0 0.6802083333333333 0.08854166666666667 0.021875 0.03333333333333333
0 0.8604166666666667 0.10625 0.027083333333333334 0.034375
0 0.12916666666666668 0.7302083333333333 0.041666666666666664 0.0625
0 0.5020833333333333 0.765625 0.041666666666666664 0.06666666666666667
0 0.5135416666666667 0.078125 0.015625 0.020833333333333332
0 0.07083333333333333 0.7416666666666667 0.0375 0.06666666666666667
0 0.44583333333333336 0.07291666666666667 0.021875 0.029166666666666667
0 0.2875 0.06041666666666667 0.021875 0.029166666666666667
0 0.38125 0.06979166666666667 0.027083333333333334 0.029166666666666667
0 0.13958333333333334 0.04791666666666667 0.027083333333333334 0.034375
0 0.425 0.005208333333333333 0.015625 0.010416666666666666
0 0.5708333333333333 0.09270833333333334 0.021875 0.029166666666666667
0 0.6645833333333333 0.10104166666666667 0.016666666666666666 0.029166666666666667
0 0.9354166666666667 0.125 0.021875 0.029166666666666667
0 0.43645833333333334 0.08333333333333333 0.021875 0.03333333333333333
0 0.19791666666666666 0.06458333333333334 0.021875 0.029166666666666667
0 0.5052083333333334 0.09166666666666666 0.021875 0.029166666666666667
0 0.8260416666666667 0.12083333333333333 0.027083333333333334 0.034375
0 0.41041666666666665 0.08541666666666667 0.021875 0.029166666666666667
0 0.7145833333333333 0.11145833333333334 0.021875 0.029166666666666667
0 0.69375 0.1125 0.016666666666666666 0.03333333333333333
0 0.24895833333333334 0.07291666666666667 0.021875 0.03333333333333333
0 0.4708333333333333 0.09270833333333334 0.016666666666666666 0.029166666666666667
0 0.5395833333333333 0.09791666666666667 0.027083333333333334 0.034375
0 0.17083333333333334 0.06875 0.021875 0.029166666666666667
0 0.32916666666666666 0.08541666666666667 0.016666666666666666 0.03333333333333333
0 0.615625 0.11041666666666666 0.021875 0.03333333333333333
0 0.37083333333333335 0.09166666666666666 0.021875 0.029166666666666667
0 0.65 0.115625 0.021875 0.03333333333333333
0 0.7739583333333333 0.12708333333333333 0.021875 0.029166666666666667