0 0.7926923353600744 0.5364583333333334 0.03928267589344282 0.04375
0 0.1854749236487173 0.6916666666666667 0.03528578788329468 0.04791666666666667
0 0.5177082405056643 0.6135416666666667 0.041705566539813076 0.052083333333333336
0 0.22084914565125438 0.690625 0.041705566539813076 0.052083333333333336
0 0.7887963346514442 0.00625 0.031759335969555026 0.0125
0 0.2817981430150326 0.678125 0.0394524545499614 0.04791666666666667
0 0.9747947734336494 0.50625 0.03928267589344282 0.04375
0 0.907935333382908 0.5270833333333333 0.03928267589344282 0.04375
0 0.34604191903532916 0.6697916666666667 0.041705566539813076 0.052083333333333336
0 0.4307794710759223 0.653125 0.03770867852966475 0.05625
0 0.6397530191621829 0.6177083333333333 0.041705566539813076 0.052083333333333336
0 0.5007409163991073 0.6572916666666667 0.04612690119125726 0.058333333333333334
0 0.7925614565767025 0.584375 0.03928267589344282 0.04375
0 0.9890023313809543 0.534375 0.021995337238091394 0.052083333333333336
0 0.16684871285012287 0.7458333333333333 0.03528578788329468 0.04791666666666667
0 0.4123460336614027 0.6864583333333333 0.0394524545499614 0.04791666666666667
0 0.26387404157006805 0.7239583333333334 0.041705566539813076 0.052083333333333336
0 0.7085454638263122 0.61875 0.033032675893442824 0.04375
0 0.16351512714812705 0.07604166666666666 0.02368067062099938 0.01875
0 0.861353901240832 0.5854166666666667 0.03537067721155391 0.05
0 0.33266648623419764 0.725 0.03928267589344294 0.04375
0 0.7285917984777567 0.625 0.030864453231850556 0.041666666666666664
0 0.09354649941530664 0.7875 0.018109785247072865 0.035416666666666666
0 0.9373106785792394 0.5833333333333334 0.03537067721155391 0.05
0 0.9560606785792395 0.5833333333333334 0.02644311858040614 0.035416666666666666
0 0.5425543669947359 0.6864583333333333 0.039452454549961165 0.04791666666666667
0 0.6705750277299036 0.6583333333333333 0.030864453231850556 0.041666666666666664
0 0.42412092958021635 0.7197916666666667 0.03303267589344294 0.04375
0 0.1736274987562512 0.784375 0.03303267589344294 0.04375
0 0.5768444776664767 0.684375 0.039452454549961165 0.04791666666666667
0 0.48215715026464256 0.7125 0.03260822925214697 0.03333333333333333
0 0.8076312239797033 0.008333333333333333 0.03192911462607337 0.016666666666666666
0 0.8164313557907934 0.6333333333333333 0.0394524545499614 0.04791666666666667
0 0.2464168314305291 0.78125 0.043619121216628066 0.04791666666666667
0 0.6471454803026987 0.696875 0.033032675893442824 0.04375
0 0.7234223650175696 0.6770833333333334 0.03694467457533198 0.0375
0 0.8988079117857192 0.6354166666666666 0.030864453231850556 0.041666666666666664
0 0.35132805211495527 0.7739583333333333 0.03945245454996128 0.04791666666666667
0 0.4570104591633495 0.06979166666666667 0.02644311858040614 0.035416666666666666
0 0.5074312681859933 0.7447916666666666 0.035285787883294735 0.04791666666666667
0 0.8033335857019959 0.6697916666666667 0.04361912121662783 0.04791666666666667
0 0.952847244459997 0.6322916666666667 0.0352857878832945 0.04791666666666667
0 0.6323693735852906 0.7177083333333333 0.0394524545499614 0.04791666666666667
0 0.4498619388069926 0.7635416666666667 0.035285787883294735 0.04791666666666667
0 0.8768250277299037 0.6583333333333333 0.033032675893442824 0.04375
0 0.6789472609363834 0.7104166666666667 0.04170556653981284 0.052083333333333336
0 0.5737583775396231 0.7364583333333333 0.039452454549961165 0.04791666666666667
0 0.2624857280083982 0.8177083333333334 0.0264431185804062 0.035416666666666666
0 0.9906461759182303 0.6385416666666667 0.018707648163539405 0.04791666666666667
0 0.33349602240788534 0.10625 0.032778007908665314 0.0375
0 0.1922660699094524 0.8583333333333333 0.041705566539813076 0.052083333333333336
0 0.3719456173366574 0.8197916666666667 0.03303267589344306 0.04375
0 0.7349195982240493 0.7291666666666666 0.033032675893442824 0.04375
0 0.13395218651269225 0.884375 0.03528578788329468 0.04791666666666667
0 0.2978793999475085 0.8427083333333333 0.043449342560109606 0.04375
0 0.6154869388069926 0.7635416666666667 0.0352857878832945 0.04791666666666667
0 0.41919035178688596 0.0875 0.030864453231850438 0.041666666666666664
0 0.8415745949287721 0.7135416666666666 0.039452454549961165 0.04791666666666667
0 0.5065133907207322 0.7989583333333333 0.035285787883294735 0.04791666666666667
0 0.4882604591633495 0.06979166666666667 0.030864453231850438 0.041666666666666664
0 0.4522812846623795 0.8229166666666666 0.03928267589344294 0.04375
0 0.9296493702900133 0.7020833333333333 0.03260822925214697 0.03333333333333333
0 0.7555177135091783 0.7489583333333333 0.0394524545499614 0.04791666666666667
0 0.6980757181225665 0.7708333333333334 0.0394524545499614 0.04791666666666667
0 0.22478940983334023 0.8895833333333333 0.03945245454996128 0.04791666666666667
0 0.6382532767537141 0.7854166666666667 0.035285787883294735 0.04791666666666667
0 0.8700887793155739 0.007291666666666667 0.027677558631147767 0.014583333333333334
0 0.834472156855197 0.74375 0.033032675893442824 0.04375
0 0.15826952709563552 0.91875 0.03537067721155385 0.05
0 0.3718996278815446 0.8697916666666666 0.045957122534738916 0.05416666666666667
0 0.5864865060058613 0.81875 0.039452454549961165 0.04791666666666667
0 0.9515013755624567 0.7270833333333333 0.039452454549961165 0.04791666666666667
0 0.30599696516921066 0.8885416666666667 0.045957122534738916 0.05416666666666667
0 0.4967528439525826 0.840625 0.03303267589344306 0.04375
0 0.8726512714812705 0.7604166666666666 0.041705566539813076 0.052083333333333336
0 0.9914720744732658 0.728125 0.01705585105346851 0.04375
0 0.21598564040359813 0.9291666666666667 0.04187534519633142 0.05625
0 0.8193334980971957 0.78125 0.039452454549961165 0.04791666666666667
0 0.4822738498840817 0.86875 0.035285787883294735 0.04791666666666667
0 0.34842763579021 0.9072916666666667 0.035285787883294735 0.04791666666666667
0 0.677272561926425 0.030208333333333334 0.033032675893442824 0.04375
0 0.07613537155854941 0.18125 0.031034231888368808 0.04583333333333333
0 0.5455184039018411 0.8614583333333333 0.04187534519633142 0.05625
0 0.2648079170085881 0.13333333333333333 0.03303267589344294 0.04375
0 0.1922165356633564 0.959375 0.039452454549961345 0.04791666666666667
0 0.4472729071227563 0.08645833333333333 0.035285787883294735 0.04791666666666667
0 0.2603298657014125 0.94375 0.03528578788329468 0.04791666666666667
0 0.15331231695609654 0.9760416666666667 0.033202454549961284 0.04791666666666667
0 0.6324011838764705 0.871875 0.035285787883294735 0.04791666666666667
0 0.4510203050930985 0.9197916666666667 0.03537067721155391 0.05
0 0.9274740580464543 0.8020833333333334 0.0394524545499614 0.04791666666666667
0 0.5265101911260804 0.90625 0.035370677211553785 0.05
0 0.990035136070163 0.7875 0.019929727859674055 0.04791666666666667
0 0.7977520659551196 0.8395833333333333 0.03928267589344282 0.04375
0 0.24085476162022612 0.9770833333333333 0.04145089855503545 0.04583333333333333
0 0.3329264249916156 0.9614583333333333 0.0394524545499614 0.04791666666666667
0 0.5609649025093681 0.06458333333333334 0.030864453231850556 0.041666666666666664
0 0.8819572872986012 0.8354166666666667 0.039452454549961165 0.04791666666666667
0 0.7501519618739334 0.8729166666666667 0.0394524545499614 0.04791666666666667
0 0.6274669684644879 0.9041666666666667 0.03537067721155391 0.05
0 0.5732348624061352 0.928125 0.041705566539813076 0.052083333333333336
0 0.39786876557455886 0.9958333333333333 0.03575622397970335 0.008333333333333333
0 0.3551358043596809 0.12604166666666666 0.03303267589344294 0.04375
0 0.7356483399238878 0.03125 0.039452454549961165 0.04791666666666667
0 0.13676426154586405 0.18645833333333334 0.039452454549961345 0.04791666666666667
0 0.02640948947990017 0.21354166666666666 0.03528578788329468 0.04791666666666667
0 0.04099991239519993 0.11145833333333334 0.030355117262295308 0.029166666666666667
0 0.6121763478325533 0.06875 0.02635822925214697 0.03333333333333333
0 0.8191514519137395 0.035416666666666666 0.03928267589344282 0.04375
0 0.40564514032923604 0.13854166666666667 0.035285787883294735 0.04791666666666667
0 0.39272778326990654 0.026041666666666668 0.036859785247072806 0.035416666666666666
0 0.012469915690477175 0.12708333333333333 0.01594156258548035 0.03333333333333333
0 0.695467236501757 0.06770833333333333 0.032778007908665314 0.0375
0 0.4852168037006255 0.12291666666666666 0.0394524545499614 0.04791666666666667
0 0.2315983728766603 0.1875 0.03277800790866543 0.0375
0 0.1915675981744746 0.20208333333333334 0.03260822925214697 0.03333333333333333
0 0.5485462470466442 0.11770833333333333 0.03928267589344282 0.04375
0 0.30634370489188273 0.18125 0.035285787883294735 0.04791666666666667
0 0.47542444664129596 0.010416666666666666 0.03001555994925861 0.020833333333333332
0 0.2897071225347389 0.05416666666666667 0.03902800790866543 0.0375
0 0.5771682226615925 0.0020833333333333333 0.033503111989851675 0.004166666666666667
0 0.11340724309231145 0.09895833333333333 0.036944674575332064 0.0375
0 0.3790481482379014 0.17604166666666668 0.030864453231850438 0.041666666666666664
0 0.8255482358427014 0.06458333333333334 0.03277800790866555 0.0375
0 0.7296919077818117 0.08958333333333333 0.0352857878832945 0.04791666666666667
0 0.6967830210897745 0.1 0.0352857878832945 0.04791666666666667
0 0.6328788023825145 0.11666666666666667 0.0352857878832945 0.04791666666666667
0 0.049407500683842816 0.26666666666666666 0.030864453231850438 0.041666666666666664
0 0.27428371148243724 0.2125 0.03303267589344294 0.04375
0 0.4465442582505868 0.17083333333333334 0.04187534519633142 0.05625
0 0.018751725981657134 0.28125 0.015941562585480355 0.03333333333333333
0 0.2114742384789233 0.07708333333333334 0.04770089855503545 0.04583333333333333
0 0.7941479071227564 0.08645833333333333 0.030864453231850556 0.041666666666666664
0 0.34868948618462287 0.19791666666666666 0.0394524545499614 0.04791666666666667
0 0.20134405008821415 0.2375 0.03303267589344294 0.04375
0 0.16173772202732445 0.2625 0.03528578788329468 0.04791666666666667
0 0.847824687756441 0.1 0.03537067721155391 0.05
0 0.12412983797150885 0.28541666666666665 0.03528578788329468 0.04791666666666667
0 0.5933343689223276 0.16875 0.033032675893442824 0.04375
0 0.7843449156904772 0.12708333333333333 0.035285787883294735 0.04791666666666667
0 0.9111965757665893 0.09583333333333334 0.01878889987314641 0.052083333333333336
0 0.027528955892859603 0.3177083333333333 0.030949342560109623 0.04375
0 0.24723927802225026 0.26458333333333334 0.03303267589344294 0.04375
0 0.49907148816178926 0.20729166666666668 0.03303267589344294 0.04375
0 0.19638683994867517 0.2947916666666667 0.03528578788329468 0.04791666666666667
0 0.8780949156904773 0.12708333333333333 0.031034231888368898 0.04583333333333333
0 0.6618915955382528 0.18958333333333333 0.041705566539813076 0.052083333333333336
0 0.3701135000247874 0.2635416666666667 0.02644311858040614 0.035416666666666666
0 0.23088917394106398 0.29791666666666666 0.03303267589344294 0.04375
0 0.7537510355889943 0.16875 0.033032675893442824 0.04375
0 0.44547605206538055 0.246875 0.031034231888368898 0.04583333333333333
0 0.5858269341440299 0.21458333333333332 0.039452454549961165 0.04791666666666667
0 0.32608583731245333 0.28229166666666666 0.03260822925214697 0.03333333333333333
0 0.1735320678827113 0.321875 0.03303267589344294 0.04375
0 0.1023786271729144 0.33958333333333335 0.03303267589344294 0.04375
0 0.6171193788081593 0.215625 0.0352857878832945 0.04791666666666667
0 0.8213320349299388 0.165625 0.035285787883294735 0.04791666666666667
0 0.01619441176093184 0.371875 0.0035264519137395405 0.035416666666666666
0 0.72156370818716 0.196875 0.03460667325722113 0.03125
0 0.5009814980476209 0.25416666666666665 0.0394524545499614 0.04791666666666667
0 0.36388294996136056 0.28958333333333336 0.041705566539813076 0.052083333333333336
0 0.30505973059504526 0.303125 0.04187534519633142 0.05625
0 0.5431752246387589 0.011458333333333333 0.028017115944184448 0.022916666666666665
0 0.3375211759182303 0.3072916666666667 0.03537067721155391 0.05
0 0.7151209348030851 0.21770833333333334 0.030864453231850556 0.041666666666666664
0 0.07286885840222777 0.38229166666666664 0.03303267589344297 0.04375
0 0.9028791475788459 0.17291666666666666 0.04170556653981284 0.052083333333333336
0 0.7730722661592522 0.20833333333333334 0.02635822925214697 0.03333333333333333
0 0.576193721368269 0.259375 0.03928267589344282 0.04375
0 0.048378194371782916 0.39479166666666665 0.03945245454996133 0.04791666666666667
0 0.9290057035737719 0.175 0.029460234524590588 0.058333333333333334
0 0.32433679051951647 0.06041666666666667 0.03303267589344294 0.04375
0 0.7371851633961768 0.24791666666666667 0.03928267589344306 0.04375
0 0.7877174940932884 0.23541666666666666 0.030864453231850556 0.041666666666666664
0 0.0867695323185044 0.4166666666666667 0.0264431185804062 0.035416666666666666
0 0.42799584719828515 0.32916666666666666 0.03303267589344306 0.04375
0 0.9169920448157706 0.2125 0.041705566539813076 0.052083333333333336
0 0.46249818119067393 0.33229166666666665 0.03928267589344294 0.04375
0 0.8542992714316958 0.23333333333333334 0.0394524545499614 0.04791666666666667
0 0.2328380837000421 0.396875 0.03528578788329468 0.04791666666666667
0 0.5463638452211188 0.31979166666666664 0.030864453231850556 0.041666666666666664
0 0.3165339690739686 0.3802083333333333 0.03303267589344294 0.04375
0 0.6335455566539814 0.005208333333333333 0.029591113307962758 0.010416666666666666
0 0.6125636205823599 0.30833333333333335 0.039452454549961165 0.04791666666666667
0 0.05071265089891061 0.45208333333333334 0.039452454549961345 0.04791666666666667
0 0.6735126179461381 0.29583333333333334 0.039452454549961165 0.04791666666666667
0 0.38590118909933935 0.3697916666666667 0.035285787883294735 0.04791666666666667
0 0.4491881877812284 0.36354166666666665 0.03303267589344306 0.04375
0 0.4998054078065992 0.353125 0.02635822925214697 0.03333333333333333
0 0.1896593142703 0.43645833333333334 0.030864453231850438 0.041666666666666664
0 0.31376797632357856 0.41458333333333336 0.03528578788329462 0.04791666666666667
0 0.9108658340171762 0.26666666666666666 0.033032675893442824 0.04375
0 0.8716645026610091 0.2760416666666667 0.03928267589344306 0.04375
0 0.38243308699531936 0.4125 0.041705566539813076 0.052083333333333336
0 0.5969775204555063 0.36041666666666666 0.035285787883294735 0.04791666666666667
0 0.07020366012568689 0.49583333333333335 0.046126901191257286 0.058333333333333334
0 0.8198977319131563 0.309375 0.039452454549961165 0.04791666666666667
0 0.6580962964758029 0.35208333333333336 0.039452454549961165 0.04791666666666667
0 0.7677914038522664 0.334375 0.035285787883294735 0.04791666666666667
0 0.3532858702652259 0.43854166666666666 0.03303267589344306 0.04375
0 0.6997205184783399 0.35104166666666664 0.036944674575332216 0.0375
0 0.4266499783007449 0.4239583333333333 0.032778007908665314 0.0375
0 0.10721377409270497 0.509375 0.03303267589344297 0.04375
0 0.4867695323185044 0.4166666666666667 0.03303267589344294 0.04375
0 0.5538836403540235 0.40208333333333335 0.030864453231850556 0.041666666666666664
0 0.9408583992388783 0.3125 0.033032675893442824 0.04375
0 0.27785787883294677 0.4791666666666667 0.03303267589344306 0.04375
0 0.20987188278727942 0.4979166666666667 0.03303267589344294 0.04375
0 0.17587888476444577 0.5072916666666667 0.030864453231850438 0.041666666666666664
0 0.9164950692008221 0.328125 0.0352857878832945 0.04791666666666667
0 0.7074560817228758 0.3875 0.030864453231850556 0.041666666666666664
0 0.041457895309332964 0.5572916666666666 0.037963346514442324 0.0625
0 0.4437605415452807 0.46041666666666664 0.04187534519633142 0.05625
0 0.6386406423311898 0.4114583333333333 0.0394524545499614 0.04791666666666667
0 0.37481776816120593 0.48125 0.041705566539813076 0.052083333333333336
0 0.5684723372876661 0.01875 0.03277800790866555 0.0375
0 0.13720633931440712 0.5552083333333333 0.03528578788329468 0.04791666666666667
0 0.26201711072131556 0.525 0.03528578788329462 0.04791666666666667
0 0.8386636370587461 0.38645833333333335 0.03303267589344306 0.04375
0 0.5216503234970763 0.48020833333333335 0.04187534519633142 0.05625
0 0.7073252029395038 0.4354166666666667 0.04361912121662783 0.04791666666666667
0 0.7424023122931337 0.4270833333333333 0.03260822925214697 0.03333333333333333
0 0.984129147578846 0.36770833333333336 0.031741704842308135 0.04375
0 0.9147477483895424 0.3875 0.03303267589344306 0.04375
0 0.300408448668037 0.546875 0.03303267589344294 0.04375
0 0.6282628755376695 0.4635416666666667 0.03928267589344282 0.04375
0 0.1385645685665541 0.5885416666666666 0.03528578788329468 0.04791666666666667
0 0.4511759974133529 0.5145833333333333 0.04612690119125726 0.058333333333333334
0 0.797610645626467 0.4270833333333333 0.02644311858040614 0.035416666666666666
0 0.3460295586807224 0.5416666666666666 0.03303267589344306 0.04375
0 0.07278923984660894 0.6104166666666667 0.039452454549961345 0.04791666666666667
0 0.5895708801510577 0.48541666666666666 0.030864453231850556 0.041666666666666664
0 0.015869033611827933 0.159375 0.020702454549961342 0.04791666666666667
0 0.7507975402271698 0.45416666666666666 0.035285787883294735 0.04791666666666667
0 0.39407355933977783 0.5447916666666667 0.03303267589344294 0.04375
0 0.13141968582884941 0.6177083333333333 0.031034231888368808 0.04583333333333333
0 0.7865113195427436 0.46145833333333336 0.030864453231850556 0.041666666666666664
0 0.38675889794555474 0.5697916666666667 0.035285787883294735 0.04791666666666667
0 0.24049757317994225 0.6104166666666667 0.03303267589344294 0.04375
0 0.35106456856655416 0.5885416666666666 0.0394524545499614 0.04791666666666667
0 0.4634177846375921 0.559375 0.035285787883294735 0.04791666666666667
0 0.6037262220521118 0.5260416666666666 0.03928267589344306 0.04375
0 0.3769719044865345 0.07395833333333333 0.02644311858040614 0.035416666666666666
0 0.06296325368677338 0.6760416666666667 0.026867565221702156 0.04583333333333333
0 0.7703309941180758 0.49895833333333334 0.033032675893442824 0.04375
0 0.10241925302771794 0.6729166666666667 0.039452454549961345 0.04791666666666667
0 0.5479201186299808 0.5625 0.039452454549961165 0.04791666666666667
0 0.8552807694793169 0.4875 0.033032675893442824 0.04375
0 0.508931010594462 0.5770833333333333 0.032778007908665314 0.0375
0 0.963679542204336 0.4635416666666667 0.03928267589344282 0.04375
0 0.30809802245746004 0.6333333333333333 0.035285787883294735 0.04791666666666667
0 0.36900457515710866 0.6197916666666666 0.0394524545499614 0.04791666666666667
0 0.709571225347389 0.5416666666666666 0.035285787883294735 0.04791666666666667
0 0.24349169439657026 0.6583333333333333 0.03945245454996128 0.04791666666666667
0 0.9004119934590202 0.49583333333333335 0.03260822925214697 0.03333333333333333
0 0.056366699619439145 0.15625 0.0327780079086654 0.0375
0 0.4581210171850164 0.6083333333333333 0.043619121216628066 0.04791666666666667
0 0.5789349005817765 0.5822916666666667 0.033542011862998086 0.05625