0 0.3875 0.5770833333333333 0.014583333333333334 0.01875
0 0.5416666666666666 0.5895833333333333 0.009375 0.01875
0 0.6604166666666667 0.5958333333333333 0.014583333333333334 0.014583333333333334
0 0.5125 0.5947916666666667 0.014583333333333334 0.01875
0 0.6395833333333333 0.596875 0.009375 0.01875
0 0.2625 0.5927083333333333 0.009375 0.01875
0 0.4354166666666667 0.5958333333333333 0.014583333333333334 0.022916666666666665
0 0.45 0.5979166666666667 0.009375 0.01875
0 0.5010416666666667 0.6020833333333333 0.009375 0.014583333333333334
0 0.5416666666666666 0.6020833333333333 0.009375 0.01875
0 0.47708333333333336 0.60625 0.014583333333333334 0.022916666666666665
0 0.23229166666666667 0.6041666666666666 0.014583333333333334 0.028125
0 0.5520833333333334 0.609375 0.01875 0.01875
0 0.41875 0.6114583333333333 0.014583333333333334 0.03333333333333333
0 0.5791666666666667 0.6145833333333334 0.014583333333333334 0.028125
0 0.215625 0.6104166666666667 0.014583333333333334 0.014583333333333334
0 0.759375 0.6208333333333333 0.014583333333333334 0.03333333333333333
0 0.18541666666666667 0.6125 0.014583333333333334 0.01875
0 0.17083333333333334 0.6145833333333334 0.014583333333333334 0.014583333333333334
0 0.20208333333333334 0.6145833333333334 0.014583333333333334 0.01875
0 0.7760416666666666 0.6270833333333333 0.01875 0.028125
0 0.284375 0.6229166666666667 0.014583333333333334 0.014583333333333334
0 0.37916666666666665 0.625 0.01875 0.028125
0 0.8052083333333333 0.6333333333333333 0.014583333333333334 0.028125
0 0.403125 0.6260416666666667 0.009375 0.028125
0 0.022916666666666665 0.6208333333333333 0.014583333333333334 0.022916666666666665
0 0.29583333333333334 0.628125 0.009375 0.014583333333333334
0 0.007291666666666667 0.6260416666666667 0.014583333333333334 0.01875
0 0.8635416666666667 0.640625 0.01875 0.03333333333333333
0 0.30520833333333336 0.6333333333333333 0.009375 0.01875
0 0.10625 0.6291666666666667 0.022916666666666665 0.03333333333333333
0 0.125 0.6354166666666666 0.01875 0.03333333333333333
0 0.32916666666666666 0.6385416666666667 0.014583333333333334 0.022916666666666665
0 0.403125 0.6395833333333333 0.014583333333333334 0.022916666666666665
0 0.9604166666666667 0.6489583333333333 0.01875 0.041666666666666664
0 0.3416666666666667 0.640625 0.01875 0.028125
0 0.159375 0.6416666666666667 0.01875 0.03333333333333333
0 0.54375 0.6520833333333333 0.014583333333333334 0.01875
0 0.03958333333333333 0.6427083333333333 0.01875 0.028125
0 0.9229166666666667 0.6604166666666667 0.022916666666666665 0.03333333333333333
0 0.08125 0.6479166666666667 0.022916666666666665 0.0375
0 0.20520833333333333 0.6541666666666667 0.028125 0.03333333333333333
0 0.50625 0.6614583333333334 0.014583333333333334 0.014583333333333334
0 0.4895833333333333 0.6614583333333334 0.014583333333333334 0.01875
0 0.23020833333333332 0.659375 0.029166666666666667 0.046875
0 0.44583333333333336 0.6635416666666667 0.01875 0.022916666666666665
0 0.6427083333333333 0.66875 0.014583333333333334 0.022916666666666665
0 0.4322916666666667 0.6708333333333333 0.014583333333333334 0.028125
0 0.6010416666666667 0.6729166666666667 0.014583333333333334 0.028125
0 0.621875 0.6729166666666667 0.014583333333333334 0.03333333333333333
0 0.9833333333333333 0.6791666666666667 0.01875 0.03333333333333333
0 0.4708333333333333 0.6729166666666667 0.014583333333333334 0.01875
0 0.6916666666666667 0.6770833333333334 0.01875 0.028125
0 0.265625 0.671875 0.01875 0.0375
0 0.5572916666666666 0.6770833333333334 0.014583333333333334 0.01875
0 0.040625 0.6708333333333333 0.01875 0.028125
0 0.008333333333333333 0.6697916666666667 0.014583333333333334 0.03333333333333333
0 0.4552083333333333 0.6822916666666666 0.014583333333333334 0.01875
0 0.5177083333333333 0.6854166666666667 0.01875 0.028125
0 0.9895833333333334 0.69375 0.009375 0.041666666666666664
0 0.022916666666666665 0.68125 0.014583333333333334 0.028125
0 0.6708333333333333 0.6927083333333334 0.01875 0.028125
0 0.7052083333333333 0.69375 0.014583333333333334 0.028125
0 0.5729166666666666 0.69375 0.01875 0.028125
0 0.7260416666666667 0.6958333333333333 0.01875 0.041666666666666664
0 0.6114583333333333 0.7083333333333334 0.01875 0.028125
0 0.5895833333333333 0.7145833333333333 0.01875 0.028125
0 0.33645833333333336 0.7104166666666667 0.022916666666666665 0.03333333333333333
0 0.6395833333333333 0.715625 0.01875 0.028125
0 0.6739583333333333 0.71875 0.014583333333333334 0.0375
0 0.43125 0.7166666666666667 0.01875 0.03333333333333333
0 0.39479166666666665 0.7208333333333333 0.022916666666666665 0.03333333333333333
0 0.6208333333333333 0.7270833333333333 0.01875 0.03333333333333333
0 0.4239583333333333 0.725 0.022916666666666665 0.03333333333333333
0 0.37604166666666666 0.7291666666666666 0.022916666666666665 0.041666666666666664
0 0.475 0.7375 0.022916666666666665 0.0375
0 0.090625 0.7333333333333333 0.028125 0.041666666666666664
0 0.010416666666666666 0.7354166666666667 0.020833333333333332 0.065625
0 0.54375 0.7479166666666667 0.020833333333333332 0.046875
0 0.23541666666666666 0.7541666666666667 0.029166666666666667 0.052083333333333336
0 0.91875 0.76875 0.01875 0.022916666666666665
0 0.2708333333333333 0.7645833333333333 0.03333333333333333 0.046875
0 0.8416666666666667 0.7791666666666667 0.022916666666666665 0.0375
0 0.115625 0.76875 0.022916666666666665 0.041666666666666664
0 0.4791666666666667 0.778125 0.029166666666666667 0.046875
0 0.9395833333333333 0.7885416666666667 0.022916666666666665 0.03333333333333333
0 0.17083333333333334 0.775 0.028125 0.041666666666666664
0 0.04791666666666667 0.7770833333333333 0.03333333333333333 0.046875
0 0.8197916666666667 0.7916666666666666 0.025 0.052083333333333336
0 0.728125 0.7979166666666667 0.0375 0.046875
0 0.9708333333333333 0.8020833333333334 0.01875 0.028125
0 0.9177083333333333 0.8083333333333333 0.025 0.046875
0 0.9041666666666667 0.8145833333333333 0.029166666666666667 0.046875
0 0.11041666666666666 0.8010416666666667 0.03333333333333333 0.052083333333333336
0 0.9854166666666667 0.8229166666666666 0.020833333333333332 0.052083333333333336
0 0.69375 0.8208333333333333 0.022916666666666665 0.041666666666666664
0 0.765625 0.8354166666666667 0.028125 0.041666666666666664
0 0.34375 0.8291666666666667 0.03333333333333333 0.046875
0 0.8479166666666667 0.8489583333333334 0.0375 0.06041666666666667
0 0.6697916666666667 0.8458333333333333 0.028125 0.0375
0 0.2625 0.840625 0.0375 0.065625
0 0.7416666666666667 0.8510416666666667 0.041666666666666664 0.07083333333333333
0 0.9791666666666666 0.8583333333333333 0.029166666666666667 0.046875
0 0.546875 0.85 0.029166666666666667 0.06041666666666667
0 0.5791666666666667 0.8854166666666666 0.03333333333333333 0.06041666666666667
0 0.42604166666666665 0.8947916666666667 0.03333333333333333 0.06041666666666667
0 0.5479166666666667 0.9291666666666667 0.0375 0.065625
0 0.47291666666666665 0.9583333333333334 0.0375 0.05625