0 0.571875 0.04479166666666667 0.046875 0.08333333333333333
0 0.4875 0.39166666666666666 0.08125 0.17708333333333334
0 0.03333333333333333 0.35208333333333336 0.06041666666666667 0.20208333333333334
0 0.5645833333333333 0.4354166666666667 0.1 0.225
0 0.8604166666666667 0.48541666666666666 0.08125 0.22291666666666668
0 0.30416666666666664 0.03125 0.052083333333333336 0.0625
0 0.49166666666666664 0.04479166666666667 0.04375 0.08958333333333333
0 0.384375 0.4322916666666667 0.0875 0.196875
0 0.7854166666666667 0.48333333333333334 0.053125 0.096875
0 0.26458333333333334 0.4479166666666667 0.065625 0.12916666666666668
0 0.35 0.503125 0.053125 0.14166666666666666
0 0.9677083333333333 0.5802083333333333 0.06458333333333334 0.19791666666666666
0 0.6229166666666667 0.5416666666666666 0.06875 0.11666666666666667
0 0.15520833333333334 0.4895833333333333 0.08541666666666667 0.18333333333333332
0 0.5333333333333333 0.05625 0.03958333333333333 0.1
0 0.0625 0.571875 0.078125 0.1625
0 0.40520833333333334 0.058333333333333334 0.06041666666666667 0.11666666666666667
0 0.7510416666666667 0.6645833333333333 0.1 0.22083333333333333
0 0.6552083333333333 0.08541666666666667 0.059375 0.11041666666666666
0 0.19583333333333333 0.6489583333333333 0.09375 0.2520833333333333
0 0.6395833333333333 0.7291666666666666 0.13125 0.265625
0 0.9354166666666667 0.8270833333333333 0.07708333333333334 0.25833333333333336
0 0.8104166666666667 0.815625 0.128125 0.3
0 0.8729166666666667 0.121875 0.05416666666666667 0.146875
0 0.46979166666666666 0.8229166666666666 0.13541666666666666 0.3375
0 0.271875 0.8208333333333333 0.125 0.309375
0 0.5927083333333333 0.8708333333333333 0.13333333333333333 0.25833333333333336
0 0.7479166666666667 0.921875 0.08125 0.15625
0 0.05625 0.8625 0.09375 0.17083333333333334
0 0.007291666666666667 0.8541666666666666 0.014583333333333334 0.1625
0 0.019791666666666666 0.8635416666666667 0.03958333333333333 0.13958333333333334
0 0.834375 0.13125 0.0625 0.14375
0 0.575 0.121875 0.04375 0.096875
0 0.9447916666666667 0.16666666666666666 0.05416666666666667 0.12083333333333333
0 0.70625 0.14583333333333334 0.059375 0.14791666666666667
0 0.27291666666666664 0.10833333333333334 0.04375 0.10416666666666667
0 0.153125 0.09375 0.06458333333333334 0.12083333333333333
0 0.3020833333333333 0.11666666666666667 0.059375 0.115625
0 0.34791666666666665 0.12708333333333333 0.0625 0.13958333333333334
0 0.434375 0.18229166666666666 0.07291666666666667 0.190625
0 0.09895833333333333 0.15416666666666667 0.065625 0.12916666666666668
0 0.47291666666666665 0.022916666666666665 0.029166666666666667 0.04583333333333333
0 0.565625 0.24479166666666666 0.06041666666666667 0.12916666666666668
0 0.8333333333333334 0.27708333333333335 0.04791666666666667 0.1
0 0.375 0.01875 0.034375 0.0375
0 0.725 0.052083333333333336 0.03958333333333333 0.059375
0 0.7625 0.057291666666666664 0.034375 0.058333333333333334
0 0.4479166666666667 0.27395833333333336 0.071875 0.18541666666666667
0 0.6229166666666667 0.3072916666666667 0.07083333333333333 0.16666666666666666
0 0.928125 0.3541666666666667 0.06041666666666667 0.17083333333333334
0 0.690625 0.334375 0.065625 0.165625
0 0.803125 0.3645833333333333 0.0625 0.13958333333333334
0 0.2552083333333333 0.3072916666666667 0.059375 0.14791666666666667
0 0.19583333333333333 0.31354166666666666 0.0625 0.14791666666666667
0 0.3177083333333333 0.328125 0.0625 0.14791666666666667
0 0.15208333333333332 0.31666666666666665 0.07708333333333334 0.14583333333333334