0 0.11889188775100056 0.034036321102157104 0.05804955783133223 0.06698179911476008
0 0.6523989019703579 0.23095582630125047 0.040048147326811785 0.04396816861791084
0 0.5120063089670971 0.20825663374469847 0.020084743837853837 0.023025750975622115
0 0.45612033001378455 0.20167938081783224 0.020084743837853837 0.023025750975622115
0 0.4374916703626804 0.1994869631755435 0.02032742453564538 0.027192417642288785
0 0.5204105861759308 0.22497784256584286 0.03343412628012435 0.037681807181592336
0 0.18684387381399184 0.13759159809859234 0.05143553678464485 0.06069543767844164
0 0.14640088433733556 0.13423024876252226 0.08302901042922747 0.10253179104792783
0 0.6154654809424938 0.25679144482877914 0.020084743837853837 0.023025750975622115
0 0.46532359319149325 0.2225733165450297 0.024251410504520503 0.023049991933167747
0 0.4971298984625767 0.23109451729934177 0.02694144558233281 0.033478779078607225
0 0.5278945370669935 0.2396096578142675 0.03343412628012435 0.037681807181592336
0 0.7156073686934943 0.29071868162198083 0.01763738945783307 0.016763630496849185
0 0.47647857565258706 0.22784831251161358 0.02032742453564538 0.027192417642288785
0 0.5524091756714103 0.2480884368928747 0.02694144558233281 0.033478779078607225
0 0.7269443616779319 0.29286867758856466 0.01102336841114564 0.010477269060530859
0 0.7515803406312446 0.29926412333383856 0.02669876488454103 0.02931211241194056
0 0.6464224037713067 0.27989597891642454 0.05792821748243663 0.06489846578142675
0 0.681667333615682 0.30094142062828233 0.052163578878019715 0.07319543767844164
0 0.7252455967933907 0.32203534425523134 0.02669876488454103 0.02931211241194056
0 0.5701380564068484 0.2836202481078832 0.036124161357936654 0.04811059432703182
0 0.7535022108433388 0.33783003095805086 0.04874550170683231 0.05026665053300216
0 0.9593583407253606 0.3994648057413864 0.02706278593122846 0.03556211241194056
0 0.8011864705132664 0.35998986220921225 0.0793682525602487 0.07543633723582169
0 0.9363810038842462 0.40037314714155187 0.04421481399347845 0.04399240957545653
0 0.5054436564256716 0.3030422401719787 0.07910502446035253 0.10667421675704887
0 0.15190326687372238 0.2186658511563864 0.08230096833585267 0.09003179104792783
0 0.5808282248744637 0.3326573645532399 0.06980096833585255 0.08995906817529094
0 0.7264394249121103 0.37310125187944365 0.05560220345131152 0.06071967863598715
0 0.8502362951242046 0.4123762075118662 0.05792821748243663 0.06489846578142675
0 0.8921559161897152 0.4261663439933757 0.061730863102415864 0.05867270673897238
0 0.9579834741151638 0.4588519262201592 0.03549691221135305 0.073098473848259
0 0.3681966108245156 0.31579001547902547 0.08302901042922742 0.10253179104792783
0 0.43052487400222433 0.3369930234149299 0.1105771577560392 0.14642723679320171
0 0.7764702460152674 0.4265353240881507 0.08230096833585256 0.09003179104792783
0 0.8739426460905604 0.5062958942146857 0.10226437182481073 0.11097420869021661
0 0.5378277864018097 0.4626596497474352 0.09771313670935176 0.14010451392056472
0 0.612544982931675 0.5037331074620297 0.135920631400622 0.18822722872636946
0 0.8824486882780515 0.5928330106600423 0.12172186651608072 0.1589878391870658
0 0.18641182498740327 0.4491529555014947 0.12196454721387233 0.16315450585373245