0 0.3714601256905393 0.8072075086678936 0.10094539734428025 0.16774077792830416
0 0.9277343666480851 0.8321926692274187 0.11529844158092999 0.1289217247095152
0 0.5846321177546349 0.8819404198689597 0.10052118058723163 0.09482411126163749
0 0.20911093716740345 0.9482287124979379 0.12768935727197453 0.10354257500412416
0 0.5476707845522294 0.9501652133267349 0.1403105620597027 0.09966957334653018
0 0.8759472905368898 0.9448690682939749 0.20697722872636934 0.11026186341205033
0 0.4514651889159193 0.12994268355087488 0.0901651163144289 0.10469486356077246
0 0.03446520908300001 0.16539777551627435 0.0527863211021571 0.12356290517099175
0 0.6597197391372293 0.15440263756817513 0.05473632916898931 0.10075542137783143
0 0.6138015624524862 0.16658394768436904 0.0694166263325054 0.11818636815904236
0 0.7440644379402973 0.16403287727851504 0.09020147775074747 0.11094486356077245
0 0.14465764689236943 0.20972613447877683 0.06936814441741403 0.10985303482570903
0 0.258272036431673 0.20317660108487215 0.07547269867214013 0.08518058344622806
0 0.562499305492204 0.20870063395013053 0.0756666263325054 0.1185139167795614
0 0.38321143403780894 0.22014424016191897 0.08599844964776224 0.10447649781375977
0 0.031466779602318494 0.3225802593094347 0.059012080144611456 0.119723787124844
0 0.7235697835048068 0.2838289733135382 0.07554542154477702 0.09768058344622806
0 0.287783442235569 0.32455141941738064 0.09663328493233969 0.14252241218129147
0 0.4899819201172442 0.3153504914808286 0.08800906010845858 0.09208568068726611
0 0.5081394056729682 0.05997395446887928 0.05455452198739697 0.0695054213778314
0 0.6061758881117707 0.4027147323971834 0.08602269060530764 0.10864316448042644
0 0.10475381537935244 0.08363873511206996 0.07967572677512527 0.09164894919324078
0 0.1641637878000786 0.4389429632138402 0.08620449778690022 0.13989316448042644
0 0.5184516592544735 0.436670718376584 0.09663328493233969 0.14252241218129147
0 0.7496471170999958 0.4581650173357872 0.0694166263325054 0.11818636815904236
0 0.701421378224622 0.5087788112451416 0.08620449778690022 0.13989316448042644
0 0.08535398074941405 0.5525569387906859 0.11571053785920592 0.19975505804284854
0 0.43631080406467093 0.5855375863098369 0.09665752588988533 0.14668907884795815
0 0.9105479084097792 0.5624600233658616 0.13195298776882372 0.12771185436423263
0 0.4954636587307622 0.0895271905611746 0.04011663439933765 0.09374114126328704
0 0.9451767439562123 0.699732798882136 0.09641511631442891 0.10502241218129148
0 0.2817704860794353 0.10437761269344185 0.06300906010845857 0.09077548620519008
0 0.7471206917836583 0.7133187592323674 0.10497873874444584 0.14504247700864994